58265 3204N 12136E 000055 Z1 0 2011 06
Z=
Q
... ... ... ... 003 003 010 038 080 157 185 227 280 253 226 201 160 160 006 ... ... ... ... ... 1989 0962 1226 ///
... ... ... ... 003 003 006 018 049 131 225 292 284 267 151 138 013 010 012 ... ... ... ... ... 1602 0893 1145 ///
... ... ... ... 003 003 004 010 014 019 015 028 043 083 081 082 053 027 012 ... ... ... ... ... 0477 0310 1346 ///
... ... ... ... 003 003 007 010 026 045 053 136 194 280 242 157 125 072 031 ... ... ... ... ... 1384 0913 1351 ///
... ... ... ... 003 003 004 009 015 019 024 028 028 042 042 063 037 034 021 006 ... ... ... ... 0378 0227 1546 ///
... ... ... ... 003 003 017 045 116 137 162 301 320 315 286 246 191 127 045 014 ... ... ... ... 2328 1131 1259 ///
... ... ... ... 003 003 012 038 098 208 265 307 330 336 318 273 219 121 078 021 ... ... ... ... 2630 0954 1338 ///
... ... ... ... 003 003 013 056 115 168 234 288 300 294 294 178 150 066 028 008 ... ... ... ... 2198 0929 1422 ///
... ... ... ... 003 003 004 012 028 033 053 /// /// /// /// /// /// /// /// /// ... ... ... ... 0136 0239 1034 ///
... ... ... ... /// /// /// /// /// /// /// 092 097 112 087 145 112 053 029 009 ... ... ... ... 0736 0610 1612 ///
... ... ... ... 003 003 007 024 051 113 201 202 338 327 309 284 182 103 048 015 ... ... ... ... 2210 1140 1253 ///
... ... ... ... 003 003 006 021 044 091 141 273 300 077 278 212 158 143 068 014 ... ... ... ... 1832 1053 1154 ///
... ... ... ... 003 003 005 016 021 030 048 036 077 054 009 014 023 017 009 009 ... ... ... ... 0374 0280 1227 ///
... ... ... ... 003 003 012 046 108 173 222 294 305 306 305 256 182 136 070 020 ... ... ... ... 2441 1030 1305 ///
... ... ... ... 003 003 012 050 107 166 219 211 281 237 134 112 113 067 032 017 ... ... ... ... 1764 0931 1246 ///
... ... ... ... 003 003 004 009 020 043 092 097 130 080 036 027 016 013 008 005 ... ... ... ... 0586 0527 1230 ///
... ... ... ... 003 003 004 005 012 073 208 148 256 330 326 279 196 118 058 015 ... ... ... ... 2034 1083 1246 ///
... ... ... ... 003 003 006 024 072 156 213 240 193 192 145 134 183 133 059 014 ... ... ... ... 1770 1135 1156 ///
... ... ... ... 003 003 007 023 060 083 064 021 057 085 021 082 034 019 006 005 ... ... ... ... 0573 0406 1320 ///
... ... ... ... 003 003 003 006 011 017 037 054 081 068 056 035 025 014 018 008 ... ... ... ... 0439 0321 1239 ///
... ... ... ... 003 003 006 011 014 014 016 024 031 049 071 023 030 016 012 006 ... ... ... ... 0329 0318 1424 ///
... ... ... ... 003 003 004 009 017 037 034 051 075 074 117 070 045 033 013 006 ... ... ... ... 0591 0388 1426 ///
... ... ... ... 003 003 010 037 143 228 246 283 328 336 315 266 144 144 077 013 ... ... ... ... 2576 0951 1317 ///
... ... ... ... 003 003 015 059 127 189 238 275 292 298 271 194 169 122 060 011 ... ... ... ... 2326 0860 1310 ///
... ... ... ... 002 003 008 037 102 159 137 108 112 127 072 102 076 056 029 010 ... ... ... ... 1140 0700 1348 ///
... ... ... ... 003 003 005 015 007 019 035 032 053 037 048 051 043 077 038 013 ... ... ... ... 0479 0354 1737 ///
... ... ... ... 003 003 012 062 132 201 257 299 320 326 316 274 213 121 050 016 ... ... ... ... 2605 0977 1246 ///
... ... ... ... 002 003 012 050 112 179 239 283 312 320 266 255 215 143 077 020 ... ... ... ... 2488 0955 1348 ///
... ... ... ... 003 003 013 059 064 173 233 277 304 316 288 251 176 104 034 011 ... ... ... ... 2309 0921 1351 ///
... ... ... ... 003 003 013 050 061 133 200 182 074 049 099 134 130 129 042 012 ... ... ... ... 1314 0681 1150 ///=
N
-002 -001 -001 -001 -001 -001 0003 0016 0039 0089 0103 0125 0154 0139 0125 0111 0086 0081 0005 0004 -001 -001 -001 -001 01069 00521 1226 -009 0015
-001 -002 -002 -001 -001 -001 0001 0007 0023 0068 0124 0160 0151 0144 0081 0075 0006 0004 0005 0002 0000 0000 0000 -001 00842 00479 1149 -009 0222
-001 0000 0000 0001 0001 0001 0001 0005 0007 0010 0007 0015 0023 0044 0043 0043 0027 0013 0006 0001 0000 -001 0001 0001 00248 00164 1346 -005 0040
0000 -002 -001 0000 0000 0000 0002 0004 0012 0022 0026 0071 0105 0150 0134 0084 0066 0037 0015 0003 -001 0000 0000 0000 00727 00492 1351 -006 0130
0000 0000 0000 0000 0000 0000 0001 0003 0007 0010 0012 0014 0015 0023 0023 0035 0020 0018 0011 0002 0001 0000 0000 0000 00195 00127 1545 -006 2317
0000 0000 0000 0000 -001 -001 0005 0020 0057 0071 0085 0161 0167 0165 0155 0137 0105 0065 0021 0005 -001 -001 0000 0000 01215 00598 1418 -005 0551
0000 0001 0001 0001 0000 -001 0003 0018 0051 0117 0147 0163 0170 0174 0173 0159 0127 0059 0028 0004 -003 -003 -004 -003 01382 00495 1344 -011 2036
-003 -003 -002 -002 -001 -001 0003 0021 0055 0094 0128 0156 0159 0160 0164 0100 0084 0036 0015 0004 0001 0002 0002 0001 01173 00520 1422 -009 0023
0001 0001 0001 0001 0002 0002 0002 0006 0015 0018 0028 //// //// //// //// //// //// //// //// //// //// //// //// //// 00077 00128 1034 0001 0013
//// //// //// //// //// //// //// //// //// //// //// 0047 0049 0056 0044 0076 0059 0027 0014 0004 0000 0000 0000 0001 00377 00333 1612 -001 2040
0001 0000 0000 0000 0001 0001 0003 0012 0026 0059 0107 0106 0170 0167 0162 0159 0098 0050 0021 0005 -001 0000 0001 0001 01149 00568 1328 -007 2010
0001 0001 0001 0000 0000 0000 0002 0010 0022 0047 0076 0146 0155 -079 0145 0114 0084 0069 0030 0005 -001 -001 0000 0001 00828 00546 1154 -503 1339
0000 0000 0001 0001 0001 0001 0002 0008 0011 0015 0026 0019 0041 0029 0002 0004 0010 0007 0005 0005 0002 0000 0001 0001 00192 00147 1227 -012 1432
0001 0000 -002 -001 -001 0000 0004 0020 0051 0095 0120 0155 0159 0160 0165 0141 0098 0066 0028 0006 -002 -002 -003 -003 01255 00538 1305 -009 2251
-002 -002 -002 -002 -001 -001 0003 0019 0054 0093 0119 0112 0146 0124 0069 0058 0059 0034 0015 0007 0000 0000 0000 0000 00902 00483 1246 -010 0146
0000 0001 -003 -001 0000 0000 0000 0003 0009 0021 0047 0050 0070 0044 0019 0014 0008 0006 0004 0002 0001 0001 -001 -002 00293 00283 1230 -015 0223
0000 0001 0001 0001 0000 0001 0000 0001 0005 0037 0111 0078 0138 0177 0178 0166 0113 0061 0028 0006 -001 0000 0000 0001 01103 00580 1239 -005 2035
0001 0000 0000 0000 -001 0000 0003 0012 0038 0086 0116 0130 0104 0104 0079 0072 0101 0067 0026 0004 -001 -001 0000 0000 00940 00608 1156 -006 0436
0001 0000 0000 0001 0001 0000 0003 0011 0032 0046 0036 0011 0028 0042 0009 0040 0016 0009 0001 0000 0000 0000 0000 0000 00287 00202 1320 -011 1837
0000 0000 0001 0000 0001 0000 0000 0002 0004 0008 0017 0027 0041 0035 0029 0017 0013 0007 0009 0004 0002 0002 0002 0002 00223 00167 1239 -002 0537
0002 0001 0001 0001 0001 0001 0002 0005 0006 0006 0007 0011 0015 0024 0036 0011 0015 0008 0005 0003 0001 0001 0001 0001 00165 00165 1424 -002 0233
0001 0001 0001 0001 0001 0000 0001 0004 0008 0018 0016 0025 0040 0036 0064 0038 0024 0018 0007 0003 0001 0001 0000 0000 00309 00211 1426 -004 2259
-001 -001 0000 0000 0000 0000 0003 0013 0068 0125 0134 0148 0168 0171 0166 0151 0077 0072 0030 0006 0001 0001 0000 0000 01332 00484 1309 -004 0042
-001 -001 -002 -002 -001 -001 0003 0019 0062 0108 0133 0150 0156 0158 0147 0106 0092 0061 0026 0004 -001 -002 -002 -001 01211 00458 1310 -008 0231
-001 -001 -001 -002 -002 -001 0002 0016 0053 0090 0076 0059 0060 0068 0039 0055 0040 0029 0015 0005 0001 0000 0000 0000 00600 00382 1032 -006 0059
0001 0001 0001 0002 -003 -001 0000 0005 0002 0009 0015 0014 0024 0018 0024 0025 0021 0038 0018 0004 0000 0000 -001 -001 00216 00173 1737 -012 0409
0000 -001 -001 -001 -001 0000 0004 0025 0064 0110 0138 0153 0161 0166 0167 0154 0119 0060 0022 0005 -002 -002 -001 -002 01337 00493 1246 -010 2103
-002 -003 -001 -001 -002 -001 0003 0018 0055 0096 0128 0149 0160 0166 0140 0141 0119 0069 0029 0007 -002 -002 -002 -002 01262 00497 1444 -009 0035
-002 -002 -003 -002 -002 -002 0003 0023 0034 0093 0125 0145 0157 0165 0153 0139 0096 0052 0016 0004 -001 -001 0000 -001 01189 00476 1349 -009 0203
-001 0000 0000 -001 -002 -001 0004 0025 0031 0071 0110 0099 0041 0024 0052 0071 0068 0065 0021 0005 -001 -001 0001 0001 00682 00376 1150 -006 0353=
D
... ... ... ... 002 002 003 007 012 021 024 030 036 033 030 027 022 023 002 ... ... ... ... ... 0274 0125 1226
... ... ... ... 002 002 003 004 008 019 030 038 039 038 021 020 003 003 003 ... ... ... ... ... 0233 0121 1323
... ... ... ... 002 002 002 003 003 004 003 005 007 013 012 013 009 005 003 ... ... ... ... ... 0086 0047 1346
... ... ... ... 002 002 003 003 005 008 009 020 027 040 035 022 019 011 006 ... ... ... ... ... 0212 0133 1351
... ... ... ... 002 002 002 003 004 004 004 005 005 007 007 010 006 006 004 002 ... ... ... ... 0073 0035 1546
... ... ... ... 002 002 004 008 018 020 024 043 045 045 041 036 029 019 007 003 ... ... ... ... 0346 0165 1418
... ... ... ... 002 002 003 007 016 030 037 043 047 048 046 040 033 018 012 003 ... ... ... ... 0387 0135 1254
... ... ... ... 002 002 004 010 018 025 034 041 043 043 043 026 023 010 005 002 ... ... ... ... 0331 0136 1419
... ... ... ... 002 002 002 003 006 006 009 /// /// /// /// /// /// /// /// /// ... ... ... ... 0030 0039 1034
... ... ... ... /// /// /// /// /// /// /// 014 015 018 014 023 018 009 006 003 ... ... ... ... 0120 0099 1612
... ... ... ... 002 002 003 005 009 019 031 031 051 050 048 044 029 016 008 003 ... ... ... ... 0351 0174 1253
... ... ... ... 002 002 003 005 008 015 022 042 046 009 043 034 025 025 011 003 ... ... ... ... 0295 0161 1154
... ... ... ... 002 002 002 004 005 006 009 007 013 009 002 004 005 004 003 003 ... ... ... ... 0080 0048 1227
... ... ... ... 002 002 003 008 017 026 032 043 045 045 045 038 027 021 011 004 ... ... ... ... 0369 0150 1305
... ... ... ... 002 002 004 009 017 025 033 032 041 035 020 017 017 010 006 004 ... ... ... ... 0274 0137 1246
... ... ... ... 002 002 003 003 005 008 015 014 020 012 006 005 004 003 003 002 ... ... ... ... 0107 0081 1230
... ... ... ... 003 003 002 003 004 011 030 021 036 046 045 041 029 018 009 003 ... ... ... ... 0304 0153 1246
... ... ... ... 002 002 003 005 012 024 031 035 028 028 021 020 028 020 009 003 ... ... ... ... 0271 0171 1156
... ... ... ... 002 002 003 005 010 014 010 004 010 014 004 013 006 004 002 003 ... ... ... ... 0106 0064 1320
... ... ... ... 002 002 002 003 003 004 006 009 012 010 009 006 005 003 004 003 ... ... ... ... 0083 0048 1239
... ... ... ... 002 002 003 003 004 003 004 005 005 008 011 004 005 003 003 002 ... ... ... ... 0067 0047 1424
... ... ... ... 002 002 002 003 004 007 006 008 011 011 017 011 007 006 003 002 ... ... ... ... 0102 0057 1426
... ... ... ... 002 002 003 006 022 034 036 042 049 051 047 041 022 023 012 002 ... ... ... ... 0394 0144 1317
... ... ... ... 002 002 004 010 020 028 036 042 045 046 042 032 028 020 009 001 ... ... ... ... 0367 0133 1310
... ... ... ... 002 002 003 008 018 025 021 018 019 022 012 018 013 010 006 002 ... ... ... ... 0199 0123 1348
... ... ... ... 002 003 003 004 003 004 007 006 009 007 008 008 007 013 007 003 ... ... ... ... 0094 0062 1737
... ... ... ... 002 002 004 011 021 031 039 046 049 050 048 043 034 018 008 003 ... ... ... ... 0409 0152 1246
... ... ... ... 002 002 004 010 019 029 037 044 049 051 042 041 035 024 013 004 ... ... ... ... 0406 0150 1348
... ... ... ... 002 002 004 011 011 029 037 044 049 050 046 041 029 017 005 003 ... ... ... ... 0380 0144 1351
... ... ... ... 002 002 004 010 011 024 033 030 012 008 017 023 023 023 007 003 ... ... ... ... 0232 0120 1149=
S
... ... ... ... 006 006 009 003 005 006 006 006 006 006 005 005 005 004 005 ... ... ... ... ... 0083 0063 0632 1715
... ... ... ... 007 007 006 003 004 005 006 006 006 007 005 004 004 003 003 ... ... ... ... ... 0076 0109 0638 1369
... ... ... ... 007 007 009 003 005 005 005 005 005 005 004 004 004 003 003 ... ... ... ... ... 0074 0046 0639 0391
... ... ... ... 006 006 -06 002 004 003 004 005 006 006 005 004 004 004 004 ... ... ... ... ... 0057 0036 1346 1172
... ... ... ... 007 006 010 007 000 002 003 004 004 005 004 004 004 003 003 003 ... ... ... ... 0069 0081 0658 0305
... ... ... ... 006 007 009 005 005 006 006 006 006 006 004 004 004 004 004 004 ... ... ... ... 0086 0052 0657 1982
... ... ... ... 007 007 009 006 005 006 006 006 006 006 004 004 004 004 004 004 ... ... ... ... 0088 0054 0659 2243
... ... ... ... 007 007 009 009 005 006 006 006 006 006 004 005 004 004 004 003 ... ... ... ... 0091 0061 0659 1867
... ... ... ... 007 006 008 005 005 006 006 /// /// /// /// /// /// /// /// /// ... ... ... ... 0043 0037 0657 0106
... ... ... ... /// /// /// /// /// /// /// 006 006 005 004 004 004 004 004 003 ... ... ... ... 0040 0043 2215 0616
... ... ... ... 007 007 007 005 005 006 006 006 008 006 004 004 004 004 004 004 ... ... ... ... 0087 0043 1252 1859
... ... ... ... 008 006 007 005 005 006 006 007 006 003 004 004 005 004 004 004 ... ... ... ... 0084 0048 0438 1537
... ... ... ... 007 007 007 005 005 006 006 006 006 005 004 003 003 003 003 003 ... ... ... ... 0079 0058 2241 0294
... ... ... ... 007 006 007 007 006 006 006 005 006 005 004 005 004 004 004 004 ... ... ... ... 0086 0065 0345 2072
... ... ... ... 007 007 007 008 006 006 006 006 006 005 005 004 004 004 004 003 ... ... ... ... 0088 0046 0652 1490
... ... ... ... 007 007 006 -01 002 004 005 006 006 005 004 003 003 003 003 003 ... ... ... ... 0066 0090 2237 0479
... ... ... ... 006 007 006 003 002 002 005 006 006 005 004 004 004 004 004 004 ... ... ... ... 0072 0048 2234 1730
... ... ... ... 007 006 007 003 004 006 006 006 006 005 005 004 005 004 004 004 ... ... ... ... 0082 0044 2233 1499
... ... ... ... 007 007 006 003 004 006 006 006 004 004 004 003 004 003 004 003 ... ... ... ... 0074 0090 2233 0467
... ... ... ... 007 007 006 001 -02 -01 000 000 002 004 004 003 003 003 003 003 ... ... ... ... 0043 0083 2235 0356
... ... ... ... 007 007 006 002 001 -03 -03 -02 -01 001 004 003 003 003 003 003 ... ... ... ... 0034 0093 2230 0262
... ... ... ... 007 007 003 000 000 -01 003 004 005 004 004 004 004 003 003 003 ... ... ... ... 0053 0084 2234 0489
... ... ... ... 006 007 008 006 005 006 006 006 006 004 004 004 004 004 004 004 ... ... ... ... 0084 0054 0152 2182
... ... ... ... 007 007 007 003 005 006 006 006 006 005 004 005 004 004 004 004 ... ... ... ... 0083 0060 0322 1959
... ... ... ... 007 007 006 003 003 006 006 006 005 004 004 004 004 004 004 004 ... ... ... ... 0077 0053 2237 0941
... ... ... ... 007 006 007 004 002 001 005 004 005 003 003 003 004 004 004 003 ... ... ... ... 0065 0068 0309 0385
... ... ... ... 012 007 006 006 005 006 077 181 096 014 007 006 006 006 005 004 ... ... ... ... 0444 0650 1106 2196
... ... ... ... 007 005 -07 002 006 014 134 148 088 014 007 006 006 006 005 004 ... ... ... ... 0445 0479 1115 2082
... ... ... ... 007 006 -01 004 006 027 151 153 086 015 007 006 006 005 004 004 ... ... ... ... 0486 0494 1056 1929
... ... ... ... 007 007 009 006 006 015 064 022 005 004 004 004 005 005 004 003 ... ... ... ... 0170 0234 1010 1082=
R
... ... ... ... 002 002 007 025 058 083 099 127 175 175 157 139 113 086 004 ... ... ... ... ... 1252 63 0522 1238 .... .... .... .... .... ....
... ... ... ... 002 002 004 014 038 096 129 100 126 144 103 093 010 007 009 ... ... ... ... ... 0877 55 0420 1324 .... .... .... .... .... ....
... ... ... ... 002 002 003 007 010 014 011 021 033 064 063 063 041 020 009 ... ... ... ... ... 0363 76 0238 1346 .... .... .... .... .... ....
... ... ... ... 002 002 005 007 019 035 041 105 141 157 143 109 092 055 024 ... ... ... ... ... 0937 68 0498 1351 .... .... .... .... .... ....
... ... ... ... 002 002 002 006 011 015 018 021 022 032 033 049 028 026 016 004 ... ... ... ... 0287 76 0174 1546 .... .... .... .... .... ....
... ... ... ... 002 002 012 034 071 094 119 098 115 116 146 147 124 081 034 010 ... ... ... ... 1205 52 0496 1503 .... .... .... .... .... ....
... ... ... ... 001 001 008 029 050 049 048 050 053 057 084 125 122 067 036 011 ... ... ... ... 0791 30 0372 1602 .... .... .... .... .... ....
... ... ... ... 001 001 008 027 045 068 086 084 096 112 128 118 106 050 021 005 ... ... ... ... 0956 43 0439 1530 .... .... .... .... .... ....
... ... ... ... 002 002 003 009 021 025 041 /// /// /// /// /// /// /// /// /// ... ... ... ... 0103 76 0184 1034 .... .... .... .... .... ....
... ... ... ... /// /// /// /// /// /// /// 072 075 087 067 110 084 041 022 007 ... ... ... ... 0565 77 0426 1612 .... .... .... .... .... ....
... ... ... ... 002 002 005 018 039 085 133 136 090 103 127 169 128 072 035 011 ... ... ... ... 1155 52 0524 1511 .... .... .... .... .... ....
... ... ... ... 001 002 004 016 033 071 108 115 101 063 118 142 114 100 046 010 ... ... ... ... 1044 57 0598 1553 .... .... .... .... .... ....
... ... ... ... 002 002 003 012 016 023 037 027 059 041 005 010 017 012 007 007 ... ... ... ... 0280 75 0214 1227 .... .... .... .... .... ....
... ... ... ... 001 001 009 032 059 082 102 096 110 129 156 172 134 098 046 013 ... ... ... ... 1240 51 0510 1504 .... .... .... .... .... ....
... ... ... ... 001 001 008 028 051 074 107 120 125 129 097 087 086 051 024 012 ... ... ... ... 1001 57 0448 1351 .... .... .... .... .... ....
... ... ... ... 002 002 002 006 015 034 072 077 103 064 028 021 013 010 006 003 ... ... ... ... 0458 78 0409 1236 .... .... .... .... .... ....
... ... ... ... 002 002 002 003 009 056 130 114 118 108 154 195 150 089 042 011 ... ... ... ... 1185 58 0571 1546 .... .... .... .... .... ....
... ... ... ... 001 002 004 018 055 098 124 142 142 143 111 103 136 098 041 010 ... ... ... ... 1228 69 0522 1611 .... .... .... .... .... ....
... ... ... ... 002 002 005 017 046 064 050 016 044 065 016 064 027 015 004 003 ... ... ... ... 0440 77 0304 1320 .... .... .... .... .... ....
... ... ... ... 002 002 002 004 008 013 028 042 063 054 044 028 020 011 014 006 ... ... ... ... 0341 78 0248 1239 .... .... .... .... .... ....
... ... ... ... 002 002 004 008 010 010 012 018 024 038 056 018 024 012 009 005 ... ... ... ... 0252 77 0245 1423 .... .... .... .... .... ....
... ... ... ... 002 002 003 007 012 028 026 040 059 057 092 055 035 026 010 004 ... ... ... ... 0458 77 0303 1426 .... .... .... .... .... ....
... ... ... ... 002 002 007 022 045 043 052 047 053 074 142 187 106 105 048 010 ... ... ... ... 0945 37 0573 1559 .... .... .... .... .... ....
... ... ... ... 001 001 008 021 031 045 058 072 084 105 145 139 128 091 041 008 ... ... ... ... 0978 42 0440 1500 .... .... .... .... .... ....
... ... ... ... 001 002 006 027 048 078 089 079 083 090 055 078 058 043 022 007 ... ... ... ... 0766 67 0423 1348 .... .... .... .... .... ....
... ... ... ... 001 002 003 011 005 014 026 024 041 029 038 040 034 060 030 010 ... ... ... ... 0368 77 0266 1737 .... .... .... .... .... ....
... ... ... ... 002 002 008 028 039 049 057 076 086 101 142 185 160 088 037 011 ... ... ... ... 1071 41 0535 1537 .... .... .... .... .... ....
... ... ... ... 001 001 008 031 057 075 087 094 098 122 146 175 161 103 049 013 ... ... ... ... 1221 49 0531 1538 .... .... .... .... .... ....
... ... ... ... 001 001 008 034 044 080 082 092 101 106 141 169 131 076 026 008 ... ... ... ... 1100 48 0493 1531 .... .... .... .... .... ....
... ... ... ... 001 002 009 036 046 087 113 124 057 038 076 103 099 096 032 009 ... ... ... ... 0928 71 0403 1558 .... .... .... .... .... ....=
??????
******
FM
13064
江苏省
吕泗国家基准气候站
启东市吕四港镇北门外滨海

1.5  
 






=
YX
YQ
=
YN
=
YD
=
YS
=
YR
=
YJ
=
CZ
=
BZ
=
######
