58265 2010   101213603204   65   24 6670   55    1--------------------------------------------------------------------------
3021828282828282828282818181818181818181818181818181818181818181808080808080808080808080797979798080808080808080808080808080
3022808080808080808080808080808080808080808181818181818181818181818080818181818181818181818181818181818181818181818181818181
3023818181818181818181828182828282828282828282828282828282828282828282828282828282828282838383838383838383828383828283838383
0100838383838384848484848484848383838383838383838383838282828283838383838383838383838383838383838383838383838383838383838383
0101848384848484848484848383848484838383838383838383838383838383838382828382828283828282828282838282838382828282828282828282
0102828282838283838383838383838383838383838383838383838383838383848484848484848484848484848484848484848484848484848484848484
0103848484858585858585858585868686868686868686878787878787878787878787878787878787878888888888888888888888888888888888888888
0104888889898888888888888888888888888888888888888888888888888888888888888888888888888888888888888888888888898989898989898989
0105898989888989898889898989898989898989898989898989898989898989898989898989898989898989898989898989898989898989898989898989
0106898989898989898989898989898989898989898989898989898989898989898989898989898989898989898989898989898989898989898989898990
0107909090909090909090909090909091919191919191919191919191919191919191919191919191919292929292929292929292929292929292929292
0108929292929292929292929292929293939393939393939393939393939393939393939393939393939393939393939393939393939393939393939393
0109939394949494949494949494949494939394949494939393939393939393939393939393939393939393949494949494949494949494949494949494
0110949494949494949494949494949494949494949494949494949494949494949494949494949494949494949494949494949494949494949494939393
0111939393939393939393939393939393939393939393939393939393939393939393939393939393939393939393939393939393939393939393939393
0112939393939393939393939393939393939393939393939393939393939393939393939393939393939393939393939393939494939393939393939393
0113939393939393939393939392929292929292929292929292929292929292929292929292929292929292929292929292929191919191919191919191
0114919091909090909090909090909090909090909090909090909090909089898989888788878787878787878687878787878786868686868686868685
0115858585858585848485848585848484848484848484848484848484848484848483838484848483838383848383838483838383838383828282828181
0116818182818182828281808080808080818080808181818181818181818181818181818181818181818181828080818079798080798080808080808080
0117818080818181818181818180808080818180808080807980797979797980798080797980797979797980797979797979797979797978797978797979
0118797979797979807980808080808080808080808080808180818080807980808181808181818080808079798080808080808080808080808181818181
0119818182828282828181818181818282828282818181818181818182828283838383838384848586868686868686868686878787878788888888888888
0120888888888888898989898990909090909090909090919191919191919191919191919191919191919191919191919191919191//9191919191919191
0121919191919191919191919191919191919191919191919191919191919191909090909090909090909090909090909090909091919191919191919191
0122919191919191919191919191919292929292929292929292929292929292929292929292929292929292929292929292929292929292929292929292
0123929292929292929292929292929292929293939393939393939393939393939393939393939393939393939393929292929292929292929292929292
0200929191919191919191919191919191919191919091919191919191919191919191919191919190909090909090898989898989898989898989898888
0201888888888888//8888888888888888888888888888888989898989898989898989899090909090909090909090909090909090909090909090909090
0202909089898989909089909090909090909090909090909089898989898989898989898989909090909090909090909090909090909090909090909090
0203909090909090909090909090909090909090919191919191919191919191919191919292929292929292929292929292929292929292929292929292
0204929292929292929292929292929292929292929292929292929292929291919191919191919191919191919191919090909090909090909090909090
0205909090909090909090909090909191919191919191//9191919090909090909090898989898989898989898989898989898990909090909090909090
0206909090909090909090898989898989898989898989909090909090909090909090909090909090909090909090909091919191919191919191929292
0207929292929292929292929292929292929292929292929292929292929291919191919191919191919191919190909089898989888888888889898888
0208888888888888888888888888878787878786868786868686868686858585858484848484848585848484848484848483838384848384858585848584
0209848585858584838283828282838382808081828082828282808181808081818079787877//7676767676788079787777787675767371727272727273
0210717373747474737576767673737374737372727272737572717273737272717171727170717070707169696969696867676767676869696869697169
0211706868697069697070696969696970686969706969686968686869686768696667676565646565656465656565656464646666666766656566666665
0212676767686666686866676767666666656767666566666666666566666666656466656564646360596162616262636261646159596159606161585858
0213586059595958596056585657585656555557565556555152535252505153555352504950515049504949505050515052525049//4950484948504848
0214505149484848475250484749494851475049494846485148474647474747474647464644434245474344434343424342434142414341414542414243
0215434343454546444245434341414443404140404141413938403939404238393739373939393838383840373937353436363838373536373840414041
0216414039414041434342414039383839383840404038393939393837373838393838384241424242424242434342414140404042403941414040393937
0217373839393838394040373836363738383739393637393836383940414039383840373740383838373839383940394040403940414040413940424241
0218414244444445464645434445444444454445454543444444454546464648464647474849494748494848484950504949494948494948474847484747
0219484848484848474646464646464748494847474747474748474747484747484848484848505457575758585960606262626362636770697068666666
0220676565666669707172727172717069707070706968686866667273737373757575757678777574737375757373747474717070727270717170717071
0221717272737373747575757474737373737474767881828383838384848280808080818282828283838383838484848383848485858687878786858586
0222858585858585868687878787878786878787878888888888878685848384858585858585868686868686868686868787878787878787878787878687
0223878888888888888888888887878786868687868787878787878888888888888787878887878788888888888888898989898989898989898989899090
0300908989898989898989899090909090909090898989898888888888888989898989898990909090909090909090909090909090909089898989898888
0301898888888888888888888889898989898989898989909090909090909090909090909090909090909090909090909090909090909191909090909089
0302898989898989898989909090909090898990909090909090908989898989898989898989898989898989899090909090909090909090909090909090
0303909090909090919190909090909090909090909090919191919191919191919191919191919191919191919191919191919191919191929291919191
0304919192919191919191919191919191919191919191919191919191919192929292929292929292929292929292919191919191919191919191919191
0305919191919191919191919191919191909089898989898989898990909090909090909090908988878686868686868686868787888889898989898990
0306909090909090919191919191919191919191919191919191919191919191919191919191919190909089898888878787868686868686858585858586
0307868787878787878788888888898989898990909090909090898988888787878888888889898989898990909090909090909191919191919191919191
0308919191919191919191919192929292929292929292929292929292929292929292929292929292929292929292929292929292929292929292929292
0309929292929291919191919191919190909090909089898888888888888887888888888887878787878786878787878787878686868686858484848484
0310848382828281818282828181818080808080818181808180808080808181808181818180798079797979797979797979797979797978787979807878
0311777878767676757575757374737474737475757272737474737372737373737373747373747371697170686870696868686766686768686769686968
0312676768686665646461616161626062626159595960585959595958585959595758585757575656585857555555535454555657545556575858595961
0313616161616160605959596162605959616158576060585857565656575656585755555657575757575655555455535254545654535453535350515353
0314525151525453545553535352505049485049494749504948494850504748485152505051505151515047474748474848494950494949515151525151
0315505048494949484948474847474645464646474848484748504546464748464544434446454445454443434546434544444143434242424345444444
0316454441414041404239384038414039394040394042404239404243434343414141424243434242424044434342454242414241424343434342434344
0317434345434543444443444645434343414242414342434243424244464645464645464747474848474848484647484749474950514949484849494849
0318504950505051495050484849484647474849494950505150505152525150515251515052515051515051505151525252515151504948484848494950
0319505050515151525252515252525353535452515151515151515151515152535353565758606263636462646464676665676667676667686969717166
0320646663626261606160606161606060605959585859595959595960596060606162606059606060605859596059596059616060616161616260606262
0321626466686970727373737474757576787877787877787979808079787977777777777676787878787778798080808080808081818182828282828384
0322848482828384848484848483848484848484848485858585858686868686868686878787868686868787878787878787878788888889898989898989
0323898989898989898989898989898989898988888888888888888889898989898989898989898989888889898989898989898989898990898989908989
0400909090909090909090909090909090909090909091919191919191919191919191919191919191919191919191919191919191919191919191919191
0401919191919292929292929292929292929292929292929292929292929292929292929292929292929292929292929292929292929292929292929292
0402929292929292929292929292929292929292929292929292929292929292929292929292929292929292929292929292929292929292929292939393
04039292939393939393//939393939393939393939393939393939393939393939393939393939393939393939393939393939393939393939393929292
0404929292929292929292929292939392939393939393939393939393939393939392929292929292929292929292929292929292929292929292929292
0405929292929292929292929292929292929292939393939393939393939393939393939393939393939393939393939393939393939393939393939393
0406939393939393939393939393939393939393939393939393939393939393939393939393939393939394949493939493939494949494949494949494
04079494949494949494949494949494949494949494949494//949494949494949494949494949494949494949494949494949393939393939392929292
0408929191919191919191919090909090909190909090909090909191919191919090909090908989898989898990909090909090909090909090909090
0409909090909089888786858585858484858585858585858585858685868585858585858585858585858585858585858585868585858484848484848484
0410848484838384838384848484828382838282818182818181818181828382808080797878797979787777787777777777777777777978797879797979
04117878777778797978787878777879787877777778777877777677777676757474747473737373//717070707070706970707069696868696868676767
0412676767676766676666666665636665636464646363626162636162636362626262616162616361616264636262636563616262636263656564636161
0413626161626262596161606060606159596059616160596058585557555755575654555355545458575354545859616258575958575657585657595959
0414585758595857585759595858575454565654555455565555555655535150525052535253545353535253545455535453555555494952494749494949
04155047464848474747464446454645464646444543454545454545454547464645464648474545444544454343454447444341424036//363940413838
0416423939414139424445454645474845474443444445444242444344434445434343414044414140404141414242414144424441404243414345434244
0417454741454647474746464847474847454545454545454648484748454646464646484746464646464847474747454646474749484847484948474848
0418474847494847464545464746464645464546464647474646474747474846464646464746474747474746464646464648484747474947474748474848
0419484949484949494950515050515051515251515151515152525253535252535353535454545454555555555555555555565556565656575757575858
0420595959595858585858585859596160595858585858575857575757575757565758585857585858585858585757575857575858595960596060606059
0421595859595959595959595959596059606060606060606060616060606060616061616161616161616262626262636363646464646363636363636263
0422636364636364646464646464646565656564646464656565656565656565656565656565666768686970707072727172737372717069696970696868
0423666666676667686767686869707170696970707069696969717374747576757776777979787777767677777778787876767778797978798079808082
0500828383828282818180808282828283848485858585858585858586868787878786868586868585858585848483848485858585858586868687878787
0501878787878787868686868585858686868686868686868686858381807878777777767675757575757576767677777877777777777776767676767676
0502777777777777777777787878787878777777767777777777777777777777777777777777777777777777777777787878787877777777777777787777
0503777778787878787878787879797979797980808080807979797979798081828283838484858585868686868787878888888888888888888888888889
0504898989898989898989898989898989909090909090909090909090909090909090909090908989898989898989898989898988888888888888888888
0505898989898989898989898888888888888888888888898989898990909090909090909090909090919191919090898989888887878786858584848484
0506848483838383838383838383838383838383838383838484858585868686868686868686868686868787878787878787878788888888898989898989
0507909090909090909191919191919191919191919191929292929292929292929292929292929292929292929292929292929292929292929292929292
0508929292929292929292929292929292929292929292929292929292929292929292929292929293939393939393939393939393939393939393939393
0509939393939393939393939393939393939393939393939393939393939393939393939393929292929292929393939393939393939393939292929292
0510929292929292929292929292929292929292919191919191919191919191919191919090909090909089898989898988888787878888888787878787
0511878786868585868584848585858585858585858585858585858585858585858686858585858585858585858584848484848484848585858584848485
0512858585858483838383838383838282828282828181808079777676757574747374727374747373737574757675757676777777777776777675737374
0513757475767372727372727371717271706970697068676866676867676766666667676868706969686967656667686768686766656463626261626260
0514606259585959595859575657595858575658565353555454535353545555545352535553515353515454535454535455545655535455555254555151
0515505353525554525455565453535153535455535354565556535454565556555757565455545555555455545455565554565756575856565657555757
0516575655565858585758585858585757575756565756575655555555565755555556545453535455555453565454555556565455565656575656555656
0517575756565554555655565556545352535454545352525353535251515249515151525151525453515353535354545454535454535455555555555454
0518545553555554545455515053535253535353545455535453565555565654565656575656575757585857555555565454555658565355555655555556
0519555655565756555556565555555556575657575757585859586060616364646465666566686665666968696969696968686769706868717070697070
0520707071717272717170707171727272717275767574747474737271727171707272706969707070707071727373727273747372737473727068686868
0521696969696969707070707070696970707174747475767777777879787777747372717172727272737477787777777776777777767574747373737373
0522737474727373747475747474747576767677797980808079797978787878798080797979797979797979797979787980808080818080808180828182
0523818282828283848482828079808181818280787979808181808182818180808079797979807979808080808281808282807981818282838484858484
0600848485848485848280787677767576777676767879787980818079777778787879808182828384828180808182838383848484848484848585868686
0601868687878888888888888888888888888888888989898989898989898989899090909090909090909090909091919191919191919191919292929292
0602929292929292929292929292929393939393939393939292929292929292929292929191919190909089898888888888888888888989899090909090
0603909090909090909090909090909090909090909090909090909090919191919191919191919191919191919191919191919191919191919090909090
0604919191919190909091919191919191919191919191919191919191919191909090909090909190909090909090909090909090909090909090909090
060590909090908989898989//89909090909089898989898989898989898990909090909090909090909191919191919191919191919191919192929292
0606929292929292929292929291919191909090898989898988888888888888888888888888888888888888888888888888888888888888888787878787
0607878788888888888887878787878787878787878888888889898989898989898989898989898989909090909090909191919191919191919191919191
0608919191919292929292929292929292929292929292929292929292929292929292929292929292929292929292929292929292929292929292929292
060992929291919191919190909089898888888888888888888788//88888787878686868686868686868584838483838383838282818180808079797978
0610797878777878797980808182828179807979797980797775757574747373737475767675767677777473716972727272706869697068686969697071
0611717069696971717172737271727170717171717270707171727272727475757374757676767675727374747374757673737373747374747471717274
0612747473737373727272697270696970697068686869686867676968686769686867666768686969696968697070716969707069706969707171717069
061369696970696968686868686869697070686869706968686970696868696867676869686768696868//68676766646365646565666565656363626262
0614636463646364626261596060616262606061625960595858606259595960596161616059626158586061606061616161605960616261596160626359
0615596059606060595960615858606157595857585958585960606060596060606058605959616360626159616159575860616057596060605858575958
0616565658585757575658576057575556565657585656585555565656575958595759595760625859575859606161606260626262616361626362636363
061764646262626161616163636462636362616161636262636362626262626363626264656566666668686868686769686869687068686868//70696968
0618706969707071707071717171707173727172717170717172727172727172727172737373727271727271727272727272727273737373737374737373
0619747373747474757474757574757574747474757474747575747574757575757675757575757676767575757576767677767777777777777777787878
0620787878787878797979797979797979797979797979797980807979808080808080808080808079807979808080818282828281818181818181818182
0621828282828283838383838384848584848484848383838484848485858585848484848383838383838383838383838483838383848484848484848484
062284838484848484848485//85848484848484848484848484848383838383838383848484848484848484848484848484848484848585858585858585
0623858584848484848484848484848484858686868685858585858484848484848484848484848484858584848585858585858686868687878787878787
0700878786868686868787868686868686868686868686868787868686878787878787878686868686868686868686868686868686868687878786868686
0701868585858585858585858585858586868686868585858585858585858586868686868686868686868686868686868687878787878787878787878787
0702878787878787878686868686868686868686868686868686878787878787868686868686868686868686868686878787878788888889898989899090
0703909090909090898989898989898989898989898989898989899090909090909090909090909090909090898989898888888888888888888889898990
0704909090909090909090909091919191919191919191919192929292929292929292929292929292929292929292929292929292929292929292929292
0705929292929292929292929292929292929292929292929292929292929293939393939393939393939393939393939393939393939393939393939393
0706939393939393939394949494949494949494949494949494949494949494949494949494949494949494949494949494949494949494949494949494
0707949494949494949494949494949494949494949494949494949494949494949494949494949494949494949494949494949494949494949494949494
0708949494949494949494949494949494949494949494949494949494949494949494949494949494949494949494949494949494949494949494949494
0709949494949494949494949494949494949494949494949494949494949494949494949494949494949494949494949494949494949494949494949494
0710949494949494949494949493939393939393939393939393939392929292929292929292929292929292919191919191909191919191919191919191
0711909090909090908989899089898989898988888888888786858686868686868585848485858686858685848484848383828483828283838281828080
0712808180808182818081808080797980787879797877777777777777767676767574757575767474747475747372737374737471737171727171727271
0713737171727270687070686868686767676768697068676767676767686767666767646664666664656663646666666665666564646563626564636263
0714626465636364666364646364636363626362656363636361626361616060616263626262626361626461616163616061616061616262636562636363
0715626165616158596059585960615858595858575960595959595960615858585756585758565756575756555759565858605959606061606261616161
0716606062616061616261616361596160605859585961605959595960596059585960595959585758575857595858595959606061626261616162626263
0717616262626161626362616262616162626262636362626061636261616162616261616262616161606059595959596061616059616160605960606061
0718625960616060616060596060606162626161616161626362636363636262626262626163636262626163626263636362636363636362636363636362
0719636464646464646564636363636363646564646464636464656464646565656565666565656665656565656566676767676868686868686969696969
0720696970707071717170707070706967676666676767676767676868686868686868686868686868696969707071717171717171727171717171727272
0721727272727274737373737474767778787879808080808080808081828282828282818181818182828282828383838383828282828281818181818281
0722828282828383838383848484858586868686868686878786868687878787878788888888888888888888898989898989898989898989898989898989
0723898989898989898989898989898989898988888787878786868686868686868686858585858586868687878788888888888889898989898989898989
0800898989898888888787868686858585858584848484848484848484848484848484848585848485858584848484848484848484848484848484848484
0801848585858585858585858585858585858686868586868686868686868787878787878788888889898989909090909090898989898988888888888889
0802898989898989898989898990909090909090909090909090909090919191919191919191919191919191919191919191919191919191919191919191
0803919191919191919192929292929292929292929292929292929292929292929292929292929292929292929292929292929292929191919090909090
0804909090909191919191919191919191929292929191919191919190909090909090908989898989898989898990909090909090909191919191919191
0805919292929292929292929292929292929292929292929292929292929292929292929292929393939393939393939393939393939393939393939393
0806939393939393939393939393939393939393939393939393939393939392929292929292929292929292929292929292929292929292929292919191
0807919191919191919191919191919191919191919191919191919191919191919191919191919191919191919191919191919192929292929292929292
0808929292929292929292929292929292929292929292929292929292929292929292929292929291919191919090909089898989898989898888888888
0809888888888887878786868686868687878786868786868687878786878686868686868686868686868685858585858585868685868686858585858585
0810858585848484848483848382828383838383828283848483818282828282818181828180818181828181818282828281818079797979797979797979
0811797979797979787979787879787877787777777777777777777677//7775757674747474747474747574747373737373737273747472717171717172
0812707272727271717171717272717171717274727373727272737273727271717170707171707171717070707070707170707171706970706968696969
0813686768696767686768676766676767686766676768676665666566656465656566646466656666666665666665656464666564636264636764666465
0814676565656564656464646568666665656565666665646564646565656464656666666566666766666666666667666666666666676868656665646465
0815646666666666666666656665666666666766656566666565646565646465666768666665646664656565//6465656564666565656566686666656566
0816666465666667676567656666666565666665666767676667676768686867686767676768696968696868696868696969696869696868696969706969
0817697070696868696969697069686968686869686868696868676869686868696868686868686968696969696969696969696969696969707070707069
0818707070696969706969696969707069697070706969697069697069707070707070717070707070717070707070707070707070707071737272727373
0819737372727372727272727272727272727171717171717271727272737272727373737373737373737374737373737374747575757576757676//7777
0820777778787878787878798080797878777777777777777777777777767676767777777777777777777777777878787878797979797878787878787877
0821777777787878787878797877787878777777767676767676757575757575757575757575757576757676767676767676767777777777777676777777
0822777777777777777777777777777777777676767676767676767676767676767776777676767676767676767676767676757575767676767676767676
0823767777777777777777777777777777777777777778787877777778787879807979797979797979797979797878797979797979797979797979807980
0900808080808080808080808080//8081808081808181818181818181818181818181818181818181818181818181818181818180808080808080807979
0901797979797979798080808080808079797980808080808080808081818181818283838483838484848484848585858484848585858585858586868686
0902868787878787888888888888898989898989898989898989898989898989898989898989898989898989898989898989898989888888878787878787
0903888888888888888989898989898989898989898989909089898989898989909090898989898989898989898989909090909090909090909090909090
0904909090898989898989898989898989888887878787878787878787878686868686878787878787888889898989898989909090909090909090909090
0905909090908989899090909090898989898989888888878787878787878786868686878787878787888888888888888888878787868686858585858585
0906858585858585858585858685858585858585858686868686868686868687878787878787878787888888888989898989898989898989898989898989
0907888888888988888888888888888989898989898989898989899090909090909090909090909090898989898888888888888888878787878787878787
0908868686868686868585858585858585858585858584848484848484848484848484848483838383838383838484848484838383848483838383838485
0909848484848483848484848484848383838383828383838383838383838383838383838383838383838383838383838383838383838383838383838283
0910828283838383838382828282828282838282828282828281828282828282818282818181818281818081818181818180818180808080808080808080
0911818080808080808080808079797980797980797979787979797979797979797979797979797978787979797978787979787978787879797979787878
0912787878787878787878797878787878787878787778787777777878787879787878787777787777777777777777777777767677767677767777777676
0913767778777777777776767677777777777676777777777777767676767777787675767677767677777676777777767777777777777777777777777777
0914777878787776767776767676767676777676767776747576757575757576767575767676757576757576767676767676767677777776767777777777
0915777777777777777776777776767676767676767676767676757575757576767676767676767676757575757576757575757675767676767676767676
0916767676767676767676777676767676767676777676777777787878787878787879798080808080818181818180818181818181828181828282828383
0917848484848384838384848485858484848384848585858585858585858585858585858384848484848585858485858585858585848484858585858585
0918858585858485858585858585858585858585858585858585858585858585858585858586868686868686868686868686868686868686868687878787
0919878787878787888888888888888888898989898989898989899090909090909090909090909090909090909090909090919191919190909090919091
0920909090909090909090909090909090909090909090909090909090909091919191919191919191919191919191929292929292929292929292929292
0921929292929292929292929292929292929393939393939393939393939393939393939393939393939393939393939393939393939393939393939393
0922939393939393939393939393939393939393939393939393939393939393939393939393939393939393939393949494949494949494949494949494
0923949494949494949494949494949393939393939393939393939393939393939393939393939392929292929292929292929292929292929292929292
1000929292929292929292929292929292929292929292919191919191919191919191919191919191919191919192929292929292929292929292929292
1001929292929293939393939393939393939393939393939393939393939393939392929292929292919191919191919191919191919191919191919090
1002909090909090909090909090909090909090909089898989898989898989898989898990909090909090909090909090909090909090919191919191
1003919191919191919191919191909090909090909090909090909091909090909090909090909090909090909090909090909090909090909090909191
1004919191919191919090909090909090909090909090909090909090909090909090909090909090909090909090909090909090909090909090909090
1005909090909090909090909090909090909090909090909090909090909090909090909090898989898989898989898989899090909090909090909090
1006909090909090909090909090909090909090909090909089898989898989898989898989898989898989898989898989898989898990909090909090
1007909090909090909090909090909090909090909090909090909090909090909090898989898989898989898989898989898989898989898990909090
1008909090898989898989898989898989898989898989898989898989898989898989898989898989898990909090898989898989898989898989898989
1009898989898988888888888888888888888888888888888888888889888888898988888888888888888888888888888888888888888888878787878787
1010878788888887888788888787888887878787878888878787878788878787878787878787878787878787878787878787878787878787878787878687
1011878686868686868686868686868686868686868686868686868686868686868686868686868686868585858585858586858685858585858686868585
1012868685858585858686868686868686868686868686868686868686868686868686868686868686868686868686868686868686868686868686868686
10138686868686868687878787888888888888898989898989898990909090//909090909191919191919191919191919291929292929292929292929292
1014929292929292929292929292929292929292929292929292929292929292929292929393939392929292929292929292929292929191919191919191
1015919191919191919191919191919191919191919191919190909090908989898989898988888888888888878787878787878787878786868687878787
1016868686868687878787878786868786868686868686878786868686868685868685858585858584848484848383838382818181818281808080798079
10178079807979787878787778777778777878787978787978797979808080808081818181818181818181818181//818282828282828282828282828282
1018828282828282828282828282828282828282818182828282828282828282828282828282828383838383838383848484848484848485858484848484
1019848484848484848484848484848484848484848484858484848484848585858586868687878788888888898888888887878787868686868585868686
1020868687878787878787878787888888888889898989898989898989899090909090909090909089898989898989899090909090909090909090909191
10219191919191919190908988888787878787878786868686878787888888888989898989898990909090909090909090919191919191919191919191//
1022919191919191919191919191909090908989898989898989888987848384858584838181818282818180797776757575757373747575747575757575
1023767777777775747372716868676769707068686868686766676767687072737476777979798182838384838383848585868686868687878787878787
1100888888888888888989898989898989909090909090908989898989888888888889898989898989898889898989898989898888888888888888888888
1101888887878786878786868787878686868586868687878888888889898989898989898989898989898989898889898989898989898989898989898989
11029090909090898990898989898989//898887878787878787878787868686868686868787878787878787878787878787878686868686868686868585
1103858585858585858585858686868686868686868686878787878787878888888989898989909090909090909091919191919191919191919191919191
1104919191919191929292929292929292929292929292929292929292929292929293939393939393939393939393939393939393939393939393939393
1105939393939393939393939393929292929292929292929292919191919191929292929292929292929292929292929292929292929293939393939393
11069393939393939393939393939393939393939393939393939393939393//939393939393939292929292929292929292929191919190909090909090
1107908990909090909091919191919191919191929292929292929292929292929292929292929292929292929292929292929293939393939393939393
1108939393939393939393939393939393939393939393939393939494949494949494949494949494949494949494949494949494949494949494949494
1109949494939393939393939393939393939393939393929292929292919191919190909090909090909090909090909090909090898989898989898888
1110888989898988888888888887878686868685858584848686868686858585858484858483838180808081818181797978787978777576777877777776
1111767776767372727273737373747373747474736668676768686970717169707272686764626259585958555856576061616162606261616058605958
1112565657565457565655575858595755585755565654555658565555555551515452545251535455545656555456565355545455535552535252535353
1113535151505451535050515150505049525150494948484949504848484747474748504847474848514951495050494850515150494948484848465048
1114494750454645464647474746464645464847464748464647474445464746434344464644434543464544444445454444444542434443434344434443
1115444241414144454445444442404343444242404140403940424342434044404141414342404140424042404141404141404139404040394040404139
1116434241393938413942424141413940414343434343424341414240434040394240404141424443424142434341424344434547464445444545474545
1117474545444444434544454744454544444546454645474544464546474546434545464445454544444546454647474847464648474947454848464850
1118485049494948484847494850484848484849484848494949484848484848474847494847474847474848484748474747484848484748484847484847
1119484849494849484848484947484848484848484848484949504949505050505049495050495049505150505050495050504950505050505049495049
1120505051515050505049515050505151515151515251515252525251525252525252525355525252535352525353535353525353535352535353535554
1121535352535253535455545455555653545453545453525252525152515152525352525252525152515252525252525153535453545454555555545555
1122555656565655555454555556565556555656565655555555565656565656555556565656565656565655555556576061605961616160616060606061
1123616161626563646263676668697072726866676765697072727271686867697070727273757675777673727375757574757575737172727272727172
1200737373747574747373717171707071696767666665646463646464646565666564646564656564646364646566697171706866666666666767717172
1201706867686969687071696871717070707171717271717171706868676665646565656464666666646463636463646363636363656464636463626563
1202636463626061606060595860585959585757575757575657575757575757585857575858585859595959596059605961606060606060606161616060
1203606061616261626464656463636365646364656665656566686867666766656465666464656463646463636364646464656564656565656566656565
1204666666656465656565656566666666656565666566666665666666666565666767666767686867676768676867686867686767676868676766676867
1205686971697072727373727170707069686868686868686768676767686768686868686970717374747472717071707070717272717071717170707071
1206707273757473747576777980808080808079787777777776757574747374747476787776757576757573747373727271707070717170717172727272
1207727272737373737373737372717171717271717272727272727272737372737473747373737374737474747373737475737475747474757474747474
1208747474757575757675757575757576777879797980818182828282828282818080808080808080807979798079787879798080808080797980807877
1209777778777878777676777576767575757576757676757575747574747373737372737272727272727273727372727272717172727272717172727071
1210727272727171717272717170696969707069707071707069706969686767697069707069676971696768696868686867686968676767666767676767
1211676768676968686868696868696969696767676867666668676667666666666666666666656665666666666565656666676667666666656565656567
1212666666646466656565666565656464656565656463646465646465646466656465636363656566656365636263636262626262626161616160605958
1213606059605962616462606062615961616060606061626260595961605959595860585758575859605959595858565552545354555453535452535353
1214545253535353545251525351525254535253555755545554565654545353545454555252535454535453535453545354535452525153515251515151
1215525253525152515151515251505153525149475150515350505048495049494950505252535354545555565553555555555555565656575555555455
1216555455555454545454545454545354535454535352545253535252545154535352535253545251515150495251515252515352545052525253525152
1217525251535254535352545151515251525253515253555553535352535353535252535554535254545556545352525354555653525152525456545454
1218555555545454545455535457575455555654555657575556575656585754545557585859595959605960606162595856585861656262596060606060
121962636262616566656361606060606060606162626263636363636364646463636364636362636363636363636363//64646564646464646464656565
1220656566676666666767666666666666666667676767666767676767676767676667676767666768686769686867676767676767676766676767686868
1221686868696867686868686969696969696969696969697069706970717272727273717070696969707071717171727271727575747575757575757475
1222777980808181797979818180808080808080798081818282828282828383848484848484848483838382828484838483838282818180797876757474
1223747474747677787878787980818180818282828283838383838383828281818181828282838484858585858585868686868686868585858585858585
130085//85858586868686868686868585858686858585858584858586868686868787878788888787878787878888888888888888898989898989898988
1301888888888888888888898989898989898989898888888988878787878685858585868685858585858484838282838281818181818181828282828383
1302838485858585858686868686868586868686868686878787878686878787878787878787888888888888888787878686878787878787868686868686
1303878788888888888887878787868787868787878787878787878787878788878787878787868686868787878787878787878787878786858583838282
130482818181818282818181828282828282//82828281818181818281818080818181808080808181818182828282838282828282828281818281818282
1305818282828282828383838383838383838383828283838383838383838383838282828282828282838383838383838383838282828282818281828282
1306828282828282828282828383838383838383838383838382828283838383838484848585858585858586868686858585858585868686868787878787
1307878787878888878787878788888888888989898989898989898989899089899090909090909090909090909090909090909090909090909091919191
130891919191919191919191919191909090909090909090909090909090909090//91919191919191919191919191919191909090909090909090909090
1309919191919191919191919191919191919191919191919191919191919190909091909090909090909090909090909090909090898989898989898989
1310898989898989898989898888888887868787868685858583838383838383828282828282828181808081818079808080797979787879797980797979
1311797978787878787878787776757575767474747372717172717171717271717273727271727375737373737373717172727169696969696969696969
1312696970696869686869696968676768666665656663646359606161626161626163616260606161616061616162626261585859575757565858596062
1313626060606060625959606161596159606059585860595960595958585959595960605858585959585859585958575860585858585859605959615960
1314605959606058575758605757606159575656565558565554555454535354555555555454555456575555575757575755555655555655585655555654
1315565757575758565757565857585555575957575758555757575657595858575858585959606060596060606161606060606060616061616161616262
1316606161606061606161605857595959595959585958596058585858605858585758585858596060595959595959606160616261606062616061626161
1317616262616060616262626161616161616061616261616161616161626263616161606161616262626262626263626262626262626262616262626162
1318616261616161626264626363636261616162616263626361626363626263636262636263636363636463626363636263636363636363646364636464
1319646464646464646464646363646465646464656565656465656464656565656666666665656565656465656464656465646464646464646464646464
1320646464656565656565656565656566666566666666656666666666666666666666666667676767676768686868686868686868686868686868686868
1321686969696970727170717171717171717071717171717372727474757575767678787979797978787878787777787777777675757677787778787776
1322747474757674737373737372727372727272727272737272707070707170696970706970707070696969696969686969696970696969696970717171
1323707070696969707070707070717070707070707071717172737474747372737372737372727273737374747373737272727373737374747373737474
1400757676777679797977767676767778797977787978777776767675757574747576767575767878767675767777777878787979798080818182838383
1401838281807979797979787776777676757574757574747373727373737371717172727272737474747575757676767675757575757575757575757575
1402747474747474747474747474747475747474747474747475757575757575757575757575757575757575757676767676777777777777777776767776
1403767676767676767676767676767676767575767675757575767576767777777676757676757575767776767676767676767676767676767677777777
1404777777777777777777787777777777787878787878787878787879797979798080808181818182828282828383838484848483838382818180808180
1405808181808081818181828283828282828282828282828282828282818282828283838382828282828382828382838383838383838384848383838485
1406858686868787878787878787878787878787878686868686878786868686858585868686868585858584848484838382828181818181828282828282
1407828383848485858585868686868787878888888888878787868685858484848484848484848484848484848483848484848484848484848484858585
1408858585858585858585858585868686868686878787878788888888888989898989898989898989898989898989898989898989898989898990909090
1409909090909090909090909090909090909090908989898989898888888787878787878787878787878787878787878787878787878787878787888888
1410888888888888888787878787878787878787878787878787878788888787878787878787878787878788888888888888888989898989898989898989
1411898989898989888888888989898989898988888787878786868586868585868583848485838281797878777777787676767677787677777876757371
1412737372727272737374727271726969686769656666666766666565666465656362616060615959605857565855565555545454555354535354565556
1413565657565455565757555654535454555556565656575855555855555455575656575858585859575555565757575758575957565657565657565555
1414555555545453535555565655555454535454555455555657585858595958575756555557595958595859606062616263636464656564646666666867
1415686868676968676667676768666667656666676566656767666464646363626162616160606059616161616263646262626463626362626363636263
1416636362636464636364646462636363626263636363626464636363636464646463646363636363636463636464646262626262626363626364636464
1417646364636364646565646563646564646565656766666565666566656665666565656665666665656666666666656566666565656665656565666665
1418666666666667666665656667666667666665666667676767666665666666666767676768696969686868686868686868686868686868686868686868
1419686969696970707070717171717171717171717271717272727374747373737374747474757575757779797979808080808080808080808081818182
1420828282828282828282828282838383838282838383838384848484848485858585858484848383838485858686868686868686868686878686868585
1421848484848484848484848383838383848383838383848585868686868787878787888888888888888786858483828283//8383838383838383838383
1422838383838484858585868686868686868686868585848383838282828282828282828282818182828282828282828283838383838383838382828282
1423828282828383828282838384848383838485858586868686868686858585858484848484838383838383838383838383838383838383838383838383
1500838383838384848484848484848484848484838384848484848484848484848484848484848484848484858585868686868687878787888888888888
1501888989898989898989898888888787868686868686868687878787878787868686868686868686868686868686858585858585858585858585858585
1502858585//8585858686868787878787878888888888888888888888888888888888888888888787878787878787878786868686868686868686868687
1503878787878888888989898989898989898989898989898989898989898989898989898989898989898989898989899090909090909090909090909090
1504909091919191919191919191909090909091919191919191919191919191919191919191919191919191919191919191909090898989898989898989
1505899090909090909090909090909090909089898888888787878686868686868686878787878787888888878787878787878787878888888888898989
1506898989898989899090909090909090909090//9090909090909191919191919191919190919191919191919191919191919191919191919191919191
1507919191919191919191919191919191919191919192929292929292929292929292929292929292929292929292929292929292929292929292929393
1508939393939393939393939393939393939393939393939393939393939393939393939393939393939393939393939393939393939393939393939393
1509939393939393939393939393929292929292929291919191919190909090898988888887878787878786858484848383838484838383828282828080
1510797979797979797978788079797979787878797877777777777877787776767677//7776767777777676767777777675767776757576777676767575
1511747473717272727374737475737474757474767675747473737475747374757474747475747474737474747474747575747475747473737374747474
1512747374747474757474737373737374747474747473747475747574747472737373737273727372737374737372717172727172727272727272717171
1513737271727274747472727172727273727071717072717171717171697069686970686868696969696766666667666768686868686968686868686967
1514676668676564666666666668666464646667656464646567676765666767676566666766676464656565656465666463//6261626261626161626362
1515626263636262616160596059595958596060605757605960585955565757555755575857585860606059585859585959575856565554555655575555
1516555655565758595758585959575756585757595857575655555455545555555555565756565453545655545455575252525051525353545454555557
1517565657575658575757575658585858575758585859595959575958585757585756575758565655565656555456565757575859585859605961596059
1518605958595858575453545556555557575657585859595960606060616161626263636363636364646463636464656464646464646565666665646465
1519656465646465656565656565646464646565656564636464646464646464677070697172727374757475757574767677777677767677797980808080
1520818079797878787980808182828383838383828282828283838484858585868686868786868687878787878788888888888888888888888888888787
1521878787878787878787878787878787888888888888888888888887878787878787888888888888888888888888888888888787888888888888888989
1522898989898989909090909090909090909090909090909090909191919191919191919191919191919191919191919191919191919192929292929191
1523919292929292929292929292929292929292929292929292929292929293939393939393939393939393939393939393939393939393939393939393
1600939393939393939393939393939393939393939393939393939393939393939393939393939393939393939393939393939393939393939393939393
1601939393949494949494949494949494949494949494949494949494949494949494949494949494949494949494949494949494949494949494949494
1602949494949494949494949494949494949494949494949494949494949494949494949494949494949494949494949494949494949494949494949494
1603949494949494949494949494949494949494949494949494949494949494949494949494949494949494949494949494949494949494949494949494
1604949495949595959495959595959595959595959595959595959595959595959595959595959595959595959595959595959595959595959595959595
1605959595959595959595959595959595959595959595959595959595959595959595959595959595959595959595959595959595959595959595959595
1606959595959595959595959595959595959595959595959595959595959595959595959595959595959595959595959595959595959595959595959595
1607959595959595959595959595959595959595959595959595959595959595959595959595959595959595959595959595959595959595959595959595
1608959595959595959595959595959595959595959595959595959595959595959595959595959595959595959696969696969695959595959595959595
1609959595959595959596969696969696969696969696969696969696969696969696969696969696969696969696969595959595959595959595949494
1610939393929190898888888786858383828180808080797877767573727272717071717271727373727271717270706968676766656666656667686767
1611676867676768686767666667686766666767656565676866656666646666656365646665666565676666646564646565636363636362626161616261
1612595959585958596160616360606060615960596060596160595859596060615960615960626161625758585958595757565758575658575756555555
1613555454545454545456565558545655565756575758565656545454555654555556545352545353545553515352515253555354555556575353535454
1614565454545353535454545455555353545556555556555351505052535553535252535250515150504951505250514950525350495049515051525148
1615484748505051514950504948494850495049494949495051515252505051515251494748484950504949505151524849505051515251515151515352
1616535354555455565656565656575656565655565656575858585959585858585757575958575759575858585959595960605960596061626260606260
1617626464616262616161626362636363626262626262636362626362636263636363636263626262626262636363626363636363646464636363636364
1618646463636465646564646465656564656464646464646565656566666665656566676767666765666666676766666666676766666767676767676868
1619686969686969706969696969696869696970696968686868686968697171727475737373737372727272727272717171717170707070707070707069
1620696869696969696868686867676767676868686869696969696968686868686867676768676868686868686868686868696969696968686867676768
1621676767676867676868686867676868686867676867686768676767676767676767676767676767676767676766666666666666676666676766666666
1622666666666666666666666666656565666666656665656565656665666666666666666666666667666566666665666666666666666666666666666665
1623656565666666656666666666666667676768697070717171707070696969686868686869696969686869697070707070707070707070707070707070
1700707070696970707070707071717272737373737373747474747475757575757575757576767676777777777777777778777878787878787878797979
1701797979808080808080818181818181818181818181818181818181818181818181828181818182828282828282828282828282828282828282828282
1702828282828282828383838282828282828282828282828282818181818181818181818181818282828282828283838383838484848484848484858585
1703858585848484848484848484848484848484848484848384848484848484848484848484848484848483838484848484848585848484848585858585
17048484848484//858585858586868687878686878787878787878888888888888888888888888888888888878787868685858483838282818181818181
1705818182828282828282828282828282828282838383838383838383838484848585858585858686878787888888888888888888888888888888888888
1706888888898989898989898989898989898989898989898989898989898989898990909090909090909090909090909090909090909090909090909091
1707919191919191919191919191919191919191919191919192929191919292929292929292929292929292929292929292929393939393939393939393
17089393939393939393939393939393939393939393//939393939393939393939393939393939393939393939393939393939393939393939393939393
1709939393939494949494949494949494949493939393939393939393939393929292929291919191919090908989888887878686868685858585858584
1710848484848484838383818182828383828282828181808079808181808078787876777877777776767675767675767777767676757576767676757574
1711757475757475747373737374747474747373747272707071707171717170707070707171706969706867676566666565666768686867676866676768
1712676765656566676666686869686768686867676769676869686868686767686768686868697068676868686968686968686868696969686969696968
171366676869686767676767//66656566666667656666656666656565666867676865656565656666656665656565656564656464656464646465656363
1714636463626463626362626162626162636262636363636263636363646364646364646564636463646464656463646363646363646463636464646364
1715646365666665646665656565656666666666676868676768686868686968696969696968686868676767676665656566676665646665656564646564
1716656564656665656564646263636363646364636364646464636262636363636363646364646564646565666565666767676868686868686868686969
171769696969696970706970707070697070707070707170707070//70707169706969696968686868696970707070696969706969697070707070717170
1718707069706968696869696969696969706969707071717071707170717172737374747474747575747474767575757575767675757676767576767777
1719787878787878787878787979797979808081818181818181818182828282828282828282828282828282828282828282828282828181818181818181
1720818182828181818181818181807979797980797977777776767676767676767676767676767676777777777777787878797979797979797979798080
172181818282828282828282828282828282828181818180808080808081818181818282828282828282//83838484858585858686868686868686868787
1722878787878888888888888888888989898989898888898989898989898888888888888888878787868686868686868686868686868686868686868686
1723868686868686868686868686868686878787878787878787878787878787878787878787878787888787888887878787878787878787878888888888
1800888888888888888989898989898989898989898989898989898990909090909090909090919090909090909090909090909090919191909090909090
1801919191919191919191919191909090909090908989909090909090909090909090909090909191919191919191919191919192929291919191919191
1802919191919090909090909090898989898989898989898989898989898989898989898989898989898989898989898989898989909090909090909090
1803909191919191919191919191919191919191919090909090909090909090909090909090909090909090909090909090909090909090909090909090
1804909090909090909090909090919191919191919191919191929292929292929292929292929292929292929292929292929393929292939393939393
1805939393939393939393939393939393939393939393939393939393939393939393939393939393939393939393939393939393929292929292929293
1806939393939393939393939393939393939393939393939393939393939393939393939393939393939393939393939393939393939393939393939393
1807939393939393939393939393939393939393939393939393939393949494949494949494949494949494949494949494949494949494949494949494
1808949494949494949494949494949494949494949494949494949393939393939393939393939393939393939393939393939392929292929292929292
1809929292929292929292929292929292929191919191919191919191919191909090909090909090909090909090909089898989898989898989898989
181088878787878686868686868686868686858585858585858585858584848383838484848384848383828383828282828281828281828181//81818080
1811858585858585858585858584848383838484848384848383828383828282828281828281828181//8181808082828382828079808181818180808080
1812808081798079797878787877777677767777777676757575757574737273737473757373737473747373747375747575727374747274737372717270
1813707070707071717171717169707370707070707070686968676868676967666668676867676769696768677070697070706970686868696970686869
1814696767666867686869707071717069696868696667686766656666666666656565666867656465656565666564646565646463626362636363666464
1815636465676766666665656466646564656665666664656566656665656666676564636465646363656365636464636362636462636262636364636463
1816636465626463636463656465656767666665666666676769676867676868686868686969696970706969697070717272727171717070707070717070
1817707171707071717171707171717171717171717171707070727171717171707071717171717171717171727272727272727272717172717272727272
1818727373737373727172717172737374747474757575757675767676767575767676767676767676767778787879797980808080818181828282828283
1819838282838383838383838383838383838484848484848484848484848484848484848484848484848484848484848484848383848484848484838384
1820848383838484848484848484848484858585858585858585858585858686868686868686868686868686868686868686868686868686868686868686
182186868686878787//87878787878787878787878787878787878787878787878787878787878787878787868686868686868687878787878787878787
1822878787878787878787878787878787878787878787878787878787878787878787878888888888888888888888888888888888888888888888888888
1823888888888888888888888888888888888888888888888888888888888888888888888888888888888888888888888888888888888787878787878787
1900878787878787878787878787878787878787878787878787878787878687878787878787878787878787878787878787878787888888888888888888
190188888888888888888888898989898989898989898989//89898989898989898989898989898989898989909090909090909090909090909089898989
1902898989898989909090909090909090909090909090909090909090909090909090909090909090909090909090909090919190919191919191919191
1903919191919191919191919192929292929292929292929292929292929292929292929292939393939393939393939393939393939393939393939393
1904939393939393939393939393939393939393939393939393939393939393939393939393949494949494949494949494949494949494949494949494
190594949494949494949494949494949494949494949494949494949494949494949494949494//94949494949494949494949494949494949494949494
1906949494949494949494949494949494949494949494949494949494949494949494949494949494949494949494949494949494949494949494949494
1907949494949494949494949494949494949494949494949494949494949494949494949494949494949494949494949494949494949494949494949494
1908949494949494949494949494949494949494949494949494949494949494949494949494949494949494949494939393939393939393939393939393
190993939393939393939393939393929292929292929292929292929291919191919191919191919191919191919191919191919090//90909090909090
1910908989908989899089908989898989898989898989898989898989898888878787878787868686868584858584858484858585858484848484838383
1911838383838383838484838383838383828282838383828382828281828181818181818282828282828283828182828182828281818182828282818282
1912838182818181818179787980797980787879807979797978787878797878787778777979787978767676767676757677767675747474757474757472
1913727171717172737373717173737271717170707171707172717171717171717071717270727070696969686968676869696868696869696870726967
191466656765656565//65666766676566656667636463656665656566666767686767686765656665656565666666666664616263626263626163616161
1915606161616362616161626162626364646463626163626463616361616161595959605958585757596058605959595858595961606162626261616160
1916606059616362626260616059606060616161626262616161616161626162626262616263626362636364636263636262626160616162606162626162
1917616161616363626162626262636463636162626263656464636361626161616160616161626061616060606062616262626362626261616162626262
1918626162626363636363626362636363636263646565656465646364646465656665656666666667686869696868686969707071737474757577797979
1919798081808080808080797878787879798080808081818180818181818282828383838384848485858685858685858586868686868686868685858585
1920858585858585858686868686878787878787878787878888888887878786868787878787878787878788888888888888888888898889898989898989
1921898989898989899090909090899090909090909089898989898989898989899090909090909090909090909091919191919191919090909090909090
1922909090909090909191919191919191919191919191919191919191919191919192929291919192919192929291919191919192929292929292929292
1923929292929292929292929292929292929292929292929292929292929292939393939393939393939393939393939393939393939393939393939393
2000939393939393939393939393939393939393939393939393939393939393939393939393939393939393939393939394949493939393939394949494
2001949494949494949494949494949494949494949494949494949494949494949494949494949494949494949494949494949494949494949494949494
2002949494949494949494949494949494949494949494949494949494949494949494949494949494949494949494949494949494949494949494949494
2003949494949494949494949494949494949494949494949494949494949494949494949494949494949494949494949494949494949494949494949494
2004949494949494949494949494949494949494949494949494949494949494949494949494949494949494949494949494949494949494949494949494
2005949494949494949494949494949494949494949494949494949494949494949494949494949494949494949494949494949494949494949494949494
2006949494949494949494949494949494949494949494949494949494949494949494949494949494949494949494949494949494949494949494949494
2007949494949494949494949494949494949494949494949494949494949494949494949494949494949494949494949494949494949494949494949494
2008949494949494949494949494949494949494949494949494949494949494949494949494949494949494949494949494949494949494949494949494
2009949494949494949494949494949494949494949494949494949494949494949494949494949494949494949494949494939393939291919191919190
2010898988888888888888878787868786868686868686868686868686858585848484848483838383838383838383838282828282828283828281828181
201180//////////////////////////////////////////////////////////////////////////////////////////////////////////////////////
2012////////////////////////////////////////////////////////////////////////////////////////////////////////////////////////
2013////////////////////////////////////////////////////////////////////////////////////////////////////////////////////////
2014////////////////////////////////////////////////////////////////////////////////////////////////////////////////////////
2015////////////////////////////////////////////////////////////////////////////////////////////////////////////////////////
2016------------------------------------------------------------------------------------------------------------------------
2017535251535252525251525352525253555554545555545555555454545455555654555757565554555657585656565758575958565756565654545556
2018565455545456575655545554545556565657585656555655565856575858596261616061626363656566646564646262636362626363646463646365
2019666564646363636363626262636465666867676867686970727475757676767778787878777676777778787879797979787878797979797979808182
2020828383838283838383838485858484848585868787868684838382828181808079787878787878787878787979787777777777777777777878787979
2021807979797979798080798080818182828282828283838384848484838383838383838383838384848584848483838384838384848485858585858686
2022868686868686868687878787878787878788888888888888888889898989898989898989898989898989898989899090909090909090909090909090
2023909090909090909090909090909090919191919191919191919191919191919191919191919191919191919191919191919191919191919191919191
2100919191919191919191919191919191919191919191919191929292929292929292929292929292929292929292929292939392929393939393939392
2101939393939393939393939393939393939392929292929292929292929292929292919191919191919191919191919090909090909091919191919191
2102919292929292929292929292929292929292929293939393939393939393939393939393939393939393939393939393939393939393939393939393
2103939393939393939393939393939393939393939393939393939393939393939393939393939393939393939393949494949494939393939393939393
2104939393949393939393939393939393949394949494949494939393939393939393939393939393939393939393939393939393939393939393939393
2105939393939393939393939393939393939393939393939393939393939393939393939393939393939393939494949494949493939393939393939393
2106939393939393939393939393939393939393939393939393939393939393939393939393939393939393939393939393939393939393939394949494
2107949494949494949494949494949494949494949494949494949494949494949494949494949494949494949494949494949494949494949494949494
2108949494949494949494949494949494949494949494949494949494949493939393939393939393939393939393939393939393939393939393939393
2109939393939393939393939393939393939393939393939393939393939393939393939393939393939393939392929292929291908989898988888786
2110858585858585868584858585858484848484848484838484848585858584848485858584838383828180808181808080807979787879797978787878
2111787876767676767474757473737372727272716969686768686968686968676867696969686868706868666666676866666565646667666666676765
2112666666666666666766666566656565646364646565656565656463636363636362636262626262636363626361616162626061616160615961606063
2113616261616363616161616260605959606061616161616161616060606162615959585959596058605961615857585857575858575760595857585858
2114575858585960595958595757575658565556545454545554545353535553555454535352525253545254525151505050505350515049504951535252
2115505051505051515051505050505051525049515150514949504950505049494949495049495051505149494949495150495050504949494848494849
2116494948495051525349525152515352515152505050505250525151494949495051505049484948504850504949484849495052515049505050505050
2117515051525452525253535353535252535353525454555554555555545657555556565555555554555555555554535456565555555657565456555657
2118575958575858575858575757565656575758585959606060606061616061616162626263636263636363636363636364646464646464646565656565
2119656666666666666666676767686868686969696968686969696969696868686869696868696969696969696969696969696868696868686869696969
2120697070707070707070707070707070707170707071717171717171727272727272737373737373737474747474757575757575757676767676767676
2121777777777777777777777878787878787879797979797979797979797979808080808080808080808080797979797979797979797979797979798079
2122797979797979797979797980808080808080808080808080808080808080808080808080808181818081818181818181818181818181818181818181
2123818181818181818181818181818181818181818181818181818181818181818282828282828282828282818181818181818181818181818181818181
2200818181818181818181818181808181818181818181818181818181818181818181818181818181818282828282828282828282828282828282828282
2201828282828282828282828282828282828282828282828282828282828282828282828282828282828282828282828282828282828282828282828282
2202828282828282828282828282828282828282828282828282828282828282828282828282828282828282828282828282828282828282828282828282
2203828282828282828282828282828282828282828282828181818281818181818181818181818181818282828282828282828282828282828282818282
220482828282828282//82828281818181818181818181818180818080808080808080808080808080808080818181818181818181818181818181818182
2205828282828282828282828282828282828383838383838383838383838384848484848484848484848484848484848484848484848585858585858585
2206858585858585858585858585858585858585858585858585858585858585858585858585858585868686868685858685858585858585858585858585
2207858585858585858585858585858585858585858686868686868686868686868686878786868687878787878786878686878787878787878787878787
220887878787868686868686868686868686868686868686//86868685858586868685858585858585858585858585858585858584848484848483838383
2209838383838383838383838383838382828282828282828282808180808080807979797879787878777777767777767575757575747474747474747474
2210747475747374747473747474747474747474747474747474747474747473737171717270717070717070707068686869686766646362636463636263
2211636362626162626261616162616159595856575757575757585657575857585758585859595959595757585857565656575757575556575756575758
221258575858585859616062636563646464636564656668706967676765656665666565666666//66666665666666666463626161616059595858585757
2213565656565555555554545455575555545555575656586064656870717272737374747473737373747473737373737372727272727272727272727273
2214727272727271717272727071717169706970707067636061606061636465666667676767676867676768676767666766656565656464646464656464
2215646463636363636364646363626362636363636363636363626262626262636362626363626263626363636363636363636363646463646564656564
221664656465656565656564646464646464646364646363636363636363636363646463646364646464646464646465646564646463//64646464646464
2217646464656564646363636364636363636363636464656463636362626262626263636363636362636363636364646363626262626362626262626262
2218626362626362626262616262626262626161616161616161616161616161616161616161616161606161616061616061616161616060606058595959
2219595959595959595859585859585858585858595858595959595958585859595958595959595959595959595959595858585958585858585859585858
2220585958595959595858585858575857575757575857585859585959595959595959595959596061616262626363636364636263626262646363636263
222165646464646364//64646464656464646563646463636363636363636465636364636363636365646565646464646464646464646564646464646464
2222646464656565656666666666666665656565656566666666666666676666676667676767666767676768686868686867686868676868686868686969
2223696969696970707071727373727272727273737373747474747676767778787878777778777877767676757575767676767676777777777878787878
2300787878797878777776767676767676767675767676757576757575757474747474747474747373737373737473737373737373727273737373737273
2301737372727273737373737474747473757675747475757574757575747475757675757575757474747474757777777776767676767576777777777675
2302757575767675767678777777767675767878787879787674757474737373737374747474747473737374747574737373737272727272727272727373
2303737272717171727271727272727372737373737474737473747473737373737272727272727272727273727272737373737374737373747475757576
2304767577777879787877777676767675757575757675757575757575757574757575757574747474747475757576757575747474747575757576767676
2305767575757575757575767675767676767575757575757474757474747473737374747373737374737474747474757576767777777776767676767676
2306767675757575757776767676767676767676777779787980798080808080818181818181818282818182828282828283838383838484848484848483
2307848484848484838383838483838383838384858585858686868686868585858584838384848484848484848485848484848484848383828181818182
2308828383828182828383828182838383848484848383848484848584838383838384848384848585868686858585858586868483838384848483838383
2309838383828382818080808080808079787777767575757475757576767575767576777876767675757575757575757575757575757575757575757575
2310757575767676767676777777777776767676777777777778777677777777767575747474757574747372727171717171717070706969686867676767
2311676767676767666766666766676768686768686868686768686969696969707070707070707071707070717271717171717272727272737272737271
2312717171717070717069697070707070707068686868686868686867676767676766666666666665666667656667676666666665656464636463636463
2313636362606262606061616161606160605958595960596060605959595959606060606061606060606060616161616262615960606161616161626061
2314606160606060606061626261616061606160595959606161606061606060616161616061616061596060606061606060616262606161606059595959
2315606059606060596059595958585858595959585858585859595959605959605960616160615859596060595858585858585959605857585757585758
2316585858585958596059595960605960606059595960606160606160616161616160616161606161616162626262626261616261616161616161626262
2317626363626263626261626262636362636263626362626262626263626263636363636262626262626262626262636362626262616162626262626362
2318626262626262626363636262636362626262626262626262626262626262616262616162616161606060606060606060606060606061606161626262
2319626262616161616162626262616162606060596059595959595959595959606059606060596060606060606060616160616161616161616162626262
2320626262626262626262626262636363636464646464646464646564656465646465666666656666666765666665666666666667656565666665656566
2321656565656566666666666666666565656566656565666566666666666667666666676767676767686868696867686869686767686768676768686767
2322676767676767676767666767676667676767676767676767676667676767676767676767676767676767676868686868696869696969696969696969
2323696969696970696970697069696969696969696969696969696969697069696968686869686868686868686868676868676767676767676767676767
2400676767676767676667676767666767676767666767676767676767686868676768676867686868676868686868686767676868676868686868686868
2401686868686868686868686868686868686868686868686868686868686968686968686868686868686868686969696969696969696969697070707072
2402737372737374757574737474757576767777787878797979797979798081818181818181808080808080808080808080808081808181818080808080
2403798080807979787878797980797979808079808079787878787878777777777777767676767675757575747474747373737272727272727171717171
2404707070697069707069696969696969696969697070707070707070707070717171707071707170717070707070707070707070706969696969696968
2405686868686868686869696969696968686867676767686868686869696868686868686868696969696869696869686868696868696969686868686868
2406686869696868696969696968696869696970696969696969696969696969707070707070707071717171717171727272727272727272727272717272
2407727272727272727272727272727273737373737273727272737372737373737272737372727271717171717171727172727272727271717171717171
2408717171717171717171717171717272727272727272727272727272727272727272727272727372727272727373737373737272727272727271727271
2409717171717171717171717171717171717172717171717171717271717171717171717171717171717272717171717171717171707171717070717172
2410717171707071717171717170707070707070717070707069//7070707070707070717069707071717172717069707070706968696970696868686868
2411697070696969696868686867686868686768686767686968686868686868686867676768686868676868686868676768676767676868686968686868
2412686768686869686769696868696969696969696970696869696868686968686868696869686869686868686868696869696969696969696970707070
2413706969707071707070707069697070707069707070707070707071707070696969706969696969707069696969706970707071717070707171717071
2414707171717070717170707171707171727171717071707272717071717171717171717171717172//7171717172727271717070707071727271717172
2415727273727271707069696767676768696869697070717170717171717171717272727272737373737474747575757575767677777777787879797979
2416798080818181818282828282838383838384848484848485858585858585858586868686868687878787878787888888888888888889898989898989
2417898989898989898989888889888888888888888888888888888888888888888888888888888888888888888888888888888888888888888888888888
241888888888888888888888888887878787878787888887878788888888878888888888888888//88888988888888888888888888888888888888888888
2419888888888888888888888887878787878787878787868686868686868686878686868686868685858585858585858585858485848585858585858585
2420858584848484848484848484848483838383838484848484848484848484848484858484858585858585858585858586868686878786868687878787
2421878787888888888888888888888888888888888888888888888888858685848483828282828282807979788078787878787879798080818181818282
242282828282838283838383838484858585858686868687878787878787878787888888888888888888888989898989898989898989//89899090909090
2423909090909090909090909091919191919191919191919191919191919191919191919191919191919191919191919191919191919191919191919191
2500919191919191919191919191919191919191919191919191919191919191919191919191919191919191919190909090909090909090909090909090
2501909090909090909090909090909090909090909090898989898989898989898989898989898989898888888888878787878787878787868687878787
2502878787878787878787878787878787878787868686868686868686868787868686868686868585858585858585858585858585858585858586868686
2503868686868686868585858585868585868686868585848483828280787777757474737372737273727372727171717272727272727272727272727272
2504727272727373737273737373737374737373737272737372727372727272717170707070706969686766656666646464646465656463636260616160
2505605960606060606160606161606059595859586060616160616161616061605960606059606160606061616160606161605859585958595958595858
2506585858575756565555575655555455545455555555555555555555565555555454545555555454555554555454545455545454545555555556555656
2507565556545555555454555554555554545353535454545454545454545453535354545454555454545354535354545454545453535352535352535352
2508525252525252525253525152525152525252525151515152525352525152525251515151515251525252515252515150515151525252525253535352
2509535353525252525352535353535355555353525454545555555554535453545452525252535454535252525353535454545454555554545455555554
2510555555555454545454545555555555555554545456555555545453535455545354545453535353545453535454535353535353535453545453545454
2511545354545454535453535353545454535453535453535354545353535353545453535253535353535353535354535354545353535353535354545353
2512525353535253525353545353535253535353535353515252535252535353525353535455535454535452525253535353535354555454535354535352
2513535353535454525252525453525252515151515151515152515051525152515251515151515252525151525252525151525251525253525152525252
2514525353535253535253525152525253535353525252515151515251535252535253535251525152525253535351515152525252525252515251515151
2515525251515151515152515150505050505050505051515051515151515151505150505151515151515151515251515353525254535353535454525353
2516535353535353545352525252525251535252525252525252525253525252515252525354535353535452535353535353535354 05244464749515152
2517525252515253535353525352535353555454545454545455545554545455545354545455565655555556555555555656555555565555565656555656
2518555657575656575656575656575656565657575757575755565657565858585959595959605960606160616060615960595959605959596161606060
2519616161616161616060606060606061626161616160616160585756565656555555555555555555555655555555555555555555555655555454545454
2520545554545455555555545554545454545454545454545454555455545555555555555555555556555655555556565656565656565657575757575757
2521575757575858575757575758575757575757575757565757575757575757575757585757575858585858585858585858585858585858595959595959
2522585959595959595959595960605959595959595959596059596060606060606061616161626162626262626262626262626262626262626263626263
2523636363636262626262616161616162626262626261626261616161616060606060606060616060616060606060606060606060605959595959595959
2600595959595960606060595960606059595959595959595959595959595959595859595958585859595859606059596060596060606061606060606161
2601616161616261616262626262636363626263636363636464646464646364646464646465656564646565656565656565656565656565656565656565
2602656565656565656565656565656464646465656464656565656666666566656565656565656665656564656565666666666667676767676868686970
2603717172727273737373737373737374737373737373737374747474747474747474747474747474757475747474747068686870717269687069676566
2604656565656565656465656565656665666666666666676767686768676868686868686868696969706869696868686869696969706968696969696969
2605697070717170707070717171717171717172727272727272727272717272727272727272727272727373727272727272727272727373737373737373
2606737372737373737373747474747473737373737473737474747374747474747474757576757575757675757576767576767675757575757575767575
2607757576767575757575757575757676767676767777777878787777777777787777777777777878787877777676767676767575757575757676767676
2608767676767777787877787879797979797979798080808080808080818181818181818181818181818181818181818181818181828281818182828282
2609828282838383838382828282838383838384848484848585858585858686868686868686868586868686868686858585858585858686868686868685
2610848484858585868585858686868686868686878787868686868686868686868686878787878786868685858484848485858585858585848483838382
2611848484848585858585858584848383838282828283828383838383838282818182828282828281818181818181828281808081818080818181818181
26128080818282818181808180798080797979797978797978798079//797978777877787878787776767777787776777776767575757576757675747575
2613767475747474737374747373737473747372737374727373757373727473727273737373727272727373747373727272727373737373747372727273
2614737373727172737372727272737272727373727271717272717171707271717271727172717171717172727271717272727171717272707070707170
2615707172727271717172737272737272737373747473727373737272727272727272727271737272737372727272727373737373737272727272727371
26167172727271717273737273727171727272727171727171717172717172717171707171717172717172//727172717170717171707171717170707070
2617696970707069696970707069696969696970696968686767676867676868686868666565666667676666676666666666666667666565656565656566
2618666666666767676767686767676665656666656566666666666667676667676767656564636463626262626262616262616362636363626262626262
2619626162626262636263636362616161606162626262626162626362626362626263636361616162616162626161616261616161616161616161616162
26206261616060606161616161616061616060616262616161616060626161616061616161616162616161616262616262626262616161626262//616262
2621626262626262626362636363636363646565656666666564656465646463636463636363636364646464646364636364646363646363636364646364
2622646364636464646464646465656565646465646364646463636363636362626362626263626363636061606060615959595960605960606060606061
2623616161616262626262626263636363626363636363636363636363636363636364646364646464646464646464646463646464646465656565656565
2700656666666666666666676767676767686868686969696969697069707071717172727272727373727272717171717171717171717170707071717071
27017170707070707171707171//727171717172727272727272737372737372727272727373737273737373747474747475747575757575757575757575
2702757575757575757575757576757574747474757575757575757575757575757474747474747374747474747474747473747474747474747474747474
2703757575757576757575747473737474747474737374747474737373737272737373737272727273727272727272727272727272727272727273737272
2704737373737373737372737272717170706969696868696968686969686868686968676767676767686767676767666766676767676767676767676767
27056868676868686869686767676767676667676868676666676667//666667676767676767686868686869707172727374747575757576767675757575
2706757574747475757676767676767675767676767777777675757575767675757575757575757474747474737374737171717070696969696868686868
2707686767676767686768686868686767676868686868686869696969696969706969697069696969696968686869686868686869696969696969697069
2708697069696969686868686767676768686767686868686869696968686969696969696970706970696969696969707070707069707070707069696969
2709696869696969696969686969686868686767676867676867666766676666666666666666666667666666666666666666666666666767666666666666
2710676766666666676766676867666566666666666666666667666665656566666667676566656666666666676767676767676767676868686867676767
2711676767686768676766666667676767676666666666676766676767676766666666666767676767676666676766666768676766666766666767676667
2712666667666666666666666666656667666666656665666665656566666566666665656566666667666766666667676867686867676767686767676768
2713676767676768686766676766666666666667666666666667676666666667666666676666666667666767676666676767666767676767676768666667
2714686866676867686868696968696869696868696969696969686969696969696869697169686868696968696969697070707068686970696869697070
2715696969697070706969696969706969696969696970707069706969707069706969696868696969696970696967686968696968686969676870696868
2716696969706968686868686869686969686968706869676968686968686969696968696869706969696869686970707070706969696968686969697070
2717717069697070707071707170717071707071727070717271707071727272727172717271717171717271737271717272727272727272727273727272
2718727272727272727272727272727272727373737372737374737373737374747373737373737374747474747474747474757575757575757475757575
2719757575757576767676767676767676767676767677767776767777777777777676767676767777767777767777777676777777777777767677777777
2720777777777777777777767777777777777878777777777877777777777778787777777778787878797979787878787878787878787878787878787878
2721787878787878797979797979797979797979797979797979798080808080808080808080808080797979797879787979797979797979797979797979
2722797979797979797879797979797979797979797979797979798080808080808080808080808080808080808080808080808080808080808080818181
2723818181818181818181818181818181818281818182818181828281828281828282828282828282828181818181818181808181818181818181818181
2800818181818181818181818181818181818181828181818282828282828282818282828282828282828282828282828182828282828282818182828283
2801828181818181818181818282828283838382828282828283838384848484848585858585858586868686868687878787878787878787878787878787
28028888888888888888888888888888888888888889898989898989898997%%%%9690898989898989898990909090909090909090909090909090909090
2803909091919191919191919191919191919191919191919191929292929292929291919191919191919292929292929292929292929292929292929292
2804929292929292929292929292929292929292929292929292929292929292929292929292929292929292929292929292929292929292929292929292
2805929292929292929292929292929292929292929292939392939393939393939393939393939393939393939393939393939393939393939393939393
2806939393939393939392929292929292929292929292929292929292929292929292939393939393939393939393939393939393939393939393939393
2807929292929292929292929292929292929292929292929292929291919191919191919191919191919191919191919191919191919292929292929292
2808929292929292929292929292929292929292929292929292929292929292929292929292929292929292929292929292929393939393939393939393
2809939393939393939393939393939393939393939393939393939393939393939393939393939393939393939393939393939393939393939393939393
2810939393939393939393939393939393939393939393939393939393939393939393939393939393939393939393939393939393939393939393939393
2811939393939393939393939393939393939392929292929292929292929292929292929292929292929191919191919191919191919191919191919191
2812919191919292929292929292929292929292929292929292929292929292929292929292929292929292929292929292929292929292929292929292
2813929291919191919191919191919191919191919191919191919191919090909090909191919191909090909090909090909089899090898989898989
2814898989908989898989898989898888888989898989888888888989898989898988888888888888888888888888888888888888888888878888878888
2815888888888888888888888888888888888888888888888888888888888888888888888888888888888888888888888888888888888888888888888888
2816888888888888888888888888888888888888888888888888888888898989898988898989898989898989898989898989898989898989898989898989
2817898989909090909090909090909090909090909090909090909090909090909090909089898989898989898989888888888888888888888888888888
2818898989898989898989898989898989898989898989898989899089898989898989//8989909090909090909090909090909090909090909091919191
2819919191919191919090909090909089898989898989898988898888888888888989898989898989898989898989898989888889898989898989898989
2820898989898989898989898989898989888888888888888888888888888888888888888888888888888888888888888888888888878788888888878887
2821878787878787878787878787878787878787878787878787878686878687878787878787878787878787878787868686868686868685858585858585
2822858585848585858585858585858584848484848484848484848484848484848484848484848484848484848383838383//8383838383838484848484
2823848484848484848484848484848484848484848484848484848585858584848484848484848484848484838383838384848484848484848484848484
2900858585858585858585858686858585868686868686868686868686868686868686868686868787878787878788888888888888888888888889898989
2901898989909090909090909090909090909090909090909089898989898988888888888888888888888888888888888888888889898989898989898989
2902898989909090909090909090909090898989898989898988888888888887878787878787878888888888888888888888898989898989888888888888
2903888888//8888888888888888888888888888898989898989899090909090909090909090919191909090909191919191919191919191919191919191
2904919191919191919191919191919191919191919191919191919191919191919191919191919191919191919191919090909090909090909090909090
2905909090909090898989898989898989898989888888888888888888888888888888888888888889898989898888888888888888888888888787878787
2906878787878786868686878787878787878888888888888888888888888989898989898989898989898989898989898989898989898989898989898989
2907899090909090909090909090909191919191//9191919191919191919191929292929291919192929292929292929292929292929292929292929292
2908929292929292929293939393939393939393939393939393939394949494949494949494949495959595959595959595959595959595959595959595
2909959595959595959595959595959595959595959595959595959595949494939291908887878686868584848382818181808079797979797979797979
2910797979797979797979797979787878787879797979787878777878797979787979797878777777787877787777767677757575747374747474737374
2911737373737374747474747475737272717171727271717273717171717171717171717171707070706969717171707271717071717071696968686767
2912666667666665656567676768686666676867676665666766656565646363646465656466656665656565656463636262646264646565646464656365
2913656462616062605959606160616160596058585958575758575758575959596160615958605857575755555756585757575756565556595858565858
2914585857595858585756565657555555545455545353555453525353545454545353525253535353545353535452515252535453545553535355535454
2915555553555455545653525152525453545452535354545354525353555553545353535252525452525151505050505050505051515252545351525152
2916535354545454545353535352525252515252514950494948504846484747484848494848484848484748484749484949515250494951515151515151
2917515151515251505151515152505052525153555652525353545555565656555454555655545453555454545452535355555656565453555656555454
2918545455535252525253545555545454545454555657565757575757585859595859596060606060605858596159596060606060595859596060606061
2919606161606162626263636463636264656464656667676869697173747473737371716968676767676767676666676767676767676767686768686867
2920676767676868686868686868676768686767686867686868686869696968686869696969707070707071717171717172717171727272727272737373
2921737474747475757676777777787879797979808182828383838383838383838484848484848585858585858583818079797980818282838384848585
2922868686868687878787878787878787878788888888888888888888888888898989898989909090909090909090919191919191919191919191919191
2923919191919191919191919191919191919191919292929292929292929292929292929292929292929292929293939393939393939393939393939393
3000939494949494949494949494949494949494949494949494949494949494949494949494949495959595959595959595959595959595959595959595
3001959595959595959595959595959595959595959595959595969696969696969696969696969695969696969696969696969696969696969696969696
3002969696969696969696969696969696969696969696969696969696969696969696969696969696969696969696969696969696969696969696969697
3003979797979898999999999999999999999999999999999999999999999999999999999999999999999999999999999999999999999999999999999999
3004999999999999999999999999999999999999999999999999999999999999999999999999999999999999999999999999999999999999999999999999
3005999999999999999999999999999999999999999999999999999999999999999999999999999999999999999999999999999999999999999999999999
3006999999999999999999999999999999999999999999999999999999999999999999999999999999999999999999999999999999999999999999999999
3007999999999999999999999999999999999999999999999999999999999999999999999999999999999999999999999999999999999999999999999999
30089999999999%%%%%%%%%%%%%%%%%%%%%%%%%%%%%%%%%%%%%%%%%%%%%%%%%%%%%%%%%%%%%%%%%%%%%%%%%%%%%%%%%%%%%%%%%%%%%%%%%%%%%%%%%%%%%%
3009%%%%%%%%%%%%%%%%%%%%%%%%%%%%%%%%%%%%%%%%%%%%%%%%%%%%%%%%%%%%%%%%%%%%%%%%%%%%%%%%%%%%%%%%%%%%%%%%%%%%%%%%%%%%%%%%%%%%%%%%
3010%%%%%%%%%%%%%%%%%%%%%%%%%%%%%%%%%%%%%%%%%%%%%%%%%%%%%%%%%%%%%%%%%%%%%%%%%%%%%%%%%%%%%%%%%%%%%%%%%%%%%%%%%%%%%%%%%%%%%%%%
3011%%%%%%%%%%%%%%%%%%%%%%%%%%%%%%%%%%%%%%%%%%%%%%%%%%%%99989692908989888785848382838282818179797979777775747575747576757474
3012737473727068686869706968676868696968676868686767676770666765656564656564646465646564636464646365656363636464626363636161
3013616263606062595960595860616260585859585959596060606061626061626059596060595959605961595858595860615958585857585957575655
3014555556555555545555565657595657565856555454545352515251525152505152535352525151505249484950494850504847454849464746484848
3015484947485151485249484548484850484847464850494849474748464747484746474446464546464444464544444242454345444243424343454445
3016454544444545454748505456565657575757565655575657565758585859595959595858605959595958585959595858585858585959585960595959
3017606059595958595858575959585758585857585858585859585959595959596058595958595859585959595959595959585959605959606060606061
3018626261616060606162595960605959606060606162626261616260616161616060616061616061606161616161616261616161606160606061626161
3019616161616262626262626263626263626262636262636363636363646363636363636362626263626262636363636465656666666566676767696970
3020716971707170696970696968686969696766666666666666676869707170707070696868686970717273737272//7474747372737374747576777675
3021767777767572706969696869686868696867686868696970697071707070707070706969697070706970727373737373727473737373737475747373
3022727272737272737373747373737373737374747474747575757677777676767778787879797979798080808081818282828282828282828383838383
3023838383838384848484858585858585868686868686868585858484848585858484838383838384848484848484848484848485858686868787878787
3100878787878686868584838383848485858585848484848484848484848484848484848585858585858585858686868686868686868686878686878787
3101//8787878787878786868686878787888888888888888887878787878787878787878686858585858585868685858584848383828282828181808080
3102797878787777777777777777777776767676767676767676767675767676767676767675757675757575757676767677777676767776777777777677
3103787777767575757575757676757675757575757575757575757576767676757575757676767676767575757675767575767676767776777777777778
3104787878797979797979797979797979808081818182828283838384848484848483838383838383848484848484848484848383828282828383838383
3105838384848483848484848483838383//8484848484848484858585858585848585858484838282828383838383838282828181818181828282828383
3106848484858585858484858585858585858585858585858585858585858585858484848383828282828181818181828283838484848484848485858585
3107858686868686868686868686858584848382828282828282828383828282828181818081818180808079787776767677777776767677787878797980
3108808081818180808081818282828283838484848485858584848483838383838484848484848484848485848484848484848484848485858585858484
3109848484848484848484848484848384838383838383838383838383838383//8383838383838282838383838383838282828282828282828281818181
3110828282828281818181818181818181808180808080808080808080808080797979797978787879797979797979797980797978787777767675767576
3111757576767676767675757575757574747574747373737373747474757576757475757575757575757574737474747474747575757676767575757574
3112747474747474737373747374737474737374737372737373727272727171717171727172717271717271727171717171717171717171717172717070
3113707070737576767775757777787979798079798080808181808181808080808080808080808080807978767677//7676767575767777777878787978
3114787979798080808079797979797979798080797979797980807979797978787878777878787777787878777878787878777675767677777877777777
3115767676757574727171717172717171706970707071707071706970707070707069707171706969697070707170706969707070707070707170707171
3116717171717171727271717271717171717172717171727171717170717170707171717171717070717171707070717070707171717069707070717070
3117697070696969697070696970707070707170707071717170717171717272717171717272727272737374747474747474747475757575747575757575
3118757575757576767676767676777776767777777777767676767777777777777776777777767676757575757575767575757575757575767675757474
3119747474737373737373737374737474747474747474747474747474747475757575757575757575757575757575767676767676767677777777777777
3120777777777778787878777777787877777878787878787878787878787878787878787878787878787878787878777777777777777777777777777778
