58265 2010   061213603204   65   24 6670   55    1--------------------------------------------------------------------------
3121767676767676767676767676767676767676767676767676767676767676767676767676767676767676767676757676767777777777777878797980
3122808080808080808080808180808181818181818181818182818182828181818282828383838383838383838383838384848483838383848484848484
3123848485858585858585858585858585858484848483848484848484848484848483838383838383838383838384848484848484848484848484848485
0100858585858584848484848484848484848484848484848485858585858585848484848484848484848484848485858585858585858585858585858584
0101848484848484848483838383838383838383838383838383838383838383838383828282828282818181818282828283828282828282838383828282
0102838383838484848484848484848483838383838383838484848383848484848484848485858585858585858585858585858585858584848485858585
0103858585858484848484848484848484848484848484848484848484848484848484848484848484848484848484848484848484848484848585858585
0104858585858484838383828283828283838382838383838383828282828282828281818181818181818181818282828282828282828283838383838383
0105838383838383838383838383838383848484848485858585848484838382818181818181818181808080808080808079797979797980808080808079
0106797979797877777676767676767676767676757676767676767676767676767676767675757575757676767676757676767676767676767777777777
0107767777777878787979797979798080808081818081818181818180808081818080808080808080797979787878777777777777787778787878787878
0108787776767676777777777777777777777777777777777777777676777677767676767676767676767676767676767776767777777777777777787777
0109777676777677767778787777777878787878777776767675757675757675757675767676767575757575757575757475757374747474757575757575
0110747474747473737272727272727170717069706970717069696968696969706970696969706969706969706970706868697069697071696970707170
0111686970706969697069696969686869696969707069697070697071707171717070717071717170707171706868696867686767686868666466646363
0112636463626362626262626261606162596060596061616061606060595957595959605960606060606058585959595858585858585959605959605959
0113595960616060605960595959606060606059606160616161626262626160616060606159605959605960605892595657575857595857585958576060
0114605958575857555657575758585755555554545455555553545255545555545553545455555655565656555756555756565555555455555556545454
0115545455545455555454525252535353535354545454555554545355545453535354545355535453525253535351515151515352535151515253525251
0116525152525251525353535353525350515250495051535151525152525252525253535253525150505152515050505150515153515152525252545454
0117545453545453525352525251505150525152525353525455565455565553545455555656555557575758565756565657575556565655575655565592
0118565656575756565657575858565756585758585758585757575757585858585958585858585858585758585858585858595959585960595960595959
0119596059606059605960606060616160606061606160606060595959595959595959585859595959595959595959595959605959595959595960606061
0120616261616161616161616161616162616162626262616262626262626262626262626262636262636463636362636362626262636263636363636363
0121646464656565656566666667676767676767676767686868686868676867676868676868686868686968696969696868696868686767676867676767
0122676768666667676767666767676778707271737474747270707372747576767777787878798080807979787978797979797980808080808181818181
0123818282828282828383838383838484848484848484848485858585858585868686868686868686868786868787878787878787878787878787878787
0200878788888888888888888888888888888888888888888889898989898989909090909090909090909090909191919191919191919191919191919191
0201919191919191919191919191919191919192929292929292929292929292929292929292929292929292929292929292929292929191919191919191
0202919191919191919191929292929292929292929292929292929292929268929292929292929191919191919191919191919291919191919191919191
0203919191919191919191919191919191919191919191919191919191919191919191919191919191919191919191919191919191919191919191919191
0204919191919191919191919191919191919191919191919191919191919191919191919191919191919191919191919191919191919191919191919191
0205919191919191919191919191919191919191919191919191919191919191919191919191919090909090909090909090909090909090909090909090
0206909090909090909191919191919191919191919191919191919191919191919191919191919191919191919191919191919191919191919191919191
0207919191919191919191919191919191919191919191919191919191919191919191919191919191919191919191919191919191919191919191919191
0208919191919191919191919191919191919191919191919191919191919191919191919191919191919191919191919190909090909090909090908989
0209898989898989898989898989898989888989888888888888888888878787878786868686868786868686858584858584848485848484848484848484
0210858484838383838383838382838282828383838382828281818181818181797978797879787877787978777778787777777676767573737475747373
0211747473737172737171727273727271717069697270707069706970707069686666676968656668686968686868696866686767676970706868686869
0212686870686767686868666667686866666565676867666566666468676666686969686869706970697269706966666567666764656766676666656766
0213666564646364656564656767676665646464646763646460616060616159605858606058585859585759565757595757585959586059585858596162
0214636058575958585958575958595958595959575755565555545454555454545554545355565654535354545454555455555555545553545451515253
0215545252535555535452525152515153535453545351525152525249505050515152515050525353525352515254524950525251535251525253535453
0216505051504951515051525253515050505149515148494851515151505452515251515050505251504848505050514950504850505250504848505151
0217515050505254515252525351505252515150505150495151484848494748484949484849474749514849484948484848505050525351515151525351
0218525251515352545252515051515252525152525152505151535152525354545453535353545453545553545453515353545454545253555453535352
0219535454555253525353535152535352525254535456545554535353545453545453535455555556565556555555545455545454545555545555555555
0220555555565656565556555656565656565657575757575757575757575858595959606060606161616161626262616262626362636463646363636363
0221646464656565656564646565656564656566656565656565656666666667676669696867686869696969707273747475757675727372727171717171
0222717171717172727272717271727271727272727272727272737272737273727272727272727272727273727272727272727373737375757676747576
0223767777777776777778787877777878787878777677777676767779808080818181828282808181818181808080818281818181818281818080818181
0300828283838383838383848484838282828283838484848485858585858585858585858585858585858585858585858686868686868686858585858585
0301858380787776767575757474747474747474747373737476767778787978787877787878797979808080808080808080808081828282828282828282
0302828282838383838484858585868686868685858585858484858585858585848484848485858484848585858586858585858585858585858585858585
0303868686868686868686868686868686868686868686868787878787878787878787868686868686868686868585858585858484848484848484848484
0304848484848484848585858585858585858585858686868686868686868686868686878787878787878787878888888888878787878787878787878787
0305878787878888888888888888888888888888888889898989898989898989898989898990909090909090909090909090909090909091919191919191
0306919191919191919191919191919191919191919191919191919191919191919191919191919191919191919192929192929292929292929292929292
0307929292929292929292929292929292929292929292929292929292929292929292929292929292929292929292929292929292929292929292929292
0308929292929292929292929292929292929292929292929292929191919089898888888887878787868686868585858484858484838383838382828382
0309818181818181818181818080808080797979797978807978787978797879787877777777777677777777767575757676757576767574747474767675
0310757575747575757272737373737373737373727272737272727374747474727272727171727170717070696971716967686768696970696970676769
0311696868666767666666676766666564646565666364646465646465646463636363636464636463626261636461616161616060625959605959606259
0312616260605759575861595656565757575756585657606057575858606160585655565656575856565656555455555554555455555653535354535354
0313535354535554545251535150505052545351505154505049495050485149495051535251525150525153515452525452525355515350535152545151
0314515151505350504948474646474848474847475148464645464649474850514848494950484949494948485046474646474646454746464947464746
0315474545454445444647454342444444474846434443434447434245434443424343474445444744464443414342414241414140414240424243434647
0316474846474447454444464644444544464343434345444545454347454445464848474646474746454444454446444544444545454446474645484644
0317464746474746454648474747474849494949504846474847464648454646454746484646504747454647454545464544434445444544454444454343
0318454644444544444644464445444646474748484745484747474545454646454544454645454544464545464845464747454546474847464546454646
0319474747484745484848474948485048504948494849494949495151505149494949494948484748474848485251495049484948495052505253515351
0320505049505354525153555451505152535454555655555656585858585758595858585758585859596061626462626367686765666665646465666666
0321686971706968697070697070707070737474747274737475757676747473747473747576777777777777777878777776787878798081818181808080
0322807978807979797979787777777676767676767777777777767676777978798081828282838383838383838383828281818080798081828283838382
0323828282828282828282828282818181808080808080808080807979808080808080828283838484848585858585868686858584848484848484848484
0400848484858585858584848485858585858686868686858585848484848484838281807877757573737271717171707070707070707171727272737474
0401747474747474747473747475757575757575747372717171707069706969696969697070696969707070707070707070707171707070707070705170
0402717171717172727272727273737372727272727272727272727373737374747575757575757677777777787878787979797979798080808181818181
0403818282828282828282828383838484848484858585858585858686868686868685858585868686868686868687878787878787878787878787878787
0404878787868786868686868686868686868686868686868686868686878787878786868686868686868787878787878787868686868787878787878787
0405878787878787878787878787878787878787878787878786868686868686868686868686868787878787878787878787878787878787878787878787
0406878787878788888888888888886088888888888888888888888888888888888888898989898989898989898989898989898989898989898989898989
0407898989898989898989909090909090909090909090909090909090909090909090909090909090909090909090909090909090909090909090909090
0408909090909090909090909090909090909090909090909090909090909090909089898989888887868584848179777574747574747575737270717170
0409696968686867676768686767686867676868686868696869686969696968686869707068686969696868676766666465656666666564656566666666
0410676666656666666767676868686969696970707170707069697069698068686666666565636464636361616162636463636261616261616362605860
0411616061606160616160596161616261616161606062616161616160616262606060616160596060596060596159596060595961606061606061625960
0412606060615959595960595959595959595958595858606060595959596059595958585959585656575657575657555456555556585757575758585858
0413565757565655565557545454555454545453525252545251525252525151525352515352535249495050505250515352515055586060616262626363
0414636364646464656565646565656664646564646565656565666665656564656565656666666666676767678967676768686868686767686767676767
0415676767676768686868696969696969696969696969707070707071707070707070717070717172727374767778798181828384858586868787878787
0416878787878787878787888888888888888887888888888888898989888888888888888888878888888888888787878787878787878686868685858484
0417848483838383838383848484848484848484858484848484848584848484848484848484858585858585858585858585858585848484848484838282
0418828282838382828282828281818180818080797979797979797878787979797979797979797980808080808080808080808081818181818282828282
0419828282828281828181818282828281818282818180818181808080808079797877787878787778777777787879797878797979797979797979797978
0420777877777777777576767576757574747475747574747574757474747475757575757676767676777776777777777878787878797979798080808080
0421807980808081818182838484848485858585858585868686868787878787878787878787878787878787878787878787878787878786868685858585
0422858585858585858585858585858484848484848485848484848484848484848484848484848484858585858585848484838383838382828282838382
0423828282828283838383838383848383838283838384848585858586868685858585858585868585858585858686868686868686868686868686868787
0500878787878787878788888888888888888888888888898989898989898989898989898989898989898888898888888988898989898989898989898989
0501898989898989898989898989898989899090909090909090909090909090909090909090909090909090909090909090909090909090909090919191
0502919191919191919191919191919191919191919191919191919191919191919191919191919191919191919191919191919191919191919191919191
0503919191919191919191919190909090909090909090909090909090909090909191919191919191919191919191919190909090909090909090909090
0504909090909090909090909090909090909090909090909090909090909090909090909090909090909090909090909090909090909090909090909090
0505909090909090909090909090909090909090909090909090919191919191919191919191919191919191919191919191919191919191919191919191
0506919191919191919191919191919191919191919191919190909090909090909090909090909090909090909090909090909090909090909090909090
0507909090909090909090909090909090909090909090909090909090909090909090909090909090909090909090909090909090909090909090909090
0508909090909090919191919191919191919191919191919191919191919191919191919191919191919191919191919191919191919191919191919191
0509919191919191919191919191919191919191919191919191919191919191919191919191919191919191919191919191919191919191919191919090
0510919191919190909090919191919191919191919091919090909090909090909191909090909090909090909090909090909090909090909090909090
0511898989898989898989898989898989898989898888888888888888888888888888888888888889898889898989898989899090909090909090909191
0512919191919191919191919191919191919191919191919191919191919191919191909090909090909090909090909090909090909090909090909090
0513899089908989898989898989898989898989898989909089898989898989898989898989898989898989898989898989899090909090909090909090
0514909090909090909090909090909090909090909090909090909090909090909090909090909090909090909090908989898989898989898989888888
0515888888888888878787878787878787878787878787878686858584838384848484848484848484848484858584848484848383838484848484848484
0516848484848383838283838384848383848483838382828182828282818181818281808081818080808081808081818180808180808080808080797979
0517797979808080798080808080787878787979777878787879787879798080808181818281818181818282828181818181818181818181818282818282
0518828282828282828282818181818282828282828282818181818181818181828282828181818180808080808080808080797979808079798080808080
0519808080808080808080808180808081818181818181818181818181818181818181818181818180818181818181818181828282828282828282828282
0520838383828383838383838383838383838383838383838383838383838383838383838384848483838383838383838383838383838384848484848484
0521848585858585858484848484848484858585858585858585858585858585858585858586868686868687878787878787878787878787878786868686
0522868686868686868686858585858584848484848484848484858585858585858585858585868686868686868585868686868686868686868686868686
0523868686868787878787878787878787878788888888888888888888898989898989898989898989898989898989898989898989898989898989898989
0600888888888787878686868686868685858585858584848483838383838383838383838383838383838384848485858586868686868686878787878787
0601878788888888888888888888888888888888888888888888888989898989898989898989899090909090909090909090909090909090909191919191
0602919191919191919191919191919191919191919191919191919292929292929292929292929292929292929292929292929292929292929292929292
0603929292929292929292929292929292929292929191919191919191919191919191919191919191919191919191919191919191919191919191919191
0604619292929292929292929292929292929292929292929292929292929292929292929292929292929292929292929292929292929292929292929292
0605929292929292929292929292929292929292929292929292929292929292929292929292929292929292929292929292929292929292929292929292
0606929292929292929292929292929292929292929292929292929292929292929292929292929292929292929292929292929292929292929292929292
0607929292929292929292929292929292929292939292929292929292929292929292929292929292929292929292929292929292929292929292929292
0608929292929292929292929292929292749292929292929392929292929292929392929393939393939393939393939393939393939393939393939393
0609939393939393939393939393939393939393939392939393939393939393939393939393929292929292929292929292929292929292929292929292
0610929292929292929292929292929292929292929292929292929292929292929292929292929292929292929292929292929292929292929292929292
0611929292929292929292929292929292929292929292929292929292929292929292929292929293929292929292929292929292929392929292929292
0612929392929292939292929292929292929292929292929292929292929292859292929292929292929292929292929292929292929292929292929292
0613929292929292929292929292929292929292929291919292919292929291919191919191919191919191919191919191919191919191919191919191
0614919191919192929292929292929292929292929192929292929191919191919191919191919191919191919191919191919191919191919191919090
0615909090909090909090909090909090909090909090909090909090909090909090909090909090909091919191919191919191919191919191919191
0616919090909191919191919191919191919191919191919191919191919191919191919191919191919191919191919191919191919191919191919191
0617919191919191919191919191919191919191919191919191919191919191909090909090919191919191919191919191919191919191919191919191
0618919191919191919191919191919191919191929292929292929292929292929292929292929292929292929292929292929292929292929292929292
0619929292929292929292929292929292929292929292929292929292929292929292929292929292929292929292929292929292929292929292929292
0620929292929292929292929292929292929292929292929292929292929292929292929292929292929292929292929292929292929292929292929292
0621849292929292929292929292929292929292929292929292929292929292929292929292929292929292929292929292929292929292929292929292
0622929292929292929292929292929292929292929292929292929292929292929292929292929292929292929191919191919191919191919191919191
0623919191919190909090909090909090919191919191919191919191919191919191919191919191919191919191919191919292929292929292929292
0700929292929292929292929292929292929292929292929292929292929292929292929292929291919191919191919191919191919191919191919191
0701919191919191919191919191919191919191919191919191919191919191919192929292929292929292929292929292929292929292929292929292
0702929292929292929292929292929292929292929292929192929291919191919191919191919191919191919191919191919191919191919191919191
0703919191919191919191919191919191919191919191919191919191919191919191919191919191919191919191919191919191919191919191919191
0704919191919191919191919191919191919191919191919191919191919191919191919191919191919191919191919191919191919191919191919191
0705919192929292929292929292929292929292929292929292929292929291919191919191919191919191919191919191919191919191919191919191
0706919191919090909090909090909090909090909090909090909090909090909090909090909090909090898989898989898989898990909090909090
0707909090909090909090909090909090909090909090909090909090909090909090909090909090909090909090909090909090909090909090909090
0708909090909090909090909090909089898989898989898989898989898989898989898989898989898989888888888888888888888888888888888888
0709888888888888888888888888888888888888888888888888888888888888888888888888888888888888888888888888888888888888878787878787
0710878787878787878787878787878787878787878787878787878787878686868686868686868686868686868686868686868686868686878787878787
0711878786868686868686868686868686868686868686868686868686858685858685858686868585858686868686868586858585858585858585858585
0712858585858585858585858585858585848484858483838283828282828383838282828282828282828281828281828182828282828282828282828181
0713818181828181818080808180808081808080808080808180808079798080808181818281818181818181807980808081797979798079808079797979
0714797979797979808079797979787978797979797978797979797978787978797878777776767676767675757574757475747374747474757575747575
0715747474757474747474747474747575737372727272717270696971696868686868696968686868697069696968666767666767686768676768686768
0716686869686668676766666666666566666765666668666767686666676767666666656565656567686564646464636563656765646465646363636363
0717626364616161616264626363626062626062626262626262626263636162646462616263646261616362626162636462616162636465656564656562
0718616162646463636365656565646566656565646464646564646564666666656664646465656464666565666464656665656565666666676766676867
0719676768676566666566666766656565656564646566676868696970706970707170707071717271717172727173727273747374747373737374747576
0720767677767676787980797981818180798080808181818182828281808081818282828383848484848383828282828182818180797979787876767575
0721757575767676767777777777787878787777777777777878787879797980808080797979797979797978787978787878787880808181828282838383
0722838383848484848484848484848484838383828282818180818081818182828282838383848484848485858584848383838382828181818182828282
0723838383838383838282818181818181818181818080808080808080808080808080808080808181818181828282828383838382828282838383838383
0800838383838383838383838383838383838484848485858585868686868686868686878787878787878787888888888888888888898989898989898989
0801898989898989898989898989898989898989898888888887878686858584848484848383838383838383838282828383838383838383838484848484
0802848585858586868686868686868686878787878787878787878787878787878787878787888888888888888888888989898989898989898989898989
0803888888888888898989898989898989898989898989898989898989898989898989898989898989898989898989898989898989898989898989898989
0804898989898989898989898989899090909090909090898989898989898989898988888888888888888888888888888888888888888888888888888888
0805898989898989898989898989898989898990909090909090909090909090909091919191919191919191919191919191919191919191919191919191
0806919191919191919191919191919191919191919191919191919191919191919191919191919191919191919191919191919090909090909090909090
0807909090909090909090909090909090909090909090909090909091919191919191919191919191919191919191919191919191919191919191919191
0808919191919191919191919191919191919191919191919191919191919191919090909090909090908989898989888888888787878787878686858585
0809848484848585858584848484848483838281818282828282828282828281818181818180818080808180818080808080818181818181808081818181
0810818180808080808080808080808181808087808080797980787879787778787775757576757475767674757676767677767676767575757574757575
0811767574747474747473747474737272717172737272737270697069706970706969706768676767676666636463646463636363656162626160626161
0812606162626262626161626262636364626262616264626163636163626160606162636463636062606160626259616162616262616158585958605958
0813606061616360596061596059595860595959595857605959585859625859585657565756575857555555575557555756575656565554545353565653
0814535355545453545454545453535553545451525451515152515152545450505191545253495252525254535050535353535253545453565453535453
0815535654535349494950485148504848495251525050495050504950495051495150504750484746484746474647484746474846444845434342434243
0816444342424141434341424243444344434143434141424141424442434343454744434443454343464643444241434442454342444344454543454546
0817454346474444434343434343434545444443414245464443434445454545444846454544444444444545454645464544464545434344444344454646
0818464545464748484848474748474747484648494949484846474847474645454545454445454746464546464749494792484948494848484950505150
0819525151515253545352535353535352525252515252525252525251525253535252535252525251525254535455555656585958595962626363646567
0820686667687174757778798080808081818182828282838383848485858586858585858584848483848484848484848485858585858586868687878788
0821888888878787878788888888888888888888888888888889898989898989898887868686858585858585848585848484848484838483838483838383
0822838382828282828283838383838383828282828282828283838383838281818181808080798080808181828383848484858586868687878787878787
0823878786878787878787888888888788888888888888888888898989898989898989909090909090909089898988878583828281818181818181818182
0900828282838383838383838484848485858585868686868787878787878787878787888888888888888989898989898989898989898989898990909090
0901909090909089898989909090909090909090909090909090909090909090909090909090909090909090909090909091919191919191919191919191
0902919191919191919191919191919191919191919090909090909090909090908989898989898990909090909090909090909090909191919191919191
0903919191919191919191919191919191919191919191919191919191919191919191919191919191919191919191919191919191919191919191919191
0904919192929292929292929292929292929292929292929292929292929292929292929292929292929292929292929292929292929292929292929292
0905919191919191919191919191919191919191919191919191919191919191919191919191919191919191909090919191919191919191919191919191
0906919190909090909090909090898990909090909090909090909090909090909090909091919191919191919191919191919191919191919191919191
0907919191919191919191919191919191919292929292929292929292929292929292929292929292929292929292929292929292929292929292929292
0908929191919191919191909089898988878685848383828181808080807978787878787878787978787879797978787778788181818282828281807776
0909777776757575757675757575747474737474747573737373747373737372737372727273747473737373727273717172727272727272727374727273
0910737275767776747475757574747575747475767474757675767574737473747474727373737374767372737475747474747372737373727273737373
0911737475757474747475747475747576767677777777777877777777777878787877787778777676757677777675767774757676757473737374737473
0912737273737372707273737472727272727171717170717069696666666865656666666665676564646364656768676868676768686968686969706766
0913676968676769686868686970707069686868676971727274747474747575757675757575757575757575757574757474757574757475747475757575
0914757475757575757575767576757676767676767676767676757576767675757676777576767777767676767676767776777675767675767676777775
0915757575757577757575757676767675767575757576767676767776777677777777777778777777777777777878787878787878787878787878787878
0916787879797979797979797979797979808080808080808080808080808080798079808080808080808080797979808080808080808080818181828283
0917838383838484848484848484848485858585858585858584848585858585858584848585858585858484848484848484838484848484848484848484
0918848483838383848484838383838484848484848484848485858585858585858585858585858585858585858585858585858586868686868686868686
0919868686868686868686868686868686868686878787878787878787878787878787878787878787878686868686868686868686868686868686868686
0920868686868585858585858484848484848484838383838383838282828282828282828281818181818181818181818181818181818181818181818181
0921818181818181818181818181818181818182828282828282828282828282838383838383838383828383838383838383838383838383838383838484
0922848484848484848484848484848584848484858585858585858484848484848484848483838383838383838384848484848484848484848585858585
0923858585858585858585858585858585868686868686868686868585858585858585858585848484848484848484848484848484848484848483838383
1000838383838484848483838484848484848484848485858585858686868686868686868686868687878787878787878787878685858584848484848485
1001858586868686868686868687878787878787878787888888888888888888888888888787868686868585868686858584848483838383838484848484
1002838484838484848484848484848484848485858585858585858686868686868686868686868686868687878787878787878787878787878787878787
1003878787878787878787878786868686868687878787878787878787878787878787878787878787878787878787878787878787878787878787878888
1004888888888888888888888888888888888888888888888888888888888888888888888888888888888888888888888888888888888888888888888888
1005888888888888888888888888888888888888888888888888888888888888888888888888888888888888888888888888888888888888888888888888
1006888888888888888888888888888888888888888888888888888888888888888888888888888888888888888888878787878787878787878787878787
1007878787878686868687878787878787878787878787878787878787878787878787878787878787878787878787878787878787878787888888888888
1008888888888888888888888888888888888888888888888888888888888888888888888888888888888888888888888888888888888788888888888888
1009878787878787878686868686868686868585858585858585858585848484858585848484848484848485848485858585858685858585858585858585
1010858584858585858584858585848484848484848484848484848484848383838282818181818081808180808281818180808080808080797979787979
1011797979798080798079797879797879797979787878797979797979808080797979797978787979797978787979797877777776777777767777767776
1012767676757575767473737273737473727172719072727271717273727273717172727172727170717172717170696969696970707169707069696969
1013686869696868696868696770706968686870686768686869706968686868686767686868666768696868706767686868676768676968676869696970
1014686967656668686667676868676767666566686565666765656766656564636464656264646363636465636261626363656363636362626262616162
1015615960616364626363616161606162626161606060595961616161606161626262636364626364636263636264626263636261636263636362646462
1016616061616060616260606059595960605959585958595959585958605859606161599058586261616159595962606261626361636363636161615960
1017596059595958586062615959616059605860585958595758575657585757585759595959595960626160616160606161606161605961626061595961
1018616261606362616060596160636363626263646263626163636262616261616161626364626364646665626261616261616263626262626363636463
1019646363636463646464646465656464646465656565646465656665656565656565646464646464646363636362646261616161616162626363636465
1020646566656666666667676767676768686767686767686867676768686868686868686868686969696969696969707070706970707071717171717171
1021717171717171727272727273737373737373737374747474757575757575757575767676767676767676777776767676767676767777777777777777
1022777777777777777777777777777777777777787878787879797979797979798080808080808080808080808080808080818181818181818181828282
1023828282828383838383848484848484848485858585858585858585858585858585858585868686868686868686868787878787878787878787888888
1100888888888888888888888888888888888787878786868686868686868687878787878787878788888887878787878787878787878787878888878787
1101878787875187878787878787878787878787878787878787878787878787878787878788888888888888898989898989898989898989909090909090
1102909090909090919191919191919191919191919191919191919191919191929292929291919191919191919191919191919191919191919191919191
1103919191919191919191919191919191919191919191919191919191919191919191919191919191919191919191919191919191919191919191919192
1104929292929292929292929292929292929292929292929292929292929292929292929292929292929292929292929292929292929292929292929292
1105929292929292929292929292929292929292925292929292929292929292929292939393939393939393939393939392929292929292929292929292
1106929292929292929292929292929292929292929292929292929292929291919191919191919191919191919191919191919191919191919191919191
1107919292929292929292929292929292929292929292929292929292929292929292929292929292929292929292929292929292929292929292929292
1108929292929292929292929292929292929292929292929292929292929291919191919191919191919190909090909090909090909090909090909090
1109898989898989898989898989898989898989898989898989888888898989888888888888888888888888888888888888888888888888888888888888
1110888888888888888888888888888888888888888888888888888888888787878787888888888888888888898989898989898989898989898988888888
1111888888888788888888888888888787878787878787878787878787878786878787878686868686868686868686878787868585858484848484848484
1112858585858585858585858585858584848484838484858584838484848483838383838383838384848383838383838383828383828282828281818182
1113828283838383848384848484848484848585858484858584838483838383828281818181818182828282828282818283828182828282828283828282
1114828283828181818181818281818181818181828181818281808181818182818181818079808180797779787878797979787978787978777777787778
1115777878777778787877777777787979797878777777787978787876757576787879797776777776777777777676767677767575757674747373747474
1116747476757574757576757575757575757575757676767576757574747475757474757575757676777676767677777677787777777777777777787877
1117787878787978787879797979787979797979798080798080797979798079807979798080807979797878797978797980797979797979797979798079
1118797979797979797979797979797979797979797979797979797979798080808081818081818181818182818181818282828282828282838383838383
1119848484848484848485858585858686868686868686868686868686868686868686868686868686868685858585858585858585858585858585858585
1120858585848484858584848383838383838383828282828282828383838383838484848484848484838383838383838384838484848484848484848484
1121848484848484848484848383838384848484848484848484848484848484848484848484848484848484838383838383838384848383838383838383
1122838383838383838383838383848484848484848585858586868686868686868686858585858585858584848484848484848485858585858585868686
1123868686878787878788888888888888888989898989898989898989899090909090909090909090909090919191919191919191919191919191919191
1200919191919191919191919192929292929292929292929292929292929292929292929292929292929292929292929292929292929292929292929292
1201929292929292929292929292929292929292929292929292929292929292929292929292929292929292929292929292929292929292929292929292
1202929292929292929292929292929292929292929292929292929292929292929292929292929292929292929393939393939393939393939393939393
1203939393939393939393939393939393939393939393939393939393939393939393939393939393939393939393939393939393939393939393939393
1204939393939393939393939393939393939393939393939393939393939393939393939393939393939393939393939393939393939393939392929292
1205929292929292929292929292929292929292929292929292929292929292929292929292929292929292929292929292929292929292929293939393
1206939393939393939393939393939393939393939393939393939393939393939393939393939393939393939393939393939393939393939393939393
1207939393939393939393939393939393939393939393939393939393939393939393939393939393939393939393939393939393939393939393939393
1208939393939393939393939393939393939393939393939393939393939393939393939393939393939393939393939393939392929292929292929292
1209929292929292929292929292929292929292929292929292929292929292929292929292929292929292929292929292929292929292929292929292
1210929292929292929292929292929292929292929292929292929292929292929292929292929292929292929292929292929292929292929292929292
1211929292929292929292929292929292929292929292929292929292929292929292929292929292929292929292929292929292929293939393939393
1212939393939393939393939393939292929292929292929292939292929292929292929292929292929292929292929292929292929292929191919191
1213919292929292929192919292929292929191919191919191919190909090909090909090919191919090909090909090909090909090909090909090
1214909090909090919090909090909090909090909089898989898989898889898888888889898888878787878787878786868686868686858484848483
1215838383828384848383838383828282818182838281818282828382818180808180808080797980817979807980807979798080807979797979808079
1216798080808080808081818180818081818180807980808080808081818080818180807979797978787879797878787778787677777776777676777777
1217767676757675747575757575747575737474747474737473747474737373747475747575757575767575757675757575747474757574757575757676
1218757575757575757576757576757576767676757575757676767676767676767575767675897675767676777777767677777778787878787878787979
1219797979797979797979797979798080808081818181818282828182828282828283828282828282818181818182838383838384848484848484838383
1220848485858586858586868686868686868686878787868686878787878787878787888888888888888888888888888888888887878787878787878787
1221878787888888888888888888888888888888898989898989898988888887878787878888878787878787878787878787878788888888888888888888
1222878787878787878787878787868686868685858585858585858585858585858585858484848484848484848585858585858585698585858586868686
1223868787878788888888888888888888888888888888888888888888888887878787878787878787878787878787878788888888888888888989898989
1300898989909090909090909090909090909090909090909090919191919191919191919191919191919191919191919191919191919292929292929292
1301929292929292929292929292929292929292929292929292929292929292929292929292929292929292929292929292929292929292929292929292
1302929292929292929292929292929292929292929292939393939393939393939393939393939393939393939393939393939393939393939393939393
1303939393939393679393939393939393939393939393939393939393939393939393939393939393939393939393939393939393939393939393939393
1304939393939393939393939393939393939393939393939393939393939393939393939393939393939393939393939393939393939393939393939393
1305939393939393939393939393939393939393939393939393939393939393939393939393939393939393939393939393939393939393939393939393
1306939393939393939393939393939393939393939393939393939393939393939393939393939393939393939393939393939393939393939393939393
1307939393939393939393939393939393939393939393789393939393939393939393939393939393939393939393939393939393939393939393939393
1308939393939393939393939393939393939393939393939393939393939393939393939393939393939393939393939393939393939393939393939393
1309939393939393939393939393939393939393939393939393939393939393939393939393939393939393939393939393939393939392929292929292
1310929292929292929292929292929292929292929292929292929292929292929292919191919191919190909090898989898989898989898888878888
1311878686868686858585858585848384858484838283828282828382828181818281818079808080817980807979807978787979787777777778788077
1312787777777878787676777777767576757574747473737372737374747272727472717373717170707070727071707068686868696866676768707068
1313686969696970706970706970697069697169697070716869707072717271717071707171707270697070686870696867666767676765656563636464
1314636363646363656363646465666566656565646465646565656466676466666363666365636263646360616161626263636261616160616362646362
1315636362646462616260626461626260636162595858596160606162616163666563636362636462626362636263626162626163626161626462626262
1316626363636466646262646564646361626361616162626262646363626262616163616262616260616061606061616162616362626363626163616062
1317626261636264626362636261626364636261616263636363636364646565656363636262636366646464656465656565656565656565676666666666
1318666667666666666666656564646465666466656465656565646464646364656464646464656463636464626362636364646463646363646565646364
1319646664636364646463646465656464646567686869727371696766666666666666676666676869717472727270707069697174747574757578787777
1320777778777778777778797880808081828382828283838383848484858585858686868686868686868686878787878786858584838281797980797878
1321787878787878787979798081818282838384848585858687878788888888888888888888888888888888888888888888888888888888888888888787
1322858483818080797979797980797979798079808181818181818283838484858585858686868787878788888888888887878787878787878788888888
1323888888888887878786868585848484858585858686868687878787878787888888888888888787878787878787878787878787878787888888888888
1400888787878786868686858586868686868787878787878888888888888888888888888888888888888888888889898989898989898988888888898989
1401898989898989909090909090909090909090909191919191919191919191919191919191919191919191919191919191919191919191919191919090
1402909090909090909090909090909090909090909090909090909090909090909090909090909091919191919191919191919191919191919191919191
1403919191919191919191919191919191919192929292929292929292929292929292929292929292929292929292929292929292929292929292929292
1404929292929292929292929292929292929292929292929292929292929292929292929292929292929292929292929292929292929292929292929292
1405929393939393939393939393939393939393939393939393939393939393939393939393939393939393939393939393939393939393939393939393
1406939393939393939393939393939393939393939393939393939393939393939393939393939393939393939393939393939393939393939393939393
1407939393939393939393939393939393939393939393939393939393939393939393939393939393939393939393939393939393939393939393939393
1408939393939393939393939393939393939393939393939393939393939393939393939393939393939392929292929292929292929291919191919190
1409909089898988888887878786868686868584848483838383848282828281818182818182828281818182828282818180817980797980797980817979
1410787878787878787878777879787879797677767676767574747574757575767576767676777677767776777877777777767675767677767575757676
1411757374767676737475757576767677767777757575747475737373747374747373737273727372727272727273747271717171717170696971717170
1412696971706869696969696867676868666867666769676868677067686866686866666767676967686666676767666564656666666665666565666565
1413646663656564646566656563646363646359606263626263636565646465646464636465646263636364626361636363626062626159616160616158
1414585860605861606061606061595856616058565858585958595958595757575656575758585956585657565757555557575657565559565554575355
1415555455565857555454515051525354515154545553545255535456565356555355555557575554555457555554555654535251505051535253535455
1416535353535453525653545452515451535251535253535354535253515352525153545152545354515254545454535152515251515352535353545453
1417535252545253535152535353535151505052515454515452515153545253525252525353535255535153545353545354535252545354515151525453
1418535251525350515051505251525252525251525251515350515251515353505254545051525253535353525352535453535150515152515252515253
1419525352525253545452535353535353535254545354535353525253535354535453545453555453535353525354535454555655585858585759585757
1420575757575658585858585758595859595859595959595858585959595859595960606061626191626161616161616161606162616162626263626363
1421656868676768676970707070707172737373747677777777787877777877787777787979797979797878787878797978797878777777787979797978
1422787778798080818080807978787878787878798081818181818282828079798080818181818282828282828282828281808080808181828383838384
1423848484848383838383838383828282818181808081818282828282838383838282828383838484848484848585858585858585858585858585858585
1500858586868686868686868686868686868685858585858685858586868585858586868686878787878786868686858686868686868685868686878787
1501878787878787878787878787878787878787878787878787878787878787878787878787878787878787878787878887878888878787888888888787
1502878787878787878787878787888788888888888888888888888888888888898989898989888888888888888787878787878788888888888887878787
1503868686868686858585858686868686868686868686868686878787878787878787878787878787878787888888888888888888888887878685848383
1504828281818181828383838484858585858686868687878787878888888888888887868685858483828282828383838383838484848484838383838383
1505838383838382828270828282828283838383838484848484848484858484858585858585858585858585858585858585858584848484848484848484
1506848484848484848383838383838383848484848484848484848484848484848484838383838383838485858585858686868686868787878888888888
1507888888888888888888888989898989898989898989898989899090909090909090909090909090909089898989898989898988888888888888888888
1508888888888888888888878787878788888888878787878787878787868686868687878786868686868686868685858585858585858585858585858586
1509868686868585868685858585858584848483838383828290818281818180807980797980808079807879797878787877777878777877767676767676
1510757474747474747574737473737574747474757473737474747475747473747473737372727172737272727271727171727272727270707170707070
1511717070707170717170696970706970706969697070696969686969686971707069686968686968687069697070706969716969686666666767676668
1512676666666666666667666566676667656666666565666565656565646565636364656565636464656564656663626263646465646364636564656261
1513626361626262606162616161606161626262616061596061635960606161596260616061635991595960575858596061596261595758595759575859
1514585756585655565756565758585456575957525453505355555454545553545453525051505151515152525151535252515154535453515152505052
1515514950515050525451525454525252525253555552525152525354525353545454555253535452525351535351545452525354535352505151505050
1516514949505150525252515151495049504951535352484950515149475150474846464747464950485049515048484949515253535554535454545454
1517545555555353535253535354535253535253545355545452535251505050515049505050525152515154535354555452555553545455545456555656
1518555455545455535456555454555655555454555656565556555657575657575657565657565656575757565757565656575556565656565656565757
1519585858585758575858575757585859595958585959595958585858585858585758595858585858585858585857575857575757575757585858585758
1520585858585858585959596162646465656666666767676767676868686868676767686868686868696868686869696970697170707170717271707070
1521717171717171717171707069697070706969697069707374747473727273747576767776767575767574747473737372737274757677787776777878
1522777777767879797979808080808080808181808080808081808080808181818181818081818082838384848484848484848483838383828181818181
1523828181818181818282838383838384848482807977777776767676767676767676767676767675757575757575757575757575757575757474747474
1600747474747474747474747474747475757575767676757575757575757575767676767777777777777879797879808081818080807980818181818282
1601828282828283838484848483828181818080807979797979797980797979797979797979797979797979808079797979797979808079797979787878
1602787878787878787878787979797979798081818181828282818181818181828282828283838484858585858585848484848484848484848484848483
1603838382828282818181808080807979808081818181818282828282828282828283838384848585858585858686868686868686868686868585858484
1604838383828282828281818180808080808080797979797979797980808080808080808080808080808080808080818181818181818181818181818181
1605818181818182828282828282828282828282828282828282828282828282828282828282828282828282828383838384848484848585858585858586
1606868686868686868686878787878787878787878787878787878788888887878787878787878787868686868687878787878787868686868686868685
1607858585868686868686878787878787878787878787878787878787878787878787878787878787878787878888888888888788888888878787878786
1608868686858585858584848483838383838383828282828281818180818080808080808080808080797979797979797979797978787979787879797979
1609797979797979797979797979797980808080797979797979797978787878787878787878787878787878787878787878787777787777777777777777
1610767677777676767676767676767676767676757675757575757575757575747575757676757575747475757474747474747373737473737374737473
1611737374737373737273737372727474737374737373737373737474747372737373737373747373747373747574737272737272727272727272727272
1612727373727271717171717070707070696869696868696968677069686867676667676766666766666666666666666565656364656464636464636564
1613646463636363636464636363636264626261605961606161626261626361616061596060626060605959595858585857575857575858595858575757
1614585958595858585859616058606160616258626160585960605959605960605957585757575856555555555354545454555554535557555554565658
1615595859565754545757575759575655576059575758595860595656565857576059585959565658575454545555555556545555555251525352505253
1616525252525351525451505150524950484747484747494645464644444145444139394039404041393937363535353433343334343737293131312931
1617333130313031303131313132313233343333353333323334363334363334323233343432333232323231343334353535343437393634343734363735
1618363637373536373638373837373737393839393938393840383839424045464038384039373838404038383838373939404141393838383738373736
1619363635353538373736353535363535343433343433343435353635343537363537393837383837373737383940393841404041414343434544454546
1620474647474746485050495150505051515351505051495049484849484848494848494848484950495051505050494949505050515051515153535353
1621535252535455565656565756596261606061626164626262626161616162626362626263626464646464646464646465656666666767676765646463
1622636363636362636263636363636363636363636364646565666566656565656565666767676868686867676666666667676766666667676767676768
1623676767676767676868697070707171717171717070707171717172737372737474757575757371727170706970707068676566656566666666676766
1700656564646464646565646465656565656565656666686868686969717170707071707070707070707070696969696969696969696969696969696970
1701707070707071717171727274747575757474737373737373737474757576777778787879798081828383838484848485858585858586868687878787
1702878787888888888888888888888888888888888888888887878787878787878787888888888888888989898989898989898989898989894889898989
1703909090909090909090909090909090909090909090909090909090909090919090909091919191919191919191919191919191919191919191919191
1704919191919191919191919191919191919191919291919191919292929292929292929292929292929292929292929292929292929292929292929292
1705929292929292929292929292929292929292929292929292929292929292929292929292929292929292929292929292929292929292929292929292
1706929292929292929292929292929292929292929292929292929292929292929292929292929292939392929392939393939393939393939393939393
1707939393939393939393937193939393939393939393939393939393939393939393939393939393939393939393939393939393939393939393939393
1708939393939393939393939393939392929292929292929291919190908988878786858585848382838282818181818282828281818181818181818181
1709828180808079797979797980797879787879787878777878777677777676777676757474747574737474747373727372727272737272717172727272
1710707172707070707070717172717070697069696767696968717270696969696970697069706968696869696868697069696867676666666767666567
1711676766666566666565656564646563656563646465656563628762636362636262636262636363646363646262636363626262626364636665646566
1712656462606060606160585857565657575657585656555556525353525253545454565656535458595856585758575857575657555758555654545555
1713555658585755535451495151535452535354545453545453545353555654555655565552515355555554525251525152525254525352505151525051
1714495152505051535253505250515154505050494950505151525351515354545353535051525252494951515051494952515049505152535252504950
1715515149495051505050475048484848474749464848484848494745454848464648474746484749489051504849494949494747494947474948494748
1716505150484946464748484747474648474948464745454446464445464448454645454546464646454646444643434648474644424243434444434343
1717434244424442414242414041403940393941413941424140424242424345444344434241414142424144414241474444434445464646474848444647
1718474747464647474847454545454746454648474646474646484749484747474647474750504949504847474848505248494748474848505052535148
1719474646474745454546464646454645464645464645454545464748484949505051515152525151525252535353535455545555555655565656565756
1720555656565656565656575756575756565757585960575757585757585757576058596062616161626263646264666463626263646463636363646364
1721646464646464646666676768686869707069696970717272727170707373737473727271717171717272727272727373727271737171727273747575
1722757373737474757677777878787877777777777778787877777777777778787979797979797979797776757474747374747575767676767676767676
1723767777777777787878787878787979797980808081808080808080818181828282828181818282828282838383838383838383838383838383848484
1800848484848484858585858585858585858585848485858585858585858585858585858585858585858585868686868686858586868686868686868787
1801878787878787868686868686868686868686868687878787878787868787878787878788888888888888888888888888888888888888888888888888
1802888888888888888888888888888989898989898989898989898989898989898989898989898989898989898989898989899090909090909090909090
1803909090908989909090909090909090909090909090909090909090909090909090909090909090909090909090909090909090909090909090909090
1804909090909090909090909090909090909090909090909090909090909091919191919191919191919191919191919191919191919191919191919191
1805919191919191919191919191919191919191919191919191919191919191919191919191919191919191919191919191919191919191919191919191
1806919191919191929292929292929292929292929292929292929292929292929292929292929292929292929292929292929292929292929292929292
1807929292929292929292929292929292929292929292929292929292929292929292929292929292929292929292929292929292929292929292929292
1808929292929292929292929191919190909089898988888787868686868685858584848483838282828382818082828282828283838383828281807878
1809787980808181818181818283848485858585858585848483838484838282828282828079808180797978777576757476767575757478787877797878
1810777778777777777675747572717170717170707070696971727068686970686969686969686768686868696967686867676766656565656666656565
1811656564656563646262626362626262626161626462626161616263616261626162616061616061615959616059616059606059606060585957575858
1812565657585758575756555758575655565757575757565556565657565958565757555555555657555353545454535354575554555755575656565655
1813545554545553545253535354545352525249494749484950504746464746474848474547484645474649505150485047494948495048485049515250
1814494849525351505351505152525050515149485049484849495050495150514850515049515052515049515048484747464648474648484847484749
1815525051484850505150534948464850494949474749504950525350495050515049474849494848494949504950515050484851484949484845474749
1816484948495151514851505147474548444545454747474746464646454745454748474848484851525047474648505049474951494748494851495252
1817524950474648494950505255545152535151525252525351515452515252525154535353535655525252535152555455555555555554555556555455
1818555454545455545354545353545354525253525353525454525150525153535355565657575858585959595960596060606060596060585859595959
1819585858585859596059596060605960606162636466656667676868696969697070727375767777777778777776777777777878798081818181818282
1820828282838383828281818282828282828282838384848484848484848485858585858585858585858584848484848484848383838180777676767676
1821777776777777777878787878777878787877787777767675757575767676767677777777777777787878797878787878787878787879787878787878
1822787878787877777777787878787878787878787777777777777777777777777777787878787777787879797980807980808181828282828383838384
1823848484848485858585858585868585868686868686868787878787888888888888888989898989898989898989898989898989898989898989898888
1900888888888889898888888888888888888888888888888888888888888888878787878787878787878787868686868686868786868686868686868686
1901858585858585858585858585858585858585858585858585848484858585858585858584858585858585868686878786868686868686868686878787
1902878787878787878787878686858686868686878787878787888888888889898989898989898989898990909090909090909090909090909090909090
1903909090909090909090909191919191919191919191919191919191919191919191919191919190909090908989898989888888888887878786868685
1904858585848484848585858585858586868686868686868686868686868686868787878787878787878787878787878787878786868686868687648787
1905878787878787878787878787888888888888898989898989898989898989898989888888888888888888888888888888888888888888878787878888
1906888888888888888888888888888888888888888888888888888888888888888888888888888887878787878786868686868686868686868686868686
1907868686868686868686878787878787878787878787878787878787878787878686868686868686868686868686878787878888888888888888898989
1908898989898989898989898988888888888787868686858585848484848483848383848483838383838282828282828282828282828282828282828282
1909828383838383828282828382678383838383838383838383838383848484848484848484848484848484848484848383838383838383838283838383
1910838384848384838383838383838383848383838383838384848384848383838383838383828181808080798080797979797979798079787878787877
1911787877767677777777777776767676757576767575767574737373747374737372737370696969697071686869686968696867656565656767686868
1912686869696868696867686867676667676666676768676867676868696767686866656465676667656665656664646363636465656463646364636365
1913636363606158575959596160575757596057565758595858595958935858585656575857565857595754545453545454535252525254545351515353
1914515355505050494950515052525253545351525354514746444446505350525149504951514950474948454745464444454644454341394343444241
1915434542414243434242424042424443403941434039384039393839393841414141414343423943424341414039424241424242414343444244434143
1916434242434241424543414342424341414242414243444341434240414242424139394240384038384040393940404039394041414041404242393940
1917404040404041404140424042404143444240404042424242424242404142414140393839394039383840913938393839393939403939393940403939
1918414038373838404040404041394039393940424040424141454443434342424342404041424140414141434241414445454444434242424344464340
1919414443434347424646525449454956525351545555555857576256626061646261555049494949505049504948494848474848484847474947494747
1920474949494850484949505050504950495050525353514949505152504950505253525352525654535355606161575757575755545554535454545353
1921535354545454545555555656565756585758575758595959605959595960606060606161606061616264636363656665656465646566666766756666
1922666566666767666666666666666666666565656667676767686768676766666565656463646566666767686869686868686765656666666564646363
1923636465666566666463636363636363636363636363636363636362626059575352514947474747474747484949495050515252525353545454555657
2000585859596059585858585959595960606060606059606061606060596060595858595959595959595959585858585757555454545353525252525253
2001535353545455545454545555555556565656575756565657575657575757575757575858585959606161626263636363636363636363636363636363
2002636363636363636363646363636363636363636363626362636262626363635863636363626362626262626162626262626363626262626262626262
2003646464636464646464646465656565656565656566666666666666666666666666676667666666666767666667666666676766666767666666666666
2004666565656665656565656565656565646465656665656565666665656564646464636363646363636463626263626262636363636262626262626364
2005656464626161606161616262616161626060606061606060606060606060606060595959595959595959596059595959605960595959595959595959
2006595959595959585959595959585959595959595858595959585959595858585958585858585858585858585859585858595858575758575757575757
2007575757575857575757575857575757575758575858585858585858585858585857585859595958595959606162636464646566666767686969696969
2008696969707070707071717170707272727272727272727271717374737274757474737374767474747376767675747272696970696667686665676667
2009646564666766676566656464626364636363626262626160616162616161616160606060606060606161606060606159595959595959585957585857
2010585757575757575757575756575757575657565756565756575657565656565656575657565757575656555656565657565656575656565756575756
2011575757575657585758575757575758575758575757585658565657575757575656565655555657555657565555555556575555555554555655555557
2012565656585856575756565856575856585756565656575757575554555456555455565656555655555454565554545556545553535555555554565556
2013565656565556565656575656565656555555555654555454545454545455545656575454565555535353535355565655545355565557545253525352
2014535353535253545553545552535453505050485049495052515150505151505249464849524948494948494745464747464745454644444345444343
2015434344464947485253494749475049495148505150484747525147475150494847464646444643454645444445464746484647474748484850494848
2016494849484948464645464445454547454443434644434342424344444345505252474951494851434345474644454643444443444444444242424349
2017434648464444434740394141425250505147495153545051505149505251525351555656575551535249464646464647454445454548474544444644
2018434241414142424444454645454644484648474847474850505152515051515051535249505051515150545554535151545354555353545556555454
2019525354545655565656575856565556585655545756555657575656565757575756575657585757585858575858585858585859595959595959596060
2020596060605960606160606060606061616161596061626363656564646767686970697068636262606061616264646466666464646363636363636363
2021636365636363646464666868686868676868676867666666686868696969697070707172727372727273747374747474747574747474747575767676
2022767677797980808080808080797878798080818080808181818181818181818182828281818182828282828282828181818281797877757371696868
2023686868686970706868676767666870717272737374747474767777787878787879797979808080808181818181818181818182828281818181828282
2100828283838484848484848484848484848484848484848484848585858585858686868585858585858584848484848484848585858585858484848485
2101858585858585858585858585858585868686868686868686868686868787878787878787868686868686868687878787878787878787878787878787
2102878787878787878888888888888888888888888888888888888888888888888888888889898989898989898989898989898989898989898989898989
2103898989898989898989898989898888888888888888888888888888888888888888888888888888888888898988898989898989898989898989888989
2104898989898989898989898989898989898989898989898989899090909090909090909090909090909090909090909090909090909090909090909090
2105909090909090909090909091919191919191919191919191919191919191919191919191919191919191919190909090909090909090909090909090
2106909090908989898989898989888888878786868686868687878787878787878787878788888888888888888888888888888888888989898989898989
2107898989898989898989898989898989898989898989909090898989898989898989898989898989898989898989898988888888888888888888888887
2108878787878787878787878787878787878787868687878786858483838282828383838383838383838282818079797979797979787978808079797879
2109797879797877777777777778787879777777777879797878777777777777777778767675757575757575757475757474757575757575757475757474
2110747373737373747473737373747473737373747573727272727272727271727271717171717272727271717171717170707171727372727372727274
2111747273747372717171727374757475757575757575757676757575767676757575757575757474757474747474737473737473737272727273737373
2112727271727170717171717371717171717170717171717071707071717070717071707171707170717070696867676767676768676668676767676666
2113646464646465656665656466636363646465656567666564646465646464656363636363636363636262626261626262636262616262626263636262
2114616263626566646564646364646262616464626263636362626362616261636161606161605960615859606060605960615960606160606160596260
2115596060606263636263636263616261626263626262636262616364636261626261616160605960606059595960606162945959616163626262626464
2116646565656564646362626164646362626262626263636163646261616061636261605960606061605958606061615756585655565555555354545754
2117515154525252535454525455565556555558585456555554545556555554555656565757565656585859585755575656585755565555565455565652
2118545554535554545052525150505351525251515151525152535252504950505051535050505050515051515251535252525252505252505049495151
2119495150515154535252525351505152535254515353535353545453535453545454545453545455555353535353525354545555555555565657575656
2120575656885755565556575757606058585959606060616161626162626162616161616060606060606060606060616161616161626261616262626262
2121626362626363636463646566656465666667686869717273737474757575757575757474737271707070706969686868686868696970717172737474
2122747575767677777777777777777778787878787878797979797979797979798080808080808181818181818182828283838383838383838384848484
2123848484848484848485858585858585858585858585858585868686868686868686868686868686868686868687878787878787878787878787878787
2200878787878787878787878888888888888888868888888888888888888888888888898989898989898989898989898989898989898989898989898989
2201898989898989898990909090909090909090909090909090909090909090909090909090909090909090909090909090909190909191919191919190
2202909191919191919191919191919191919191919191919191919191919191919191919191919191919191919191919191919191919191919191919191
2203919191919191919191919191919191908989888887868584838383838384848485858586868686868787878788888888888888888888888989898989
2204898989898989898989899090909090909090909090909090909090909090909090739090909090909090909090909090909090909091919191909090
2205909191919191919191919191919191919191919191919191919191919191919191919191919191919191919191919191919191919191919191919191
2206919191919191919191919191919192929292929292929292929292929292929292929292929292929292929292929292929292929292929292929292
2207929292929292929292929292929292929292929292929292929292929292929292929292929292929292929292929292929292929292929292929292
2208929292929292929292929292929292929292929292929292929292929292929292929292929291919191909090898989898989888888878685838383
2209838282828281818079787777777676757575767676767575757575757575747574747474747373737272717171727271727272727372727273727172
2210717272727272717173747472727472727271727372717172727171727271727271717071717273717270707071707069707069697070717170696969
2211686869696971706969696969706970696969706969686868686868686868696969696970697071717172727172706971707272717171707172727271
2212717271717271707172717171717171717071707171717172737372717170707070696970707070707071717172707172727272737171727273717273
2213737272727272727171727171717171727171727171717171707171727071717071717071707070707170707271717170717270707071717069707170
2214707069686869696968686868706969686969696867676767686867676867686868686969686869686867676867676666656666666565676665646465
2215636464656563656465666767666767686867666666676767676868666666666668666666656567666666656565656466666665666566656565656566
2216666565656566666666666564656565656666656565646464656566666565666664616262626262626364646262636363646464646462626363636260
2217595960616260615958575858575757555555565555545554565756575858585759595959596060606161626262626361616161616262636363636363
2218636464646464636364646464646464666768686869707071717171717271717170707070696969696969696869696969696970707070707171717171
2219717171717272727272727272727373737373737373737474747474747474747475757575757575757575757575757575757575757676767676767676
2220767676767676767676767676767677777777777777787878787878787878787878787979797979797979797979798080808080818181818181818181
2221818282828282828282838383838383838383838383838383838383838382828383838383838383828282828282828282828282828383838383838282
2222828282828282828281818181818181818181818080808079797979797979797978797979797979797979798080808080808080808080808080808080
2223808181818181828282828383838384848484848484848484848484838383838383838384848484848484838383838383838383838383838383838383
2300838383838383838383848484848484848383838383838383828282828383838383838383838383838282818181818181818181818181818181818182
2301828282828282828282828281828181818181818181808080797979797978787878787878787778787878787878777777777777777777777777767676
2302757474747372727272717272727272727272727272737272727373737373737373737374737374747474747575757575757575757575757575757575
2303757575757575767676767676767777777777777777777777777777777778787777777778787878787979797979797979797979798080808080808181
2304818181818181828282828282828383838383838484848484848484848585858585858585858686868686868686868686868686868787878787878787
2305878787878787878787878787878787878686868686868686878787878686868686868686858585858584848384848382838383838383838383838383
2306828282828282828383838383838383838383838383838383838383838282828282818181818181818181818181818181818182828282818181818181
2307818180798080808080808080808080808080808080808181818181818282838383848484848484848484848484848585858585858585858585858585
2308868686868686868686868686868686868686868686868685858585858585858586868686868686868686868686878787878787878787878787878888
2309888888888888888888888888888888888888888888878787888888888787878888878888888787878887878787878888888888888888888888888888
2310888888888888888888888888888888888888888888888888898888888888888888888888888888888888888888878787878686878787868686868686
2311868686868685858686868686868686858585858585848484848484848484848484858585848485858484848484838383838383838383838484848484
2312838384848484848483848383838381818181818181818282828081818181818181818181818181818181818181808079797979797979807978787979
2313797980808080818181818181818182828283838383838383838483848484848384848484848384848484848482828282828181828182818181818181
2314818181818181818282838282838383838383828282828282828282838383838383838383838383838483848484848383838484848383838383838383
2315848484848484848484848484858484848584848485858585848484848485848584848483838483838382828383838382818181818281808081808180
2316808080808080797979808079798080797978787777787877777775757776777676767778787979797776767876777778797979808080797880777677
2317757575777675757575767677777777777677767776777778777776777775757474757473737474737373727273737575757491747271707171727272
2318727272727272737475767777777879808080808180808081808180808080818181808181818080808080808080808080818181818181818182828282
2319828282828282828282828282828181818181818181818281818181818181818282828282818181818181818181818181818182818282828282828282
2320818282828282828282828282828282828282818181818181818282828181818181818181828181828181828282828282828282838282838383838383
2321838383848484848484848484848484848484848484848484848484848484848484848484838383838383838383828383828383838383838383838383
2322838383828358838382828383838382838383828282838383828382838282828282828282828282828282828282828283838383838383838383848484
2323848484848484848485848485858484848484848484848484848484848483838383838383838383838383838383838383838383828383838282828282
2400828282828282828282828282818181818181818181818181818181818182828282828181818181818181818080808081808181808181818181818181
2401818181818181818181818181818181818181818181818181818182828282828282828282828282828282828282828282828282828282828282828282
2402828282828282828282828282828282828282828247828282828282838383838383848484838383838383838484848485858585858585858585858585
2403858484848383838282828282828282828383838484848585858585868686868686878787878787878787878787878788888888888888888888888888
2404888888888888898989898989888888888888888888888888888888888889898989898989898989898888888989898989898989898989898989898989
2405898989898989898989898989898989898989898989898989898989898989898989898989898989898989898989898989898989898989898989898989
2406898989898989898988888888888888888888888888888888888888888888888888888865888888888888888888888888888888888888888888888888
2407888888888888888888888888888888888888888889898989898989898888898989898989898989898989898989898989898989898989898989898989
2408898989898989888888888888888888888888888888888888888888888888888888878887878787878787878787868686868686868686858585858585
2409858585858585848585848484848484848484848485858484848485858585858585858585858585858585858686868686868686868686868686868787
2410868787878787878787878787878787878787878787878787878787878787878787878787868686868585858585858484848489838484838383838383
2411838383838282838382828383838382828282828282818182818181818181818181818081808080808180808081818081808081808080808079797978
2412797878787878777777777678777778777777777776767675757574757576767675747475757576757375747373727272727474737373727273727172
2413727272737373727272737373737372747473737472727371717171727173727271707070707070717170707170706970717170717169696967676867
2414687070696969686968696868676867676767676765666665676664646565646363636364636464646465646363646464656766656564646565646564
2415646665656765646465666666656566656563656465646465646565646464656465656565656665666563636364646564636365646564646464636363
2416636161616262636362636061626061606059595858586257575758605958585959605958585859606161616063626161626463626262636363636362
2417646465656362616162636464646664666465646565646565666565666668686667666768676768686868676868676866666667666666686768676767
2418676867696869707170707070717272727171717171717070717071707071717171717171727272727172717273727272727272737372727373727273
2419737373727372737373737373737373737373737373737373737273727273717272737272737273737374747474747475757475757474747474747575
2420757575757575757575757575757575757575757575757575757575747575757474757473737373737373737372727372727272727272727272727172
2421727272727172717171707070717171707070707070707069706969707069706971717171717171717171717171727272727271727271717272727272
2422727272727373737372727272727172737372727273737374747474747475757576767576757576747372727171717171727272727273737473747373
2423737373737373737474747474747475757576767575757575757576767676767676767676767777777777777777777777777777787878787879797979
2500797980808081818181828282828180797979797979797979808080808181818181818282828282828283838383838384848484858585868686868686
2501868686858585858585868685858483838382828282828282828383838282838383838484848484848484848484848484848484848484848484848484
2502848484848484858585858585858585858585858585858585858585858585858585858686868686868686868686868686868686868686868686868686
2503868686868686868686868686868686868686868686868686868686868686868686868687878787878787878787878686868686868686868686868686
2504868686868686868686868686868686868686878787878787878787878787878787878787878787878787878787878787878787878787878786868686
2505868686868787878787878787888888888888888888888888888888888887888888888888888888888888888888888888888888888888878787878787
2506878686868686868686868686868686868686868686868686868686868686878787878787878787878787878787878787878787878787878787878888
2507888888888888888888888888898989898989898989898989898989898989898989898989898989898989899089899089898989898989898989898888
2508888888888888888888888888888888888888888888888888888888888888888888888888888888888888888889898989898989898989898989898989
2509888888888888888888888787878888888787878787878787878787878787878787878787878787878787878787878787878786868787868686868686
2510868686868686878687878686878787878787878787878686868786868686868686868686868685858585858585858585858585858584848484848484
2511848484848383848483848383838383838383838282818282818282828182828281818282818181818182818181818281818182828282828282828181
2512828181818282818182828181818181818181818181818181808080808080818080818180808180808079797980818180797979797979797979797878
2513787979797778797978797978797980797979787879797980797980807979807878797979808080808080808181828281818180808080808080818080
2514808079808079797979808079807979797979808078797878777878787777777777777877787979787777797877777778777677787777767676757777
2515767776767676767676767776767677767576757575767778767676767777767677777878797978787978787979807978787776767777787777777676
2516747271717071727171717272727273737372717172717172727374747573737373737372727373727272727272727272737374757675757575767575
2517747574747374757473737273737373747475747474757474757676757575757474747575747575757675767776767574747574757574757574747374
2518747272727272737373737374747474747474747575757575767575757575757576767576757575757474747474747474747474747475757575757574
2519757575757575757574757575757575757575767576767676767675757575757676767676767677777878787878797979798080808080808080808080
2520808080808080808080808080808080808080808081818181808080808080808080808181818181818181818181818080808080808081818181818282
2521828282828282828282828282828282828282828282828181818181818181818181818182828282828383838383838484848484848485858585858686
2522868686868686868686868686868585848483838383838382828282828283838384848484848484848484848484848484848484858585858584848585
2523858585858584858585858586868686868686868687878787878787878787878787878888888888888888888888888888898988888888878787868686
2600868585858585856185858585858585858585858686868686868686868686868687878787878787878787878787878787888888888888888888888888
2601888888888888878787878788888888888888888888888888888888888889898989898989898989898989898989898989898989898989898989898989
2602898989898989888888888888888888878787878787878787878787878787878787878787878787878787878787878787878788888888888888888888
2603878787878787878787878786868686868686868686868686868686868686868686868686868787878787878787878686868686868686858585858586
2604868686868686868787878787878787878788888888886488888888888888888889898989898989898989898989898989898989899090909090909090
2605909090909090909090909090909090909090909090909090909090909090909090909091919191919191919191919191919191919191919191919191
2606919191919191919191919191919191919191919191919191919191919191919191919191919191919191919191919191919191919191919191919191
2607919191919191919090909090909090909090908989898989898989898989898989898989898989898989898989898989898989898989898989898989
2608898989898989898990909090909090908989898989898989898989898989898989898989898689898989898989898989888888888888888888888888
2609888888888888888888888888888888888989898989898989898989898989898989899090909090909090909089898989898989898989898989898989
2610898989898989898888888888888888888888888888878787878787878787878787878787868686868686868686868686868686868685858585858585
2611858584848484848484838383838383838383838383838383838383828282828282828282828282828282828182818182828282828282828282828181
2612818181808080807979787879787878787878797979787878787878797979797979798080807979797979797878787878787879798878797979797878
2613787878777777777878787878787878787878787878787777787878787878787878797879797979797979797879797979797978787979797979798079
2614798080798080807979797979797979797979808080808080797979787878787879787979787878787878787878787878787878787878787878787878
2615797979797980797979797980797979797878797980807979798079798080808080808080808079808080797980808079808079797978797878787878
2616787877787877787877787877777876767676767776767676767676767677767676767576777676767676767675767777767676767676767676767676
2617767575757575767676767676757676767676767676767676767676757676767676767676767676767676767676767776767676777676767677777776
2618767777767776767676777777767676767676757676767676767676767676767575767676767676767676767777777677777777777777777777777777
2619777777777777777777777777777777777778777778787878787878777877777778777878787878787878787878797979797979797979808080808080
2620808081818181818282828283838383838383838383838383838383838383848484848484848484848484848484848484848484848484848484848484
2621848484838483838384848483838383838383838383838383838383838383838384848484848484848484848484848484848484848484848484848484
2622848484848585858585858585858585858585858585858585858585858585858585858585858585858585858585858585858585858586868686868686
2623868686868686868686868686868686868686868686868686868686868686868686868787878787878787878787878787878788888888888888888888
2700888888888888888888888888888888888888888888888888888888888888888888888888888888898989898989898989898989898990909090909090
2701909090909090909090909091919191919191919191919191919191919191919191919191919191919191919191919191919292929292929292929292
2702929292929292929292929292929292929292929292929292929292929292929292929292929292929292929292929292929292929292929292929292
2703929292929292929292929292929292929292929292929292929292929292929292929292929292929292929292929292929292929292929292929292
2704929292929292929292929292929191919191919191919191919191919191919191919191919191919191919191919191919191919191919191919191
2705919191919191919191919191919191919191919191919191919191919191919191929292929292929292929292929292929292929292929292929292
2706929292929292929292929292929292929292929292929292929292929292929292929292929292929292929292929292929292929292929292929292
2707929292929292929292929292929292929292929292929292929292929292929292929292929292929292929292929292929292929292929292929292
2708929292929292929292929292929292929292929292929292929292929292929292929292929292929292929292929292929292929292929292929292
2709929292929292929292929292929292929292929292929292929292929292929292929292929292929292929292929292929292929292929292929292
2710929292929292929292929292929292929292929292929292929292929292929292929292929292929292929292929292929292929292929292929292
2711929292929292929292929292929292929292929292929292929292929292929292929292929292929292929292929292929292929292929191919192
2712919191929292919192929292929192929292929292929292929292929292929292929292929292929292929292929292929292929292929292929292
2713929292929292929292929292929292929292929292929292929292929292929292929292929292929292929292929292929291919192919191919191
2714919191919191919191919191919191919191919191919191919191919191919191919191919191919192929192929191919191919191919191919191
2715919191919191919191919191919191919191919191919191919191919191919191919191919191919191919191919191919191919191919191919191
2716909090909090909090898989898989898989888888888888888888888888888887878888888888888888888888888887878787878787878787878787
2717878787878787878787878787878787878787878787878787878787878787878787878787878787878787878686868686868686868687878686868787
2718878787878787878788888888888888888888898989898989898989898989898990909090909090909090909090909090909090909090909090909090
2719909090909090909090909090909090909090909090919191919191919191919191919191919191919191919191919191919191919191919191919292
2720929292929292929292929292929292929292929292929292929292929292929292929292929292929292929292929292929292929292929292929292
2721929292929292929292929292929292929292929292929292929292929292929292929292929292929292929292929292929292929292929292929292
2722929292929292929292929292929292929292929292929292929292929292929292929292929292929292929292929292929292929292929292929292
2723929292929292929292929292929393939393939393939393939393939393939393939393939393939393939393939393939393939393939393939393
2800939393939292929292929292929292929393939393939393939393939393939393939393939393939393939393939393939393939393939393939393
2801939393939393939393939393939393939393939393939393939393939393939393939393939393939393939393939393939393939393939393939393
2802939393939393939393779393939393939393939393939393939393939393939393939393939393939393939393939393939393939393939393939393
2803939393929292929292929292929292929292929292929292929292929292929292929292929292929292929292929292929292929292929292929292
2804929292929292929292929292929292929292929292929292929292929292929292929292929292929292929292929292929292929292929292929292
2805929292929292929292929292929292929292929292929292929292929292929292929292929292929292929292929292929292929292929292929292
2806929292929292929292929292929292929292929292929292739292929292929292929292929292929292929292929292929292929292929292929292
2807929292929292929292929292929292929292929291919191919191919191919191919191919191919191919191919191919191919191919191919191
2808929191929292929292929292929292929292929292929292929292929291919191919191919191919191919191919191919191919191919191919191
2809919191919191919191919191919191919191919191919191919191919191919191919191919191909090909090909090909090909090909090909090
2810909090909090908989898989898989898989898989898989898989898989898989888889888888818888888989898989898989898989898989898989
2811898989898989898989898989898989898989898989898989898989898989898989898989898989898989898989898888888888888888888888888888
2812888888888889898989898989898989898989898989909090909090909090909090909090909090909090909090919191919191919191919191919191
2813919191919191919190909190919090919191919190909090909090909090909090909090909090909090909090909089898990909090909090898990
2814898989898989898989909089898990898989899090898989898989898989898989898989898989898989898989898989898989898989898889898989
2815898888888888888888888888888888888888888888888888888888888888888888888888888888888888888888888888888888888989888988888888
2816888888888888888888888888888788888787878787878786868686868686868686868786868686868686868787878786868686868686868686868686
2817868786878786858585858686868686868585868686868585858484858585858584848484848383838383828383838383838383838383838383838282
2818828283838383828282838383838383838383838384848484848585848484848585858686868686868585848585858585848584858585858585858585
2819858585858485858585928485858585858584848585858585848585858585858585858585858585858585858586868686868686858686868686868686
2820868686868686868686868686868686868686868686878787878788888888888888888888888888888888888888888989898989898989898989898989
2821898989898989898989898989909090909090909090909090909090909090909090909090909090909091919191919191919191919191919191919191
2822919191919191919191919191919191919191919191919191919191919191919191919191919292929292929292929292929292929292929292929292
2823929292929292929292929292929292929292929292929292929292929292929292929292929292929292929292929292929292929292929292929292
2900929292929292929292929292929292929292929292929292929292929292929292929292929292929292929292919191919191919191919191919191
2901919191919191919191919191919191919191919191919191919191919191919191919191919191919191919191919191919191919191919191919191
2902919191919191919191919191919191919191919191919191919191919191919191919191919191919191919191919191919191919191919191919191
2903919191919191919191919191919191919191919191919191919191919191919191919191919191919191919191919191919191919191919191919191
2904919191919191919191919191919191919191919191919191919191919191919191919191919191919191919191919191919191919191919191919191
2905919191919191919191919191919191919191919191919191919191919191919191919191919191919191919191919191919191919191919191919191
2906919191919191919191919191919191919191919191919191919191919192919292929292929292929292929292919191929291919292929292929292
2907929292929292929292929292929292929292929292929292929292929292929292929292929292929292929292929292929292929292929292929292
2908929292929292929292919191919191919191919191919191919191919191919191919191919191919090909090909090909090909090908989898989
2909898989898988888888888888888888888887878787878787878787878787878787878787878787878787878787868686868686868686868686868686
2910868686868686868686868685858686858585858585858584848484848484848484848484848484848383848383838484848484848585848484848484
2911848484848484848484848484848584858585858585858585858585858585858585858585858585858585858585858584848485858585848484848484
2912848484848484848484848484848484838383838383838383838383828282828282828282838383838383838383838383838384848484848384848384
2913848383828282828281818181818181818080797979797980808080808080798080808080808080798079807979807979798080797877777877777776
2914777777787777787776777777777775767676767676767474747373747473747374737374757373737575737475747373727271717172727372737473
2915747372747373737272737372717170696969686968686768697070706969706869696969686969707068686769676868686868676868676968686868
2916696969697171716971727171717273747373747574747475757574747576767576757576767676777777767676767677777777767777757575757675
2917747475757475757374737373737473737372717173737273727273717170717070717170717070717271717071727373737273737373747373737374
2918737375757574737475757574757575737474747474757473737373747373727373747473737472737373747373737473737272737373737374747475
2919757676767776767677777777767676767776767676777777767776777777777777777777777777777777777777777877777777777777777777777777
2920777777777777777777777777777777777878787878787877787878787878787878787878787878787979798080808181818282828282828282838283
2921838383838383848484858585858586868686868686868686878787878787878787878787878787878787878787878787878787878787878787878788
2922888888888888888888888888888888888888888888888888888888888887878787868686868686868686868686868686868686868686868686868787
2923878787878787878787878888888888888888888888888888888888888888888889898989898989898989898989898989898989898989898990899090
3000909090909090909090909090909090909090909090909090909090909090909090909090909090909090909090909090909090909090909090909090
3001909090909090909090909090919191919191919191919191919191919191919191919191919191919191909090909090909090909090909090909090
3002909090909089898989898989898989898989909090909090909090909090909090909090909090909090909090909090919191919191919191919191
3003919090909091919191919191919190909090909090909090909090909090909090909090909090909090909191919191919191919191919191919191
3004919191919191919191919191919191919191919191919191919191919191929292929292929292929292929292929292929292929292929292929292
3005929292929292929292929292929292929292929292929292929292929292929292929292929292929292929292929292929292929292929292929292
3006929292929292929292929292929292929292929292929292929292929292929292929292939393939393939393939393939393939393939393939393
3007939393939393939393939393939393939393939393939393939393939393939393939393939393939393939393939393939393939393939393939393
3008939393939393939393939393939393939393929292929292929283929292929292929292929292929292929292929292929292929292929292929292
3009919191919191919190909090908989898989888888888887878787868686868686868686868686858585858584848484848383838383828282828181
3010808080807979808081808080807978787877777777777778797978787878787676777776767676777675767575747575757675757676767676767776
3011757574757474757575767675767675757575767676767574757676747474757573727273747373737273737473737272737273727373737272727373
3012737372727371717270727271717173727373747473737373727373737372727372737372727272737390737373737473737374747475757575747575
3013757676767576777677777878777878777777787878797878787777777778797878777777767677767676767676767576747375767574757573727272
3014727373737373727372737473737474747475747473737273747273747373727272727372727372727272727373737273737373727374747373737474
3015757474747474747574747675757675757474757574757575747474747575757575737474747373737374737373727373737473737373727171727273
3016747171717172717171717372727271707169707071697070676769696870716869686869697069696970707070707069696867676868676892676768
3017686869697069686968697069686867686868686768686767676767686968676768686868686868696869707069686868696868696870707069696969
3018706969706970707070717069717171707068696869706970707070696970697070717069706970697170707070707070716969696969696969707170
3019717170707068696969707071717271717271717172737272727373717171727271727271727271717273737373737271717272727474737272727272
3020727272727272727373737373737474747474747474757474747576757575767675757575757575757575767677777878767777767776777777777878
