58265 2011   091213603204   65   24 6670   55    1--------------------------------------------------------------------------
3121707069707171727373727071727272737274747573717273747372717070727272717170717273747474747473747474747374747474757575757576
3122767576757576767675757675757574767678787777777777767575757574747576787878797978787878797979797979787878787879787879797978
3123787878787878787979797979797877787877777878787789787877777778787879808080807979808080808081818080808080818180808080818181
0100818181818181818181818181808080808080808080808080808080808080808081818181818181818181818181818080808079808080808080808080
0101818080808180797981828282828182828281818180808080808081818181818282828282828282828282828282828282828282828281818182828282
0102828282828383838282828282838281828282828383838383838383838383838383838383848484838383838383838383838384848484848484848485
0103858585858585858585858585858585858585858586868685858585858585858585858585858593858585858585858585858585858484848483838383
0104838384848384838483838383838384848484848484848484848484848484848484848485858585858585858585858585858585858585858585858585
0105858585868686868686868686868686868686868686858585858484848484848383838383838383838383848484848485858585858585858585858585
0106858585868686868686868686868686868686868687878787878787878787878786868687878787878786868686858585858686868686868686868686
0107868686868686868686868686868686868686868686868686868686868686868686868686868686868686868686868686868686868694868686868686
0108868686868686868686868686868686858585868686868686858585858584848484848484848484848484848483838382828282828282818180798080
0109808180797980807978787777777777787978777778787777767473747573737272727271727070696969696969666667686566656563646363616162
0110626161605961606160606060605958595959605959606059575859585858595858575758575758585857575757555655565755555655565656575757
0111575757565656565756565756555656555556565555555655555656565558575657585956575554555555565656565660585856565656555656575656
0112575655555453545478545354535252525252525251525351545252535253525251505051515151525151515151525253545454545454545656545455
0113555555535455545454555656575857575657555554555856535454545554555556555455545454535451515152535154535354525553525152515351
0114545454535253555453535354535455545455545555535353535352545453545352535251515053515150525150504849484849484746464647464747
0115474745484747464747484849494848504949494949484849495047474747484847474746474645464646454547474747484847474646474746464646
0116474647474647464545444547454644454544454444454646474545474646454546474946464546464546474747484746484648474647484947464646
0117484746464746464746464847474847494746474647464647474847464647474647484748464746464648484748485047494846464547464646474747
0118484748484547484846474545474646474647454847484748484948494746464747494949484848494948474646474847484645474647464749515152
0119545458585959606163636261595757566060585863636264666869686968656667666666666464646665666667686869696767686867666667676767
0120676768686969696969697170707172737275757473727372727272737373737373737373737373737473737272727272747675767474737474757575
0121747474747575757575767675767676767676767676767575757577767577787776767676767676757574737575757575767676767676767777777675
0122757575747475767676777676767676767777777878787878787877777878777777777676767676777777777777767777777676767576787877777776
0123787879797977788079797980808080818181818080808079797979797979797981818282828180808181808080808080808181818181818181818181
0200828282838381808182828282818180808081818181818182828281818181808080808080808181818181818079808282828281808181808080808080
0201818180808181818181818181818181818181818080808080808079797981818181818080808081818181818181818181818182828282828383838383
0202838382828282828282828181818182828282828282828181818181818182828181828281818181818182828282818282828383838383848484848383
0203838383848484848484848484848485858585858585858585858585858584848484848484848484848483838383838383838383838484848484858585
0204858585858585858584848483848383838383828281818283838384848483838383838382828383838383848484848484838383838282828282828383
0205838383838383838383838382828281787877777574727271727373747576767574757474747575767676767577767675767778777878787878798079
0206797977787979797878787879787979798080808080808081818181818180808079807979797879808080818181818182838382828282828282828282
0207828282828282838383838383838383838382828383838382828079787777777777777777777777777777777777777777777777777777777778787878
0208787878787879797878787879787978787878787878777878787877787777777777777777777777777776767675767575757474747474747374737373
0209737373737373727272737372737373737373737373737373737373737474747373737473747373747373737472727272727272727271717272717170
0210707071707070707070707170707069696969696969696868676766676766666665666566656666666565656565656565646465656465646465646464
0211636263626262626261616263616060606061606059605959606061606060606060616159605959605960605958595958595959595858595959595859
0212585859585758585758585858595757585757565555535556545453535253525354535253525353535250515052525152525152525251525252525152
0213535252535252525252515153535353535252535252535453545353535251505152515150525051504950515052505050484948494846474647484847
0214484746484545464746454545444544454444454443424444464543434344424142414241424141414143444445434545444442424242434443424444
0215444344454443444444444343434443444443444443444444434444434344434343434343424343424343444242404243434341424241424141414141
0216414240424043434140403939424240404141404041404040404141414139393939383940393939393940394040394040403940394040404040394040
0217393939394040403840414039394039393940393840404039404040393938394039403939363637383738383738393838373738373838373837373939
0218373637383837393938393938393939403939394039403940404040394040404040404041414241414141424141414141414142414141414142424242
0219414141414140404140404141414141414141414241414141414141414142424242424242424242414142424242424342434343434343434444444443
0220434344434343434343434343434343434343434343434343434343424342424242434343434343434443434343444444434443434342434343434343
0221434343434344434444444444444444444444444445454545454545454546464647474646464646464747474746474747474747474747484747474747
0222484848484949494949505049495050505050505050505050505050505050525151515151515251515151515150505150505151515152525252525353
0223535354545454545455555555545555555554545454555454545554555554545455555556555555555656565656565656575657575657575758585859
0300596061606161616363646464656565656565666667666667676767666564636363636362626261616263626362626362636262636261616060605960
0301596059595959595993595858585858585858585859585858585858585858585858585858585858585859595859585858585859595858585858585958
0302585859595959595959606060606161616161616263636364636262616161616161626465636565656262626161606059595959595859595758585757
0303565656565657575858585961616060616060606061616161606160616161616261626463626264636362636263646666666564646565676765656462
0304626262626262636364646464666566666567666363636463626563646364626263626365646769687070686767666767676767686869697069707070
0305707071717171717373727272747373737373737372717294737374737374737474747575757575757576747375747473747374737372737373737373
0306737475757575757474747373737476777776757676757574757373747473727071717270697069727271727373737374757575767676767675757777
0307777778787978787777777777767575757575767676777676767675757575757475747474747473737374747475757575767676767677777878777778
0308777777777879797979807977787979797978787877787979797878787878797980797777757677777571747675737271727274737576767371737473
0309727270686766666769686766666766686766646364626161615960616058585757585858605984585758595758585858595959605759595959595960
0310605960575857585856565656545455545455535354555554545353545453535454545353535455545354535453535352535352525151515253535352
0311535253535252525352515050515151515150515051495051505050494950505049505050515050505050505048484949495050494950494949505048
0312494947484850494948484849494848484850504950484947474949484949484950484950495048484849484948474647474747474748484748474746
0313474646464647464545464545464445444546454745454544444343444442424342434343434242444442424243434444444243424367424241424342
0314424142434242424343424242424141414141424343424242424242444342434342434343424341424142424242434343434342414445444242414241
0315414242424243424343434343434443444343434343414242414243414142413940414140414141424342414142414040404040414040404040414140
0316414141414142434240404142424140404141404042414142424142414141404040404141394141424142414242424244434342424241424041414040
0317404140424140414141404142414141414140383839394040403940393738383838383837384041404040403839404142424040414140414141404141
0318414243414140414061404042414141404041404041404042424141424141414140404141424141424141434343434343424242434345464647484949
0319505050505151515151515151515151515252525152525252525252525252525252525252525252525253525353535353535352525252525353535353
0320545353545353535353545353535353535353535353535353535353535252535353525252525252525252515252525252525252525252525252525253
0321525253535353535353535353535353535353535353535353545454545454545454545454545353535354535454545454545455545454545454545554
0322555554545454545454555554555555555555555555555555555555555554555555555555555555555555555556565655565655555555555555565655
0323555556555555555656555556555555555555545455545454545454555554555555555555545455555555555555555555555555555555555555555555
0400555555555556565657565656575656565656565656565655565655565656555555555555555655555555555555555556555656565656565757575757
0401575757585858585960595960626160595961616160606060595959596061606162626365666565676665676868686765676767696968686970697070
0402717171717171717171727171727373727372737373737373737373737373747374747373747474747474747575767675757574747473737272727272
0403727170707169707071707170707171707170707170717271707069696970707071717171707070717272727272717272706969707171707070707172
0404727272727373737373727374747474747473737373737373747374747475757575757574747474757474747473727273727271727171727271717171
0405717171717272727373737474757575757576767676767676777777777878787879797979808080808080797978777778777878777877767575757575
0406757576757676767676767676767676767676767676767677777777767677777777777878787878787879798080808080808080808080797979787877
0407777676757474757474747474747474747475757575757576767676777777777777777777777777767676767676757575757676767776767677777576
0408777676777878797979798079787676777778777677767676747575737274727372717170706970716970727171717072717170697070717070696768
0409696768676766666666676564646463636263636363626060596061585756565754545455555555565758575454565557555555555656575657565656
0410575757585758575858565857575757585858565757565657565756565656575656565655555655575454555354545455545453535353525353545453
0411535454545554545353535352535354545377525352545354555354525353545353535454545252535253525353535353535452525253525351515049
0412484950504951515351535050504951535253535453545353545252525252515352535252525252525252535351525252535252535354515151505152
0413515251515152515152515050515151515051525251535150525352545252525350515153515151515151515151525151505051515150505049514950
0414494949504949505050504949484950484848484850494847464747484548464748464748474847484749484746464548464547474646484747474648
0415464647464645464746464545444445464645464646464746464746474846464678464646464546474847494747454646464747474646474746474747
0416464647474646474747474749484746464645464746464747454546454545454546454746454645464646464545464646474647464647474646464747
0417464646484748474747474747484746474846484847464747474647474748484847464747484849484849484950505050515151515151525252525252
0418525252525352535353535352535353535352525252525252525252535353525252525352525352525252525252525253525352525352525353535353
0419535353535353535353535353535454545454545454545454555454545455555554545555555556555555555555555591565656565656565656565656
0420575657575757575757575757575757575757575757575757575757575757575757575757575757585757575858575857575757575757575758585758
0421585857585758585858585858585858585858585858585859595958595859585959595959596060595960606060606060595960606060606060606060
0422606060606060606060606060606060606060606060606060606060616161616161616161616161616160616161616061616060606061616160616161
0423616161616161616161616161616161616161616161616161616161616161616161616161606161616161616161616161616161616261616161616261
0500616293626262626262626262626262636363636363636363636364636363636363636363636363636363636364646464646464646464646464646464
0501646464646464646464646464646464646463636463636363636363636362626262626262626262626262626262626262626262626262626262626262
0502626261626261616162626262626262626262626363636363636464646363646464646565656566666667676767676767676768686868686868686868
0503686869696969696969696969696969696969707070707070707071717171717171717171717171717171717171717272727272737373737373737373
0504737373737373737474747474747474747494737373737373747374737474747474747474747474757474747474747475757575757575757575757575
0505757575757575747475757575757575757575767676767676767676767676767676777777777777777777777777777777777777777777777777777776
0506777777777776777777777777777777777776767676767676767676767676767676767677767676767676767676767676767676767676767676767675
0507757675757575757575757575757574757575757575757575757475757575757575757575757575757575757575757574757474757474747474747474
0508727272727172717272727272727272727272727271717171717171717171717171717170707071717070697070696969696969696968686869686868
0509717171717171717171717171717070707171707069707069696969696969696868686968686868686768686768686767676766676667676767666767
0510676667676767676766666667676767666766666667656565656565656665656565656465646464646465646465646464636464646363646465656465
0511656465666566656565656565656465656565656464646564646464636463636364636263616161606061616161616161616060616161616160605960
0512606161616161616160616059606060616060606059595959596060616061606059606061606060596060606061616060616060605959595960596061
0513595758585959605860595959605960595959585959585859595958585857585759585757585858585758585757575956575758585755565657565556
0514565656575756565757575657575657575757575556565657565655565555555655555554565655555756565555565555575654545555555554545455
0515555655555554545353545553535254545455545454545454545454545352515253535352535353545253535353535454535353545352545454535355
0516535453535152515151525352525252545353535151535152525353535353535453525353535454545554545454555453535354535252535353535453
0517535554545253535453535352525353535353535454545555555556565555555555555555565555565656575656565655555556565656565656565556
0518555656565655555554555456555555555455555555545555555555555555555555555555565656565655565656565656565656565657575656565756
0519565656575657565757575656565657575657575757575757575858575757575858585858585858585858585858585858585858585858585958585858
0520585858585858585858585858585858585959595959595959595959595959595959596059595959595959595959606060606060606060606060595959
0521595960596060596060606060606060596060606060606060606060606060606060606060606162636364646465666666686868696969697070707070
0522707070707070696969696969696969707069696968696969666565666667686869717172747577777879798080828282828282838383848484848485
0523868687878788888888888888888888888888888888888787878787878787878787878787878787888787878787878787878787868786868686868686
0600868686868686878788888888898989898989898989899090909090909090909090909090909090909090909090909090909090909090909191919191
0601919191919191919191919191919191919191919191919191919191919191919191919191919191919191919191919191919191919191919191919191
0602919191919191919191919191919191919191919191919191919191919191919191919191919191919191919191919191929292929292929292929292
0603929292929292929292929292929292929292929292929292929292929292929292929292929292929292929292929292929292929292929292929292
0604929292929292919191919191919191919191919191919191919191919191919191919191919191919191919191919191919191919191919191919191
0605919191919090909090908989898888888888888888888887878787878787868686858685858685868685858585858484848383838383838382838283
0606838383838382828282828281818181808081818181818181818181818181818180818180818181818080808080808181808080807979797979797980
0607808080808080808181808080807979797980807980797979797979797979797979797979797979787778787878787878787878787878787878787979
0608787878787878787878787877777777767777777777777676767677767676767677767677777676767676767676767676757675757576767676757575
0609767575757575757475757575767676767576757676767676767676767576767675757676757575757575757575757575757474747474747474747474
0610757474747474747473737474737373747373737273737272727271717171717171717171707070717069696969696869697069696968686869696869
0611686867686868676767676767676667666766666666666667676665666665666666656566666565666565656567666666666565666667676665656666
0612666566666666666666666666666666656566656565656565656464656464646464646363646464646465656565656464656565656564656564646464
0613646464636464646464656464646463646464646464636363626262616161616262616161616161626162626161626161616161626161616161616262
0614616161606160606060606060616060606060606060606159616160596059596060606060596060616161616060606061616159606160616262626262
0615616261616160616161616262626262626262616262626262626262626262636263636362626262626362636363636464646464646464646665646565
0616656464646464656565656565656465656565666667666566666566666665656565656565656565646565646463656464636464656464646464656464
0617646465656464646464656464636464646464646464656564646565646465656565655965656564656565646565656566656566656566656565656565
0618656465656565656565656665656464666565656464656564646364646464646363636363636463616262616160606060605960596059595959595959
0619605959595959605959595959595959595959595959606060606059595960606060606160606060606060585959595959595960595859595959605958
0620585858585858585858585858585857585858585859595858585858585858595858585858585757585757575757575757565756575756575656575656
0621565757575757575757575757575757575657565657565757575857575757575757575756565756575757575656565757579157585757575757575757
0622575757575857585758585858585858585858585859585959595959595959585859585958595958585859595858585959595859595959595959585959
0623595959595959606060606060606060605960596060606060606059605960606059606060605960606060616363636466686768687171727374757373
0700767576767575767476747475757575767677777778787877777878797878787777778079797878787778777876777878787777777877767476767679
0701797676767574747473737374737473747474757474747676767777777778788080808282838383838384838384848484838383838383838483848484
0702848484849284838383828383838384848484848384848485858585858585858585858585858585858585858585858586868686868686868686868787
0703878788888888898989898989909090909090909090909090909090909090909090909090909090909090909090909090909090909090909090909090
0704909090909090909090909090909090909090909090909090909090909090909090909090909090909090909090909090909090909090909090909090
0705909191919191919191919191919191919191919191919191919191919191919191919191919191919191919191919191919191919191919191919191
0706919191919191919191919191919191919191919491919191919191919191919191919090909090909090909090909090909090909090909090909090
0707909090909090909090909090909090909090908989898988888888888887878686868787878787878787878787878787878887878787878787878787
0708878786868787878788888888888888888888888888888888888888888887858585868686868686868686858585848383828383838383848484858585
0709858585868586858585848485848483838283828283828383848585848585858484858585848280808181828181828282828382838382828281828282
0710818080808081807978787978787879787979787979797878787878797979787878787879797978798078777878807978797879787878777877777777
0711787778797978797979787979797978787777787777777777777879787777767675767777777778787777777879797878787877777777767777787877
0712767777797979797978787978797877777777777778777876757575767575757575757676777775757676757777777776767777777877777877777777
0713787877777777777777767676767777787776767676767575767676767776777575757575757575757576767573757475757574747474747475757474
0714747374747472737271717372727373737172727272727373727272727272727171717271717271737171717171717070707070707170707170706967
0715676867676867686869696968656667686767676867686767686868686868686970707070707070707170707070707170717070717172717171717171
0716717172717272717272717271717271727272717172727171727272727272727372727272727172717272737272727272727373737272727273727273
0717737374737272737373727272717272727372727272727272737272737273737373737373737373737373737373737373727272737473747474747373
0718737473737373737373737272737373737373737273737472727273737272737372737373737373737373737474747574747473737474737373737373
0719737473747373737272737373727273727271717172717171717171717271717172717172727273737373727372717171717171717171717071717273
0720737372737373737373737373727272727372737575777776757475747474747374737373727171707071707071727375757575767676767676737476
0721777574737272717273737475757576777778787879797980807978787878777980787878787978777676767777767676767676777879797880828383
0722838383848585858585858484858585868686868686868686868585848485858585848484848482808080818181797777777677767676767676777777
0723777878807980807980818282828383838384848483848484848484858484848384848484838384838384848585858686868686868686868686868685
0800858586868686868686868687878787878787878787888888888888888888888888888888888888878685848483838383838282828281828182828282
0801828282828282828282828282828282828282828282828282838383838383838383838383838382828282828282828281818181818081818182828283
0802838383838383838281828283838384848483838282828281818181818181818080808080818181818181818181828282818181818181818282828282
0803838382828282828181818282818181818181828283838383838383838282838383838383838382807978787878787777777776767677777676767676
0804767676767676757675757576757575767576757575757576767676767676767676767676767776767675767676757676767776767576767676767675
0805757676777777777777777777777878777777787878797979797979797979797979807980808080808080808080808080808080818181818181818282
0806828282828282828282828282828282828282828282828282838383838283838383838484848484848484848485858586868686868686868686878787
0807878786868687868686868686868686868686858686868686868686868686868686868686868787878787878788888888888888888888888989898989
0808898989898888888786858484838384848484848484858585848482828282828282828182818181818182818181818281818182818181808081808080
0809808080808181807979797980807979797878787979787979787979787878787878787878777878787878787878787878787878787879797979798080
0810797979797777787777767777757676777778777676757676767676767675767575767575767675757575747574757475757675757374737273737172
0811717171707069697069707068686969686868696967686869716968666666676767676667686868696767676667676766666668656665646364666565
0812676566666767666667666667666565656566646566646564636563626364646263646262646362636465615857595859596160595858595959606060
0813596060606060606058596059606058575957575757595856555656575757585958585958585455545455555555565757575860585757585756565457
0814575558575657575756555455545456555455555353555452535355565556565756565554555756565657565655545555535355535554555454545555
0815555354535357565654565454555457555553535456535352535353525352525051495049474948494748515049485050515050495049494951515253
0816515149474949495051504950525151514849474747454950484544474546474847494845494849484850515150525355535152505052515152505152
0817515151515251505151515252535352525251525251545353525354525251515051525152515151535252525252525153545452535252525353515352
0818555354525353535554545453545353535353535452525253525252525353555453545454555554535354545453545254535353545353535554555554
0819535352535253545555555454555456525453535453545555555454545555555656565756695657575657575656565756575656575858575757585857
0820575757575758575756565756585757575758575758595858585859596060616061616161616162626161626363646464646464656565666666666666
0821656666666566666565656565656666666565656565656565656666666564656565656565666565646464646465656566656565656666666768686867
0822686868686968686868686868686767676868686868686868696869696969696968696969686969707070707071717373737272737272727272717171
0823717071717170707170717171717172727272727272727171727272727373737374747474757474747576757575757575757575897676767777777678
0900777878787878797979808080798081818180808181818080797980807978777676767575757575757574747474757575757575757675767676767676
0901767676767777777777797979797979797980808181818182828283838383838383848484858585858585858585858586868685858585858586868686
0902868686868686868686868686868686868686868686868686868686858585848382818181808079797979797979797979808080808080808181808080
0903808080807979797979797979797979787878787878787878787878787878787878787878787879797979797979807979798080808080808080808080
0904818081808080918080808081808080808181808080818081818080807979797979808080808080808080808080808080808081818181818181818181
0905828282828282828282828282828282828282828282828282828383838383838383838383838484848484848484838383838383838282828282828383
0906838383838382828383838383838383838383838383838382828282828383838282828282828281808080818181818181818181818181828281818181
09078181828281818181818182828181818181818182828281818181818182 0 0 0 0 0 0 0 0 0 0 0 0 0 0 0 0 0 0 0 0 0 0 0 0 0 0 0 0 0 0 0
0908 0 0 0 0 0 0 0 0 0 0 0 0 0 0 0 0 0 0 0 0 0 0 0 0 0 0 0 0 0 0 0 0 0 0 0 0 0 0 0 0 0 0 0 0 0 0 0 0 0 0 0 0 0 0 0 0 0 0 0 0
0909 0 0 0 0 0 0 0 0 0 0 0 0 0 0 0 0 0 0 0 0 0 0 0 0 0 0 0 0 0 0 0 0 0 0 0 0 0 0 0 0 0 0 0 0 0 0 0 0 0 0 0 0 0 0 0 0 0 0 0 0
0910 0 0 0 0 0 0 0 0 0 0 0 0 0 0 0 0 0 0 0 0 0 0 0 0 0 0 0 0 0 0 0 0 0 0 0 0 0 0 0 0 0 0 0 0 0 0 0 0 0 0 0 0 0 0 0 0 0 0 0 0
0911 0 0 0 0 0 0 0 0 0 0 0 0 0 0 0 0 0 0 0 0 0 0 0 0 0 0 0 0 0 0 0 0 0 0 0 0 0 0 0 0 0 0 0 0 0 0 0 0 0 0 0 0 0 0 0 0 0 0 0 0
0912 0 0 0 0 0 0 0 0 0 0 0 0 0 0 0 0 0 0 0 0 0 0 0 0 0 0 0 0 0 0535353535351785252525254535353535453535351525253535353535353
0913545553545352525453555253555355515351535452505152535453545353535555535052515152545452515352515152535151545353515152514950
0914515050495051525051505051504848494948484749495050494850494949484846484749464947474946464646464547464843454545474845474745
0915474545444542444545424345444544454546444544424343434445464546454546464746464648464948474646474646444546454547454745464747
0916444547464545454647464744454744454645424545464846434444454646454343444444434144464543414344424344444344434345454545454444
0917454447484646464544444545444445454446464546464745484648475047464747474746474746474847474647474646454546474746484647474747
0918484848474848484849474950484647484847484848484847494747484848494949505150494948494849505151515049505051515149505150505050
0919494949494949515151515151515152515152525152515152525152525151515051515252525253535353535554525252535252545352525152535355
0920535555555354555555565757575858585859585959595960606060606060585960606160605960616059595858595959605959606058575858575756
0921565758575859606058605959596263626059586058605859585858575960626060606160606161616061616161616160616160606060626160636465
0922646463636262626161626162616262626262626262626362636363636263636263636364646464646465656565666665656566666567666667686869
0923697070707070707170707071707070707070707070707070707070717071707071707070707070707070707071706969706969696969706970707070
1000717171707071717171717171707071717070707070707070717271717272727271717172727172727271717172737273747473747574757474747475
1001757575757575757575757575757575757575757575757575757576757676767575757576767576757575757576767676767676767677767676767675
1002757575757575757575757576767676767676767777777777777777777777787878777877777777777676767777777777777777787777777778787878
1003787878787878787878787878787979797979797979797979797979797980808080808080808080818181818181818181818181818181818181818181
1004818181818181818181818181818181818181818181828182828282828282818282828282828282828282828282828282828282828282828282828282
1005828282828282828282828282828282818182828282828282828282828282818281818181818080808180808080808080818081818080808181818181
1006818181818181818181818180808080808080818181818181818180808080818181818180808080808081818081818180808080808080818181818181
1007818181818181818080808080808080808181808080808080808080808080808080808080808080808080808080808080808080808080808081808180
1008808081818181808080808080808080808080808080808080808080798079797980807979797979808080808080808079797979797979797979797979
1009797979787878787979787878787878787878787777777878797878787878787778787878777878777778777777787777777676767777777777777776
1010777777767676767677777576757575757575757575757574757574747575757474747373737373747474747372737372727273737372727272727273
1011727170717171707071717172727272727272727373717170707171707070717170707070696968706868686968696969707171707071707069706969
1012686970706968696869686868666666666766676868686768686869706767666664656766676767676767676867666668686767676564646465656363
1013646565666665646566646565666666676766656666676565656668676868696968676868686868686869707169696970696969707068696970706870
1014696868676868697071717171717171717272727272717272737271727373727171707070707071717271727272727272717273727271727272727273
1015727273727373727373737374727272727371727373737474737473747474747474757474757574757575757576757576757575757575757575757575
1016757576757675767676757574747575757575757575757676767676777777787878787980818181828283848485858485858585868686868686868686
1017878787878787878787878787878787878787878787878787878787878787878787878686868686868686858584848383848484858586868686868686
1018858585858586868686868686868686868686868686868686858585858585858585858585858585858585848483848484848484848484848585858585
1019858686858585858484848484848484858484848484848484838383848384848384848484848585848484848484848384848484848484848484848384
1020848484848483838484848384848383838383838383838484848484848484848484848484848383838383848483848383838383838383838383838383
1021848484848483848484848484848484848483838383838383838383838484838483838383848383848484848484858585858484838383828282838383
1022838383838383838383838383838383838383838383838383838383848485858585858585858584848485858585858585848484848484848484858585
1023858585858585868686868686868685858585868686868686868686868787878686868686868686868585858585858585858586868686868687878787
1100878787878787878787878787878788888888888888888888888888888888888888888888888888888888888888888888888888888888888888888888
1101888888888989898989898989898989898989898989888888878787878787878787878787878788888888888888888888888888878791878888888888
1102878787878787878786868686868687878787868686868686868686868686878787878787878787878788888888888887878787878787878787878687
1103878787878787878686868787878787878787878787878787878787878787878787868686868687878786868686868686868686868787878787878787
1104868686868686868686878786868686868686868686878787878787878787878787878787878787878787878787878787878787878787878686868686
1105868787878686868787878787878787878787878787878787878787868687878787878787878686868585868686868585858585858585858585868686
1106868585858585858593858585858686868686868686868686868686868686868686868686868686868686868686868686868686868686868686868686
1107868686868686868686868686868686868686868686868685868686868686868686868686868686868686878787868686878787878787878787878787
1108878787878787878787878787878787878787878787878787878787878787878787878687878687868686868686868686868686868686868686868686
1109868686868686868686868686868686868686868685868685858585858586858585858585858585848484848585858585848585858585858584858585
1110848485858584848484848485858585858585858585858581858686858585858585858585858585858585858686868686868686868686868685858585
1111858585858585858484858584848585848585848484848484848484848484848484848483838383838383848484848383838383828282828383838383
1112838383838382828282828282828281828281818181808081808181808180808079798079797980797978797980797778797978777979787878777878
1113777776777878767776777777777677777777787878787776767676767677777676767777767675757576767676757677777675727373747374757475
1114747474757674747473737473747576767676767576767676767576757576767777767777777754767677777777777778787877777777777778787877
1115787777777778777778787778787878787878787878787979797980808181818282838384848484828282828282828282828181818181818181808080
1116808080808080808080808080807979798080808080808080818181808181818181818181818181808181808180807980808079797979797979798079
1117797979797979797979787879797979797978787878787878787877777777777877777777777777787778787878787878787878787878787878787878
1118787878787878787878797878787878787878787878787878787879787978797979797979797879797979797979797979797879797979797979797979
1119797979787878787878787878797879787878787878787878787878787978787878797979798080808081818181818282828282828383838383838383
1120838383838384848484848483838383848383848484848383838383838383838383838383838383838383838383838383838384848484848484848484
1121848484848484848584848484848585858585848484848484848384848484838383838384848483828282828282828282828283838282828383838383
1122838484848484848484848484858585858585868686868686868787868686878787878787878787868686878787878788888787878787878787878787
1123878787878787878787878787878788888888888888888889898989898989898989898989898989898989898989909090909090909090909090909090
1200909090909090909090909091919191919191919191919191919191919191919191919191919191919191919191919191919191919191919191919191
1201919191919191919191919191919191919191919191919191919191919191919191919191919191919191919191919191919191919191919191919191
1202919191919191919191919191919191919191919191919191919191919191919191919191919191919190909090909090909090909090909090909090
1203908989898989898989888888888888888888888888888989898989898989898989909090909090909090909090909090909090909090909090909090
1204909090909090909090909091919191919191919191919191919191919191919191919191919191919191919191919191919191919191919191919191
1205919191919191919191919191919191919191919191919191919191919191919191919191919191919191919191919191919191919191919191919191
1206919191919191919191919191919191919191919191919191919191919191919191919191919191919191929191919191919191929191929192919191
1207929292929292929292929292929292929292929292929292929292929292929292929292929292929292929292929292929292929292929292929292
1208929292929292929292929292929292929292929292929292929292929292929292929292929292929292929292929292929292929292929291919191
1209919191919191919191919191919191919191919191919191919191919191919191919191919191919191919191919191919191919191919191919191
1210919191919191919191919191909090909089898989898989898989898989898989898989898989898989898989898989898989898989898989898989
1211898989898888888888888888888888888888888888878788888888888888888787868686858586868686878686878686868787878787868686868685
1212858686868585858686868585858585868585848585858585858585858383838384848383848484848484848485848484848383838383838383838383
1213838383838383838382828383838282818081818181818181808181808081808179797978797978787979797980798078797878787778787978777776
1214777777787776777777767676777778777774757676767677777778777778797877767573747474767676757675777676767778777777777677757677
1215747676747374757574747574737475737373747372737373737473737374737372737371717171717171727272717171727170727273725450515251
1216737373747372737373737473737374737372737371717171717171727272717171727170727273727171737271737371717172727271727273737371
1217717172717171717272717072727373727272727273727274747071707070717170717071716969707070706969707069707069706968696970707071
1218717070707069686969686869696868696968706969696969697069696970706870707170717070707070717170717174747374747475747474757576
1219767676767676767777777878777777777878787878787878797979797979798080808080818181818181818181808180818181818282828282828282
1220828282828282828382828383838383848484848485858585848485858585858585858585858585868585858585848485858585858585858686868686
1221868787868686868686868687878787868686868685858585868686868686868686878787878787878787878788888888888888888888898989898989
1222898989898989898989898989898989898989898989898989898989898989898989898989898989898989898989898989898989898989888888888888
1223888888888888888888888889898989898989898989898989898989898989898989898989898989898989898989898989898989898989898989898989
1300898989898989898989898989898989898989898989898989898989898989898989898989898989898990909090909090909090909090909090909090
1301909090909090909090909090909090909090909090909090909090909090909090909090909090909090909090909090909090909090909090909090
1302909090909090909090909090909089898989898989898989898989898989898989898989898989898989898989898989898989898989898989898989
1303898989898989898989898989898989898989898989898990909090909090909090909090909090909090909090909090909090909090909190909090
1304909090909090909090909090908989898989898989898989898989898989899090909090909090909090909089898989898989898989898989898989
1305898989898989898989898989898989898989898989898989898989898989898989898989898989898989898888888888888888898989898989898989
1306898989898989898989898989898989898989898989898990909090898989898989898989898989898989898989898989898989898988888888888888
1307888888888888888888878787878787878787878787878787878787878786868787878788878787878787888888888888888888898989898989898989
1308898989898989898989899389898989898989898888888888888887878787878786868686868686868686868686868686868686868687878787878787
1309878787878787878787868686868686868585858585858585848483848383838383838383838383838384848384838483838484848485858584858585
1310868585848485858584848484848585858585858585848585858585858586868686868686858585858585858686868686868686868687878787878787
1311878788888888888888888888888888888888888787868686868585858585858585868686868686858584858584848584848585858585848485858483
1312838383838383838383828182838382838283838382828282827482838382828384828282818080787880798079787879787979777676767776777776
1313777778767676757576777777777777767475757374747374747574747575747574747373757472737373747373727273737273717172737271727271
1314727272727374727172727172727170717171727271717172717171727372737371707070707171717170727271727270707070717272737373737472
1315727170696869696968686970686969717274727373747474747375747373737474757373737374706968696968676967686767676767686869676866
1316656566666767666666676765656668676767676765666564666566666667666566666666656666688166676968676869696868676867676767676869
1317696867686867696969686766676767686867696869696865656667676865646665656667676565666766646465646363646362626363636362626262
1318626160596060595860616161626363646465646464666566666666676768676765666666676768686767676767686768696968686969706969706970
1319696969707069706970697069707069707070707070707071707070717170707071707071717171717172727172727273737373737373737374757574
1320757475747574757575757575757474757475757475757575757575757575757575757576757575747474747474737373727272727273728973737372
1321737373737272727272727272717172717171727272737373737373727473737273737373737374737374747474757575757575757575747575757575
1322757575757676767676767676767676767676767676767676767676767676767676767676767676767677777777777777777777777777777777777777
1323777777777677777777777777777777777777777777777777777777777777787878787878787878787878787878797979797979797979797979797980
1400797979808080797980808080808080808080808080808080808080808080808081818180808181818181818181818181818181818181818181818181
1401818181818181818180818180808080808080797979798080807979797979797979797979797979797979797979797980818080818180808081818181
1402818181828282828282828282828383838383838383838383838383838383838382818181828282828282828282828282828182828282838282818081
1403818282818181818181818181808181818181818181828282828383838283838383838282828383838383838384848484848484848484848484848484
1404848484848484848585858585858585858585858585858585858585858585858484848484848484848484848484838384848484848484848484848585
1405858585858585858585858585848484848585858585858585858585858585858585858585858585858585858585858585858585858585858585858585
1406858585858585858585858584858485848484848484848484848483838383838382828282838383838383838383838383838383828282828282838383
1407838383838484858585858585868686868686878787878787878787878787878787878787878888888887878888888888888888888888888888888888
1408888786858585848484848483838383838383838382828282828281818181818181818080808080808080818080798081828282838383848383838383
1409838383838483828282828281818281828181818081818080808080808180808081808081818080808079797978777878777575757474747373747374
1410727473727171727069706970707070696968686767686868676768666567686767676667686866676867656768676664636363646364646565666766
1411656767656766646564636363646265656464646663636264636262626363646364656464646463626262646463636162646261636260616363636262
1412626160605857606060605857585757585958595958615858585656575555555756545355565554535153525453555555545553545354525558545655
1413535453555454545355555551515150494849485149495051505051525253525253525053535149525053525252535251535152514950515154535454
1414525151525354515353525353525154535152515251525151525353535354535352545251525151504949505351515151515453505352515152535252
1415515253535455555253525150515051515251495051525250535154515153555553525154535252515150525253535253535251505050495051505250
1416475050484647494747484846464648494746475050504748484950504848494848505049494848504950494850495049495050484949494849494849
1417515050494950485151505047494950494848494951514949484949494847474747474748515048505153515151495055525252545252525251515152
1418525050504849495152504950575456555753545455545453545555545555555556555555555555555455555655545454545453545454555656575756
1419565556575758575758595758585858585858585758585858585858595959585959595959606059596060606060606161616061616261616262616162
1420616161606161605960606061616161616262626262636363636362626262636263636463626363636363636464646464646564666565656666676767
1421707071706868676767666565646564646564656565666665656668686767676768697072727172717069717272727373737170727371737271727273
1422737474737273747475757576767979797979777879797979798081818181818180807980818180808080797980818181818180808081818282828181
1423818282828282828282828383828282828382828181818182828281818180818181818181818080807981818282828281818182828282828282828282
1500828281797879808181818182828282838383838383838483838485858484838281807977787777787977777778777472727273757575757576767675
1501767576757574767677777778787979787978787879797979797979797979797979808181818181818181818182818181818281818180797980808081
1502818080818282838383838383838383828282838383838383838383838383848484848484848484848585858483838282838382828282818182828383
1503838282828283838383838383848484848383838383838281808079797979797979797878787878797979797979797979797979797979797979797978
1504787979797878797979798080807979787878797979797979797979808080808079798080797979797879797979797979797979797878787979798080
1505808080797878787879787977777776777979797978798080808081808181807978797979787979798081827980818080797978787879787778787879
1506808181818282828282828383838383838383838383828383838282828383848484838383848484848484848484848484848484848484858585858585
1507858585858585868585858585858584848484848485858585858484848484848484848485858585848585858585868686868686868686868686868686
1508868686868686868686868686868686868685858483828281808080808080808080798081818080807979798079797979787879797979787878777677
1509777778767676767675757575747575747373737373737373727373737273737374737270717171707069706970696968676868686868686767676767
1510676766676767666666666565866565656666676667676666666666656566666666676565646565656565656665656465646263636464636463646363
1511636363636363636362626262616260606060616161616161606160616060606161616160616062636159606161606159585860595857595858595858
1512606057586058585856585956575757575958595756565757585859586061585959595856565757565557555556575656575554565555555455555656
1513547676767777787777575554555555545457575855565454555553545455545453545353545353535452545254545353555351515152525455535353
1514545354535252535151515353525255525150494951524949494850474749504750515151505151505252545253535354535554545455525250525353
1515535353525354525253535555555454545353545454565555535353525454545454545454555555565454535455545554555655565857555454545454
1516565657565656555555575757575660596060596061626263626463646363646364656464636464636464646464636363646363636363636362636363
1517626263636363636364636464646464646464646563646464646464646364646464656465646364636565666566656566666666666666676766666666
1518666667676767666767676766666668676767676667676667676767676767676768676767676667676666666767676767676767676767676767676868
1519686768686868686868696969696969696969697070697070707070707070707070707070707070707071717170717170717170707071717171717170
1520707171717171717070707070707171717071717171717171727271717171707171717172717171717171717271717172717172717171717171717170
1521707070717070707070707070707070697070707070707069707070707070707070707070707070707070707070707070707070707070717070707171
1522707171717272727172727172727272727272727272727372727272727272727272727272727272727172727272727272727272727272727272727272
1523727272727272727272727272737373737373747474747474747475757575757575757575757575767676767676767676757675757575757575757575
1600757675767575757575757575757575757676767676767575757575757576767676767676757575757575757574747474747474747474747474747575
1601757575757575757575767576767575757575747474747474747575757575757676767676767575757575757575767576757575757575757575757676
1602767676767676767676777777777778787878787878787878787879797979797979947979797980808080808080808080808080808080808080808181
1603818181818181818181808080808080797979797979797979808080808080808181818181818181818181818181818181818181818181818181818181
1604828383838382828282838382838382828282828282828282828282828282828282828282818281818181818181818181818181818181818181818181
1605818181818080818080818181818181818181808080808080808080808080808080808080808080808080818181828281818181828181818181808080
1606818282828282838383828282818282828283838383848484848484848585858585858585858585858585858585858585938585858585858484848484
1607858585858585868586858584848382828281818181818080808080808080808080808080818181818181818181818181818181818181818181828282
1608828282818181818181818181818181818181818181818281818181818181828282828282828282828282828281818181818182818281818181818181
1609828181818180808181818181828282828282818181818181808080798080798079797979798079797979797979797878787877777878787777777777
1610787876777776767475757575747474757474757373737373737272717171707170676869696867686868686969696870706969696969697069686867
1611686869736969686969696868676667686666666868666766676868666766666767686666676666666666676768676768676665656566656565656565
1612656465656466656564646363636563646363636464636262636363636362626262626362616262626262626364646362626364636363636262626162
1613616262626163616062616161626261636062626161626362606060605960606160586060595959616061585958595758585656565656585757575553
1614535254555555565555535353535355555656575858565757575858575756585858575657575857575756565757585758605960605960616060616160
1615606161625960616161616162626261626262596262626262626261626162616264636364646464646564646464646464646464656665656565656564
1616646464646465646564646564646464646464646464646464646364646464646464646464656564646464636363636363636364636363636364636464
1617646464646262636364636262626062626262626262616162626262626262616161636262626261616263636362616262626261626362636262626362
1618616162626362616261616161616261606161616161616161626162616161616161606162626362626161616262636262626263626161616261626262
1619626362626362636362636464646463646362636363636464636464656565656465806666656665666666666665656566656566676767666767676768
1620686867676867666766666666666666666666666666666667676767676868686868686968696969707069707070707069696868686868686867676767
1621676767676767676767676767676767676667676666666666656566656565656565656564646565646464656464646464646565656565656565656565
1622656565656565656666656665656566666666666666666666666666666666656666666666666666666666666666666666666666666666666666676667
1623676868686868696970707070717171717272717272727272727272717172727373737373737373737273727372727272727171717172717171727071
1700707171727273737373737372727272737476777777777778787879798079798081828181828181818282828383838384848585868686868787878787
1701878787888888888888888888888989898989898989898989888888878786868686868686878787878787888888888888878786868685858586868787
1702878787878888888888888888878888888888888888888989898989898989909090909090909090909090909090909090919191919191919191919191
1703919191919191919191919191919191919191919191919191919191919191919191919191919191919191919191919191919191919191919191919191
1704919191919191919191919191919191919191919191919191919191919191919191919191919292919292929292929292929292929292929292929292
1705929292929292929292929292929292929292929292929292929292929292929292929292929292929292929292929292929292929292929292929292
1706929292929292929292929292929292929292929292929292929292929292929292929292929292929292929292929292929292929292929292929292
1707929292929292929292929292929292929292929292929292929292929191919191919191919191919191919191919191919191909090909089898989
1708898989898989888888888888888888878787878786878686868686868686868686858584848484848484838383848383838383838383838484848484
1709848483838382838383828181818181818182818181808080808081818180818181818182818181818181818282828182828282828282828282828282
1710828282818180808181818080797980797978787979787878787878787878787878787878797979797979798080797980808080808181828383838484
1711848585868686878787878787888888888888888888888989898989898989899090909090909090909090909090909090909090909090909090909090
1712909090909090909090909090909090909090909090909090909090909090909090909090909090909090909091919191919191919191919191919191
1713919191919191919191919191919191919191919191919191919191919191919191919191919191919191919191919191919191919191919191919191
1714909090909090909090909090909090909090909090909090909089898989898989898989898989898989898988888888888788888888888888888888
1715888787878888888887878787878788878786868686858586858686868685858585858584848484838282828282828282818181818181818181818080
1716797979808079807979797979797979807979797879787879787878787877787878777777777777777877767776767777777777777777777777777777
1717777776777777777677777776777776767676757676767676757676767676767575757676767575757575757575767576767676757575767675757576
1718757576767575757575757676767676767676767676767676777676767676767676777677777777767676777677777677777777767676767676767676
1719767677777777777777787979808180818282838384838384848484848585858585858586858685858585858686868685858585858485848484848484
1720848585858484848484848484848484848484848585858584858585858585858585858585848484848484848383838383838384838484848484848484
1721848484848484848484848483848383838383838383838383838484848484848484848484848484848484848383838484848384848484848484848484
1722838383838383838383848484848484848383838383838484838384848382828384848484848585858585858586868686858384848585858586868686
1723868686868686868686868686868585868686868686868686868686868685868686868586868686868685858586868585858585868685858686868585
1800858585858585858686868585858585868585858585848484848584848484848383838484848384838383838383838384848484848485858485858584
1801848485848384848484858484838182828181808181818181818282818181818182828283838383838484848585858686868687878787878787878787
1802878686868686868585848584848484838483838383838384848483838484848484848585858585858586858585858686868787878786868686858585
1803848484848484848484848484848484848484848484848383838383838383838382818282828282828282828282828282838382828282828282828382
1804828383838383838384848484858484848485858585858685858586858483828181808080808081818080818182828282838383848484858586868686
1805868585868686858586868686868686868686878686868686868787878787878787878787878786868585868685858585858585858686868686878787
1806878787878686868686868687878787878787878787878787878787878787878787878787878787878888878788888787888888888888888888888888
1807888888888888888888888888888888888888888888888888888888888888888888888888888888888888888888888888888989898988888888888888
1808888888888888888888888888888888888888888888888888888888888888888888888887878888878787878787868686898686868686878687878687
1809868686868584858485848484858585858686858686858586868686858686868685858686868685858585848485858585858585848484848483838384
1810848484848383838383838383828383838383838384848484838282828282828282818181808080808079818182828281828181808181818182828181
1811818080798081818281808181828282828180808080808080807979787979787878797979777877767777767777777676767676767576777776767574
1812747575767573747475757574737475737474757574747576767575747575757474727272727473737374757474737474747573727274747172737574
1813737474657473717272717171717070707070716970696869696868686868696767676869686667676767696867676768676769666867656768686666
1814676666676767676666656466656466656565666465656566656463646463646364646465656465646465656565676664646564646363646464656564
1815656462646465636263636363636262626262636262616162626364636262626263636263646363636162636362646464636262616262636362616362
1816616261636362636262626362636263626262636261626362646262626262636262616263636162616162616162616262616061616060616161615960
1817596059606058595959595959596059606059605951596060595959616061606060606060605959595960605959595959585858585758585859595959
1818595959595959616161626061626263646362626262636263626262626060606060596060606059596060596061596061606060606060616061626262
1819616160616161616161606061616161606059606061606160606060606060606161616161616161606061606161626160585959616160595857585858
1820585858575758585858595958595959606059596060596059595959595858586058585959585858595857585758595858595959595959596161626263
1821656667686665706669686971716968717171717072747373727272717070737374676682656362636464646465666564646565686665666865656666
1822646464646565656565636362636164646864636566656366646463646666656765647371687069686667707170686873707171707072747172726867
1823686971727374717069717170716967676864606365686968686766697069697273737475747372697274707473686867676767656565656362626059
1900575656555555545453545353535453535352535355535353545354545454565454535353525352535454535353545554525354545355535254535453
1901535354545354555556555457565656565656595755555455565655535454535355535354555554555656555454555453535354545352535252525253
1902525355565758595959606060616364636465656766676767697172727373747375747372727171707169686868707071707070717272727272737474
1903747574757575757676777573727471727170717170707170686969707070707068687071707173757574757576777776767776767678797878797979
1904797978767676787880797878787978787878797878797878787979828283848484848280818281818181807979797979797979797879808080797980
1905808080808080797980808080808080808179808079787777777776767778787979797879808079798079808080808081808180818182828182818080
1906808079797878797879797980808079808080828181828282828181818180808080818081818182828183848484848382828283828181828283848484
1907848585858585868585858585858484848484848484848484858585858585868686868686868686878786868686878787868686868787878686878787
1908878787868786878787868686868685858584848586868585858585858585848484848383838282828282828181818181828282828282838383838383
1909848484838484848484858585858383828382828283838282828282828283828282828282828282828181808080818180808080808080797980808080
1910808182828182818080807978797979787979808179787877777877787777767677787777787777787777787876777777777775767776767677767576
1911757574757576767776757575767676767777777777777878787777787878777878777778797877757676777676757777777776777777767576757676
1912767676777677777776777675757475757574757475747375737373747473737374747473737372727373747574737473737373747374747473717372
1913727374747473727373747372737273737272727272727372727273727373737371717170717372717172727372737272717273737173717171717271
1914727270707171717070707070707171707171717070706971717271717070717171727272716971717170707070707070707070696969706969707070
1915707067676866676868676868686767676767666767676867656366656566666766666666656368655853555456545556545453515253525153515252
1916515050515253525152535253515354535454525355545252535556545554545554525354535455545456575455545453545352525252535253525252
1917535352535354535151525252535354545352515253545352545455555555565554565554555656555554545556555555555658585655555557565556
1918575555565657565758575758565658596057595860595859575860595658575957575857595859606061616061606162616161616162636262616161
1919626362626262636263626363636363636363636363646363636364636363636464646464656564656464646464646465646464656464646565666664
1920646465656565666666666566666666666666656666656767666565656565656566666666656566666666666666666767686868696969696970707071
1921707071717171717272717172727171717171717171717171717171717170717070707070707070707070696968686867686868696969696969706969
1922696968676867676767676868676869676767676868676767676868686868696966666767676666666567676767696768676768676868676868676768
1923686869707071717272737373747474757575757575757576767676767676767676767676767776767676777776767777777776777776777777777877
2000787778777777777777777777777777777878787878787878787878787877787878787878787878787878787979797979787878787878787878787878
2001787878787878787878787878787877777677777777777777777778777777777877787878787878787878787878787878787878787877787777777777
2002777777777877777777777777777777777777777777777777787878787776777677767677777778787878787879787878777877787878787877777878
2003777777777777777777777777777777787878787878787979797979808079797980808182828080807980797880818282828181818081797979787878
2004787878777878787777787878787877787878787879797979797878797978787878777777777676777676777777767676767776777676767776777777
2005767777777778787878797979797979797979797979787979797978787979797977777878777777767676767676767575757574757575757475757474
2006747473747474747374727272727273727272727273737273737373737374737373737373737373737374747473737474747575757474747575757575
2007757575757574747473737473737374747474747373737373706970696969686868686968666666666665656565666566666666676767 0 0 0 0 0 0
2008 0 0 0 0 0 0 0 0 0 0 0 0 0 0 0 0 0 0 0 0 0 0 0 0 0 0 0 0 0 0 0 0 0 0 0 0 0 0 0 0 0 0 0 0 0 0 0 0 0 0 0 0 0 0 0 0 0 0 0 0
2009 0 0 0 0 0 0 0 0 0 0 0 0 0 0 0 0 0 0 0 0 0 0 0 0 0 0 0 0 0 0 0 0 0 0 0 0 0 0 0 0 0 0 0 0 0 0 0 0 0 0 0 0 0 0 0 0 0 0 0 0
2010 0 0 0 0 0 0 0 0 0 0 0 0 0 0 0 0 0 0 0 0 0 0 0 0 0 0 0 0 0 0 0 0 0 0 0 0 0 0 0 0 0 0 0 0 0 0 0 0 0 0 0 0 0 0 0 0 0 0 0 0
2011 0 0 0 0 0 0 0 0 0 0 0 0 0 0 0 0 0 0 0 0 0 0 0 0 0 0 0 0 0 0 0 0 0 0 0 0 0 0 0 060 0 0 0 0 0 0 0 0 0 0 0 0 0 0 0 0 0 0 0
2012 0 0 0 0 0 0 0 0 0 0 0 0 0 0 0 0 0 0 0 0 0 0 0 0 0 0 0 0 0 0 0 0 0 0 0 0 0 0 0 0 0 0 0 0 0 0 0 0 0 0 0 0 0 0 05959575859
2013575758565757595858555655565658565557575655595857575857585656545556565756565858575757585857575656575657565758575655565857
2014555554565555565658575756565657575858555353545453535354535353555354535254545452535455545555555453555356565653545656575555
2015575653535354586053545253525253535555555754535453545552565655555653545554555354535455535453535452535452504950505151515354
2016525151525253525655565653535253545354545457565554545455545353545454545254545353545251535252525453535554565757555654535654
2017545456575554555453545454545655565657575657565454545555545354545455545353545553545553525253535253555453525454545556565654
2018555454545556565655545755565657565859575756575655565656595757575554555656576061605856565554555761616163646361596163656464
2019615962636058605958585857586060585757576261627361606058586062636161606059595959596059606061616263636363626362626363636363
2020636464656363636364646464656464646465656565656464646465656565656566656667666766676666666768686868686969686969676867676868
2021696867686868696868686768686968686868686969696868686968686869696869686969696969696969686969687070696969697070707070706970
2022707070706970707071717070707070707070717070707070717170707070707070717170717171727171727070717171717171717171717171717172
2023727272727171717171727272727070707071717070707071717170707171717171717071718671727171717171717272727272727272717172727172
2100727273727272737272727271717272727171727272727271727272727273737372727373747473737373737373737374747474747373737373747373
2101747374747474747474747474757574747474747474747474757475757474747474747474737474747575747474737374757474747474747574747475
2102757475757475757575757575747475757576757676767676767676767676767576767676767676767676767676767676767576767675767676767677
2103767777767677777878777778787878787878797979787879797879797979797978787979787878787778797979797979797978798179797979797979
2104798080818181808081818181808182818181818181818181818180818080808181828282828282838384848483838383848483838383838383848482
2105818282828383828282828383838281828282818181828383838282828282828281818181818182818181828282828282828282818282828282828282
2106838382838382838383838383838384848484848383838383848484848484848384848484848484848484848484848484848484848484848484848484
2107858585858483838382838384848484838383838383848382828282828282838282828282828383838383838383838383838382838383838282838382
2108828383838382828282828384848483838483838384848484848485858585858584848584848484848484848484848483838383838383838383838383
2109828282828282838383838282828281818282818181818181828282818181808180808181818282838383838382838382818282828282828281828182
2110818180807979787979797979797979797979808079808080808080818181808080808079797879797978797878777879798079797980797978787878
2111777778777778777676767576767777777777777878787878787979797979808079797979787878787778767677777776767676777776767776767677
2112777777787777777777777777777777777777777778787877777776767676767776767676767575757575747474757575747373727373727272716969
2113707070716869696769686869676769686969696967686970686868686868706767686868686868676967676768696869696969706968696969696868
2114687068676968676867686969686769696967676868696868686767676867676767676868696969686869686768707070707071717170707070707070
2115706970717070716971727372727271727271737476767778797979808080808080808080808181818081818080808079798080808080818181807979
2116797979797979787979797878787879787878787877777778787878767677767676777878767778777777787878777878777777777777777777767576
2117767575767676767676757574757576767575757475757474757474747575757574757474747474737374747474767776767778777777777776777676
2118777778787879797979787879798080818283828180808182818383828283838484848485858686868786858585858585868687878787878787878787
2119878888888888888786868787878787888888878888888888888888888888888888888888878787878687878786868687878787878787878787878787
2120878788888888888888888787878787878787878686868686868686868686868685858584848485858586868686868585858586868686868687878787
2121878787888888888887878787878787878787878686868585858584848484848484858586868686868686868686868686868686858585858585858586
2122868687868686868685858585858584848484848485858686868686868787878787878787878787878787878888888888888888878787878788888888
2123888888888888888888888888888888888888888888888887878787878786878787878787888787878888888888888888888888898989898989898989
2200898989898989898989898989898989898989898989898989898989898989888888888888888888888888888888888888888888888888888888888888
2201888888888888888888888888888888888889898989898989898989898989898988888989898989898989898989898989898989898989898989898988
2202888888888888888888888888888888878787878787888888888888888888888888888888888888888888898989898989898989898989898989898989
2203898989898989898989898989899090909090909090909090909090909090909090909090909090909090909090909090909090909090909090909090
2204909090909090909090909090909090909090909090909090909090909090909090898989898989898989898989898989898989898989898989898989
2205898989898989899090909090909090909090909090909090909090909090909090909090909090909090909090909090909090909090909090909090
2206909090909090909090909090909090909090909090909090909090909090909090909090909090909090909090909090909090909090909090909090
2207909090898989898989898989898989898989898989898989898989898989898989898989898989898989898989909090909090909090909090909090
2208909090909090909090909090909090909090909089898989898989898989898989898989898989898989898988888888888888888888888888888888
2209888888888888888888888888888888888888888888888888898989888888888888888888888888888888888888888888878787878787878787868685
2210858585858484848485858484838382828282828283838382828282818182818182828181818181818081808181807980797980808079808079808081
2211797979808078797879797778787876767676777676777575747473757573727273727271717272727271717171717072737473747474747473717071
2212717374747373737373737373737472727374737472727272727273737373727271727471727271717170706970707069717169686869706968686767
2213687071676667686868666765646565666568676766676766676668686866676767676767696968686768696969676667676768676666666667676869
2214707068676869706969696969696969697070717069697070706969697070696969706969706970706969697069707071717070707170697070706969
2215707070706969707069686969696969706969686868676767676767676868686868686867676867666767666667686866666666666566666565666566
2216676565656666656566656365646666656666666666656566666666676767676767676768686868676868696969707069696968686868686868686767
2217676767676767676667606667666666656465656565656565646463636364636363646564636464646566656463646464656364636364656564646463
2218626262626161616162626363636363646363636364646362646464636363636465646464646464646464646464646464656465656665656565666565
2219656464646566656665656565666665676766676666666667676767676766666767666767666666666665666566656565656566666666666666656767
2220676767676767686868686868686969696969697069697070706969707071707070717171717171717071707170707069707070707070707070707070
2221707070707171727272727272737273737373737374747474797475757575757676757575757575757575757676767676767776777677767676767676
2222777777767676767677777877787877787777777777777777767677777677777777777677777777777776777777777777777677777777777878787978
2223787879797980808180807980807979798080807979808180787878787878787777777777787777777777777777777777777777777777777777777778
2300777778787978777778787878787979787878787777787878787878787878787879798080808080818181818181818182828180808080808080797979
2301797979808080807979797979797979798080808080808080828283828282828383838384848485828585858585848485858485858484848484848585
2302848384848484848585858485858686868686868686868686878787878787878787878787878787868686868686868787868787878787878787878786
2303868686868787878787878787878787878787878787878787878787878786878787868686868787878787868686868686868686868686868686868686
2304868685858585858686868686868686868686858686868686868686878686878787868686868686878787878787878687878786868687878686868686
2305868686868687878787878888888888878787878787878787878787878787878787878787878787878787878786868686868585858585858585858585
2306868686868686868686868686858585858585858585858484858586858585858484848484848484838383848484848484848484848484848484848484
2307848585868686868686868786868686878787878787878787878787878787878787888888888888888787888787878787878787878787888888888887
2308878787878787878787878787878787878787878787868686868686858586858686868685848383838383828180808079797878787979787778767777
2309767676767574757575757574747474747573737373747373727374747372727373727372727173727171707070696869687070696970706970696969
2310706870687069697068666665656566666766656866666566676665666666666668676868656566666767676766676665676768676666666768656667
2311676665666666656565646565646464656464646664636464636461616262626363626463636260616260616263626361616263636262626361626262
2312636362626060606060595858595858575758585758575756565657585758595857585958596058595859606059606158575958575757595856565756
2313575857595756585656585559565554535454545354545453525252535353525251535150525151515253535252525354525151535352515254525150
2314494950515252504850484950514848474647514947474746485149495049504950495048495251515053504849485247494950484850484846464648
2315475045464546474546464747464547474647474748464547494546444648474644434446444344434747444444444546454847484846464344444445
2316454344444241434345434345424043414442424241414243414140404141434143434243444444424243424141424543444444454443434647464643
2317424342424343454547485046454344454343434444444343434344434544424240414141434443424443454444444346454342424241424343434542
2318434342414243434240424144434242424242434643414243424444424346444241424041434445454546424041444644434443414241414140404142
2319424344424040424543475044434141434451484747424443444444505350505052555657596063626263636261626062616464616157555658575658
2320565556575757585961626464646667696767676968686970706867686870696869706966687068696967706872716866666866686867666767666970
2321687268656866686963606365636059585756565554555555555657575757575958595959585858585960595959606060606060616160606061616161
2322626262636363636363646363646464656565666667676867697069707070717171717171727272727271717171717171727172727373737372717070
2323707070707170707070697070707070696969696969707070707071707069707171727272737373737474747474747474757676767677777878777879
2400797978787979797980808081818181828282828283838383838484858585858585858585858585858585858585858484848484848484848484848485
2401858585858585868686868686868687878787878787878787868686858686868685858483828282828282828282838383838383848485858585858686
2402868686868787878686868685858686868686868686868686868686868686868686868686868687878787868686868585858484848483838382828282
2403828282828282828383838383838484848484848484848484848484848485858585858585868686868686868687878787878787878787878787878787
2404878888888888888888888887878787878686868686868686868787878787878787888888888888888888888888878787878787878787878787878787
2405878787878787888888888888888888888888888988888889898989898989898989898989898989898989898989898989898989898989898989898989
2406898989898989898989898989898989898990908989898989898989898989899090909090909090909090909090909090909090908989898989898989
2407898989898989898989898989898989898989898989898989898989898989898989898989898989898989898989898989898989898989898989898989
2408898888888888888888888888888888888888888888888887878686858585858685868586868686868686858585858685858484848483838282828281
2409808080808080807979787878787879787978787979787879797676777575767373747475747474737373747374737272717171727473727272717170
2410707271717070707171717172717272727373727071727172737473727072707070707170727171717272717070696868686767666768676866696867
2411676766676666676867686766666766666767686665656666656565666465656666656465636463646563626463636264626363646363636262605858
2412575958575656575656565655545757575858595858585858595959585859565759585956565756575657565555565555565755565657555656545554
2413535454555856555354545356545354535453525251525253525251535152515252515251505151515251515051514952515050504950505350514950
2414505149484850494951495150504849494848494950484849504848474748474546484849484647464745464445434746495046474543434446454545
2415474644454746454645464543424244434544424242444342434442444344444344404245454445464645444445444243464547464846484949484849
2416495047474949484847464849464546464647484848474746464747474647494948474950505051525152525152515351505050505153525353505151
2417515152515254555352515452515151525253535554545555565757575756575758575758575858595858585858585958595958605960596060596061
2418616160605859585960605960595958595959595959595959595959585959606059605959606059585959595960606060606061606060606060616162
2419626160616161616161616192616161616262626363626363626262636363636362626262626262626262626262626262636363636362636363636363
2420646363636363646464646465656565656465656565656565656566676665676667676968697168716869707072727170686867666766656666676868
2421686968686869696767676768676667676766676768686868686869697071717171717270696969696969706969696970707171717172727372737373
2422747474757473747474757475747576767677777877777777777877757575767676767676777879797878787878787878777878787778787778798080
2423797979798080818181818180808080798080797979797979808092808080808282828180787776797979797776767878777777777777777777777777
2500777777777879798080808080818081818080787878798081828181818181818182828282828181828282818080797980818281828282828282828181
2501808079808080807980818080808180787979787877777675757576767575767576757575767576777778777877757679798081818080808080808080
2502818080808080808080808079808079808181818080807979797980798081808080808181807879818182828182828181828283838281818182828282
2503828282828282818180818079797877777777777777777777787878798080808081818181818182828291828383838484848484858484848484848484
2504838281808080808079798080808080818182818182828282828282828283838383838484858484848484848484848484858585858585858585848483
2505838282828282828383838383838383838282828282838383838383848484848585858585858584848483838383838383838383828282828282828282
2506828282828282838383838383838383838383838383838383838383838383838383838383838483838383838384838383838383838383838383838383
2507838383838282828282828282828282828282828181818181818181818181828282828282838383828282818182838384838484848484848591858585
2508848484848383848484848585858585858585858585868585858585858585858585858585858685858484838384848484858584848484838383838383
2509838282818180808081808081818181808080808080808081818180797979797979797979797979808180798080797979797980807979808079797879
2510797979797979797979797979797978787979797878787877767575757675757575747474747474747474737372737373737272727373737373727273
2511737373727273737273737372737373727171717273727272727272727272727272727272737373727272727272727172727272727171717171717171
2512717071696867676968686670666565666564646564656565656566656464636464626363626263626263626363626161616262626162626161626262
2513626263636262616263616161626062616062626260616160606060585959595959595960626060596058606059616060595960625959595857585959
2514596061605857585960605960585959585858575758585857565756565958555754545454545455555655565554545455555655565657565556565756
2515565758565656575757575656575857585960575757575857575857585757575658575656565656565656575656565656585655565656565655555656
2516555557575654555556565555555555545454545456555556565554555656555755555557575657555859575556585855545455535454555654545253
2517545355545757555555585856565757575654545555545453555657555754555554555555565754545655545756595858585857575860586158575957
2518576060585859596162616261616163646365636464646868686869697070696870696867676769737169707271707171707171727272727374747473
2519717171717171717171717170706970707070717272706868697069696866656765656564646564656463636463636263646667686767656363656565
2520676766656465656664636363686765636464636363646463626261626161616060605959595959585959605959595959585957595959606059626361
2521626261626465666465666767686868697070727272716969686969687071686869697072737270707273747575767676777775757575747474757778
2522777776777576777676767676777677787979777676757778787979787878787977777878787877787878787878787878787878787777787877787878
2523797979797979797981808080808079808081818181818079807981818281828181818181818281818180807880808182828383838383838383838283
2600838383828382828181808080818182828181818181818180808079798079797878787978797978777777767575757474747474747474747473737373
2601737373737373747474747474757575757575757575757576757676777778787878787979797979797979797979797979797979797979797978787777
2602777777777777767677777676767676767676767676767676767677777777767676777778797877777777777776767676777778777878777777777776
2603767676767776767776767676787776777776777777767676767676757677767677777777777677777777777675767676767676767676767677777777
2604777777777777777777777777787878787878787878797979797979798080808080808080808080808080808180808080818181818181808181818079
2605797878797978787878787879797979797979797979797979797979787878787878787979797980808081808181818181828281828383828180808080
2606807979797878777878777777767676767677777878797979797979798080818080818181818181818182818282828282828283828282828181818282
2607838382818080787778777776767678777676777677777677767475757576767676777575757676757677767675757675767777777777777877777878
2608787878787879808182828181808282828282828282818181828282828282828282828181828282828181818282828281798081818080808180808179
2609788181817979797677777777777778777879787980798078787777777777787677767779798080808080797977777676767675757475757475757575
2610767577757575757575757576767575757575747574747373737374757373747373737473737475747474747474737273737272727372737473747373
2611747374757474747574747473757575757574747575757473737475747474747374757474747473737372727272727372737373737272727373737273
2612737372727272727373727373717171717272717372717171717170707171706969707171737373727272747272737374717272727172717171717272
2613737272717171717172717172727272717272727272717271707070707069696969696969676767676868676767676667666766666665656465646567
2614656567666766656565666563636362626262626162626160596160595961616261626161616262616161616261626364646363646465646564656666
2615636262626262636363626362616261626363636363626464626263626262626162636364656264646365666363636565646463636464656364636363
2616636363626362626463626465646364646565656565646464656464646463646362626264656364646465646363656463636363646463636565646464
2617646364656464656463646463636565656565656564646465656564646464646666666566666566656566666565656665656565666665666668676767
2618676767676767686867686868686768676868686767676868686868686969696868696968686768696868676867686767676767686767666766666866
2619666667686668676768676868686768696868686869717171717171717270717070707170707173757270707171717172737372727373727374737373
2620747374737272727070707071707070717273747474737475787776757574747678797776767675767575767778777575767677787878797979808080
2621798080797879808080808080818181828282818080808181818080818179797877777777777778787878787879787776767676757675757575767776
2622767676767676767775767576777676767777777677777778787877767777767676767678787878787878777879798079797878787979808080808080
2623818181818180808081807979797978808181818181818181828282818282828181808082818079808180818181818281818182818282828282828282
2700828283828383838382838384848483838383838383838383838383838383838383838384848484838384858585858585858585858585858585868686
2701868585858485858585858585858585858586868686868686858585858185858585858585858586868686868686868686858585858585858484848585
2702858585858585858586868685858585858585858686868686868686868686868685858585858584838282818282838282838382828282828282828181
2703818181818181818181818181808181818181818282818282818181808180808181828282828181818181818180808080818281818181808182828281
2704828282828182828383838383838484838384848484848484848484848484858585858585858686868685858584848484848484848484848484848484
2705848484848484848484848484848484848585858585858585858483828282828181818181818181828282828482828282828282828383838383838484
2706848484848484848585858585858586868686868686868686868686858585858586868686868686868686868686868687878787878787878787888888
2707888888888888888888888888888888888888888888888888888888898989898989898989898989898989898989898989898989898989898990909090
2708909090909090909090909090909090909090909090909090909090909090909090909090909090909090909090909090909090909090909090909090
2709909090909090909090909090909090909090909090909090909090909090909090909090909090909090909090909090909090909090898989897589
2710898989898989898989898989898989898989898989898989898989898989898989898989898989898989898989899090909090909090909090909090
2711909090909090909090909090909090909090909090909090909090909090909090909090909090909090909090909090909090909090909090909090
2712909090909090909090909090909090909090909090909090909090909090909090909090909090909090909090909090909090909090908989898989
2713898989898989898989898989909090909090909090909090909090909090909090909090909090909089898989898989898989898989898989898989
2714899090898989898989898989898789898989898989898989898989898989898989898989898989898989898989898989898989898989898989898989
2715888888888888888887878787878787878787878787868786868686868686868686868685858585858585858484848484848485858484848383838383
2716838383838484848484848483828382838282828383828282828282828282828282818182818282828282828282828282818282828282828282828282
2717838383838383838383828282828382838383838382828283838282828283838382828282828282828383838383838383838383838282838283838383
2718828282828282818282828282828182828282828282828282828283838282828282828282828282838382828282828282838382828383838383838383
2719838383838282828282828282828282828282828282838282828282828282828282828282828282828282828282828282838383838383838383838383
2720838383838383838383838382828282828282828282828282828383838383838383838383838382828282818181818181818182828181828282828281
2721818181818181818181818181818181818181818181818181818181818181808080808080808080808080808080808080808080818180808080808080
2722808181818181828282828280808180807979808080797980808080808080808080808181818181818081808080808080808080808081818181818181
2723828281828282828282828282828282828282828282828283838383838383838484838383838282828282828383838383838384848484848585858585
2800858585868686868686868686878787878787878787878787878787878787878788888888888888888888888888888888888888888888888888888989
2801898989898989898989898989898989898989898989898989898989898989898989898989898989898989898989898989909090909090909090909090
2802909090909090909090909090909090909090909090909090909090909090909090909090909090909090909090909090909090909090909090909090
2803909090909090909090909090909090909090909090919191919191919191919191919191919191919191919191919191919191919191919191919191
2804919191919191919191919191919191919191919191919191919191919191919191919191919191919191919191919191919191919191919191919191
2805919191909090909090909090909090909090909090909090909090909090909090909090909090909090909090909090909090909090909090909090
2806909090909090909090909090909090909090909090909090909090909090909090909090909090909090909090909090909090909090909090909090
2807909090909090909090909090909090909090909090909090909090909090909090909090909090909090909090909090909090909090909090909090
2808909090909090909090909090909090909090909090909090909090909090909090909090909090909090909090909090909090909090909090909090
2809909090909090908989898989898989898989888888888888888888888888888888888888888888888888888888888787878787878787878787878787
2810878787878787878787878787878787878787878787878786878787878686868686868585858585858585858585858584848484848585858584848383
2811838383838383838484848383838383838483848383828383828282828281828282828282828282828383828383828383828382828282828282828282
2812818180808180817979797878798079787878797979798080797878797979807979797979797979787879797979787978787879797978777877777777
2813767576767575757676767674757574757475747474747475727271717070727071707066666668666565656465666365656364646465635860605961
2814606163615959585958606161606061606161616060606060596060596058575857565757606159595862595959616062606059605960606059595961
2815595960595861605960596059596061626163606060616060616061616161606161616262626464646163626060595958595957585960585958595959
2816605959605959605858586057585857575757555455565457565456565755545456565656565455565656545556565656585656565555565655545455
2817555455555455545455565556575657575557565657565859585859595857595758585859595960595858595960606161595960596059606060606061
2818615959606060596059606060595857585960606059606160616059585960595959596059606060606161616060606162616262626263626262626362
2819636263626362626362616262636262626262626363636363626363636363646463636464646565646464656565666666666666676768676867676867
2820686767676666666867666767676767676868686868696869686969696970707070717171727272717271717272737372727272717171717171717171
2821717171727272727272727272727272727272727272727273727373737373737374747474747373737474737373737373737373737373727372727272
2822727272727271717272727272727272727272737373737373737273727272727272727272737373737373737373737374747473737374767878787778
2823777777777777777677777777767575757474747373737374747475757575767676767676767676767676767676767675757575757575767677777777
2900787877787778777777787877777677767676757576767676777777787879808180808081818181818181818180808180808080808080797980808080
2901808080808180808080808080808181808080808181818182828283838383838384848484838383848484848484848585858585858585858585858585
2902858585858586868686868686868686868686868686868787878787878787878787878786868686858584848383838383838382828383838383838484
2903858585858585858685868686868686868686868787878787878787878787868787878787878786868685858586868686868686868685858585858585
2904848484848484848484848484858585858585858584848484848585848585858484848383838383838383838382828383838383838484848484848484
2905858585858686868686868686868686868686868686868787878787878787878787878787878787878787878787878787878787878787878787878787
2906878787888888888888888888888888888888888888888888888888888888888888888888888888888787878787878787878787878787878787878787
2907878788888888888888888888888888878787878786868686868686868687878787878787878787878787878787928787878787878787878787878888
2908888888888787878787878787878787878787888888888887878787878786868686868686868686868686868686868686868686868585858585858585
2909858585858584858484848484848384848484848484848483848484848483848383838382828282818281818181818181808081808079797979797980
2910807979797979797978787777777777777677777677777776757575757574757473737473737273747372717371717271717070717169666768686766
2911666867697068676666676768676666676665656665656666666667666865656465646463646462636462636260575756565453545454525150515253
2912525351444346464648474748464645464748464747474446454747474747464747484646484748474747494745454546464546444647444443444444
2913444543424344454442434242424143444546424242424242404041394142424142414041424140424141434241394042383940383939393842403636
2914373836363434353734353433343434333434343535333232353434333536343536353434353533353433323233333235373231323433333235343135
2915323232333232353434363333333433333435323131333433323333343132323331313231323132303132303131313233313231313132313130333332
2916353131313231313232293032293132483129293031313331302831313130293130282829312828272728282830272728293028302928293032293231
2917302829292828272827282828272727282929303030322930292931272829282930292828293030302928272628302625282829303131333131313131
2918313129313231333134323032313031313335343133323133342929323231313336343434343332313233343434333331323232333334394142363737
2919404241434343474849494845514949515144434849475046434039384246444445424240414449485048504948484750505252515455555959585756
2920596062615857596160616163585961596157575454515253505252505050635051515151515252525353545656575857565859616060626364646365
2921666868686967676869697069696969697070707071717171717171717272727172727272727272737474757474747474747476767676777575757575
2922757676767575767676767677767676777777777778787878787979797979797978787879797979807979808080808079797979797979808080808080
2923808181818181818181818181818282828282828282828383838383838383838484848484838383838383838382828282828282828383838384848484
3000848484848485858585858585858585858585868686868686868686868686858585858585848484838282818079797979798080818180808079787777
3001787878798080808181818080818282828383838383838484848484848485858585858585858585858585858585858584848484848584848484848382
3002828181818181818282828383838383848485858585858484848484858585858585858686868686868686868685858585858586868686868686868686
3003868686868686868584838280808182828281797979797979808081828283838383838384848484848484848484858585858585858585858585858586
3004868686868686868686868687878787878787888888888888888887878787878787878787878787878787888888888887888787878787878787868686
3005868686868686868787878787878888888888888888888989888888888888888888878787878787878787878787878787878787878787878787878787
3006888888888888888889898989898989898989898989898988888888888888888888888989898989898989898989898988898988888888888888888888
3007888888888888888888888888888888888888888888888888888888888888888887878787878787878787878788888888888888888888888888888888
3008888888898989898989898989898989898989898989898989898989898989898989898989898989898989898989898989898989898989898989898989
3009898989888888888787878685858585858583838383828382828182818079797979797978787777767778777574747474757374737373747473737273
3010717072727271717068696969706969696869696868696868686969697068686867686967686868676867676664646566656664636465636363626161
3011626261626162616162605961615957595859585759595858595958585957586057575758565758575757586057575656565757565755565657575455
3012565557565653555456545453545453545757555354545352515252535353525251535352515251504850484948484947495047504950525250515251
3013505149505151515152525151515050515050525152525350515051505149505051505051495049474848484848494948485050525051525351515352
3014535152515151515049484849494850474947484747474847464546474949484948505051484849504750494850484849484848485047474650484847
3015444443434344434545434242424542434141414040404143424141414241414344414141424342414444454845434444434343444343434344444343
3016434643434544454443434343434345434346464649464444454543434443424242414142424242424342434345434344444444454545454342424342
3017424344444644444442424142414142424243424241444244485048454340404044474544455150494542464745424446454646465048535456545554
3018535352535448474949545654555554575655595954606260595858585862625962626161636262605963656867636465646261615758575554545455
3019545454545454545555565656565756565757585757595858595958585858575756576061606262636465656769697071717273737373737374737374
3020747575757676767676767776767574757575767777777777777777787777777878787979797979808080818181818181818181818181818181818282
