58265 2010   011213603204   65   24 6670   55    1--------------------------------------------------------------------------
3121696969696970707070706969696968686869706969686868686768686868696968696969697071727373747474747474757575757575757575757575
3122757575757575747474747474747474747474747474747474747474747474757575757575757574757575757475757575757575767676767676767676
3123767677777777777778787878787878787878787877777776767676767777777777787878787878797878797979797979807980808080808181818181
0100818181818182828282838383838383838383838484848484848484838383838383838484848484888484848484848484848484848484848484848484
0101848485858585858585858585858585858483838383838383838384848484848485858585858585858585858585858585858585868686868686868686
0102868686868686868686878787878787878787878787878787878787878888888888888888888888888888888888888888888888888888888888888888
0103888888888888888888888889898989898989898989888888888989898989898989898989898989898989909090909090909090909090909090909090
0104909090909090909090909090909090909090909090909090909090909090909090909090909090909091919191919191919191919191339191919191
0105919191919191919191919191919191919191919292919292929292929292929292929292929292929292929292929292929292929292929292929292
0106929292929292929292929292929292929292929292929292929292929292929292929292929292929292929292929292929292929292929292929292
0107929292939292929292929292929292939393939393939393939393939393939393939393939393939393939393939393939393939393939393939393
0108939393939393939393939393939393939393939393939393939393939393939393939393939393939393939393939393939393939393939393939393
0109939393939393939393479393939393939393939393939393939393939393939393939393939393939393939393939393939393939393939393939393
0110939393939393939393949494949494949494949494949494949494949494949494949494949494949393939393939393939393939393939393939292
0111929191908989888887878787878686868585858484848485848482838383838282828283828282828281818181808080808080808079808080808080
0112798079797978787879797879787877777778787877767677777778787777777675757575757575757575747474747474747474747373727372727372
0113727171717270717070696969707070706969686970696969696969686869676667676766666766656665656464656464646464656464636464656564
0114646463626362636362626262636364646363636363646364636262626262626261626262626161605860596060616260605959596060606162626262
0115616162626162626262626162626362626161605959595958565556565656585856575757565755545454555553535150505152525152525253545455
0116545454545454555454545453525453535353555555535354545353545353545453535252535253535353525251515151515151525352525252525253
0117535352525352525252535252525252525252535252525253525252525253545252525253535252535354535253545453525354525354555452525252
0118535252525253525252535658555555555456586060616060606264656565646667676867656667686767686969696970717071737373737373737373
0119747374757574747475757575767675757574737271696868676766666767676666666767676767676767686868686868686767676767676767676868
0120676767676768686867676766666666666666666666666666666666666666666666666565646465656665656565656565656565656666656565666667
0121676766656666666667676767676767676767666766666666666667676767676767676767666667666767676767676868686868686868686868696868
0122687070707071707170707171717272727271717070717272727373747474737474757676757575757574757576767676757575757576777878787877
0123777676767676757575757575747474757576767676767676767675757474737372727272717171707070707070707070707171717172727273737372
0200727273737373727272717171707070707070707070707069696969696969686968696969696970707070707070707171717171717171717171717172
0201727272727272727273737373737374747474747474747474747474757575757575757575757575757575757576767676767676767777777878787878
0202787878787878797979797979808080808080808080807980808080808080808080807979798080808081818282828282828282828282828282828282
0203828282838383838383838383838384848484848484848585858585858585858585858585858585858585858585858585858585858585858584848484
0204848484848484838383828283838282828282828282828282828282828181818182828282828282828282828282838383838383828181808080797978
0205787877777777767776767676767676767676767676767676767676767676767676767776767676767676767676767676767676767777777777777777
0206777777777777777777777777777777777777777777777878787878787878787878787878777778787878787878787878777778787878787878787878
0207787878787878787878787879797878787878787878787878787878787979797979797979797979797979797979797979797978787879797979797979
0208797979797979797979798080808080808080808080818181818181818282828282828282828282838383838383838282828282838383838383838383
0209838384848484848484848484848383838384848484848484848585858585858585858585858585858585858585858584848485858585848484848484
0210848484848483838383838383838382828282828282828282828281818181818181818181818181818181818181818080808080808080808080808080
0211808080808080808080808080808079797979797980807979797979797979797979797979807979797979797979797980797979797979797878787979
0212797979807979797979797979787878787878787778787878777777777777777777777677777776767676767676767676767576767676757676767676
0213767675767676767676767676757675767576767676767675757575757575757575757475757575757575757475757575757575747475747474737374
0214747474747474747474747474747474747474747474747474747474747474747474747473747474747373737373737474737374737373737373737374
0215747373737373737474747474747373737373737373747373737373737373737373737373737373737372737373737373737273737373727272727273
0216727372727272727272727272737373737272717171717272727272717171727271717271727172727272727272727272727272727272727272727272
0217737374747474747575757576767677777777777777777777777777777778787878787878787878787878787878787878797979797979797979797979
0218797979797979807980808080808079797979797979797979797979797979797979797979797979797979797979797979797979797979797979797979
0219797979797979797979797979797979797979797979797979797980808080808080808079808079808080807979797979797979808080808080808080
0220808080808080808080808080808080808080808080808080808080808080808080808080808080808080808181818181818181828282828282828383
0221838383838383838384848484848484858585858686868585858584848484848484848484858585858585858585858585858585858585858586868686
0222868686868686878787868686868686878787878787878787878763878888888888888888888888888889898989898989898989898989899090909090
0223908989909090909090909090909090909090909090909191919191919191919191919191919191919191919191919191919191919191929292929292
0300929292929292929292929292929292929292929292929292929292929292929292929292929292929292929292929292929292929292929292929292
0301929292929292929292929292929292929292929292929292929292929292929292929292929292929292929292929292929292929292929292929292
0302929393939393939393929292929393939393939393939393929393939393939393939393939393939349939393939393939393939393939393939393
0303939393939393939393939393939393939393939393939393939393939393939393939393939393939393939393939393939393939393939393939393
0304939393939393939393939393939393939393939393939393939393939393939393939393939393939393939393939393939393949494949494949494
0305949494949494949494949494949494949494949494949494949494949494949494949494949494949494949494949494949494949494949494949494
0306949494949494949494949494949494949494949494949494949494949494949494949494949494949494949494949494949494949494949462949494
0307949494949494949494949494949494949494949494949494949494949494949494949494949494949494949494949494949494949494949494949494
0308949494949494949494949494949494949494949493939393939393949494949494949494949494949494949494949494949494949494949494949494
0309949494949494949494949494949494949494949494949494949494949494949494949493939393939393939393939393939393939393939393939393
0310939393939393939393939393939393939393939393939393939393939393939393939393939393939393929292929292929292929292929292929191
0311919191919191919090909078909089898989898989898989888888888887878787878787878787878787868686868686868685858585858585858585
0312858585858484848484848484838383828282828282818181818181818080797978797878777778787878797877787877777878777576767675767576
0313767676777676767674747575757576757575757373747576767777787878787878787979787979787879797878797979797979797979797979797979
0314797979807980807980808080808079797979797979797979797979797979798080808080808080808080808080808080808080808181818181818181
0315818181818181818080808080808180818181818181818181818182818181818181818181818181818181818181818181818181818182828282828181
0316818181818181818181818180808080808080808080808080808080808079797979797979797878787878787878787777787877777777777777767677
0317777677767676767676767676767776767676767676777776767676767576767676767676767676767676767676757676767676767676767676767676
0318767676767676767676767676767675757575757575757575757575767575757576757575767676767676767676767676767777777777777777777778
0319787878787878787979797979797979797979797979798080808080808080808080808080808080808080808080808080808080808080797980808080
0320808080808080808080808080808080808080808080808080808080808080808080818181818181818181818181818181818181818181818181818181
0321818181818181818181818181818181818181818181818181818181818181818181818181818181818181818181818181818181808080808080808080
0322808080808080808080808080808080808080808080808080808080808080808080808080808080808080808080808080808080808080808080808080
0323808080808080808080808080818181818181818181818181818181818181818181818181818181818181818181808181808080808080808080808080
0400808080808080797979797979798080808080808080808080808080808081818181818181818181818181818181828282828282838383838382828282
0401828182828181818181818181818181818181818080808080808080808080808080808081818181818181818181828282828283838383838383848484
0402848484848585858585858585858585858585858585858585858585858585858686868686868687878787888888888888888888888888888889898989
0403898989898989898989898989898989898989899090909090909090909090909090909091919191909090909090909090919191919191919191919191
0404919191919191919191919191919191919292929292929292929292929292929292929292929292929292929292929292929292929292929292929292
0405929292929292929292929292929292929292929292929292929292929292929293929293939393939293939292929292929392939393939393939393
0406939393939393939393939393939393939393939393939393939393939393939393939393939393939393939393939393939393939393939393939393
0407939393939393939393939393939393939393939393939393939393939393939393939393939393939393939393939393939394949494949494949494
0408949494949494949494949494949494949494949494949494949394949494949494949494949494949494949494949494949494949494939393939393
0409939393939393939393939393939393929291919190909090909090909090898989898989898989909090909090909090908989898989898988888888
0410888888888888888888888888888888888888888888888787878787878786868686868686868585858484848483838484858586868686878686878787
0411878788888888888889898989898989898989898989898888888888888888888888888888888888888888888888888888888888888888888787878787
0412878787878786868686868585858585858483838282838382838383838383838382828282828181818181818181828181818080808080808080808080
0413807979798079797979797979787878797878787979787777787878787878787878777777787877777777787778787878787879797979798079787878
0414797879787777777777787877777777767676767675747473747474737272737272717372727272727272727272727172727171707069686868676869
0415686868676867676868696868686867686867686768686868686768686768686767676767676767666767676767676564666665656666666666656565
0416656566656665666666656665646566656565646464646664646565666565656465656565656465656465656564646363636364636363636263636363
0417646463626363626363636363636364636363636464646564656465656565656464646464646465646564646463636364646464646463636364636363
0418636363636364636363646364646463646464646464636464656566656565656666666666666667676767676867676768686869696969707070707070
0419707070707071717171717171717171717171717170707071717171717171717171717171717171727272727272727272727272717172727171727272
0420727272727272727272717272727271727171727271727272727272727272727272727272727272727272727273737372727272727272727272727272
0421727272727272727272727272727272727373737373737373737373737373737373737373737474747474747474747575757474747474747474747574
0422757574747474747474747474747474747473737374737373737373737373737373737373737373737373737372727272727271717171717171717171
0423717171727272727272727272737373737373737373737373737373737373737373737373737373737373747474747474737373737373737372727272
0500727272727171717170707070707171717171717171717170696969696969686868686868686868686868686868686868676767676768676868686868
0501686868696868696969696969696970707070707070707070707071717171717171717171717171717171727272727272727272727272727272727272
0502727272727272737272727273737373727373737373737373737373747474747474747474747474747474747474757575757575757575757575757575
0503757575757575757575757575767576767676767676767676767676767676767676767677777777777777777777777777777777777878787878787878
0504787979797979797979797979797979797978787878797979797979798080808080808081818181818181816281818181818282828383838383838383
0505828383838383848484848484848484848484848484848484848383838383838384848484848484848484848484848484858585848484848484848484
0506848485858585858585858585858585858484848383838382828282828282828283838383838282828180807979787878787877777777777776767676
0507757575757475757575757676767777777777777777777878787878797978787878797878787878797979797979797979797979797979808080808080
0508808181818181818282828181818080808080808079797979808081818282828283838383838384848484848484848485858584848484848484847684
0509848484848484858585858585858585858585858585858686868686868686868686868686868585858586868686868585858484838282818181818182
0510828180808080808080797979787776767575757575777878777777777777777675757574747474747372717171717170717170696970706969707069
0511696970696969696969696969696970697071717171707071717272727272727272727373727272727272727171727171717272717172717171717070
0512717070707171707070707069697070707069707070707070707070696969696969696968696969686869686767676666666665656565656565656666
0513666666666666656566666666668266666667666566666564646565656565646464646464646564646363646465646564646463636464636363636363
0514636363626262636262636263626262626262626362626263636364636363636363636463636363636464636362626161626262616161616261626261
0515626261616161626261616262616161626161626262626263626262636363636261616262636261626262616163626261616061616161616160616061
0516606161606060616060606160606060606060606060605959606059585859595958585858595859595958585858575757575756565657565757575756
0517565656565757565656565655565555555656575756565757575756568756565858575856575657575756575857575756565757585758585858595959
0518595959595959595960606060606161616161626262626363646464656565656666676565656666666667676767676768696970707071727373737374
0519747474747474757576777778787878787878787979787979797980808080818181818182828282828282828283838383838383848484848484848485
0520858585858585858585858585858485858585858585858585858585868686868686868686868686868686878787878787878787878787878787878788
0521888888888888878787878888888888888888888888888787878786868585858484848484848484848483838383838383838383838383838383838383
0522838383838383838483838383848484848484848484848484848484848484848484848484848485858585858585858585858585858586868686868686
0523868687878787878787878787878787878787888888888888888889898989898989898989898989898989898989898989898989898989898989898989
0600898989898989898989898989898989898989899090908989898989898989899090909090908989909090909090909090909090909090909090909090
0601909090909090909090909090909091919191919191919191919191919191919191919191929292929292929292929292929292929292929292929292
0602929292929292939393939393939393939393939393939393939292929292929292929191919191919090909090909090909090898989898989898888
0603888888888888888787878787868686868686868686868686868686868686868686868686868686868686868686868686868686868686868686868686
0604868686868686868685858585858585858585858586868686868686868686868686868686868686868686868787878787878787878888888787878787
0605878787878787878787878788888888888888888888878787878787878787878787878888888888888888888888888888888888888888888888888888
0606888888888888888888888888888888888888888888888888888888888888888888888888888888898988888989898989898989898989898989898989
0607898989898989898989898989898989898989898989898989898989898988888888888888888888878787878787878787878787878787878787878787
0608878787868686868686868686868686868686868686868686868686868686868686868686868686868686868686868686868686868686868686868686
0609868686878787878686868686868686868686868686868686868686868685858585858585858585848484848484848484848484848484848484858585
0610858585858585858585858585858585858585858584848484848484848484848484848484848383838383838383838383838383838383828282828282
0611828282828282818181818181818181818181828282828281818181818181818181818182828281818181818181818182818181818182828181818181
0612828181828181818181818181818181818181818181818181818181818181818181818181818181818181818181818181818181818181818181818081
0613818080808080808080808080808080808080807979797979797979798079797978787878787878787878787878787878787878787878777778777777
0614777877787878787877787878787878787878787878787878777778787878787878777777777878777777787777777777777777777676777677777777
0615777777777777777777777777777777777777777777777676767676767676767676767676767676767676767676767676767676767676767676767576
0616767575757575757676767675757575757676767676767676767675757676767676767676767676767676767676767676767677777878787878787979
0617797979797979797979797979797979797979797979797979798080808080797979797980808079797980808079797979797979797979797979797979
0618797979798080808080808080808080807980807979808080808080808080808080808080808080808080808080807979808080808080808080808080
0619808080808080808180818181818181818181818181818181818181818181818181818181828282828282828282828282828282828282828282828282
0620818181818181818181818181818181818181818181818182828282828282828282828282828282828282828282828282828282828282828282828282
0621828282828282828282828282828282828282828282828282828282828282828282828282828282828282828282828282828282828282828282828282
0622828282828282828282828282828282828282828282828282828283828382828282838383838383838383838383838383838383838383838383838383
0623838383838383838383838383838383838383838383838383838383838383838383838383838383838383838383838383838383838383838383838383
0700838383838383838383838383838383838383838383838383838383838383838383838383838383838382838383838382838383838383838383838383
0701838383848484848484848484848484848485858585858585858585858585858585858585858585858585858585858585858585858585858686868686
0702868686868686868686868686868686878787878787878787878787878787878787878787878787888888888888888888888888888888888888888888
0703888888888888888888888888888888888888888888888888888888888888888888888888888888888888888888888888888888888888888888888888
0704898989898989898989898989898989898989898989899090909090909090909090909090909090909090909090909090909090909090919191919191
0705919191919191919191919191919191919191919191919191919191919191919191919191919191919191919292929292929292929292929292929292
0706929292929292929292929292929292929292929292929292929292929292939393939393939393939393939393559393939393939393939393939393
0707939393939393939393939393939393939393939393939393939393939393939393939393939393939393939393939393939393939393939393939393
0708939393939393939393939393939393939393939393939393939393939393939393939393939393939393939393939393939393939393939393939393
0709939393939393939393939393939393929292929292929292929292929292929292929292929292929292929292929292929292929292929292929292
0710929292929292929292929292919191919191919191919191919191919191919191919191919191919191919191919191919191919191909090919191
0711849090909090909090909090909090909090908989898989898989898989898989898988888888888888888888888888888888888887878787878686
0712868686868686868685868586858586858585858585858585858585858584848484848485848484848484848484848484848484848484848484848484
0713838484848484848484838383838483838383838383838282828282818181818081818181818181818181808181818181818182808080808080808080
0714808080808080797878797978777877777777777777777777777878777777777777777675757575767575767575767675757576767675757576757475
0715757675757575757576757575757573907374747474757474747374747473737473727273737372727372727272727273727272727272727372727271
0716717071717171717172717171727172727172727271707071717171717171717171717172717070717171707069707070706970707070707070717070
0717707070707071707070707071717170706970697070707070707070707070707070707070707071707071717171717272717171727171717271717171
0718717171717271717272727272737372727272727273727372727372727373737373737373737373737373737474747474747474757575757575757575
0719757575757676767676767777777777777777777777777878787878787878897878797979797979797980808080807980798080808080808181818181
0720818181818182828282828282828282838383838384848485858686868686878787878787878787878888888888888888888888888888888888888888
0721898989898989898989898989898989909089898989898990909090909090909090909090909090909090909090909090909091919191919191919191
0722919191919191919191919191919191929292929292929191929292929292929292929292929292929292929292929292929292929292929292929292
0723929292929292929292929292929292929292929292929292929292929292929292929292929292929292929292459292929292929292929292929393
0800939393939393939393929292929292929293939393939393939393939393939393939393939393939393939393939393939393939393939393939393
0801939393939393939393939393939393939393939393939393939393939393939393939393939393939393939393939393939393939393939393939393
0802939393939393939393939393939393939393939393939393939393939494949494949494949494949494949494949494949494949494949494949494
0803949494949494949494949494949494949494949494949494949494949494949494949494949494949494949494949494949494949494949494949494
0804949494949494949494949494949494949494949494949494949494949494949494949494949494949494949494949494949494949494949494949494
0805949494949494949494949494949494949494949494949494949494949595959595959595959595959595959595959595959595959595959595959595
0806959595959595959595959595959595959595959595959595959595959595959595959595959595959595959595959595959595959595959595959595
0807959595959595959595959595959595959595959595959595959595959595959595959595959595959595959595959595959595959595959595959595
0808959595959595959595959595959595959595959595959595959595959595959595959595959595959595959595959595959595959595959595959595
0809959595959595959595959595959595959595959595959595959595959595959595959595959595959595959595959595959595959595959595959595
0810959595959595959595959595959595959595959595959595959595959595959595959595959595959595959595959595959595959595959595959595
0811959595959595959595959595959595959595959595959595959595959595959595959595959595959595959595959595959595959595959595959595
0812959595959595959595959595959595959595959595959595959595959595959595959595959595959595959595959595959595959595959595959595
0813959595959595959595959595959595959595959595959595959595959595959595959595959595959595959595959595959595959595959595959595
0814959595959595959595959595959595959494949494949494949493939393929292919191919090888786868685858586858585858484848484848484
0815848484848383828282828282828282818181818181818181818181808080818081808080808079808079798080797979797979808079797980808079
0816797979797979797879797979797979797980808079797979797979797979797979797979797979797979787878797979787878787878787878787878
0817787878787878787878787878787878787878787878787878787878787878777877777777777777777777777777777777777776767677777676767676
0818767677777676767676767676767676767676767676767676767676767676767676767675757575757575757575757575757575757575757575757474
0819747474757575757575757474757575757575757575757575757575757575757575757575757575757575757575757575757575757575757575757575
0820767676767676757575757575757576767676767676767677777777787878787878787878787878787878787878787878787878787878787878787878
0821787878787777787878787777777777777777777777777777777777777777777777777777777778787877787878787878787878787878797979797979
0822797979797979797979797979797979798080808080808080808080808080808080808080808080808080808080808080808080808080808080808080
0823808080808081818181818181818181818181818182828282828282828282828282828282828282828383838383838383838484848484848484858585
0900858585848484848484848484858585858585858585858585858585858585858585858585858585858585858586868686868686868585858585858686
0901868686868686868686868686868686868686868686868686868687878787878787878787878787878787878787878787878787878686868686868685
0902858585858585858585858585858585858585858585858585858585858585858585858585858585858585858584848484848484848585858585858585
0903858585858585858585858585858585858585858585858585858585858585858585858585858585858585858585858585858585848585858585858585
0904858585858585858585858585858585858585858585858585858585858585868685858585858686868686868686868686868686868686868686868686
0905868787878787878787878787878787878787878786868686868686868686868686868686868686868585858585858585858585858585858584848484
0906848484848484848484848484848484848484848484848484848484838384848483838383838383838383838383838384848484848484848484848484
0907848585858585858585858585858585858585858585858585858585858585858585858585858585858585858585858585858686868686868686868686
0908868686868686868686858586868685858586868685858585858585858585858585858585858585858585858585858586868686868686868686878786
0909868686868686868686868686868685858585858585868686858585858585858585858585858585858585858585858585858585858585858585858686
0910868686868686868686868686878787878786868686868687878787878787878786868686868686868686868686868686858585858585858585848484
0911848484838382828383828282828282828281818080808080808181808079797979797979797978787979797878787878777777787877767677767676
0912767676767576757676757575757575757575747474737474747374747474737273737373737373737373737373727272727273737372727272727272
0913727386737271717170707070717070696968686968696869686869707069697069696969696969686869696968686968696869686968696968686969
0914686869686869686868696868696867686868696968676867686768676868676768686968686969696968676868676666666667676767666767666767
0915666362605857585960626566656666666666656565656565636264626363636261616261616261606059595958595859585859575756555758575657
0916575555555555565656545455555655555557575858585858575758585956565758575656545555565555565555545355525352525152535453545555
0917555655545354555555545555555554555690555555565656555656565656575758585959596060605959606060606060616060606060606060606161
0918606160616060605959606061606060606060616161606060596061606161605960606059606060606059606161616161605959585859596060596060
0919616161616161616160606060606161616160606162616161626361616263646363656666656565666767676767676767676767676868697071727272
0920717272717070717070707272727272717171717172727373737373737373747475757474757575767676767676767676757576767673737272737474
0921747374747575747374747474747575757474747575757474747575767677777762767777787777767777777777777777777677777777777878787879
0922797980808080808079797979797980808181828282828282828282828282828383828282828282838383838383848484848484848484848484848484
0923848483838383838383848484848484848484848483838282818080797877777776767676767676757473737372727272727272727272737373737373
1000737373737374747575767677777878787980818181818282828282828282828282828282828282828282828283838383838383838383838383828282
1001828383828282828282828181818080808080807979787878777776767676767676777777787879797979797979797935798080808080808080808080
1002808080808079797978787878787878787879797979798080808080808080808080808181818181818181828282828383838383838383838384848484
1003848484848484848484848383838382828181808080808080808080808081818181828282828282838383838484848484848585858585858686868686
1004868686868686878787878787878787878787878787878787878787878787878888888888888888888888888888888888888888888888888888888888
1005888889898989898989898989898989898989898989898989898989898989898989898989899090909090908989909090909090909090909090909090
1006909090909090909090909090909089898989898989898989898989898989898989898989898989898989898989898989898989898989898989898989
1007898989898990909090909090909090909090909090909090909090909090909090909090909090909090909090909090909090919090909090909090
1008909090909191919191919190909090919190909090909090909090909090909090909090909191909090909090909090919191909090909090909090
1009909090909090909091919191919191919191919191919090909090909090909090909090909090908989898989898989898988888888888888888888
1010888888888888888888888888888888888787878787878787878787878787878787878787878787878787878787878787878787878787868686868686
1011868685858584848484848484848483838383838383838383838383838282828282828282828282818181818180808080808079797979797979797978
1012787878787878787878787878787878787877777778777777777777777777777777777776767575767575757575757575747474747475757474757473
1013737374747373747473737474747373737272727171727272737272727273727372727273727373727272737372727271707071717070707070707070
1014696969696968686868676766666766676667656665666564636465606162636363595959606061616263636262616160595859595859595959575860
1015605959595959595858595959606060605959605860595960606061616060606160616059606060606060616062616060606060606161616061616160
1016616161605960616060606060616160616161616161626262626363636463636364646464646363646363636363626263636363636464646464646565
1017656564626262626262626262626262626263626262626263636464646464646462626262626262636363646464646464646464646465646463636363
1018646464646464656565656565656666656665646364646565666666676768686869696969706970707070707070707171717272727373737373747474
1019747575757575767676767676767777777777777777777676767776767676767676757676767575757576757676767676767676767676767777777777
1020777777777777777777777777777777777777777777777777767676767675757575747474747373737372717171717271717171717070707070706969
1021696969696969696969696969696969696969697070707070707069696969707070706969697070707070707070707071717171717171717172727272
1022727273737373737373727373737373737373737373737373737373737474747474747474747474747474747374747474747474747474757575757575
1023757474747474747474747474747474757574747474757575757575757575757575757676767676767676767676767676767676767676767676767676
1100767676767676767676767676767676767676767676767676767676767676767777777777777777777777777878787878787878787878787878787878
1101787878787878787878777778787878787878777777777776767676767777777777777777777777777777777777777777777777777777777777777676
1102767675757574747474747474747474737474747474747473737372727373737171707070696967666664646462616060605959595857575757565657
1103565757575656565656575758585758575756585757575756565757575656565555555656565555545453535353535353525150504950495049494949
1104494949484849484846464545464645454545464545454545454545454545464545464646464546464646464646464646464746464645454646464546
1105464646454646464647474646464646464545464546464545444546464545454645454545464545454545454645454645454545464646464646464646
1106464646464747474747474747474848484848484847484748484848484848484847474748494848484848484849494949494949494949494949495050
1107505050505050505050505051515051525152515252525252525252525253535353545453535454535453535454545454545353535354545353535353
1108545353525253525252525252515152525252525251525252525252525252525353535757555757585858585756575858585757575756585957585755
1109545453535253535354545454545251504949495049494847474646464746454646464545454645454646464647474848484848484949494949494950
1110494950494949504949494949505050505050504949495049494949504949505051515051515151525151525352525252535353535454545455555454
1111545554555555555555555555555554535351495050504746464747444241404040383739393734353638393939383838373637373837383839373738
1112383736373737363636353536363636363636363636353535353535353535363536353636363535363534343434343333333433333433333333343433
1113333334333333333333333332323232323233333333343333333535353332333332333233323432323232323433333233333233343232323332323132
1114323231323232323231313131323232323132313132313031303031323030303029303030303030303030313030313130313131313030303031303030
1115303030309330303029292929303130303029293030313130302929303029293130302930303030303030293030303030303031303030303031313130
1116323232313231313131323230313131323131323231303131323231323131323233323231323232333133333232323232323233323233323332333433
1117333333323232333232323333333232323232333232323232333332323232323232333332333332323233333333333333333333333333333434333435
1118343333333333343333333334343334343333333333343435353434343334353534353535343333343434353434353334333434343535363535353536
1119363536363636353636353435353536343536369236363636363636363636363636363636363537353636373636363536353536353536363637363736
1120363636363637373737383839383839404040404040404240414344434442424242474848464851504545414141414242424545434446505250504949
1121515355545354545150505154535452484850575957565555535048535150495457565453545355555758585758575858596061626363626059575859
1122606060595960606061636363646566666464656565646261606063636465656767676868686868696969686765636264656769676665656665646365
1123666768697070696868676865636265666361595856525150474646464646464646468446464647464646454546464546464747474647474746474746
1200464748494950514951505050505053545554525151505053586059596162585656545253535557565558596158565959605960626160606262636363
1201636465656365666666656565656667676667686768697070707069696763656159575755565453535353535253535252535252535252525151515252
1202525151515152525252515252525252525253525153535454545555555657596061626263636263636264646565656566666768697070717171717172
1203727273737373737272727272727070696968686868697070707171706969707170707070707071727272727272727374747575757575757676767676
1204767676767576767576767676767676767676777777777777787878787878787878797979797979787879787776757575757575757576767676767778
1205787878797979808080808080808080808080818181818182828282838383838383838383838383838383838484848484848485858585858585858585
1206858585858585858585858686868686868686868686868686868787878786868686868686868686868687878787868686868686878787878787878786
1207868686868686868686868686868686868686868686868686868687878787878787878787878787878787878787878787878787878787878787878787
1208878787878787878888888888888888888888888888888888888888888888888888888888888888888888888888888888888888898989898989898989
1209898989898989898989898989898989898989898989898989898989909090909090909090909090909087909090909090909090909090908989898988
1210888787878786868685858483818180807979787978787878787878787877777676767574737272727172717171706969696969697070707069696969
1211676667686667666766676565666665656465656566666564646362616162606161626361626363616160585757565756565555545453525253525252
1212535151515152505150495050505050515050504949495050494949494848494848484848494948494949505149495047484948484950494848484848
1213494747464646434237373337394242424344444343444342434441424241414242414241414241404140383838383737393838383839------------
1214------------------------------------------------------------------------------------------------------------------------
1215------------------------------------------------------------------------------------------------------------------------
1216------------------------------------------------------------------------------------------------------------------------
1217--------------------------------------------------------3233333333323233343433333233333434333432333334343433------------
1218------------------------------------------------------------------------------------------------------------------------
1219------------------------------------------------------------------------------------------------------------------------
1220707071707070696869697070706968686969686971727373727273727272727271717070707070706969696868686969706867677170707171727272
1221717170697070707071717171717273737272727172727172717171727170706969707070707070707070696868686869686765646465636567686969
1222697070717171727273737271717170696868697070707171727272727272737374747473737372727171717070707070717170717171717171717171
1223717272706868697070717069707072727172727272727373737373737373727169696970717170706969696970717070696969697071727271717070
1300707071716969707171727272727372717170707069697070696969686867666665666970707069686869696969686869696970707172727373737474
1301747474747474747474747373737373737372727272737373727170707071727373737272727374747475747473747373747373737474747575767677
1302777776767574737273737374747474757575747474737373737475757576767675767676767677777573737272747575747474757575757474757575
1303757472707071717273747474757676777574727070707070706970707070707172727272727373737373737374757576767676767576767675747474
1304757575757474747371706969687070717170717068676971717172737475757575757575757575757678787777767676777676757374747370696867
1305666666666666656565656565646464646464646464646464656564656566656666666667676767676767676767676767676665666666676767676767
1306676869697070707070727272727373737374757576767676767677777777767675757576767676757575747373737272727373737272727273727272
1307727272727272727373747475757575757576767675757574747474747373737373747474747474747474747574747475747474747474747474747474
1308747474747474747474747575757575757575757575757575757576767676767677777777777777777777777878787878787878787878797979797979
1309797979797979797979797979797979797979797979797979797979797979798080808080808080808180808080808080797978787877777777777777
1310767676767676767675757576767675767575757576767575757575757475757474747475757475747474747474747574747372737373727272717071
1311717171707170707070697070696969696968686869696867686867676767666666676666656564646363636363646363636463636363646465656565
1312656565646464656566646564646363636362616162626059585960595858575657575756565556565657565655555556565556565657565555565655
1313555555545556565656575758585958585959595757585758585556555656565656555656575755565655555655545352525354545353535453555252
1314525353535355545454535454545454535253535353525353535150495051515251505050504949494949484849484748474849484646474747484746
1315474747474747454545454645464646454544444344444446444446454647454545464645464445454744454645454646464545454646454644454444
1316444545444343444343434343424342414042414141424242424242424344424343424343444444444646464747474848474848484848494949484849
1317484850494950494849494949484849494849494747484848474848484849484849494848484848484949484849494948504948494949494949494949
1318484848474849484949484949484848494950495049494949494849495050495049504949504949505050504950494949495049505050505050505150
1319505151515151515151525252525252525253535353535353535453545454545455555555555556565656565656555555565555565655555555545556
1320555655565656575756565656565656565656565656565656565655565656565656565656565656565656565656565757575758575758585959585858
1321585858585857585858585858585758575857575757565757565656575656565656565656565657565757575757575757575757565757575757575757
1322575757575757575757575757575757585858585858595959595858585859595959595959596059596060606060606060606060606060606059603359
1323595959595959595958595959595959595960606060616161616162616160606059596060605958595959595958595859595959595959595959595959
1400595959595959595960606060606060606059606161606160595960595958595959595959606059596059606060606060606061616161616161616161
1401616161616161616161616161616161616161616161616161626262616262616161616161616161626261616161616060606061606060616061616161
1402616262616161616061616262616262626262626262626263626262626262626363636363636363636363636363646565656565656465656565656465
1403646564646465656565656666653065656565656565656566666666666665656565656565656565656464656565656565656565656565666666666665
1404666666666565666666666666666665656565656566676767676867686868686868686767676868686767676666676767676767666767676767686868
1405686868686867676767676767676768676767686968696969707070696969707069696969707070707070717170707170717171727373747474747475
1406757574757575757576757575747474737474757575757474747474737373727272717171717272727273737374757576767676767676767675767777
1407777878787979797978787878787979797979797979797979787878783478797979797979797979787878797979797978777676767677777777777778
1408787878797979798080797979787879797978787878787879797979797979797980808080807979798079797979797979797980808181818181818181
1409818181818080808080808080808080798080808080808080808080808080808181818181818181818081818180807978777879798080797978787979
1410797979797979797979797980797979787878787777767574737373737272737374747473737271717169696868686868686768676867676768686868
1411676767676767666666666666666666666665656565656565656565656666666666666565656565646463634463636363646464656463636464646464
1412646464656564646363636463646463636364646464646463636363636464646463636262626263646463636262626262626263626262626262626363
1413636262626363636363626363636363636363636262626363636363636262626262626262626263636262636362626362626262616161616161616160
1414616161616161616161616161626262616161616261616160606061616160606060616160616061616161616261616161616161605960606061616160
1415606061606160606160616161606060606161616060616060596060616160606061616161626161616060595959606059596059606059606160606060
1416596060605959595959595960595959595959595859605959595958585959596059595959595960596060606059595959606060606061606060606060
1417606061616061616161606060616162616162626162626262626262626262616262626262626362626262626262626263636262626363636363636262
1418616262626262626262636363636362626262626363636362636262626262636262636262636363636363636363636363636363636464646464646464
1419646465656565656565656565656565656565656768686868696969696969696970706970707070707070707070707070707071717171717171717171
1420717171727171717171727272717171717171717272727172727272727272727272727272727272727272727272727272727272727272737372727272
1421727272727272727272727272727272727272727272727272727272717272727272727272727271717272727272727272727272727272727272727272
1422727272727272727272727272727272727272727272727272727272727272727272727272727272727272727272727272727171717170707171707070
1423696969696969696969696969696969696969696969696969696969696969696868696869696868686868686868686868686868686868686868676768
1500676767676767676767676867676767676767676767676767676767676768686767686868686868686868686868686868686867686767676767676767
1501676767676767676767676767676767676868686868686868686969686868686868686868686868686868686868696969696968686969696969696969
1502696868686869686868686969696969697069696969707070707070707171717171717271717171717171717171717171727171717171717171717171
1503717171717171727272727272727272727272727272727373737272737373737373737373737373737373737373737474737373737373737373737474
1504747473737473737373737373737373737374747474747474757575757575767676767676777777777676767575757575747474747474747474747373
1505737373737373737373737373747474757575757574747474747474747474747474757575757575757575757575757575757575757575757575757575
1506757575757575757575757575757676767676767676767676767676767676767676767676767676767676767676767676767676767676767676767676
1507767676767676767676767676767676767676767676767676767676767676767676767676767676767676767676767676767676767676767676767676
1508767676767676767676777777777777787878787878787878787878787878787979797979797979797979797979797979797979797979797979797979
1509797979797979797979797979808080808080807979797980808080808080808080808181818181818181818181818180808080808080808080797979
1510797979787979787878787878787878787878787878787878787777777777777777777777777777777777777776767676767676767676767676767676
1511767676767676757575757575757575757474747474747474747474737373737272727272727271727272727271727171717070707070707070696969
1512696869696969696969686869686969696969686969696869696868696868696868686868686868686868676767666667666766666767666767666565
1513666564656464656565656465656563646464646565656463636362626161606161606059595859595959595958585859585858595858585655565756
1514555656565655565554545454555353535451515253535353545353525353535252535353535354545554545554545455545554535354535354535353
1515535453525252515251525252535353535352535352525353535353535253525352535253535352535251525252525150525251515151515152525049
1516504949505050484843404242414342404344434243434343434142424340383940394038384038394041424040414343444243444343444344454544
1517424345444342444543414142424142424141424242434343434343424242424342434242434344444343434142434242434444454545454545464646
1518464646474748484848484747484950484948494950494950505050505152525352535353535455555454545455565656575759616163646363636364
1519646363636363636363636364656567666464636465656667676869697070707170706969697070717172727373747475757575757575767575757575
1520767677777777777777777777777778787878797979797979797979797980808080808080808081818181808080808080808081818181808080818181
1521818182828282828283838383838383838383838383838383838383838283838383838383838383838383838383838383838383838383848483848484
1522848484848484848484848484848585858585858585858585858686868686868686868686868686868686868686868686878787878787878787878787
1523878787878787878787878787878888888888888888888888888888888888888888888888888888888888888888898988888888888888888989898989
1600898989898989898989898989898989898989898989898989898989898989898989898989898989898989898989898989898989899090909090909090
1601569090909090909090909090909090909090909090909090909090909090909090909090909090909191919191919191919191919191919191919191
1602919191919191919191919191919191919191919191919191919191919191919191919191919191919191919191919191919191919191919191919191
1603919191919191919191919191919191919191919191919191919191919191919191919191919191919191919191919191919191919191919191919191
1604919191919191919191919191919191919191919192929292929292929292919191919191929292929292929292929292929292929292929292929292
1605929292929292929292929292929292559292929292929292929292929292929292929292929292929292929292929292929292929292929292929292
1606929292929292929292929292929292929292929292929292929292929292929292929292929292929292929292929292929292929292929292929292
1607929292929292929292929292929292929292929292929292929292929292939393939393939393939393939393939393939393939393939393939393
1608939393939393939393939393939393939393939393939393939393939393939393939393939393939393939393939393939393939393939393939393
1609939393939393939393939393939393939393939393939393939393939393629393939393939393939393939393939393939393939393939393939393
1610939393939393939393939393939393939393939393939393939393939393939393939393939393939393939494949494949494949494949494949494
1611949494949494949493939393939393939393939393939393939392929190888684828181808079787878777777757574747474747473737272717170
1612707070707070696968686970686969696868686767676767676868676868676767676768666665656464636362626263636364656464636465646464
1613646363646363636362636262626161616161616160595959585859585858585957585858585858595858595958875858585858575756565656555655
1614565655545655555655555656545555545554535353535354545354535453535255525352535252525252504950494948484848484849474748494948
1615484950505050505150494949474747484745464647474847474748464647474647484747464646474847464647474645444545464546464545464646
1616464746454745454647464747474848484848484948484948485049494847484847474848494948474849504848484849494949494948494949494950
1617494848494849494949494949505049495049494948505050504949505049495050504950504949494950515152535251525152525252525252525253
1618795353525353535352535353525353535253535353535253535352525252525353535353535253535252525252525252525252515256586061616263
1619636362596063636565666667676768686868696969707070707071717171717272727272727272727373737373737373737373737474747474747475
1620757575757575757575757575757575757676767676767676767676767676767677777777777777777777777776767677777777777777777777777878
1621787878787878777778787878787877777777777777777777777878787777777777777777777777777777777777777777767676767676777676777777
1622777777777777777777777878787877787878787878787878787879787978797979797979797979797979797979797979797979797979798080808081
1623818080808080808181818181818181818181818180808081818182828283838383838383848484848484858585868686868686868686868686878786
1700868687878787878787878787888787878888888888888888888888888888898989899090908989898888888888888888888888888888888888888889
1701898989898989898989898989898989898989898989898989898989898989909090909090909090909090909090909090909090909090909090909090
1702909090909090909090909090909090909090919191919191919191919191919191919191919191919191919191919191919191919191919191919191
1703919191919191919191919191919191919191919191919191919191919191919191919191919191909090908989898989898989898989898989898989
1704898989898888888887878787878787868686868686878787868686868686868686868686868686868685858585858584848484848484848484848484
1705848484848484848485858585858585858585858585858585858585858585858585858586868686868686868686868686868686868686868686868686
1706868686868787878787878787868686868585858585848484848484848484838383838383838383848484848484848484848484858585858585868686
1707868686868686868686868686868686868686868686868686868686868686868686858585848484848484848484848485858585858585858585858585
1708858585858585858585858585858585858585858585858585858686868686868686868686868686868686868687878787878787878787878787878787
1709878787878787888888888888888888888888888888888888888888888888888888888888888888888888888888888888888888888888888888888888
1710888888888888888888888888878787878787878787878787878787868686868686868686868685858585858584848484848484848484838383838383
1711838383828282828282828282828282828281818181818282818181818181818080808080808080797979797878787878787878787777777777777777
1712777676767676767676767575747474737374747373727272717171717070707070717170696970707070707070707070706969696968686867676667
1713676766666667676767676867666666666666666666656665656565666566666565646464646464646363636463636463636464656464646464646464
1714646464656465656463646464646464646463636363636363636363626163626161616261616161616060606060606060636259585959606059595959
1715586060595959595959605958585858585757575656555555555455555556565656575656555556565552525353535252535252515251525252515051
1716515151505152525152525253525252515051525251505151515151515250515152515151515151515151515250505150505151525251515151515252
1717525151515152525252535252525454525352525252525253535354535253535453535354535454545353535253535354535352535252525354545454
1718535353555453545353525252525252535354545454535354535353545656565657575757575758595959596060616162636465646566676766666766
1719666667676868697071727272727273737373737373737373747474747474747475757575757575767676767676777777777777777777777777787878
1720787879797980808080808080808080808080808181818181818282828282828282828283838383838281808079787777777776767575757473737373
1721737272717171717069696969696969696968686868686868686868686868686868686868686868686868686868686868686868686969696969696969
1722707070707070707070707070707070717171717171717171717171717171717171717171717171717171717171717171717171717171717171717170
1723707070717171717171717071717171717171717171717272727272727272727272727373737373737373737272727272727272737373727272727272
1800727272727272727272727272727272727273737373737373747474757575747474747474757575757574747474737373737373737372727272727374
1801747474757474747475757575757575757576767676767575757676777777767676767676767676777878787777767575747575757576767676767676
1802767676767575757576767676767676767676767777777776757575757474747575757575757575767777777778787979797877777677787877777777
1803787878787877777776767677777778787878787777777676767575767676757676767676767675767676767676767676767676757576767675767676
1804757575757575757575757575757576767575767575757676767676767676767676767677777776767676757575757575757575757676767778787879
1805797979797978787878787878777777787878787878787878797979798080808080808080808080808080808181808080808080818181818182828282
1806828383838383838383838383838383838383838382828282818182828282828282828282828282838383838383838383838383838383838383838383
1807838383838382828282828282828282828232828281818181818080818181828281818181818182828282828283838383838383838384848484848484
1808848484848484848484848484848484848383838383838383838383838383838383838383838383838383838383838383828282828282828282828181
1809818182828282828282828282828282828282828282828282828282828282828282828282828282818181818282828282828282828282828282828283
1810838382828282828282818181818181818181818080818181818181818181818181818180808080808080808080808181818181818181818181818181
1811818181818181818181818181818181818181828281818080808080807979787847797979787878777778787777777676767777777777777777777777
1812777777777777777777777777777777777777777777777777777677767676767676767676767675757575757574757575757474747474747474747474
1813747474737373737373737273737272727272727272737272737272737373737373737372727272727272727372727272727372727272727271717272
1814717172717171717171717170717071717070696969697070696970707070707070707170707070707070707070717170707171717071707070717070
1815707070707070707171717070707070707070707070707070707070717070707070696969696969696969707069696961707070707070707070717070
1816707070707071717070717171717171727272727171717171717171717171717171717171717171727171717271717172727271717171717171727272
1817727272727272727272727272727272727272727272737373727272727373737373727272727273737373737373737373737373737373737373737373
1818737373737373737373737373737373737373737474747575757575757575757474747474747474747474747475757676767676767677777777767676
1819777777787878787878787879797979797979808080808081818181818181828282818181808079798080818181818180808080808080808080808181
1820828249828181808080818180808080818181818181818081818181818181818181818181828181818180808181818181828282838382828282838383
1821838383838382828283838383838383838383838383838383838383838383838384848484848484848484848484848484848483838383838282828282
1822828282828383838383838383838383838383838383828282828282828283838383838382828282828282828282828282828282828282828282828282
1823828282828282828282828282828282828383838383838383838383848484838383838383838383848484838383838384848483838383838383838383
1900838383828282828281818080797979797878787878777878787879797979797979797979797979797979808080808080818181818080808080808080
1901808080808080808080808080808080808080808181818181818081818181828282828282828282828282828282838383838383838282828282828282
1902828181818181808080808080808080808080808080808080818181818181818181818282828282828282828282828282828282828282828283838383
1903838383848484838383838383838383848483838383828282828181818181808080808080808080808079798080808080808081818181818182828283
1904838383838382828283838383838384848484848484848484848484848484848484848484848484848484848485858585858585858585858585858585
1905858585868686868686868686868686868585858585858586868686868686868686868686868686868686868686868687878787878787878787878787
1906878787878787878787878787878787878787878787878787878888888888888888888888888888888888888888888888888888888888888888888888
1907888888888888888888888887878787888888888888878787878787878787878787878787878787878787878787878787878888888888888888888887
1908878787878787878787878787878787878787878787878787878787878787878787878787878786868686858585858584848484838383838382828282
1909828282828282828282828181818181818181818181818181818181818181818181818181818181818181818282828282828282828282828282818181
1910818181818080808080808080807979797979797979797979797979797979797979797878787878787877787878787878787777777777777777777777
1911777777767676767575757474747474747474747474747574747474747474747474747474747474747473737374737474747473737374747373737473
1912737373737373737373737373737272737272727372727272727271717172717172717171717171707070707171717171716969707070697069697069
1913686969697069696868696967686868686867676666676767676767666767676767666666666665666666666465646364646566666363636464636363
1914636464636363636363646363626262626262626262626262626262626262636363626362626262616261636262626262626262616160616161616161
1915616161606060626261606160596060605959595959595958595859595959595959606058585858585858575858585858585858585857585857585858
1916585859585858585857575757575757575757585858585757575857575858585859585858595959585858595858585858575858585858585858575858
1917585858585959595959585859585858595858585758595859606060606160606163646465656565656565666665666666656464656464646465646564
1918646464646465656566666666666667656565656566666565656665656566656666666565656565656565656565656565646464656565646464656565
1919666666676767676868696969696970707069696868676867676969707070707070707070717171707069696968686869707172727272737373737372
1920727373747474747574737373747475757575757575757677767777777777777878797979787776767676777778787878777777787878787877777776
1921767575757575767676777777787878787776767676767777777776767676767677777777777777787979797978777776767777787878787878777879
1922797979808079797979797979797978787878787878787877787777777777777878787878787878787878787878787878797979797979787879797979
1923787878787878777778787978777676767676767776757676777777787878787878787877777777787777767676767777787979797979797979797979
2000797878787878787878787878787777777675767777767676757574737373737271717170707070707071717070717171717170707172727273737373
2001747474747575757575757675757676757676757575767676777777777777777776767676757575757575757575757575757575757474747473737373
2002737373737373737373737373737372737373737372727373737373737373737374747474747474747474747474747474747474747474747474747474
2003747474747474747474747474747474747474747474747474747474747474747474747474747474747575757575757575757575757575757575757575
2004757575757575757575757575757575757575757575757676767677777777777878787879797980808080808181818181818282828282828282828282
2005828282828282838383838383828281818080797979797979797979797979797878787878787778787878787878787878787878797979797979797979
2006797979797979797979797979797979797979797979797979797980807979797979797979797979797979797979797979797979797979797979797979
2007787979797979797979797979798080808080808079797979808080808080808181818181818181828281818282828281818182828282828282828282
2008828282828282828282828282828282828282828282828282828282828283838383838383838383838383838383838383838383838383838384848383
2009848484848484848484848484848484848484848984848484848484848484848484848484848484848484848484848484848484848484848383838383
2010838383838383838383838383838382828382828282828282828181818181818181818181818181808080808080808080797979797979787878787878
2011777777777777777777777777777777767676757675757575757575747474757474747575747374747373747473737373727272727272717171717170
2012707071717070706970707070707069707069696967676767676766676767676666666667676766666667666666666666656665666566666665666666
2013666566656564656564656464656464636363636463636262626362616161616263618061616161616161605960616160606060606057585858585757
2014585858575858575857565556565654535253535351495151525151524948505051525151494545454545464647464746474646474748474745464646
2015454544454444444444454444444544444445454446454544454544454344434343434444444443434443434344444444444444444342434343424343
2016414140404041414142404141414141414141414142434342424242434344444545454545474546464647464646474747454544454444444242424241
2017414142414140404040404040404040404039394040404040394040404041404040414040414142424142414141424142428742424243424343434343
2018434343434444434444444444444444444545454545454545454544444545454545444444454545444444444445454444444445444545454545454545
2019454545464645454545454545454545454545454545444545444545454545454444444544454545444545444343434243424141424242424242424343
2020424242424242424342424243424242424242414242424243424242434342424242424243434342424242414141404141414141414141414141424240
2021414141414141414040403939393939383838393838383837383839383838383838383839383838373838383838383738383939383838383838383838
2022383938397438383838383838383838383737383837373636363535363636353535353635353535353535353535353535353536353536363637363736
2023373636373737363737383737373738373636363635353636363636363637363737383738373738373838373838363737373737383837373637363636
2100373536363535363635353535353434343334333433333333333333333232333333333333333333333233333232323333333333333333333333333333
2101333333333333333433333433343433333333333334333332323233333332333333343333333333333333333334343433343433333333323232333333
2102333332333333333433343534343333323233356633323233323332333333333235343434373636353536373939394044414243454643424245444546
2103485155555351505051504949495256535150515152535250525354535352515353555555565758565657595960616161595758585858585860616263
2104636362626161616262626263636363646465656565656566666667686868686767676666676869686765646465656564646667676767676667676868
2105686867686868686969696970717171717170706968707172727170697070717272727373737473727374747474747474747474757575757575757473
2106737373737474747575767677777777777877777777777778787879797878777776767575757575767676767574747473737374747475747474747474
2107747576767676777778787879797979798080808080818181818181818181818282828282828282828282828282828282828383838383838384848484
2108848382828281828282828282838383838383838383838383838384848484848484848585858585858585858585858585858585858585858686868686
2109868685868686868686858585858585858585858585858585868686868686868686868686868686868686868686868686858585858585858484848484
2110848383828282828182828282827978777674727475747370686665646362626263636260606160585960585857565554555553545455535252525149
2111484646454544444443434345454545444343434243434242424240404038393839383738383635353534353433323030293031323332323332323332
2112313231313231313031313030303030303231303030303030302929303030292929282928283030303029293030313129303031303030313030293029
2113303030313030303030303031313131303131313130313030313030302929302929302930303030292929282828272726272728292826282727272827
2114272627292727292828282928282929282828272828272829282626262627272727272829292727292827272727272727272828292727282727272727
2115282927282828282727262727282727282827282928272728292827272727272728282828272728272826262827272828262627272828272928282929
2116282829282929282829292829292929293029292728292929282929282828282828282828292828282928282828282829292929292929282829292928
2117292929292829292828292929302929302828302928303029282829292928282828282828282928282828282828282928292929303129282928282831
2118292828293130303031313131323132313131313231323232333333313232323233353636373938373536373939383837414041404242424244484747
2119454545464647464645444445444445464646474746475052535454535455565758575555555555545351504948464342414144414141394144444444
2120454545464646474748484649474952474954515250555453525454535455565656555351504952555657585754495052504845454445434444434443
2121424242424241424141414141414040404040403940393940404040404040403940404040404040404040404141414141414141414141414141414242
2122424242434446474849494949485053515049505153555455555354535353535557585857565453535351525355575758575552494848494949484747
2123474746474954565655545454555658595657595857555554525250505153535251504950494850484951525452494949515048474747494747474745
2200454545444544444445444545464545454444434444434343434343434343434443434343434343444444444444454445454544444545454545454545
2201454545464646464646464646474747474747474747474747474747474747484748484848484948494949494949495050505050505050505050515150
2202515151515051505051515050515151515151515151515151515151515151525251515151515151515151515151515151515151515151505050505151
2203515150505050505050515252535353535454545454555555555656565656565657575757575757575757585757585858585757575858575757575857
2204585858585858585858585858595858585959595959595960605959606060606060596059606262626262626262626162626261626162626262626262
2205616262626261626263636363626263636262626263636363636261626161616161616161616161616161616161616161616161616161606060616060
2206606060606061606060606161616060606060606060606060606060606059595959595959595959595959595958595959606060605960595959596059
2207596059606060606060606161626262626262616162626162616161616261616161616161616162626262626362626262626262626262626363646464
2208646363636363636364646464646464646464636363636362626262616161616160606060606060606060606060616160605959595958585857575656
2209565554545454545454535151505151515149484848484848484848484848474747464646454545454544454444444344444344444444444443434343
2210434445444444444444434443444343444444444545444444444443444343434343424241424342424342414140404041403938383837373738383838
2211383837373638363635363736373736363735363636363637363535353534343434343435353435333333343433343334333433333333333534333232
2212323133333333323232333333333333333332323233333332323233333332343333333232333233333232333332323333323233323331323332323231
2213323332313231313232323231313131313130303131323232323232323132333232323232323131313231313231323131323232313232313231313232
2214323231313231323132313131313231313131313232323130303131303130303030303030313029313030313130303131303131323130323332313131
2215313031313130323232313132313130303130313131303131323132323232313131323132923232323232333231323233313132313231303031313132
2216323132313131323231313131313231323232323231313132313232323131323232323232333332313232323232333333333333323333333332333232
2217323233323333333233323333333333333333343332333433333534343434343435353534343535363637353636363534353435353536353636373636
2218353737363637363737373837383938383839393940393938373939383938383839383940393939393938394041404040404040413939383938383839
2219393940393940403940404040394040404040404040404040394040404040404141404140414041414040414140414040414242814242424242434342
2220414141424242424342434343434343424242424242424243434342424343434444454544444444444343444444444444444443444445444544444444
2221444544444545454545454545454545454545454646464646464546464646464646464646474747474747484847474747474747474747474747474747
2222474848484748484747474748484848484848484848494848494748494949494948494949494950494949494949494949494949484949484848494848
2223484949494949494950504949494949505050505050515050515050504949505049505050505151515151515050515050515151515151515150515151
2300515151515151655150505050505151515151515151525152525151515152525152525253535252535352515252515252525152525252525252525252
2301525151525252525253535253535353535253525252535353545455535454545454545555545555545454535353535252525253525252525252525252
2302525252525252535352535353535252525252525353535353545454535454545453545353535352535353525353535353535353535354545453535354
2303545454535454545453535354545354545454545454555655555454545454545454555556565758596062616161605960585857595957585858596063
2304656361626059596163646465666665636363636363636262626263636464646464636363636463626565646362636262636363636666666768676766
2305666665676867656565646364666867676769706968706970707170686765656566666563626163666768687072737371707071727271717170696970
2306707071706868707171696870706969696868697172706767686970706868696870707070706969686970707070717172727171717170696968676665
2307646362626161626263656667666564656565666869696968697069696969706969707172706967666768686968676768686766666665656565656463
2308626262616161616161616160605960605958596059585859595960606061616161616161606061616059595960606060606060596060606060606163
2309646465646462626160595958595960605960626364646261605959595960616059585860605961616263626160606060595959606060606059616062
2310616261595959585958575758575758575757575757585757575756565656565756555556565656565657565756555656565556565756555656565555
2311555556565655565657585758585858585957575656575657575757575756565757575656565555555555555555555654545453545353525151515152
2312515152515252525150495050505049505049504950505050505050494949495048494848504949494949495050495049494948484948484846474848
2313484847474749494949484647474747474747484948484847484747464646474645444545444645464444454545444344444443434445444445444343
2314434343434244434242434141424140404041424040414040403940414139404140393938393840393939393938393940414140404039393938403939
2315403939413940393940393939393938393939383939403939393839383840393839383839383839383838373739383838393939393839383938393939
2316393940394039403940393838393839383738393837383938383838383838373738393939383838393938383739383738373838393939393839383838
2317383838383838383838383838393938383940383939393839393939383838393938393838383938383838393939393939393939403939403940394039
2318403940394040414141414241404142424142434142424243424242424241424342424243424244444545464546454342424346434442444644445046
2319474647504847464545464547464545464545454446444545454545454646464645464646464545464646464645464746474747474746464747464646
2320464646464648495051515252525454555656565757585858585858595959595959595959606060606060606060606060606060616161616161616161
2321616161626262626262626262626263636363636363636363636363636363636364646464646464646465656564656565656565656666656565656565
2322656666666666666667666666676767676767676767676767676767676767686868686868686868686868686868686868686867676767676768686868
2323686868686869696968696969696869696868696969696969696969696969696970707070706969697070707070707070707070707171717171717171
2400717171717171727171717172727272727272727272727272727271717171727171717171717171717171717272727272727272727272727272727272
2401727272727272727272727272727272737373737373737373737373737373747373737373737374737373737474747474747474747474747474747474
2402747474747474757574757575757575757575757575757575757575757576767676767676767676767676767676767676767676767676767676767676
2403767675757575757676767676767676767676767676767676767676767777777777777777777777777777777676767676767676767676767777777676
2404767676767575757575757574747575757575757575757575757575747575757575757575757575757575757575757575757575757474747474747474
2405747574747474747474747474747474747474747474747473737474747474747474737373737473737373737373737373747474747474747474747474
2406757575747475757575757575757575757575757574747474747474747474747474747474757575757575757575757575757575757575757575757575
2407757575757575757575757575757575757575757575757575757575757575757575757676767676767676767676767676767676767676757676767675
2408757675767676767676767676767676767676767676767676767676767676767676767676767675767676767676767676767676767676767676767676
2409767676767575757575757575757675757575757575757574757575757575757474747474747474747474757575757575757575757575767575767676
2410767676767676767676767676767676767676767676767677777677777777777777777777787878797979798080808182828283838484848485858585
2411858585858586868686868686868686868686878787878787878787878787878787868686868686868585858484848383838381818181818181818182
2412818180797979807979797878787877777777777677767677777676767676777776767676767676777778787879797979787877777878777777777777
2413777777777777767777767677767676767675737272727171717171717171717170707068686868696970717071696969706968686868686867676767
2414676767676767686867666666676665646360575657595859595858575656565657565656575859596060606161616161616161606061606060606059
2415575757575758585756565555555655555554555454545654545353535354545454555555565656565656565656575757575656565655555656555555
2416565554545353535353525353535352525353525252535152525251515151515151515151525151515151525252515051515151505049494849484849
2417494949505050505050505050494948464648474748484847474747474747484748484746474792494948495050494949494950494950494950504949
2418495050484950484847474849484850505049505050505050505050494950505050504848484747484747474849484948484949505050505051515151
2419525252525252525253535354545556565757585858595959595959596060606060606061616161616161616161616161616261626262626263636363
2420636363636363636363636363636363636363636364646463636363636464646464646464646464646465656565656565656565666666666566666666
2421666666666666666666666767676767676767676767676767676767676768686868686868686868686868686868686969696969696982696969696969
2422696969707070707070707070706970706969696969696969696969707070707070706969696969696969697070717172737373747474747575757575
2423757676767677777879797980797978798081818181818282838383848484848484848585858585858585868686868686868686868686868686868686
2500868687878787878787878787878787878788888888888888888888888888888989898989898989898888888787868585858584848485858586868787
2501878686868686878787888787878787878787878788888889888888888989888889898989898989888889898989898989898989898889898989898989
2502898989898989898958898989898989898989909090909090909090909090919191909090909090919191919090909089898989888888888888888888
2503878787878787878787888888888888888888888989898989899090909090909090908989898989898989898989898988888888888888888888888888
2504888889898989898988888888888888888888888888888888888888888889898889898989898989898989898989898989898989898990909090909090
2505909090909090909090909090909090919191919191919191919191919191919191919191919191919191919191919191919191919191919191919191
2506919191919191919191919191919191919191919191919155919191919191919191919191919192929292929292929292929292929292929292929292
2507929292929292929292929292929292929292929292929292929292929292929292929292929292939393939393939393939393939393939393939393
2508939393939393939392929292929293939393939393939393939393939393939393939393939393939393939393939393939393939393939393939393
2509939393939393939393939393939393939393939393939393939393939393939393939393939393939393939393939393939393939393939393939393
2510939393939393939393939393939393939393939393939393939393939393939393939494949460949393939393939393939494949494949494949494
2511949494949494949494949494949494949494949494949494949494949494949494949494949494949494949494949494949494949494949494949393
2512928986848281807977777776767371717270686868686766656564646565656666666766656664636363636363626263636361616160606060596060
2513595960585960585858585859595958585958595958575757585857565857575757575858575858575655565655555655565555555655545555555455
2514535252525353525453535353525352525252525252535252525151515151525251505152505150494949494950505050504849474647474647474646
2515454545454646454446464746474746464645474646464748484748484648484846474643434345454546464645454647474747464546464545454647
2516464747474747484847474848494948484949484849484847474647484747474647484746464646474847464747474747464747484747464747474646
2517454646454648474746464546464645454646464646464546454645464545464545454646454545464444444545464646454444454545454445444545
2518444544444545464445454545454545464546454545454545464647474748484848484849484949494949494950504950505050505151515151515252
2519525252525252525353535353535354535354545453535454535354545454545454545454545454545454545453535354545454545555555555555455
2520555555555555545454555555555555545555545454545555555555555555555556565656565657585859595960616161616262616161626261616060
2521606060606060606060606059595959606061616262626364646464636365656767676768686868686970707070706867666464626262616161616161
2522616060606060606060606060606060606061616161616161616262626161616161616161616161626161616262626262636363636464646464646464
2523646565656565656565666767676767676868686868686868686868686869696969707070707171727272737474747575757676767777777676767676
2600777878777878787878787878777778787879797979808080808080818181828281828282828282828383838383838383838383838383848484848483
2601838383838383838382828282828181818181808080797979797978787878787878787879787878787777777777777777777777777777777777787878
2602787878787879797979798080808080808080808080808080818181818181818181818282828282828282828282828281818181818282828282828282
2603828181808080808079797979797979797980808080807979797979797979787878777777777777777777777777777777777777777777777878787878
2604787878797979797979797878787878787877777777777777777778787878787878787878787877777777777777787878787878797979797979798080
2605808080808080808080808080808081818181818181818080808080808080808080808080808181818181818181818282828282828282828282828283
2606838383838383838383848484848484848383838383838282828383838383838383838383838383838383838383838383838383838383838383848484
2607848484848484848484848484848383848484848484848484848484848484848484848383828282818181818181818181818181818181818181818181
2608818182828282828282828282828282828282828282828282828282828282828282828282828282828282828282828282828282828282828282828282
2609828283838383838383838383838383838383828282828282828282828282828282828282828282828282828282828282828282828282828282828282
2610828282818181818180808080808080807979808080807979797979797979787878787878787878787878787878787778777778777777777777767677
2611767676767676767676767676757575757575757575757574747575747474747474737373737373737374737373727272727273727272717172727171
2612717172717170707070707070706969707070706969686869696969696969696969707171717271717070707071717071717171717171707071716970
2613707070706969696969686868676766666767666666666667666666656566666464646464656464646463626262626262646363646463636363646363
2614626363626263636462626363626363626262636362636362626263636262626261626262626262616161616161606060606060616160606161595960
2615616061605960606060605959595858595959595858585858585859585858585757575759616162626263636363636363636463636464656565656565
2616656665656666666566666666666565666566656565656665656565666565656565656565656565656565666665656565656565656565656565656565
2617656565656565656565656565656565656565656565656565656565656565656667666767676767676767676768686868686868686868686868686868
2618686868686869686868686869696968686868696968696969696969696969696969696969696969696969696969696969696969696969696969696969
2619696969696969696969696969696969696969696969696969696969696969696969706969707070707070707070707070707070707070707070707070
2620707070707070707070707070707070707070707170717070717070717171717070717070717171717171717171717171717171717171717171717171
2621717171717171717171717070707070707070707070707070707070707070707071717070707071717171717171717171717172727272727172717170
2622696969696969686868686968686868686969696969696969696969696969696969696969707069696970707070707070707070707070706969696868
2623686868686868696869696869696969696969696969696969696969706969706969706969697070706969696969696970696970707070693269697069
2700696969696969696969696969696969696969696969696969686869696869696969696969696969696969696968686868686969696969696969686868
2701686868686868686868686969696969696969696968686868686868686868686868686868686868686767676767676767676767676767676767676767
2702676767686767676768686868686868686868686969696969696969696969696969696970707070707070707070707070707170707070707070707070
2703707070707070717171717171717171717171717171717172727272727272727373737373737374747474747474747474747474747474747474747474
2704747474747474757575752275757575757676767777777777777777777777767676767675757575757575757575757474747474747474747474747474
2705747474747474747474747474747474747475757575757575757575757575757576767676777778787879797980808181818282828282838383838484
2706848484858585858585868686868788888887868686858585848483838383838384858585858584848484848485848485848585858585858585858686
2707868686868686868686868686868686868686868687878786868787878787878787878888888888888887878787878787878888888888888888888989
2708899090909090909090909090909090909090909090909090905990909090909090909090909090909090909090909090909090909090909090909090
2709909090909090909090909090909090909090909090909090909090909090909090909090909091919191919191919191909090909090908989898989
2710898989898989898989898989898989898988888888888888878787878686868686868585858585858585858585848484848484848483848383838281
2711828282828282828181808181818080808079808080808079797879787877777777787777777676767575767675757474757575757474747473737373
2712727272737272717172717272717171717172717070717171706968686969686867686867676666656566656564646463646463636262626263616161
2713616061606161616160616160595959585858585858586058565657555757575656545453545554565556565555565555535454545352504949505049
2714505050505150494947474645454545434445454343434444434441383739393737363736373738394039393737393838383733333436373231323434
2715353333333334333233333333343332323232333233323233323231323131313131313232313131323031303031313131313031303131303130303031
2716313032313132323131313232333232313030313030313131323131303131313030313131323233323232313230293030292929292929292828282828
2717282829282828282828282728272728292929282828292930292929302930293030293030302930303030303030302930292930293030303030303030
2718313131313131313130323131303132313231323332323233323232323233323233333433323333333332323333333433333333333435353434343434
2719333433343434343533343535353636363738373839383939404040404243434344444444464747484848484848494850515152535353535454555557
2720565657585859585857575758596162636362626362626362636363636262636464636464656464656565646464646666656665646565646465666666
2721676667676768686869697070717171717171707171707070717272737373737270697070717272737374747474737271707071717172737373747475
2722747475757575757575757575757574727272737373747575757575767676767676767575757575757576757576767676767676767676767676767676
2723767777777676767676767676767677777777777777777878787878787878787878787777787878787979797980808080808080808181818181818181
2800818181818181818181818181828282828282828282838383838282828283838282828282828282828283838383838383848484838383838383838383
2801838383838384848484848484848484848484848484858585858585858586858686868585858585858585858585858585868686868686868686868686
2802868687878787878787868686868686868686868686868686868686868686868686868686868686868686878787878787878787878787878787878787
2803878787878787878787888888888888878787878787878787878787878787878787878787878787878787878787878888888888888888888888888888
2804888888888888888888888888888888888888888888888888888888888888888888888888888888888888888888888888888888888888888888888888
2805888888888989898888888888888888888888888989898989898989898989898989898989898989898888888888888888888888888888888888878787
2806878787878787878786868686868686868686868686868686868686868685858585858585858584848484848484848484848483838383838383838384
2807848383838383838383838383828283838383838383838383838383838382828282828282828282828281818080797979808080808081818181818282
2808828282828282828383828282838383838383838382828281807979787877767676767676767676767675757575757676767675757474737373737374
2809747473737372727272727171717171717170707070707071707070707170707070707070707070707070707070707069696969696969696969697070
2810717272727373737374747474757475757575757676767676767676767676757575757575757575757574747474747473737373737373727272727273
2811727372737272727172717171717171717171717171717172717171717070696970696970707069696969696969686868686868686868686969686868
2812696868686868686968676767676867676768676767676766676766666766676766666666656565656564656464646565656564656564646464646464
2813636363646463646464636364636363636362636363636263636262636363636463636463636364636363636262636263636261626262626262626262
2814616161616161606060616061616061616061616060606060606060606060606160606060605959606059596058595758585758585958585858585857
2815575857575657575756575756565656565656565556565656555656555453535454555454555555555554555555545555545353535354545553535454
2816545453535354545353535253525252535352515352525252525253535253525253535353525353525253535354535353545353535353525353535353
2817555353535354545454535353545453535454545454545454545454555655545455555555555554545455555554545454545554545554545455555555
2818555554545455555454555555545555555555555555555555555656565555555656555656565656565656565657565860595960605958585858585857
2819575858585859606059606161616161626363646465656565656666666766676769696869697070707171717070707171717272737373737373737374
2820747475757575767676767777777776767676757575767675757474757575757576757576767676757575767676767676767676767676757575747474
2821747575767676767777777777777777777777777776777777777777767676767677777878787878777777767776777777777777777878787878787878
2822787777787878787878787878787979797878787877777776767575747473737271717172727272727272737373747475757576767777777878797979
2823797979797979787878797980808081818181818282828282828283838383848484848484848484858585858585858585858585868686868686868686
2900868787868686868686868686868686868686868686868686868787878787878787878787878787878787888888878787888888888888888888888888
2901888888888888888989898989898989898989898989898989898989898989898989898989898990909090909090909090909090909090909090699090
2902909090909090909090909090909090909091919191919191919191919191919191919191919191919191919191919191919191919191919191919191
2903919191919292929292929292929191919192929292929191919191919192929292929292929292929191919292929292929192929292919191919090
2904909090909091919191919191919191919191919191919191919191919191919192929292929292929292929292919192929292929292929292929292
2905929292929292929292929292929292929292929292929292929292929293939393929292929292939393939393939393929292929292929393939393
2906929292939292929393939393719392929292939393939393939393939393939393939393939393939393939393939393939393939393939393939393
2907939393939393939393939393939393939393939393939393939393939393939393939393939393939393939393939393939393939393939393939393
2908939393949394949494949494949494949494949494949393939393939393939494939393939393939393939393939393939393939393939393939393
2909939393939393939393939393939393939393939393939393939393939393939393939494949494949494949494949494949494949494949494949494
2910949494949494949494949494949494949494949494949494949494859494949494949494949494949494949494949494949494949494949494949493
2911939393929190898887868584838282828181818080797879787878797878787776767675757574747474747373727272717171717271707068686766
2912666666676867676867666768676766656666666565656464636363636462626161616160616261616161616161606060606161616161605958585856
2913565657575857575758575759575756565756555556555656565655565556555556565556555455555454545453545454535251525152525253525151
2914525150494951495050494850494950494848474849484847464645464745454545454646454546464646884445434343424343434342424241414041
2915424243414141404040393940403940393940404140404141404039394140404040404140404040404140424140414142414242414141414140393939
2916393940393839383840393838383837373837363737353736373636373737363938383736373736373636373736373837363635363737373738373736
2917373836373837373637373737373836373737373737373636363737373839383939383839393938383939394040394139393939394039404039394040
2918404240393939404040404141424341424040414041424143434242434343434343434344434344444444454444444444464647474848494949855152
2919535354545455555557575857575655555656575758585959586060606062616059595962616161616262626262626364646364636465676766666667
2920676868696969697070707070717172727171717071717171717171727272727373737373737474747475757575757474747474747474747474757575
2921757676777776767677777777777878787878787878787878787879797979797979797978787979797979797979797979798079797979787878787878
2922787877777777777777777777777777787878787878787877777777767777777878787878787878787878787878787777777777767677777777777777
2923777777777777777777777777767676777777787878787878787878787978787878787878787878787878787878787878787979797979797978787878
3000787878787878787878787877777777777777777676767576767676767677777777777778787777777777767676767676767676767676777778787878
3001787879797979797979797980807979797979797979797979797979797979797878787878787878777777777878787878787877777878787878787879
3002798080808080808080808080808080808080808080808080808080808080798080818181818181818181818181808080808081818181818181818181
3003818282828282828282828281818180808080797980808080808080797980808079808079797979797978787878797878777777767676777777777777
3004777777787878787879797979797979787877777878787878787878787879787878787878797979808080798080807979797878787979797980808080
3005808080818180808080808080807979807979797979787878777777777776767675757575757676767676757575757575747474737373737373737373
3006727272727272727373737373737372727271717171717171717171717172727272727373737373737374747474757574757575767676777777777777
3007777777767676767676767676767776767675757574747475757474747474747475757575757575757575767677777777777778787878787879797979
3008797878797979797979797979797979797979797979797980808080808080808080807979797979797979798079797979797980808080808080808080
3009808181818080808080808080808079797979787878797978787878787878787777777776757574747474737373727272727271717171727271717272
3010727272727272727272727272727271717171717171717171717070707069696969697070717070707071717172737373717171717172717071717071
3011717171727272717172717171707069696969686869686868686868686767676867686767676767676767676767676868686868686869696969707070
3012707070707071717171717171717172717171717171717171717171717172727272727271717272717171727272727272727272717172727172727271
3013717070717170707070717171717070707070707070707070696969696968686968686969696969686868686869696868686868686868686969696969
3014696969696969696969696868686868686867676767676666666666666565656565656565656464656463636363636464646464646464646464636464
3015646464636464646564646565656565656665656565656565656565666666666565656565656566666666656566656565656566666666666666666666
3016666666666666666666666666666666666666656566666565656565656565656565656565656565656666666666666666666666666666666666666666
3017666666666666666565666666666665656566666666666666666566666666666666666666666666666566666666666666666666666666666666666666
3018666667676767676767676666676767676767676767676767676767676767676767676767676767676767676766676767676767676767676768686868
3019686868686868686868696969696969706969697069696969696970707070706969697069696969696969696970707071717171717172727272737373
3020737373747474747474747474747474747474747474747474747474747474747474747474757575757575757575757575757575767676767676767777
3021777777777777777778787878787878787879797979797979797979797979797979797979797878787878787878787878787878787878787979797979
3022797979797979797979797979797979797979797979797980807979797980808080808080808080808080808080808080808080808080808080808080
3023808181818181828283838383838383838384848484848484848485858585858585868686868686868686868686868686868687878787878787878787
3100878787878787878787878888888888888888888888888888888888888787868585848483838383828282828282828282828282828282828383838383
3101848484848484848485858585858585868686868686868686868685858585858585858484848484848484838383838383838383838383838383848484
3102848484848484858585858585858585858585868686868686868686868686868686868686868686868686868686868686868686868686868686868686
3103868686868686868686868686868686868686868686868686868686868686868686868687878686868686868787878787878787878787868686868686
3104868686868686868686868686868687878787878787878787878787878787878787878786868686868686868686868687868787878787878787878787
3105878686868787878787868687878787878787878787878787878787878787878787878787878787878787878787878787878787878787878787878787
3106878787878787878787878787868686868787878787878788888888888888888888888888898989898989898989898989899090909090909090898990
3107909090909090909090909090909090909090909091919191919191919191919191919191919191919191919191919191919191919191919191919191
3108929292929292929292929292929289929292929292929292929292929292929292929292929292929292929292929292929292929292929292929292
3109929292929292929292929292929292929292929292929292929292929292929292929292929292929292929292929292929292929393939393939393
3110939393939393939393939393939393939393939393939393939393939393939393939393939393939394949494949494949494949494949494949494
3111949494949494949494949494949494949494949494949494949494949494949494949494949494949494949493939393929292919089898988878787
3112878686868686868686868684848484848484848585868585848483838289828080797979797980787978787978787777777777777474747272737271
3113707071717072727272727170696968676767676767676666666666656666666666666666656666646362636363646363636464646363616162626262
3114616261616160606061616060596060596060595959596059585758585858585956555555545555545453535353535353535352525353525151515151
3115515151515050505050515050515250505050505049505049494849494845464545464646464647474646464746464646464747464445454446454545
3116464644444343444344444343434344454544434443444444444443444442404039404141424242414242424192424141414242414242414041414141
3117414242424242414142424142434344444342434343434444444444444445454445454344454444444545454445444545454545454546474748474847
3118484749494746474847474848474847484848484848484950494849494950504949494949505050505151515353535454555555565758595960585958
3119585858586162616060606061616160616262636363636465666666666767686767676767686868696970717172717171717171727273737373737374
3120757575757675757574737272727373737473727270696867666463636262626262626262626263636363636364646565666667676767676868686891
