58265 2010   041213603204   65   24 6670   55    1--------------------------------------------------------------------------
3121898989898989898989898989898989898990909090909090909090909090909090909090909090909191919191919191919191919191919191919191
3122919191919191919191919191919191919191919191919191919191919191919191919191919191919191919191919191919191919191919191919191
3123919191919191919191919191919191919191919191919191919191919191919191919191919191919191919191919191919191919191919191919191
0100919191919292929292929292929292929292929292929292929292929292929292929292929292929393939393939393939393939393939393939393
0101939393939393939393939393939393939393939393939393939393939393939393939393939393939393939393939393939393939393939393939393
0102939393939393939393939393939393939393939393939393939393939393939393939393939393939393939393939393939393939393939393939393
0103939393939393939393939393939393939393939393939393929292929292929292929292929292929292929292929292929292929292929292929292
0104929292929292929292929292929292929292929292929292929292929292929292929292929292929292929292929292929292929292929292929292
0105929292929292929292929292929292929292929292929292929292929292929292929292929292929292929292929292929292929292929292929292
0106929192929292929191919191919191919191919191919191919191919191919191919191919191919191919191919191919191919090909090909090
0107909090909090909090909090909090898989898989898989898989898989898989898989898989898989898989888888888888888989898989898989
0108898989898989898989898989898989909090909090909090909090909090909090909090909090909090909090909090909090909090908989898989
0109898989898989898989898989898888888888888888888888888888888888888787878787878787878787878786868686868686868686868686868686
0110868685868585858585848484848484848383838383828282818180797978777776767676767776757473737474767473727272737373717070717171
0111717270717270717170717272717170717170717170707070696970707170686969696968686970696970707072707169697070706968686970686969
0112686869686868686968686868666667656666666666656665656565666666666767666465676564646464666665646464636363646363626363636262
0113636263636462606161626362636362626364636262626162606161616162606157575859585855545455565657565555565758585956575654535354
0114545354555455535253565655555555565755555655565555555556565655565656565656565556565655565555565455545555555555575657565757
0115565556565656575656575756575657555658585656565656575757575757585858585858595858565556565757575858585959595959605959595959
0116595959605960626262616261606160606161616262616263646363646364646565666463646362646363646363636263626262626162636566666565
0117646365676767676666676767666768686866676768656768686559585555545556565554565781575856575759575960626161585858585859585959
0118585858605961626160606262636364666666676767666463636565656565646364656667676869707067666869696870697070696969706970707070
0119717171717171717170717371717171717273717373737373747474737372727373737473737373737373737373747474747474747475757675757574
0120757575757674747475747473737374747373747272727272727272727273717172717172727374737373737373737474757475757474747474737474
0121747474757575757575757575757575767676767676767676777778787878797979798080808181818181808080808080818181818171818181818181
0122818181818080808181818181818181818181818282828282828282828282838383838383838383838383848484838384848484848485858585858686
0123868686868686868686868686868686858585858586868686868686868686868686868686868686868686868686868787878787878787878787878787
0200878787878787878787888888888888888888888888888888888889898989898989898989898989898989898989898989898989898989898989898989
0201898989898989898989898989898989898989898989898989898989898989898989898990908989898989898989898989898888888888888888888787
0202878787878787878871888888888888888888888888888888888888888888888888888887878787878787878787878787878787878787878787878787
0203878787878787878787878787878787878787878787878787878787878787878787878787878888888888888888888888888888888888888888888888
0204888888888888888888898989898989898989898989898989898989898989898989898989898989898989898989898989898989898989898989898989
0205898989899090909090909090909090909090909090909090919191919191919191919191919191919191919191919191919191919191919191919191
0206919191919191919191919191919191919191919191919174919191919191919191919191919191919191919191919191919191919292929292929292
0207929292929292929292929292929292929292929292929292929292929292929292929292929292929292929292929292929292929292929292929292
0208929292929292929292929292929292929292929292929292929292929292929292929292929292929292929292929292929292929292929292929292
0209929292929292929292929292929292929292929292929292929292929291919191919191919191919191919191919191919191919190909090909090
0210909090908989898989898989898989898988888989898989898888888888888888888888888882888887878788888787878787868585858585858484
0211858585858484858484858585858585848484848484848485848484848484848484848484848484838484838383838282828181818181818081818079
0212808079808180808079808080797980807979797878787877777777777878777777777778787777777677767676767777777776777575747373737373
0213737373737372737473737373747475757475757574757475757476757576757676757575757575767575747575767675747576767575747475747575
0214737373727272737373737373737374757473737372717171717170707170707171717069697070706868697070717171717070696868686969676867
0215676766676767666665656564656667656263646566666765646262646564646465636463646564646363646464646464646667676766676766666666
0216666766666666666666656666656565656566656667676869696969697070717170707070707070717171717070707070717170707070707069706970
0217706969706969706969696968686970696869696968686868696867686868676868686867696869686868686868686869686868696968686867686969
0218696969696969706970706969696970696969686868686869696969696969696969697070696969696970697070696969707069696969696868696969
0219686868686969697070697070696969707071707069706969707070707070707171717069707070717170707070717071707171717171717171727272
0220727272727272727272717172727272727372737373737373737373747474747474747575767677777777777878787877767675757575757574747474
0221747473737373737373737373737373727372737373727272727273727373737373737373737373727272737373747575757575767677777778787878
0222797979797978777675757675757574747473737373737473737373737373737474747474747474747474747474747474747574747474747474747474
0223747576777778787879797980808080818181818181818080808079797979797979807979797878777878797979808080797979797979797979797979
0300797979808080808080808080808080808080808079797980808080808081818181818181818181828282828282828282818181818182828282828282
0301828282838383838383838383838383848484848484848484848383838383838382828282828282828282828282828282828282828383838383838383
0302838383838383838384848484848484848484848484848484848484848484848484848484848484848484848484848484838383838383838282828383
0303838383838383838383838484848484848484848484848484848585858585858585858585858585858585858585858585858585858585858585858585
0304858585858585858585858585858585858585858585858585858484848584848484858585858585858585858585858585858484848484848484848484
0305848484838383838383838383838383838383838383838383838383838383838383838383838383838383838383838383838383838384848484848484
0306848484848484858585858585858585858585858585858585858585858585858585858585858585858585858585858585858585858585858585858585
0307858585858585858585858585858585868686868686868686868686868686868686868686868686868686868685858585858585858686868686868686
0308868686868686868686868686868686868686868686868686868686868686868686868787878787878686868686868686868686868585858585858585
0309858584848585848584848484848484838383848484848484848484848484848484848484848484848484848484848484848484848484848383838282
0310838282828282828282818180808080807980808079797878787878787676767778777876757574757575757575767675767574747374747574757474
0311747474747374747373747574757575747575757575747574757474747474757575757575757474747574747474747474747474747574747474747475
0312747474747474737373737272727272717171727171717171717171717170717171707070707070707069707070706968686868686768686869686868
0313686868686868676767676767676767686666676767676768686868686868696869686868696868686767676767676766676768676767676767676767
0314686767686967686767676767676767676868696866676768686869686767696767686867676869696868686969696969686768686767686866666667
0315666766656566666666656665646465646464666665656464656665646566666666656465646464636464636263636464646465656564646565646464
0316636462626162626263626263636261606061605959596059606161616061616160616261626363636362626262636362626162626362636363626262
0317626363626262636262626361626162626263636462636363636465666667686969707070707171717171717170707070717070706969696969697070
0318707070696969696969696970697070707071707070696969686968696869696969696968696969696969696969696968696869696969696969696968
0319696969696969696969696969696969696969696969696969696970696969696969696970696969696969696970707070706970707070707070707070
0320707070707070707070707070707070707070707070707070707171707070707070707070707070707070707070707070707070707070707069696969
0321696969696969696970696969697069707070707070707070706970707070707070707070707070707070707070707070717071717070707070707070
0322707070707171717171717171717171717171717171717171717271717272717172727171717171717171717171717171707171717171717070707070
0323707071717069696969696969696868686868686868686868686868686868686868686869686869696969696970706969707070707172726973737474
0400757576777777767675757474747474747474747474747474747575757575757575757576767676767676777777777777787878787878787878787979
0401797879797979797979797979797979797979797979797979797979797979808080797979797979797979797979797979797979797980808080808080
0402808080808080808080808080808080808080808080808080808080808080808080808080808080808080808080808080808080808080808080808080
0403808080808080808080808080808080808080808080808080808080808080808080808181818181818181818181818181818181818181818181818181
0404828282828283838383836583838383838383838384848484848484848484848383838383838383838383838383828282828282828282828282828282
0405828283838383828282828282838383838383838383838384848484848484848585858585868686868686868685858585858585868686868686858585
0406858585868686868585858585858585858484848484848484848585858585858585858585858585858585858585868686868687878787878787878888
0407888888888888898989898989898989899090908990909090909090909090909090909090909191919191919191919191919191919191919191919191
0408919191919191919191919191919191919191919191919191917691919191919191919191919191919191919191919191919191919292929292929292
0409929291919191919191919191919190908989888786858585848382818079787878787877767676767575757473747574747372727172727272727271
0410717171717170706969717270707070707070707070716969707069697070706869706969696968686767676566656666666667666767666666666766
0411656465656565656464636464646565636364636363646563636463636364646364636464636363646362626162626260616061596059595960595958
0412585759575758585960595856565656565655555555545555565555565758565556555455555554547755545454565556575453535352515050515151
0413535352535454535454545655555554545455545355555353545655575456545254525352535353535454545555565455555656555655565554555654
0414555454545556555555545555545555545455555453545352525253525253525252515252525252535353545253525152535252515151525352525253
0415515254525353555352515353535254555452525351515151525352535252535353535252515151525251525253545252515152535153525252525452
0416515252515151505351515151515351515150515151525052505151514949505051505051505051494949504949484949495050505051505049505049
0417495050514850504849504952505151515250515050515252535353535354555455545354545456555454545453545554545354545454545455545454
0418555456565555565655545555555555555655555656555555565655555554545555545554545454555454545554545454545454545455555554555454
0419555555555656565756575757575757575656555557565656585757575858575756565656565555565655565555565656565756565658596061606161
0420606060616060606060606060606060606161636463646464646664636464646362636667666566656463626265696869696970707170707071727272
0421727272717171727273747576777674737371696866656463626161616364646567666667676767676767686969696970717272727272737374747575
0422757575747576777777767574727273737373737373747474747576767676777878787878787877777878777878787777787879807978777574737373
0423747474757676767676767676767676777777787878787878797979797979798080808080808181818182828283838383838384848484848484848585
0500858585858585868585858585858585858585858586868686868686868686868686868686868687868686868686868686868686868787878787878786
0501868787878787878786858584848485858686858585848383838484848485858686868787868787878787878787888888888888888888888888898889
0502898989898989898989898989898989898989898989898989898990909090909090909090909090909090909090909090909090909091919191919191
0503919191919191919191919191919191919191919191919191919191919191919191919191919191919191919191919191919191919191919191919191
0504919191919191919191919191929292929292929292929292929292929292929292929292929292929292929292929292929292929292929292929292
0505929292929292929292929292929292929292929292929292929292929292929292929292929292929292929292929292929292929292929292929292
0506929292929292929292929292929292929292929292929292929292929292929292929292929292929292929292929292929292929292929292929292
0507929292929292929292929293939393939393939393939393939393939393939393939393939393939393939393939393939393939393939393939393
0508939393939393939393939393939393939393939393939393939393939393939393939393939393939393939393939393939393939393939393939393
0509939393939393939393939393939393939393939393939393939393939393939393929292929292929292929292929191919090909089898989888888
0510878787878786868686858585858584848484848484848484848383838383838382828282828282818181818181818180798079797878787878787778
0511787777777776767676757575757576757575757575757474747574747473737373737373727273727271717171717171717171717070717172717070
0512707170707070706969697070706969696969696969686868686767686867686767676767666665666665646566656564656665656464646465646463
0513636263636363626262626261616161616161606161616060606060596060606160595959596059585859595858575858585858595859595858585858
0514585858585858585758585858585657565856565756565555555555555556565556565857565655535454545556535454545354555455555554555554
0515545454545455545656575657565655555555555654545455555655555555565655565656565657585856575757565758565656565756565656555556
0516555555555555555455555555555555565655565555555555555656565656555555555555555455545454545454545555545454545454545353535353
0517535453525252535251525252515152525252525353525251525151525352535251515051525252515150505050505151505050515251515050505152
0518525254565757585857585757575757585959605960606059595858595958585958585958595860605960605958585858585858575858575857575857
0519565656565657565656565657575757575757585859585859595959606060606160606161616161616161616161616161616161616162626262626263
0520636363636363636464646464656465656565666566666666666667686869707071717272737374747374747373727171706969696969696969696969
0521696969696969696969696868686969696969696969697070717171717172737272727272727171717070707069696969696969696969696969707070
0522707070707070696969697070707070706969696969696969696969686868696969696969696968686868686868686868686868686868696969696969
0523696970707171717172727273737373727272727272727271717171717171717170707070707070707070707070707070707070707070707070707070
0600707070707070707070717171717171727272727272727272727272727272737373737373737373727373737373737373727272727273737373737374
0601747474747575767777787878787878787979797979808079797979797979798080808080808080808181818181818181818181818181818181678181
0602818181828281818181818181818181818181818181828282838383838484848484848485858585858686868686868686868585858484848484848484
0603848484848483848484848484848484848484848484848484848585858585868686868787878787878788888888888888888888898989898989898989
0604898989909090909090909090909090909090909090909090909090909090909090909090909090909090909090909090909090909090909090909090
0605909090909090909090909090909090909090909090909090908989898989909090909090909090909090909090909090898989898888888888888888
0606888888888888888888888888888888888888888888888888888888888888888888888888888989898989898989899090639090909090909090909090
0607909090909090909090909090908989898989898989898989898989898888898989898989898989898989898990909090909090909090909091919191
0608919191919191919191919191919191919191919191919191919191919191919191919191919191919191919191919191919191919191919191919191
0609919191919191919191919190909089898989898989888888888888888888888888888787878787878787878787868686868686868686868686868686
0610868686868686868686868686868686868686868585858686868585858484848484848483838384838382828281818181818180797979797979787878
0611787877797676767676767677777777777676777776777676767676767675757676757474747575737373727373737474747272717171727272727272
0612717272717172727271697071707071717070686768676767656666666564646464656664636264646665646361626161605960595960605960585957
0613565354525251515252515152515151515352505151525252515047454544454646454747464647474542434442444343424242434442434344434342
0614444343424343434445444546444344454545444445454545454444444444848484444543434445444544444444444443434343424344444241414141
0615414240414141414041414041404242414241414041414142424142424142424241414342424342424343434444434344434343444444444444444545
0616454544454545454444444545474645464746464747464544454545454545454647474546454546464546454546464545454546464748464646474746
0617474749494747495049494948495049514949494950515152515252535555545454535453545554545454555656555556565757575758596060606161
0618616262636464646565666667666666676767676868696970707171727272737373747475767676767777777777787878787979808080808081818181
0619818181828282828281828282818282828383838484848484848485858585858585858585858585858585858585858686868685858585858585858585
0620858585858585848484848383838384848484848484848485858484848483838383838383838384848484848484848484858584848584858584848484
0621838383838384848484848383828283838383848484848484858585858585868686868686868787878787878888888888888888888889898989898989
0622898989898989899090909090909090909090909090909090909090898989898989898989898989898989898989898989898989898989898989898989
0623898989898989898989898989898989898989898989898988888888888888888888888888888888888888888888888888888888888787878788888888
0700888888888989898989898989898989898989898989898989898989898989898989898989898989898989898989898989898989888888888888888888
0701888888888888888888888888888888888888898989898989898989898989898989898989898989898989898989898989898989898989898989898989
0702898988888888888888888888888888888787878787878787878787878787878787878787878787878786868686868686868686868686868686868686
0703868686868686868686868686868586858686868686868686868686868686868686868686858585858585858585858585858585858585858585858585
0704858585858585858585858585858585858485858585858585858585858585858585858585858585858585868686868686868686868686868686868686
0705868685858585858585858585858585858585858585858585858585858585858585858585858585858585858585858585858584848485858584848484
0706848484848484848484848484848484848484848484848484848485858585858585858585858585858585858585868686868686868686868686868686
0707878787878787878787878787878787878787878787878787878787878787878787878787878788888888888888888888888888888888888888888888
0708888989898989898989898989898989898989898989898989898989898989898989898989898989898989898989898989898989898989898989898989
0709898989898989898989898888888888888888898989898988898988898989898989898989888888888888888888888888888888888888888888888888
0710888888888888888889898989898989898989898989898989898989898989898989898989898989898988898888888888888888888888888787878787
0711878787878787878787878787878787878787878887878887888888888888888888888888888888888888888888888888888888878787878787878787
0712878787878686868686868686868686868584848484858585858585858585858585858585858585858483838483838384838484848484848484848484
0713848483838383838383838484848383838383848383838383838383838383838383838383838484848383838383838382828383838383828282828282
0714828282828182828282828282828282828282828282828282828282828282828282828282828181818180808080808181818181818181818181818181
0715818182828182828282828282828281818181818181818181828181818181818181818181818182818181828181828281818180808080808079808080
0716808080808180808081808080808181818080808181808080818181808180808080808080808181818180808080807979808079797979797979797979
0717797979797978787878787978797878787778777777777778787777777777777777777777777777777777777777777777777777777777777877777777
0718777777777776777776767676777676767676767676767676767676757575757475757575757676757575767676767676767676767676767676767676
0719767676767676767676767675767675767676767676767675757575757575757575757575767576767676767676767676767777777777777777777777
0720777777777778787878787878787878787878787878787878787878787878797979797979797979808080808080808080808080808079797978787878
072178787878787878787878787878787878787879797979797979//79797979797979808080808080808080808080808080808080808080808080808181
0722818181818181818181818181818181828282828282838383838384848484848483838382828282828282828282828282828283838383838384848484
0723848484848484848484848484848484848585858585868686868686868686868686868787878787878787888888888888888889898989898989898989
0800898989898989898989898989909090909090909090909090919191919191919191919191919191919191919191919191919191919191919191919191
0801919191919191919191929292929292919191919191919191919191919191919292929292929292926692929292929292929292929292929292929292
0802929292929292929292929292929292929292929292929292929292929292929292929292929292929292929292929292929292929292929292929292
0803929292929292929292929292929292929292929292929292929292929292929292929292929292929292929292929292929292929292929292929292
0804929292929292929292929292929292929292929292929292929292929292929292929292929292929292929292929292929292929292929292929292
0805929292929292929292929292929292929292929292929292939393939393939393939393939393939393939393929292929292929292925692939393
0806939393939393939393939393939393939393939393939393939393939393939393939393939393939393939393939393939393939393939393939393
0807939393939393939393939393939393939393939393939393939393939393939393939393939393939393939393939393939393939393939393939393
0808939393939393939393939393939393939393939393939393939393939393939393939393939393939393939393939393939393939393939393939393
0809939393939393939393939394949494949493949494949494949494949494949494949494949494949494949494939394939393939393939393939393
0810939393939393939393938093939393939393939393939393939392929292929292919190909090898888888788878787878787878786868686868585
0811858585848585848585858484848484838282828281818182818281818180818080808181808079797979797978787879797978797978787876757676
0812767677767675767676767576777776767676767575757676757575757675757474747476747474757574737374747473747373737373747171717071
0813707071717172707171707071717070707069707071707070696970696968686867676769686767676867676667676767666666666667676768686767
0814666766686867676767676666676766666566666666666667678665656565656666666666666565656565656565666665666565656565656564656765
0815656465646565656565656464636463626362626263656162616161636364636262636364646462606161616061626160595858596060596061606161
0816616260595959605958585959615960595959596261595960595959575657565657585758585857555657565657595756565757565657575656565556
0817555657575854515252535456555556575858585858585857575857575757575858595858585859596059606161606060596060606160616161616161
0818626262616261616262616161616162626263636363626363626363626364646364646364646365646464656667676868686868696969696969707070
0819707070707070707070707070707070707070707070707171717171717171717171717171707171717171707071717171717171717171717171717172
0820727272727272727272727272727272727272727272727272737373737272737373737373737373737373737373737373737373737373737373737373
0821737373737373737373737373737373737373737373737373737373737373737273737373737373737373737373747474747474747474747474747474
0822757575757575757575757575757575757575757575757575757575757575757575757575757575767675757676767676767676767676767777777777
0823777777777777777777777878787878787878787878787878787878787878787878787878787878787878787878787878787878787979797979797979
0900797979797979797979797979797979797979797979797979797979797979797979797979797979797979797979797979797979797979797979797979
0901797979797979797979797979797979797979797979797979797980808080808080808080808080808080808080808080808080808181818181818181
0902818181818181818181818181818181818181818181818181818181818181818181818181818181818181818282828282828282828282828282828282
0903828282828282828282828282828282828282828282828282828282828383838383838383838383838383838383838383838382828282828282828282
0904828282828283838383838383838383838383838383838383838383838383838383838383838383838383838383838383838383838383838383838383
0905838383838383838282838283838383838383838383838383838383838383838383848484848484848484848484848484848484848484848484848585
0906858585858585858585858585858585858686868686868685858585858584848484848484848484848484848484858585858585848484848484838383
0907838383838383838383838383838383838383838383838383848484848484848484848484848484848484848484848484848484848484848585858585
0908858585868686858686868685858585858585858585858484848484848484848484848484848484848484848484848484848483838383838383838282
0909828282828282828282828282828282828282828282828282828282818181818182828181818181818181818181818080808080808080808081818181
0910808080808079797979797979797979797979797979797979797979797979797979797979797979797979797979797979797979797980808080808080
0911808080808080808080808181808080808080818080808080808181818181818181818181818181818181818181818181818181818181818181808080
0912808080818180808080818181818181818181818182828181818181818181818282818181818181818181818181818181818180808181808080808080
0913808080808080808080808080808080818080808080808181808081818080797979797978787878787778777777777676767776767676757676757575
0914747474737373737474747373727373737273737473737373747474737373727273747473737372737373737373737373737373737474747473747474
0915747474747474747474747473737372737373727272727272727271717271717171707070707071697069696969686868686768676767676767686868
0916686767666666666566666565656565656565656566656463646463656463636363646464646463646464646464646363646363636363636362626262
0917616162626262626162626261626160596160605959606060606060606061596059595959606060606162616060616260606161606060606060606060
0918616160605960616261616162616060606161616160616261626262616162616262616161626363646363626261616060616161616161616162626363
0919636363636363636363636464646464646464646564646464646464656565656566666666666766676767676767666666666666666665666666666767
0920686868696969697070707070707171717171717171727272727272737373737373737373737373737373737373737373737373737374747474747474
0921747474747475747474757575757575757575767676767676767676767676767777767676777777787878787979798080808080797979797979797979
0922787878787878787878787878787878787878787878787979797979798080808080808080808080808080808080808080808080818181818181818181
0923818182828282828282828283838383838384848485858585858484848484848384848485858484848484838383828383838383838383838383838383
1000838383838383828282828282828282828283838384848485858585858585858585858686868687878787878787878787878787878787878888888787
1001888888888888888888888888888888888888888888888989898989898989898989898989898989899089899090909090909090909090909090909090
1002909090909090909090909090909190919191919191919191919191919191919191919191919191919191919191919191919191919191919191919191
1003919292929292929292929292929292929292929292929292929292929292929292929292929292929292769292929292929292929291919191919191
1004919191919292929292929292929292929292929292929292929292929292919191919191919191919191919191919191919191919191919191919191
1005919191919191919191919191919191919191919190909090909090898989898989898989898989898989898989898989898989898989898989898989
1006898989898989898989898989898989898989898989898989898989898989898989898989898989898989898989898989898989898989898989898989
1007898989898989898989898989898989898989898989898989898989898989899090909090909090909090909090909090909090909090909090839090
1008909090909090909090909090898989898989898989898989898989888888888888888888888888888888888888888888888888888787878787878787
1009878787878787878787868686868686858585858585858585858585858584858484848484848484848383838383838383838383828282828282828281
1010818182818181818282828282828282828282828283828282828181818180808080808081818080808080797979807980807980808080808080808080
1011808080797979797980807979797979787878777777777778777877767677777676767575757575747474737473747474747473747474737373737372
1012717172727272727271717171857171707171717070717171717170717170717171717070707070717069707069696969696967676666676666676666
1013656666656566666565656564646463636263636364636464636364636363626263636363636363636262636262636363626362626462626362626263
1014646263626363646464636364636464626363646362626465646362626363626362626363626262626261626361616160606062616161626060615958
1015595959595960575858585857585957585856575757565555575656565555555556565654545353545455545354545454545454545555575555545454
1016555454565554545553545456555454545554555555565655555656915454545554555555555655575555545454545355535352535253545353535354
1017535354535554545554555554545556555355545354545454555454555554555654555454555355545454555555555456565756565656575656565657
1018565655555556555555565557565656565857575757575857565555545354545456555455555554545454555556565655555656575756555657575655
1019555657565657575758575856575758585959606059606261626263646263626364656666636262626262616161616060606061605960616161616160
1020616161616262626364646364646465666667676867676768686868686868697070717172727272727172737373727273737475757575767677777778
1021787878787878777878787979808079797877767574737374737474747474747474747474747474757575757676767677777777787878787878787878
1022797979797979798080808080818181818181818181828282828282828281818181818181818181818181818181818080808081818181818181818181
1023818181828282828282828282818181808080808080808080808080808079797979797979797978787877777777777777777777767777777776767676
1100767676767677767676767676777777777777777777777777777777777878787979797979797979797979797979808080797979797978787878787878
1101787878787878787979797979797979808080808080808081818181818181828282838383838383848484848484858585858585858585868686868686
1102868686868686878787878787878787878787878787888888888888888888888888888787878888888888888888888888888888878787878888878787
1103878888888787868686858585848484848483828282828181818181818181818282828282828283838383848484848485858585858585868686868686
1104878787878787878788888888888888888888888888888889888888888888888989898989898989898989898989898989909090909090909090909090
1105909090909090909089898989898989898989898990908989898989898989898988888888888888888887878787878787878787878787878787878788
1106888888888888888888888888888888888888898989898989898989898989909090909090909090909090909090909090909090909090909090909090
1107909090898989898989899090909090909090909090909090909090909090909090909090909090909090909090909090909090909090909090909090
1108909090909090909090909090909090909090909090909090908989898989898989898989898989898989898989888888888888888888888888888888
1109888888888888888888888888888888888888888888888888888888888787878787868686868686868585858585858585858585858484848484848484
1110848483838484838383838383848483838383828282828282828282828282828282828281818181818181818181808080808080808080808080797980
1111807979797878797878787878787878787878787877777777767675767676757575767576757475757575757576767676757574747474747473737373
1112747372727272727372727272727272717071727171717171706969676666666566666667676667676868686868686969686869686866676868666667
1113666767676767666567676766666667666666656565646464656565666665666767666567666667666666666666666666656565656464636464656564
1114646565646565656465646464656665646462636363636464626362636464646463626464626263636362636262636462636462626261626161626162
1115626262616161626162626061616261616160606060616060615960605960595959605958595959586158605960596060605959596060606159606059
1116595959596060606058596060605858575959585958586058595858585757585857575857585859575757575859585858585857585756575758575857
1117575658595756555455555455555554545455565455545556555656565555555655555556555556565555555455545657585960616162626262636363
1118636363636464656464646464656465656464646464656564656565656665656565651365656565656565666566656666676666666666666666666667
1119676767666667666666666766666767676766666667676666676767676766666766676767676767676768686868686868686868696969696969696969
1120696970707070707070707070707070707070707070717171717171717171717171707070707070707070707171717171717171717171717271717272
1121727272727273737373737373737372727272727272737372727272727272727373737373737474747474757576767676767777777777777777777778
1122787878787878787878797979797878787878787778787979797878787776767676767676767676767777777777767676767575757575757575757576
1123767676767777777778777778787979808080808080808081818181818181818181818181818181828282828282828283838383838383838383838383
1200838383848484848484848484848484848484848383838281818181818181818181818181818181818181818181818181818181808181808081818181
1201818181818182828282828282828282818181818181818181818181818181818181818181818181818181818181818181818181818182818282828282
1202828282828282828282828383838484848484858585858585858585858585868686868686868686868686878787878786868686868686858585858484
1203848484848484848484848485858585868686878686868686868687878787878787878787878787878787878787878787868685858484848383838282
1204828282828383848484858585858585858585868685868686868685858586868786868686868686868687878787888888888888888888898989898989
1205898989899090909090909090909090909090909090909090909090909090909090909191919191919191919189919191919191919191919191919191
1206919191919191919191919191919191919191919191919191919191919191929291919191919191929292929292929292929292929292929292929292
1207929292929292929292929292929292929292929292929292929292929292929292929292929292929292929292929292929292929292929292929292
1208929292929292929292929292929292929292929292929292929292929292929292929292929292929292929292929292929292929292929292929292
1209929292929292929292929292929292929292929292929292929292929292929291919191909090898989888888888787878787878686868686858580
1210858585858585848484848484848484838383838383838382828282828282828382828282828282828282818181818181818180808181818080808080
1211808080808080808080808080808080808080808080808080797979798080808080808080808080808080808080808080808080808080808080808079
1212798079797979797979797979797979797978787878777777767777767676767676767676777676767777777777777676777777777777767777777777
1213777777777777777777777777777878787879797980808080808081818181818181818181818181818181818181818181818181828282828282828282
1214828182818182828282828282828291828282828282828282828282828282828383838383838383838484848485858586868686878787878888888888
1215888888888888898989898989898989898989898989898989898989898988888888888888878787878787878786868686868686868685858585858585
1216858585858585858586868686868686868686868686868686868686868686868686868686868686868686878787878788888888888888888888898989
1217898989898989899090909090909090909090909090919191919191919191919191919191919191919191919191909090909090909090909090909090
1218908989898989898989888887878787878787878888888888888887878790868584848383828181808080808080808080808080808181818080808080
1219808181818181818078787777767776767576767676767576767677767677777776767676777777777676767575757574757575747575757575757475
1220747474747474747373737373737474747473747373737374747474757575757575757474757474747474747474747474747373737373737272727271
1221717272727272717171727271727171717170707069696868676767676767676666656665666665656665656565656464646463646363636363636363
1222636363636463646464646465646464636464656565656464656463636464646464636363626161616060606071605959575756565657575757585857
1223565656555555565656575656565755565656565757575757575858595958595959606163636464656566666767676767676767666767676767676767
1300676767676767676767676767676867686868696868676767676766676869707070707170707171727272727374747575747474747475757575757574
1301747473747372727373727271706970696968686968676660596261606161626262626261626161616059595858575757575656555757565755555555
1302545454535353535454545454535353535353535352525252515151504949484947484848484748494849494949495050505050515151515151515151
1303515252525151514950504949484948484849484949484848484848474747474747464546464545454545454646464545444545454444444444434444
1304444343444443434342434344444343434343434343424242424242424242424242424242424242424242434342424343444444434344444444454445
1305444343444444444444444544454545444445444343434342424242434343434343434343434343434343444444444443434444444444454545454545
1306454546464646464647474747484848474847484849484949484949494949495049504950505050505151515151515151515151515252525252535454
1307535454545454555455555555555555555655555554545454545454555455555555555656565555555555555555545554555555545555555656565756
1308575757585858585959595959595959595959595858585857575757575757575757575656565656565656565656565657565757575757575757575757
1309575757575757575757575757575757585758585858585858595960616161606160616161626161626161616161606060605959595959595858575757
1310575757575757575757585756565656565655565656565655555555565656575656565655565555555656575757565656565656565656575757575757
1311575758575757575757575758585857585858585858585858585858585858585858585858575858585858585958585858585958595859585959595959
1312605959595959595959606060605959595960595959606060595959596059606060616061626262626262636363636362626363636363636463636364
1313636463636364636362636363646464656565666566666666666766666666666666666667686868686868686968696969707070707070707171717071
1314717171727172727271717172727272727272727373737373737474747474747474757574747575747474757575757575757575757676767676767576
1315767676767676777777777777787778777777787878787878787878787979797979798080807979797979797979797979797979797979798080808080
1316808081818181818180808080808080808080798080808079808080808080808080808079797979807979797979797979797979798080808080808181
1317818182828282828383838383838383838383838484848484848485858585858586868685858685858686868686868686868686868686868687878787
1318878787878787878787878787878787878787878787878787878787878787878787878787878787878786868686868686868686868686868686868686
1319868686868686858585858586868686868686868787878787878787878888888888888888888888888888888888888787878787878787878787878786
1320868686868686868686868787878787878787878787878787878787878888888888888888888887878787878787878787878787878888888888888888
1321888888888888888888888888888888888888888888888888888888888888888888888887878787878787878787878787878787878787878787878686
1322868686868686868585858585858585858585858585868686868686868686868787878787878787888888888888888888888888888989898989898989
1323898989898989898989898989898989898989898989898989898989898989898989898989898989898989898989898989898989898989898989898989
1400898989898989898989898989888888888888888888888888888888888888888889898989898989898989898989898989898989898990909090909090
1401909090909090919191919191919191919191919191919191919191909090909090909090909089898989898989898989898989888888888888888888
1402888888888888888787878787878787878787878788888888888888888888888888878787878787878787868686868686868686868686868686868686
1403868586868686868686868685858484848484848484838383838383838384848484848484848484848484848484848484848484848484848484848484
1404838383838383838484848484848484848485858585858585858686868686878787878787878787888888888888888888888888888888888888888888
1405888887878787878787878787878787878787878787878787878788888888888887878787878787878888888888878787878787878787878787878787
1406878787878787878787878787878786868686868686868685858585858585858585858585848484848484848484838383838383828282838383828283
1407838383838383838383838383828383838383838383838383838382828282828282828282828282828282818282828282828282828282828282828282
1408828282828282828282828282828282828282828282828282828282828282828282828282828281818080808080808080808080808081808079797777
1409777776767675757575757575757575747474747473737374737474747474747474747473727172727171707070707070707171707070717172717071
1410717171717171717171717272727170696868686868696969696868686968696970717272727272737475757475767778797980808181818282828383
1411838484848484848484848484848484858585858585858585858584848484848484848484848484848484838282828281828282828282828282828282
1412818680797979787778787777767675757573737373737273747574737374737373737269707374747472717070706969706969696969676869696968
1413666667686969696765666766656666646364656565666667687070707070717170707071706969696970707169696970696868696765666766686565
1414656664646564616262606061606061615959605960575859596060605958585960616058605857575757575758585859565758575758585859595960
1415616260606060605960606060605959595958585857585958575656545454535353545454535253535355575452525251515151535049484849484950
1416484950495050484748474644444644458445444545464646474846454546484748474747464644434445444546454546464546464646464746464646
1417474747454647474545454544464546454446454545454443444545444347454443434646444645454445454746474748464748474546464547464746
1418464645464647474747464646484647474646464749504946464749504949484949494948484949494949504847464749494950505049505051505352
1419515050515151495051515151525150505152535352525253545352525253525251525253535352545553535353535455545455555454545354555556
1420555556585858585757575757575758585959605959595959595958596162626762636262636463636365646464646667697070707171717171727272
1421727171727170696869696969696970707070707069696868686868686969707071707070696969686768696969696969696969686767676767686868
1422697070717171717171727272727272727272727272717272727272727272727272727272727272727272727273737373727272727272727373737474
1423747474757575757574747474757575757575757474747373737373737474747474747474747474747474747474747575757575757676767777777777
1500777777777777777777777777777777777777777777787878787878797979797979808080818181818182828282825182838383838484848484848484
1501848484848484848383838282828281818080808081818181818182828282828282828282838383838383838383838383838484848483848484848484
1502848484848484848483838383838383838383838383838383838384848484848484848484848484848485858585858585858585858585858585858585
1503858484848484848484848484848484848484848484848585858585858585858585858585858586868686868686868686868686878786868787878787
1504878787878787878787878787878788888888888888888888888888888888888888888888888888888888888888888888888888888888888888888888
1505878787878787878786868686868686868585858585858585858585858585858585858585858585868685858585858585848484848484848484838383
1506838383838383838383838383838383838383838383838383838282828282818181818181818181818181818181818080808080807979797979808080
1507808080808080808080808080808080808080808080808080808080818181818181818181818182828281818181818181808181818181818181828282
1508828282828282828282828282828282828282828282828282828181818181818180808080808080808080808080797979797980808080798080808080
1509797979797979797979798080808080808080808080807979797878787878787877777777777777777777767676767676767675757575747475747474
1510747574747474747474747473737372727272727272717170717171707070717170707070706969707070707070697069696969696969686968676868
1511676768686868686868686968676768676868676666656465656465646465646363646364646262626262626263626362646261616161626159596060
1512606060606161585958586060605959585959575558555755555757555355555455555554555555555754545353545653545251515251515052525453
1513505051515050505049515049484848475051484645474645464648484848514950484746484749484745454748494849474646474645464547464442
1514434446464545464545474747474747494849474647454846474646454549474848484546464547474545454544464545454545484746454545484745
1515454744444345464544424344444446474745444547454443444743434444424344434344434244444342434243434342414039424139413940404141
1516394038393940414341414242434243444342444345444443434241424242414243424143414242434343424342434242414141414141424040424242
1517414141414140414243444544454646474847494848494949504948484849494848484949484847494847484948484748494948474748494749484849
1518494948484949485050484847474848474848484848495049494848494849495049494849484848494948484849494950504949494949484848504947
1519474848494948474646464748474848484647464849484848464646484848494949485050505050505050505151525151515151525252525252535353
1520525352535253535252525353535453535353545454545354545353545354545453545454545454555554555555555556565655565655565656565657
1521565655555656575757575857575757575858585858585959595959606060605960595959606060605959595860606060595959595959595960606060
1522606061606060616060606060606060606160606061616261616162616162616262626263636363636262626262636363646463636464646464656666
1523666565656666666665666665656565656564646464646565656664646465656565656565656565656565666666666667676767676766676767676767
1600676867686868686969707071717171707171717273737374747575757575757575767777777777777778777777777777777777777777777777777777
1601777778787878777777787878787777777777777777777778787878787877777778787878787879797978787878797979797979797980808181818181
1602808079797878787878787878787878777776767676767676767676767675757575767676767676767676767676777777777676767676767777777777
1603777878787879797979808080818181818282838282828384848484848483838384848484848484848484848484848484848484848483838382828281
1604818181828383838383838383838484848485858585848484848484848484858585858585858585868686868686868686868686868685868686868686
1605868686868685858585858585858585868686868686878787878787878787878787878787878787878787878788888888888888888888888888888889
1606898989898989898989898989898989898989898989898990909090909090909090909090909090909090909090909090909090909090909090909090
1607909090909090909090909090909090909090909090909090909090909090909090909090909090909090909090909090909090909090909090909090
1608909090909090909090898989898989898989888888888888888888888888888888888888888888888888888888878787878686868584848382828080
1609807979787777767575737374747373737272727272717171717171717070707069696970696969686969696867676767686767676766666766666666
1610666666666666656465666564646463646464646464636263636362636464636364636161616160606060606161616061616161606161616061616161
1611626361626160606160605960606161616060616060596161616060616059616059585858585758596059585757575656575758575757585655555554
1612565556575756575757575654545353535453555455565555565655535454545354555453535355545454545354545554555455555454555455545555
1613555354535354545454545354525352525352535049505252505150495251485050515151515150494949494950484950494848474948504746474646
1614474846814546474747474647484646464647474747484747484849474747474747474849484848484746484646474748474848464647454746464747
1615474748474546464547474847495047494848505050495050505050515351525251535352545252525252525351515252505153535451515051535151
1616515151515250515151525151535150505251525050515150495050505050494949505048515150494850495050494949495150505050514949505149
1617504948495049504950505151505252515151515049515050495051495151504949494949505049495050504949505153515050494849494849515050
1618494948485252545453495050514948495253855050515151515151515252525151515150505050515050494949494949504950525151515252525353
1619535353545454535454545554555555555555555555555556565656565656565656565656575757575757575757575858585757585858585857575857
1620585858585858585858585859585858585858585858585959595959595858585858585859585858585959585858585858595858595958585858585858
1621585858585858585859595858585858595959595959606060606060606061616161626262626262626263636363636363636363636464646464646464
1622646464646464646565656565656565656565666666666666666666666666666666776767676767676767676767676767676767676767676767676767
1623676767676768676767686868686868686868686868686868686868696968686969696969696969696969696969696969696969696969696969696970
1700707171717170707070707070707071707070707070707070707070706969696969696969696969696969696969696969696969696969696970707070
1701707171717171717172727373737373737373737372727373747474757676767676767676767677767575747475767677777778787979797978787879
1702797980808080808080808181818181818181828282828281828282828283828282818180808080808180807979797978717878797979798080808080
1703808080808080808079787877777676767575757574747473727272727271717171717171717171717171717171717171717171717171717171717272
1704727271717171727272727272727272737373737373737373737373737373737373737373737373737374747474757575757575757676777778777777
1705767676777778787979798080808080808180808079797978797979797980808080808080808080808080808081818181818282828282828282828282
1706828282828383838383838484848484848484848484848484848484848484848484848484848484848484848484848584848484838383838282828282
1707828282728382828282828282818180808079797979797979798080808080808080808080808079797979797979797878787979797980808080808181
1708818182828282828181828282828282828283828282838383838383838484848484848484848484848484848484848484848484848484848484848484
1709848484848484848484848484848484848484848484838384848383838383828282828281818180808081818181808080808080797979787878787877
1710767676757574747474747474737373737372737272727272717171707071707070707070696969696969696969696969696969696969696969696968
1711696868686968686666656666666768686868696867666767666666666565656563636363636464636364636363636364636464646464656564646464
1712646363636364626262626262626363626262626262636363626262626162626262626161636261616161606160606161626161616262626261626262
1713626263626262626362616161626362616262626160606060595959595959595959595960606060595858595959595958596059605960595960595960
1714596060596059595960605959595959596060595859595858585859585757585859585858585959585959595857575759585860595857575858585858
1715595958586060616061606059596160606061616161606060605959596059585858585858595859596059605958585858585959595959595959595858
1716595858595959606058595959605960605959595959596059606060616162646463606060616260626260595960596060595960646564666664636262
1717626262626261626261626261616262626363626162616162626261616161616161626161616262636262626261626362616161616160616162616161
1718616161616161616161616161616060606161616161606061616060616061606060605959595959595959605959585858585858585959595959595858
1719585859585858585959595958595959595959595959595959595959595959606060606060606060606060606060606162646465656766676765666666
1720656565646565656463636363636363646565666565676765666566666565656566656566666666666766666665656565656464656565656565656565
1721656565656565656565656566666666666666666666666767666766676667676867686767676868686868696969697070706969697070707071717171
1722717271717272737272727374747474757474747473727171707070696969696969696969706969696969696969696969696969696969696969697070
1723707070707070707171717070717171717171717171717171717171717171717171717171717171717171727272727272727272727272737373737373
1800737374737373737373737474747474747575757575757676767676777777777778787879787879797978787878787979797979798080808182828282
1801828383848484858585858586868686868686868686878787878787878787878888888888888888888888888888888888888989898989898989898989
1802898989898989898989898989898989898989899090909090909090909090909090919191919191919191919191919191919191919191919191919191
1803919191919191919191919191919191919191919191919191919191919191919191919191919191919191919191919191919191919191919191919191
1804919191919191919191919191919191919191919191919191919191919191909090909090909091919191919191919191919191919191919191919191
1805919191919191919191919191919191919191929292929292929292929292929292929292929292929292929292929292929292929191919191919191
1806919191919191919191919191919191919191919191919191919191919191919191919191919191919191919191919191919191919191919191919191
1807919191919191919191919191919191919191919191919191919191919191919191919191919090909090909090909090909090909090898989898989
1808898989898989898989898989898989898989898989898989898989898989898989898989898989898989888888888888888888888888888888888888
1809888888888888888888888888888787888888888787878786868686868686868585858585858483838484838384838382828383838282828282828282
1810828281818282818282828181818281828080808080818180797980797879787877767777777777767777787675757576767675757574747474747375
1811757474747473737374737374727271717272727170707070716867686868676867686869686667666666656666666665656465666566656566666465
1812646665646465666664656464646364636463646464646464646364626163626061606263616361606160606261595960606061615958586059595857
1813585858585961585958585859575858585858585757565757565758595758595758575656575756555655565657545555565556575655565655565655
1814555555535254535353535452515252535350525250495050484847485048494948535050494948474846464747474848474546494950515549505150
1815484948505348505252525153535050515150515252545655525355545354545554545556555556575657575757565757575856575858585556575657
1816565758575857575758575657565656565656575857575756565657585658565555565655545453545455545655555555545655555655555556555556
1817565454555556555455555456555556565556565657555755555655555455545555555656555555555455555557545454555555545556565656565555
1818535453545554555454555454545555555655545455555655555656565656575556555556565557575656565555555655555656555555545456565657
1819565657575756575656565656575657575656565656565656565758585758585758585858595959596060606060606060606060606060606161616161
18206160616161616262626262626262636363636363//636363636364646464646565656565656566666666666667676767676767676767686868686969
1821696969696970707070707070707070707070707070707070707070707070707171717171717171727272737373737475757575757575757475757574
1822747474747474747575767676767777777777777777777777777676757575747474747474747474747474747474747474737473737474747474747474
1823747474747474747474747474747474747474757575757575757575757575757575757575757676767777777777777778787878787878777777777777
19007777777777777777777777777777787878787878787879797979797979787878787878//787878787878787878787878787879797979798080808080
1901808080808080818181818181818080808181818282828282828283838383838484848484848484848485858585858586868686868686868686868686
1902868585858584848484848484848484848484858585848484858585858585858585858585858585858585858585858585858586868686868686868686
1903868686868686868686868787878787878787878787878888888888888888888888888888888889898989898989898989898989898989898989898989
1904909090909090909090909090909090909090909090909090909090909090909191919191919191919191919191919191919150919191919191919191
1905919191919191919191919191919191919191919191919191919191919191919191919191919191919191919191919191919191919191929292919191
1906919191919192929292929292929292929292929292929292929292929292929292929292929292929292929292929292929292929292929292929292
1907929292929292929292929292929292929292929292929292929292929292929292929292929292929292929292929292929292929292929292929292
1908929292929292929292929292929292929292929292929292929292929292929292929291919191919191909089898989888888888888878787868686
1909858585858458848484848383838383828282828282818181818180818181818181818181818181807979797878787878777576757576767575767676
1910767676777777767676767676767575757574747373747472727373727272717272737373747474747474737272727272727272727272727274727273
1911737373727273727272737372717171727172727171727272727272737272727272727272727272737272727273737272727272727272727271717170
1912717171717171717071717173727171717171727170717171717171717173727271717271717171717171717171707070707070706969707070707069
1913696969697070706968686869686969696869696970706969696969696969696969686968686869686968686767676767666767676767686767666666
1914666766666766666666666766666666666667676767666666676666666666666666666666666766676666676666666666666666666667666666676767
1915676666666766666666666666666766676666676768686768686868686969696970697070707171717171717172717171717171717271717171717171
1916717171717171717171717171717171717171717171717171717271717171717171717171717171717171727171727272727272717272727272717172
1917717171717171727171717171717171707070717070707070707070706969706969706969696969696969696969696867676868676868686868676868
1918686868676767676767676767676767676767686767676868676868707070707070696969707069696969696969696968696969696969696969696969
1919696969696969707069717272727171717170707070707172737374747475767676777777777776767676767777777776777777777777777777767676
1920757575767676767675757474757676757473727171707070707069696969696969696969686968686868686868686868686868686868686868686868
1921686868686868686868686868686868686868686868686868686868686868686868686868686868676767676767676767676767676767676767686767
1922676768676767676767676768686869686969696969707070707171717070707069696969696969696868696969696868686868676767676766676666
1923666666666767676868686868686969696969697070707070707070707070707171717170707171717171717171717171717171717272727272727272
2000737373737372737373737373737373737373737373737374747473737373747473747374737373737373737373727272727272727272727272727272
2001727272727272727272727272717171717171717171717272727272727272727272727272727272727272727272727272727272727272727272727272
2002727272727272727272717171717172727272727272727272727272727272727272727272727272727272727272727272727273737373747475757676
2003767575757576777778787879797979808080808080808080808181818182828383838383838383838383848484848484848484848382828181807979
2004797978787979797979797979797979797979797979797979797979797979797979797979797980808080808080808080818181818181818181828282
2005828282828283838383838383838384848484848484858585858585858585858585868686868686858585858484848484848483838383838282828281
2006818181818181818282828282828282828282828282828282828282828282828282828282828282828282828282828282828282828282828283838383
2007838383838383838383838383838383838383838383838383838383838383838383838383838383838383838383838383838383838383838383838383
2008838484848484848484848484848383838383838382828282828282828383838383848484848484848483838484848485858585858585858585858584
2009848484848484848484848484848484848484848484848484848484848484848484848484848484848484848484848484848484848484848383838383
2010838383838383838484838483848383838383838383838383838383838383838383838283828282828282828282828282828282828282828282828181
2011818181818181818181818180808080808080808080808080808080807980808080808079797980797979797979787978797979797878787878787878
2012787878777878787778777777777777777776777776777675757575747473747473737373737372727271717170707170717069696969696868676868
2013686868676767666465646464646261616161636363646464646364646563636262626362605960595960606060606162626361616161626261616261
2014616262616161616261616061626262626262616161606261616160606060606161605959596060595960595858575858575757575656565656575656
2015575857565857575757575759575757575756565556565656565656565556565655565556565656565755545453545554545455545455555453545555
2016555554545655555456545555545354555554555655575655555555545655555655555555555656555556585757585857575757575758585859575758
2017585857585857585859585958595858585858565857575757575758585757575756565756565757565656565657575757565657575657585657585858
2018585858565657575758585757575858585858575757585858575757585857585857585757585757575857585758575758585858585858585858595858
2019575858585857585859585858585958585959595959595959595960595960595960596060606060616061616161616161616262626262626262626262
2020626262626363636363636363636363636364646464646464646464646464646464656565656565656565656565656565666666666666656666666666
2021666666666666666666666666666666666666666767676767676767676767676768686868686969696969696969696969696969696970707070707070
2022707070707070697070697070696969696970707070708070707070707070707070707070707070707070707070707070707070707070717171707071
2023717171717171717171717272727272727272727272727373737373737473737373737373737373737373737373737373737373737373737373737373
2100737474747474747474747474757575757575757575757575757575757575757575757575757575757575767676767676767676767676767677777777
2101777777777777777777777777777777777777777777777777777777777777777777777776767676767777777777777777777777777777777777777777
2102777777777878797979797979797980808080808080818181818181818282828283838383838783848484848585858585858585858585858686868686
2103868687878787878787888888888888888888888989898989898989898989898989898989898989898989898989898989898989909090909090909090
2104909090909091919191919191919191919191919191919191919191919191919191919191919090909090909090908989898989898989898989898989
2105888888888888888888888888888888888787878787878787878787878787878787878787878787878787878787878787878787878787878787878787
2106878787878787878787878787878787878787888888888888888888888888888888888888898989898989898989898989898989898989898989909090
2107909090909090909090909091919191919191919191919191919191919191919191919191919191919191919191919191919191919191919191919191
2108919191919191919191919191919191919191919191919191919191919191919191919191919191919191919191919191919090909090909090909090
2109909090909090909090898989898989898989898989898989898989898989898988888888888888888888888787878787878787878686868686868686
2110868686868686868686858585858484848483838383838383838282838383828282828282828282828282828282828282828282828281818181808080
2111808080808079798779797878787877777778777777777778777777767776767676757575767575757575757574757676757374747474747575757575
2112757474747373737474747473727272717069686867686868686868676667686867676868686565646464636263636363636364646465656565656564
2113646463636263626163626162616162626161616162626262626161616162626363636162636465656666676868686767676867686868686868696968
2114686869696869686969686970686868696868676767676766666766676666666666666666666666666666666565656564656465646464646564646565
2115646464646364656464646464636363646464636263628762616161616059595960605858585858585858585757575756585758565656565756555354
2116545553535353535454545455545555555555555555555757585858595958585857575756565556565756555452504948484747474545454645454546
2117464647484949484849495050504950484948484949495052535455555556575757575758585858595960595959596060606060606060606060616161
2118616161616161616161616161616161616162626262626262626262626262636363636363636363636464646464646464646464636263636363626262
2119626161616262626262626263626262626262626363626363636363636363636362626262626262626262626262626262626262626262636363646463
2120646363646464646464646464646464646464646464646464656564646464646464636363636363636363626362626263636464646464646464646464
2121656465656666666666666767666666666666666767676767676767676767676767676767676767676767676767676768686868686868686868686869
2122696969696969707070707071717171717171727273737373737373737372747474747474747474747475767677777878787878787878787979798080
2123818181818182828282828282828282828282838282828282828383838383838383838383838383838383838281818180807979797979787878777777
2200767676767676767676767676767777767676767676767676767676767676767675757575757676767676767676767676767676767777777778787879
2201798080818181818182828281828181818181818181818181818181818181818181818182828282828282828281828281818080808080808081818181
2202818181818181818081818181828281818182828282828383838282828181818181818182828282828282828282828182818180797878787877777878
2203787877777878787979797979787878797980808081818181818181818282828282828282828282828282828282838383838384848484848484848483
2204838484848484848484848484858585858686868687878787878787878787878787888888888888888888888889898989898989898989899090909090
2205909090909090909090909090909090909090919191909090919191919190919191909090909090919191919191919191919191919191919191919191
2206919191919191919191919191919191919191919191919191919191919191919191919191919191909090909090909090909090909090909089898989
2207898989898989898989898989898989888888888888888888888888888888888888888888888888888888888888888989898989898989898989898989
2208898989898989898989898989898989898989898989898989898989898989898989898989898989898989898989898989898989898989898989898989
2209898989898989898989898989898989898989898989898989898989898989898989898989898989898989898988888888888888888888888888888888
2210888787878787878787868686868686868686858585858586868685858585858585848484848484848484848484848484848483838383838383838483
2211838383838383838283838283838383838383838383838382828281818181818181808080808080808079797978787878787979787776777777767676
2212767675757675757373737474737373747372727373737373747473737474737372727272727271737373737272737272717272727272727371717070
2213707171727171717271707170696969707069696969696968696868686869696868686769676666666565646465656666666565646565646564646263
2214636160626261626161606161585857596060595959595857565758575856555555565757585556585758585859585857575757565758585856555555
2215535555545355565658585652515351525252545655535052494847484747495252494747464647474746464546434544414446434442404040394141
2216404139393940404038403839403938394039403938404040394041404038393940404141424140413941414041414041434141414242424242424343
2217434241414241424243424241424344424140393939383941414142414041414141414040414244434342424242424141414242414241424142434244
2218444444454242424444444544424345474746474950525455555451505349494748515052514949525356565556575861626362636261616160595959
2219555655575455545455515254535559615958575959565354545352565555545759606161555857545554515049495049515253565658596060616162
2220626363636464646465656565656565666666666666666666666666666666656565656564646464646565656565656566656566656666666666666666
2221666767666666666666666666666666666666666666666666666666676666676768686868686868686868686867676767676767676868686969707071
2222717172727373747475757676767777777777777776767675767676767676767777777778787878797978787979797878787777767676767676767676
2223777777777777767676767676767776767676767676767676767676767677777777777776767777777777777777777878787878797878797979797979
2300798080807979798080808080808080808080808080808080808080808080808080808180808181818181818181818181818181818181818181818181
2301818181818181818181818181818181818282828282828282828282828282828282828282828281818181818181808081808080808080818181818181
2302818180808080808080808080808080808080808080808080808080808080808080808080808080808080808080808080808080808080808080808080
2303808080808081818181818181818181818181818181818181818181818181818181818181818282828282828282828282828282828282828282828282
2304828282828282828282828282828282828282828282828282828282828282828282828281818181478181818181818181818181818181818080808080
2305808080807979797979797979797979797980808079797979797979797979797979798080808080808080807980808181818181828282828282828282
2306828281818181818181818181818181818181818181818282828283838484848484848585858585858585858585858585858585868686868686868686
2307868686868687878787878787878788888888888888888888888888888888888888888989898989898989898989898988888887878686858585858484
2308848484848484838383838383838383848484848483838282828181818080808080807979797979787878777677777776767677767676707676767676
2309767575757574757473737372737373727372727272727272717172737372717171717173717170707071707170697070707170707071707069696971
2310706869696868686868676767676766656565666667676566666667686765666464646464636464636362626363626264616261626062636260616160
2311606061605960606060606059596061616059596059606060595859585958595958585859595958595858585658565655555656575656555555555656
2312555656555555555654535453545354545453535354555554525253545453535453535455545453555351515250525351515150515153505051505153
2313515252515353525251875150525152525049485049515050474946484948504846504950504947494747495048464647484646464748464646474646
2314464647474745464546464646484848484848485150494849495048484848485051514951505049484950504948484849494748464847474746454546
2315454546454645464846434344404040404141414342414240404041414141424039404041424039383939403739404041393839403939394041404142
2316394041424241404041414143414242424344424243424243454343424443434343434444434342434341424242414243424544424242434341434243
2317434543434345434243434341414141414240414140424242914342414243454343424242424444424241414140414040414040383838393939404139
2318414241414344444444454442414341424142424241424341434241424241404142414242434243444444444444444444444543444345434342444544
2319444546454343444443444545464444444444444544444343434544444646464747474847474747474849494949495050505151515151515252525252
2320515252515152525353525252525151525252525353535253535353535353535353545454545454545454555454555454555555555555555656555556
2321555555555555555555555556555555565555555556565656555656565656565656565656565656575656575757575858585858585858585958585758
2322585859585858585858585858585858585858585858585858585858585858585858585959595959595959605959606059595959606060596062626262
2323626162646464646465666667686868697069686665646463636464646463636363636363636262626262626263636363646465656666676868686969
2400707070717171717272727373737373747474747474747475757575757575767676767676767676767676767676767676767676767676767676767676
2401767676767676767676777777777777777777777777777777777777777777777777777777777777777777777777777777777777777777777777777777
2402777777777777777777777777787878787878787777777777777777777777777777777777777777777777777778787778787878787878787878787878
2403777777777777777777777778787878787878797978787878787879797979797979797979797979797979797979797979787878787878787878787878
2404787878787879797979808080808080808181818181818181818180808080797979798080818181818181818181818282828282828383838383838383
2405838384848484848484848484848484858585858585858584848585858585858585858686868686868686868686868686868686868686868686868686
2406868686868686868686878787878787878787878787878787878787878787878787868686878787878787878787878787878788888888888888888888
2407888988888989898989898989898989898989898989898989898989898989898989898989898989898989898989898989898989898988888888888888
2408878787878787878787878686868686868686868686868685858584848484848484848383848384848484848484848484848484848483838383838282
2409828282828282828282828282828282828282828181818181818181818181818181818181818181818181818181818181818181818080808080807979
2410797979808080797979797979797979797979797979787878787778787777777777777877777777777777777777777777777777777777777777777777
2411777777777777777777777776767676767675747474747473747474747474747474747474747373737373737373737373727272717171717171707171
2412717070707070707071707069706970706970696969686970686868686868676767666666666767676766666666676666666566666666666767676767
2413666667666766666867676667666766676666666667666666666666666667666565656666666766656566656565666666656666666665656565666566
2414656565656565656464646565656464656565656565646465656464646665656665656565656565656465656464646464646464656465656465656464
2415656565666666666565656666646564656665656464636464646464646564636362636362636363626262626262626162626161616161616261616162
2416636261616262626263646363636263626262626363636362626162616262616160606160606061616059596059606059585959605960605858585757
2417575757585858585858585657575757575757575757575757585858575757575758575657565656575657565657575657565656565656565756575756
2418575756565656575757575656565657575757575757575757585857575759595958585859595960595958595858585959595960606060605959595959
2419595859605959606160606060616160606161616162626162616161616262626263636263626363636463636363636363636364646464646464646464
2420646564646565656565656465646465656565656565656565656565666666666666666566666566666666666666666666666665666666666666666666
2421666667676667676767676868697071727373737374747373747575757675757474757675757575757474747475757473737373737373737474747474
2422747474747474747474747474737474747374747473737373737373737373737373737373737373737373747474747474737374747474747474747575
2423757576767677777777787878787879797979808080808081818181818182828282828282828383838383848484848585858586868686868787878787
2500878787878787878788888888888888888888888888888888888888888888888888888888888888888888888888888888888888888888888989898989
2501898989898989898989898989898989898989898989898989898989898989898989898989898989898989898989898989898989898989898989898989
2502898989898988888888888888888888888888888888888888888888888888888888888888888888888888888888888888888888888989898989898989
2503898989898989898989898989898990909090909090909090909090909090909090909090909090909090909090909090909090909090909090909090
2504909090909090909091919191919191919191919191919191919191919191919191919191919191919191919191919191919191919191919090909090
2505909090909090909090908989898989898989898989898989898989898888888888888888888888888888888888888888888888888888888888888888
2506888888888888888888888888888888888888888888888888888888888989898989898989898989898991898989898989898989898989898989898989
2507909090909090909090909090909090909090909090909090909090909090898989909090909090909090909090909090909090909090909089898989
2508898989898989898989898989898888888888888888888888888887878787878787878787878787868686868686868686868686868686868686868686
2509868686868686868686868685868686858686868686868585858585858585858585858585858584848484848484838383838383838383838282828383
2510828282828282828282828181818081818081808080818080797978777878787879787979797979787878787877777778787778787878787890777877
2511767676767675757676757576747476747474757473737373747374737272737272727372737474737373737373747373737372717272727272727271
2512727270717172716969697070716866676667676866686967686969696869706868686969697070696969696968696969707170706868696869686969
2513696867676867676666666667676766676767686868676768696767666766676767686868686768686968686868676767676665666667666665656666
2514666565656565656564656664646463646464646362636264656362626260626262616061616161606160616161616162626162616060626162626260
2515606161616262616161616092626261626262616162616262616262626262636263626262626262626262636363626464636465646463646464656565
2516656363636464646465666566656565656565676766666767676867686667666667666667676867666666676767676667676766666666656566656566
2517666666666665676666666565666566676664656666656665666667666666676867676868686869696969696868686869697069686868686969706969
2518696970717171727273737374747474757575757675757676767676777777787879808081818182828282838383838383838383848484848484859385
2519858585858686868686868686868686868686868686868686868686868686858585858585858686868686868686858585858585858585858585858585
2520868686868686868686868686868686868686868686868585858585858585858585858585858584848484848484848484848484848484848484848383
2521838484848484848484848484858585858585858585858585858585868686868686868686868686868686868687878787878787878787878787878787
2522878787878888888888888888888888888888888888888888888888888888888888888888888888888888888888888888888888888888888888888888
2523888889898989898989898989899289898989898989898989898989898989888888888888888888888888888888888888888888878787878787878787
2600878787878787878787878686868686868787878787878787878787878787878787878787878787878787878787878787878787878787878888888888
2601888888888787878787878787878786868686868686868686868787878787878787878786868686868686868686858585858585858585868686868687
2602878787878787878787878787878787878686868686868686868686868686868686868686868686868686868686868686868686868686868686868687
2603878787878787878787878888888888888888888888898989898989898989898989898989898989898989898989898989898989898990909090909090
2604909090909090909090909090909090909090909090909090909090909090908989898989898989898989898989898989898989898989898989898989
2605898989898989898989898989898989898989898989898989898989898989898989898989898888888888888888888888888888888888898989898989
2606898989898989898989898989898989898989898989898989898989898989898989898988888888878787878686858584848483828281818282828383
2607838384848484848484848485858585858585858585858585858585858585858585858484838383838383828282828181808080808080808080818181
2608818282828281818181818081808080808080808080808080798080797979797979797979798080798079797979787979797979797980807979797979
2609797979797980808079797979808080808080798079797879787777767677777677777776777575757575767676767575767676757675757575757574
2610747372737373737373717271696970706870686869697070716970697066686667676869686969686767686766686665636463646463636263646463
2611656465636363636261626459595959596059595960595960595958595957555656555148474950505353545454565555535454555453535352515152
2612545352545152545252535150525252484849505152514951535052535453525354535253545255525352525150505351504849495050514951505151
2613495250514948474647494851515151515150495454535351474848494746485047474647454748494748494846474545464746464850484648464649
2614494747484946494949505050525050514951515151525251505251504948504949505152525149515049514950485049484949495150504948494949
2615474849495047484749494847484946474747474747464646474546464646474648484848474647484546454647474847464647484647464644454546
2616464748474746474847494848484847474748484948504847474648484747464848494948484849484848484848484847475049484848494850484847
2617484849484848484848484948474848474847494848504949484848494848484850494948494949504948494849504949484948484848484948484849
2618484948504949484948484950494950504949505051504949484949494848494847474747494947484947484747484847474747484847474746464648
2619464747484848484848474749494848494948494949494949494950495050505150505150515151515152525252525352535353535354545454545555
2620545555555656565655555656565656565757575757575757575757585858585859595858585858585858585858585859595959595959595959595959
2621596059595959595959595959606060606060606060616161616161616161616162626262636363636362626262626363636363646465646464656464
2622646464646363626262626262626262626263636363636362636363636363636363636363636364646464646464636364636363646566666768707172
2623737475767677777777787878787979797979808080818181818181828282828282828383838384848484848484848484848485858585858585858585
2700868686868686868686868686868687878787878787878787878787878787878787888887878888878888888888888888888888888888888888888888
2701888888888888888888888888888888888888888989898989898989898989898989898989898989898989898989898989909090909090909090909090
2702909090909089898990909090909090909090909090909090909090909090909090909090909090909090909090909191919191919191919191919191
2703919191919191919191919191919191919191919191919191919191919191919191919191919191919191919191919191919191919191919191919191
2704919191919191919191919191919191919191919191919192929292929292929292929292929292929292929292929292929292929292929292929292
2705929292929292929292929292929292929292929292929292929292929292929292929292929292929292929292929292929291919190898887878685
2706858484838382828281818181818180808080808080808079797979797978787878787878787777777777777777777777777777777777777777777777
2707777777777778787878787879797978787878787777777777777776767776767777777777787878797878787878787979797979797979808080808080
2708808079797978787878787777767776767676767676767676767575757575757474747474747474747373737373747373737373737373737372727273
2709737372727272727272727272717171717172727171707171717170717171717070707071707070696969707069696970706969696969686868686868
2710686767676767676768676867666766666766666665646565666464646565656464656464646463636363646463636262636363626261626262616162
2711636261626261626362626361606161606361626363636364636464656565646464646463636464636463646363626362626162626260585961616061
2712616058585957585758565555555555545556555554575555555456565455555654535451515152515051525354545354525252535354545552515150
2713515151505052525249485251525050505150494950495049484646454548494946475047464947464847484746484746464746484847484749474849
2714494747494748454746464645464643444445454544454745454545434344434443434343414340444241404241414242434345434442444544434443
2715444343454642424342434344434443424343434244434443444243444342414143434244424441414344454343434344434544454545444445444444
2716434243424243414140434340414142414140404039393939393938384140393938394038373736383937373740383939404041403939414040404140
2717414143424241414142414042414241414140414141414141424140404140404140403938393837363838393939403939394039393940393938393939
2718393939414039383838394039394344444546464546464546464445474744444545464546464643414142414145464645474544444546464646464646
2719474747474645474647454647464645454545464647484848484849495050504949494950505051505050505150515151525252525252525353535353
2720535455555656545455545352515151515152515151525252515252525253525354565657595959606061626363636364646465676768687070717171
2721717172717272717172727373737374747474747373727373747474757474747576767677777777777777777778787777777777777778777877777777
2722777778787878797979797979807979787879797979797979797980808080808080808080808081818181818180808080808080808181818282828283
2723838383838383838383838383838383848484848484848484848484848383848484848484848485858585858585858585858585858585858585858585
2800848585858585858585858586868686858585858584848484848585858484848484848484848484848485858584848484848484848484848484848484
2801848484848484848484858585858585858685868686868686858685858686868686868686858585858585858585858586868685858686868686858585
2802858585858585858585858585858585858586868686868686868686868686868686868686868687878787878787878686878787878787878787878787
2803878787878787878788888888888888888888888888888888888888888888888888898989898989898989898989898989898989898989898989898989
2804898989898989898989909090909090908990909090909090909090909090909090909090909090909090909090909090909090909090909090909090
2805909090909090909090909090919191919191919191919191917591919191919191919191919191919191919191919191919191919191919191919191
2806919191919191919191919191919191919191919191919191919191919191919191919191919191919191919191919191919191919191919191919191
2807909090909090908989888887878786868685858585848484848484848484848484848484848383828282828281818282818181818181818080808080
2808848484848483838282828282818182828181818181818180808080808079797979787878787878787878787777777776767675757676757575757575
2809757575757575757575757575757674737373737373737373737372727272727171717171717070696969696969696868676767676767666565656565
2810656563646464646488646464646464636262626161606160616160606161616160606061616060596058585858585858585958555657575655535454
2811545453535253545554545454525254535151505153494949505051505050504849495050505050504949504949484848495049504948474846454647
2812464745444445464646474446464645454544454546474545464644444644444447454444474545434445444647464446444443444444444444434344
2813444443444343434444444344424142434141403939414342404140404040404040444140404041413937414141394039404038373837373940394039
2814394141414141393939414141404041424242404139424193403939404240404038383838403838384139373839393939393739394239393840373838
2815383838383937393838373939424139393940393940394038383939393738394038393737393636363737363737373738363838383938383839404038
2816373737373738383636363537343637373637373636383736373638393940393941414139403940393939393940404040384040403940393938394140
2817393939373838374039393839404039404040404039394143404240404041404141404140414040404140404139403941414039393939414240394142
2818403939394041414140394039393940394042414041424141414040414141404242424242424293414141424241414141414142424342414040404141
2819414141414141424241424241414243424343444343434345454545454544444444454545444444444444454545454545454646464646464646464746
2820464646454546464545464646464746464647474746484848484950504950515051505151515151525251515151515253535455555554535555565656
2821555655565859595960626162616160606060595958585858585858586060605958585858585857575757575757576062606262615959596059596161
2822616061626362636363636362626362626361626364656465646666676666676668686969696969697068676767666767667566676769697171717171
2823707069696968697070707171727273737272717169676667696969696969697069696969697071717171727271717171727171717272737271727272
2900727273737373727170707172727171717171717273737373737373727272727171737474757575757777787777777777767676767676767676767676
2901767676767676767676777777787878797979787876757473727169696868656563636261616160606060606060606061626363646465656667686868
2902696970707172727273747474757576767676767777777777777878787878797979797979808080808080808181818181818181818181818181818181
2903818181818181818181818181828282828282828282828282828382838383838383838383838383848484848484848484848485858585858585858585
2904858686868686868686868686868686868687878787878686868686868686868686868686868686868685858485858585868686868686868686878787
2905878787878787878787878787878787878788888888888888888888888888888888888989898989898989898989898989898989898989898989898989
2906899090909090909090909090909090909090909090909090909090909091919191919191919191919191919191919191909191919191919191919191
2907919191919191919191919191919191919191919191919191919191919191919191919191919191919191919191919191919191919191919191919191
2908919191919191929292929292929292929292929292929292929292929292929292929291919191919191919191919191919090909090898987868584
2909838281807978777776767576767675757474747574747473737371717171717271707070706969696970696869676767686868676767666665656465
2910656565666666666665656565656565646363636161616262616160606059605959595857565656575756575756555555545252535354535454545453
2911535453545454555654545352525452525353535252525354535152525353555451515050495050505049494949504747474749484747484848494848
2912484748474647474647474747474748484846474748474848484747484747464643444341434344454343434444454545444444434243434443434345
2913434543434341414244444241414242424141424242414240404141404142414141413939414041413838394040394041393838404037373637353735
2914353637363637363636373737373836384037393939393939403939414040404139404040423940383738373738383738413737373537353638363636
2915363637373737383838393736353737363336343435353636373735353533343534343433353635353534333436353334363534353435353636363635
2916383636343535353638393636373737343535363435363636363636363737373737373939383838383838393838393938383938403940383837383839
2917384040413939394040393939394039404040404039404040404040404041414140404141424140414141404141414141404142424141414141424141
2918414241414141424141414141414342424242424242414242424242424242424243434343434344434343434343434343424242424343424242424242
2919424242424242424242434342424242434242424342434343444443434343434444444444444544454545464646454545464646454646464646474647
2920464647474747464647474647474747474848484848484949494949494949494948484948494949494949494949494949495050505151525253535353
2921535353535453535353535353535353535353535353535353535454545455555556565757575959595960595860606161626162626262626261616060
2922596059606160616162636363646464646464646464636363636566686970707070707069696868697071717171717171717272717069686868676868
2923686868686868687071727271717172727272727171707071717272727272737372727272727272727373737373747474747475757575757575747372
3000717070706869696969686868707070707070707071717172717272717272727373727172727070706968676767676766666666656565656566666666
3001666565656565656565656667686869697070717171707070707071717171727273747474757575757676767676767677777777777878787878787878
3002797979797877777777777777767675757576767777767574747373727272737373737473737374747474747474747474747474757576777777787878
3003787878787878797979798080808081818181818181818181818181828282828282828282828181808080808080808081818180808080808080807978
3004777574737272727171717171717170707070707069696969696868696970707071717171717171717171717171717070707171727273737474747475
3005757574747475767676767575757575757575757575767777777777777777777879797979797980808080808080808080797979808080818181818181
3006818181828282828181808080808081818182828282828383838383838383838383838383838484848484848483838484848484848484858585858585
3007858484848484848485858585858585858585858585868686868686868686868686868686868686868686868686868686868787868686868686878787
3008878686868686868686868686868686858585858585858585858584848383828181808080797979797979797978787877777676757575757372727173
3009727172717170696868686867676768686867686968676666666565646564646464636262626263636363636463636363636363636363616162616162
3010636262616161616161626262626161616161616262606061605960606060605959596059585858595758595858585858585756575858585858575758
3011575657585756565657565556565556555554545354545454545453545453535453555352535252535253535453535251515050495049484849495049
3012494949505049515152498648474745464647474647464646454445454545454545454546464545444545454545474745464444444443434343444544
3013444545454444444545454444444545444344444544434242444342434243424341424242414342434242424343414142444140424242424140414141
3014424241424142414140424040404141414140414242434344454545454546474747464646454646464445434544444545444646454543444444454545
3015454445444544434344464443454443434341424243414242424142424041413940394041404140393939383838373739383839383839403938393838
3016383938393940383939403939383940393738393839384040409140404041414142434444444445434444434444444545444645454545454645464546
3017464646464647484848474748474848474848484848474747474747484747474948474747464545454545454646464746474746464646474646464746
3018474647474747474747464748474748484848494747464647474746464746474847474647474748484747474747484949484748484849494848484848
3019484949484848494949494949504949494950494849484849494847474849494949494950494949494949494949505050505150505050505151525152
3020525253535253535253535353535354545353545454555554545454545455555454555555555555557355565656565656555655565657575657585859
