58265 2010   111213603204   65   24 6670   55    1--------------------------------------------------------------------------
3121787878787878787878787979797979797979797979797980808080807979808080808080808080808080797979797979797979797979797978787878
3122787878787878787878777878787878787878787878787878797979797979797979787878797979797978787979787878787878787878787878787878
3123797979797878787878787878787878787878787879797878787979797979797979797980808080807979797980808080808080808080808080808080
0100808080808080808080808080808081818080818181818181818181818181818181818182828181818181818181818181818181818181818181818181
0101818181818181818181818181818181828282828282828282828281828281828281828282828282828282828282828282828282828282828282828282
0102828282828383838383838383838383838383838383838383838383838383838383838383838383838383838383848483838384838384848484848484
0103848484848483838383838383838484848484848484848484848484848484858585858585868686868686868686868686868686868686868686868686
0104868686868787878787878786868686868686868686868686868686868585858585848484848484848484848484848484848484848483838383838384
0105848484848484848484848484848484848484848484848484848484848484848484848484848484848484848484848484848484858585858585858585
0106858586868686868686868686868686868686868686868686868787878787868686868686868585858686868686868687878787878787878787878787
0107878787878787878787878787888888888888888888888888888888888888888888888888888888888888888888888888888788888888888888888888
0108888888888888888888888888888888888888888888888888888888888888888888888888888888888888888888888888888888888888878787878787
0109878787868686868686868686868585858585858585858585858585858585858585848484848484848484848484848383838383838383838382828282
0110828282828281828281818181828282828282818181818181818181818181818181818181818181818181818181818180808080808080808080818181
0111818181818182828181818181818181818181818181818181818081808080808080808080808080808080808080797979797979797879797979787879
0112787878798080808080807979797979797979797979797979798080808080808079797979797979797879797979797979787878787978787878787877
0113777877777777777777777778787877777777777777777778787878787878787878787878787878787878787878787878787878787878787878797878
0114787878787879797979797979797979797979797979797979797979797979797979797980797979798079797980808080807979797979797979797980
0115808079797979807979797878787878787878787879787878787878787878787878787878787878797978787979787878787878787879787878787878
0116787878787878797979797979797979787978787979797979797980797980808079797979797979797979798079797979797979797979797979797979
0117797979797980797979797980797980808080808080808080808080808080808080808080808080808080808080808180808080808080808080808080
0118808080808080808080808080808181818181818181818181818181818181818181818181818181818181818181808080808080808080808080808080
0119808080808080808080808080808080808080808181818181818182828383838384848485858585858585858585868686868686868686868686868687
0120878787878787878787868686868686868686868686868686868686868686868686868686868686868686868686868686868686868687878787878787
0121878787878787878787878787878787878787878787878787878787878787878787878787878787888888888888888888888888888888898989898989
0122898990909090909090909090909090909090909090919191919191919191919191919292929292929292929292929292929292929292929292929292
0123919191919191919191909090898989898888888888888888888888888888888888888888888888888888888888888888888888898989898989898989
0200898989898990909090909090909090909090909091919191919191919191919191919191919191919191919191919191919191919191919191919191
0201919292929393939393939393939394949494949494959595959595959595959595959595959595959595959595959595959595959595959596969696
0202969696969696969696969696969696969696969696969595959594949494949494939393939292929292929292919191919191919191919191919191
02039192//929292929293939393939393939393929292929292919191919191919191919191909090909090909190919191919191919191919292929292
0204929292929393939393939393939393939393939393949494949494949494949494949494949494949494949494949494959595959595959595959595
0205959595959595959595959595959595959696969696969696969696969595959595959595959594949494959595959595959494949494949494949494
0206949494939392929292929291919191919191919191919191919191919191919191919191919191919191919090909090909090909090909090909090
02079090909090909089898989909090909090//909090909090909090909090909090909090909090909090909090919191919191919191919191919191
0208919191919191919191919191919191919191919191919191919191919190909090909090898989898989888888888787878787878787878787878787
0209878787878787878787878787878787878787878686868686868686868686868686868686868686868686868686868686868685858686858585858584
0210848484848485858585858584848484848484838383838383838282828282828181818181818180797979808080808080808080808079797980808080
02118080807980808080808080808080818081818181818181818181818181818180//807979808079797979797979787879797979797979797979797978
0212797978797980797979797980808080797980808080808080808080808080797979807980797979808079797980797979797979787879797877777777
0213777777787778787778787777777777777878777776767576767575757475767675747473737475747373737373727172727171707168676969707071
0214717273737373747474747374747474747575757474747473747474747473747474747474737373737374747474747574747575757575747475757473
02157474747474737373737373737373737373737374747474747575757575757575757575757575757575767575767575//757575757575757575757575
0216757575757575757575767676757576767676767676767676777677767777777777777777777776767777777777777778787879787878787777777776
0217767776767677777777777777777777777878787878777778787877777877777878787878777878777777767676767676767676777676767777767676
0218767676767676767676767676767676777777767676767676777777767777777877777777777777777777767676767574757575757574747475767574
0219747474757575747474747575757574747474747474747475757576767577787979798081818080808081818181818282818180807977777676757574
0220747374737473747474747475757475757575757575767676767676767777777778787878787979797979797979808080808080808080797979797979
0221797979797979797878787980818181818282838383838384848484848484848383828282828282828282828282828282828282828282828282818181
0222818181818080808079798080818181818281818282818180808080797978787979808079808079797979797979787878777777767777777777787878
0223777777777878777777777677777777777777767776777776777777777777777778777777767676767676767675757575757573737372727273737374
0300747373737373737373737373727272727172717071707071707070706970707070707070707070696969696969707071717272717172727272737374
0301747273737372737374747474757575747474757574747373737372727272727271717171717171717171717171707171717070707170707170707070
0302707070707070707070707171717171717171727272727272737374747374747575767675767777767676777877777778787979797979797879797979
0303797980808081818181808080797980818182828282828383838382828383838383838384848484848585858585858585868585858585848484848483
0304838383838383838383838383838484848484858585858585858585858686868686868687878787878787878787878787878787888888888888888888
0305888888888888888889898989898989898989898989898990909090908989898989898989909090909090899090909090909090909090909191919191
0306919191919090909090909090909090909090908989898989898989898989898989898988888888888888888888888888888888878788888888888888
0307888888878787868686868686878787878787878787878787888888888888888888888889898989898989899090909091919191919191919191919191
0308919191919191919191919191919293939393939393939494949595959595959595959696969696969696969696969696969797979796969697979797
0309979797979797979797979797979797969696949289878684838281808079797979797978787980808080808079777777777876767676767673727271
0310717071707070696968696867676767686768686767686767666767676766676666666564656566666667666767666565666765656463636464636464
0311646464646565636363626364636465656566656665666665646464636365656564646564656666666566656464646362616161626260596060605958
0312585858595856555556575555545353545454555554555454565453545353535252535456545453525454525152515353535253525452525351515050
0313495052515050504949484948485046464547474645444342434443444343444443424244434343444140404139394038414341414142444342424143
0314424039414140404142394043454245464543444545444445454644444444454645454344434244424243434141414242414343424241414141424239
0315393840383937383938373737383737363737393938373739393838383839393638384039393840383840423838393739383637363637363938383738
0316373636363636363739373538383738363536363336353534353736353533333534353537343636363432333333343333333332333232323334333333
0317333433343434343334343636353435333334343535353434333434343335353535353836363838393736383737383636363636373736373637373938
0318383837384142404345464341404142434343444446464644414443403940393839393838384648474849484851525558575656576059605857575856
0319565958626363636363656767676566676766656566676768686868676566686969717172727271717171727270676969707070717171717070717374
0320747574747373727272727272727172737372717171717070706968686767676767686868696969706970696969696868676767676767676768696869
0321696969686868686868696970717069696867676666666565656464636262626261616161616261626262626363636363636364646566676767676768
0322696868696970697070707070707171727373727373737373747475757575757676777777767676767676777778787878797979787878797979798079
0323807979808080807979797979797878777878787777767776767777767675757472717171707069696968686868686868686767686868686868696969
0400696969696969696969696969696969696969696868686868676767676766666767676767676768676767676767676767676767676767686868686869
0401686868696969696969697070707069697070717071717171717171717171717171717172727272727272727272727272727272727272727373737373
0402737373737373737373737474747473747474747575757576767677777777777777777777777777787878787879797979798080818182828283838383
0403838484848585858585868686868686868787878787878787878787878787888888888888878787878888888888888889898989898989898989898989
0404899090909090909090909090919191919191919192929393939393939393939494959596969696969695959595959595959595959595959595969696
040596969696//96969696969696979797979797979696969696969696969696969696969696969696969697979797979797979797979796969696979797
0406979797979797979797979797979797979797979797979797979797979797989898989797979797979797979797979797979797979797979797979797
0407979797979797979797979797979797979797979797979797979797979797979797979797979797979797979797979797979797979797979797979797
0408979797979797989898989898989898989797979797979797979797979797979797979797979797979797979797979797989898989898989898989898
040998989898989898989898989898989898989898//98989898989898989898989898989898989897979797979797979797969695959494939290908989
0410898988878684838381807978787777777676767675747372717272717171697070706968686767676769686970696968686867686866676667656666
0411666765666666676666666766686667646666656565656564656566666665656464646464656564646464646563636262616262626162616061616060
0412596060595859595960605959585958595858585959596060605958575857575756585758575855555657565555565555565656565656555655575655
041355555553535354555554555555545455545454535454545455555455565453545355//54555455565452525251515152505151525251505150495050
0414515050505052515050505150515049505052525152525252535352515351495049505150505049495049505150505150515151505049504949494848
0415495050504848494948505047484746474846484747474747484747484647484848474847484946474747484848484748484946464748474647474745
0416454646474640414041394041423937404243434445464546454545434544444444444546464445454647484847474647474646474646464747464748
041747464645464647484847474747484747484746484947484748494850484747484950494950494848474848484948484848//49474848484850494748
0418484848484848505050514950504950494849495049505050504949504950495051515050505050515252525352525252535353535354545454535354
0419535252525252525151525353535353545454545454545454545455545554555656565757575657565757575656565656565655565656565656565655
0420555656575757575757575757575758585859606060616162646464656565666668686869707070727272717172727272727171707170717272696766
0421677070707070707172717170707070717171716972737374747371717172727171727374747473727172727069707373737170707271717172717171
042271717172//72727273737373747576767675757473737274757573717272727171727271717170717172727373747473737270707170707070686969
0423686969706969697072727272717272727273747475757575757677777879787778787879797979797979808079797979798079797980818180808181
0500818283828282828282828181808080808080808080808081818181818181808080818181808080808078787879808181828282818181818182828281
0501828282828282828282818079797979797979797878787878787979797979808181828282818282828282828384848383848484848484838383838383
0502838383838383828282828283838384848484848484838281808081828282838383838384848484848484848484858585858484848585858484848484
0503848383838383838382838383848383838383838383838383828180797776757575757675757474747474737474747475757575757575757575757778
0504797979787878787878787979808080807979777776767676757575757575767676767676767676767677767676767575757575757575757676767676
0505767676767675757574747575757575757576767676767676767676767676767676767677777777787878787878787878787878787878787878777777
0506777777777776767676767574737373737473747474747474747474747374747374747476777776777878787878797979808080818181828282828283
0507838383838484848484848483838384848484848484858585858585858585858686868686868686868687878787878787878787878787878787878787
0508878787878787878787888888888888888888888888888888888888888888888888888888888888888888888888888888888888888888888888888888
0509888888888888888888878787878787868686868685858484848383838384838383838383818180807977777776757575757574757474757373727374
0510727171717170696969717072707070697069696970696969696868686869696867666767676766676666676767676666666665656566656565666565
0511656665656465666565656564656665646464646464636263636362626263626363636362636362646263616262616162626362616260616262606161
0512606160606161606060595960626061595959606060605960606059585959595958575958575859595858595959585959575960585859585858595858
0513575756575758575857575755555657575454565655555555545555555554545454545657545353555555535554535454555656555554555654565656
0514555555565654545453535453545452535252525252525153525151525251515151525252515151495050515152525051505050504950494949485151
0515505150494950504950504950485050494949494949494949474746474847484747474948484848494948484847464546464647454545464646454546
0516484445454444454445424545444343444342424342424241404141424142434243434142434343434344424244434443434342424444434342434344
0517454445464645454645464646464546454545464545464747464646454747454746464546474748484950484850515051515152515152525252515252
0518535453525252535252525151515251525254535253525152525252525352525252535352525152525152515252525352525353535353535353545454
0519545353545354555554545453535253535353545455545554545354545454545455555554555454545455565656565657575757565657575757585858
0520585960616160616161616160606161616061616162626362616262626364666564646567676565656565656565656666666666676665676967666665
0521656364646466676262626262626263636262616164656565646262616059596060606162636464626261616161606060606163646464646563626466
0522676665656463656869717373706865626161616161616162616060616061605959585758585756565756575757565757575758585758596060595959
0523595960605958575857565757565757585757555756575858585959596056565857565555545454545455555557565757565656575757575756565657
0600575656565655555556575959606164636261616161626466656566676767676665646364656767707070707071717070707071727069686869707172
0601706967676867666666686767707171737372717271706766676365696970697070697072717273737271717272717171717172727475767675767676
0602777777777878787878787878787979808079797979808080808080808081818181818182828283838383838383838383838282818282818282817978
0603777778787979797878797980808080797775767879797979787979797978767677787778787777787878787978787877787979807977767474747476
0604777878787777777777757678787777787980808182828282838383838383838282828180797879798080808081808181818181828282828180807980
0605808079808181818282838383838484838281797876757470706969686867686868686868676767676667676767676767676768686868696969717272
0606737372717069686868676767676767676868676867686767676667676766666666666767676767676768676767676867676768686868686868686868
0607686968686868686868696969696868686868686768676767676768686868696869696970707073757475747473737474757574757676777677787777
0608777675757676777878787978787878787979808080808079777676757576767676767574757575757474747476767677777879777676757473747675
0609767778787979808080808080797776757576777677777777787879797980808079777676777879777877767575737374757576757575767674727171
0610696968676666676766666665666766666665666565666666666665666666656666666564656564646464646565656464646465646462636363636263
0611626262626160606160606060616060606061606160//5959585959595961605858585958575858575757585857565656565758585857575758575757
0612565858575454545455545455545555545354555654535453545454535352515052515253535453535152525253545455545352525253525353525253
0613535152515250505150525252515153515251535151505050505050525150515151515151505049494949495149484949494950505049505150505151
0614515150535354555553545554545453535354525252535353525252535352535454535353545554535353535352535352535252535353535352545253
0615545354535352535252525353545353515252525253535352535453535454545353535353//5455555354545555555556575758585959596060606060
0616605959606060606060606161606060606060606061606060606060606060616161606161616160606161616161626262616162616161616161616161
0617616162626262626262626262626262626364636364646465656565666666666666666666676767676767676767676767686868686868686868686968
0618686868686868686868696968696968696969696969696969696969696969696970696969696969697070697070706970696969696969696969696969
0619696969696969696969696969696969696968686868686868686868686868686868686868686868686868686867676867676767//6767676767676767
0620676767666666666666666666666666666666666666666666666666666666666666676767676768676767666667676767676766666666666666666667
0621666666676666666666666767666666666666666767676767676868676868676767686868686868686868686869707070707069707069696969696969
0622696969696969696969707069696969696968686868686867686868686868686867686767676767686768686868676767676767676666666767676666
0623666767676767676666676766666766676766666666666666656565656665656566656565666666676767686868686868686868686868676767686869
0700697070707171//7070717171717171727272727272727272747474747374737373727271727272727273737373747473747475747373737373757576
0701777777777676767676767677787877777777777778787877777877777778787878787777777879797979808080798080807978777676757575757574
0702747473737373727171717171717171717171717171717272727373737373737473747475757575747474747474747474757676767676767675757576
0703767677787878787879797878787879808080808081808181818181808181818181818181818180808181818282828282828282828383838383838384
0704848484848484848484848485858484848381818079787878787877777777777777777777777777777878787878787777777878787878787878787878
0705777777777777777777767676767676777777777778787878787877777777777777767676767677777777787878787979808081818181818282828383
0706838282828282828181818181818081808080807979797979797979797979797979797979797979797980808080808080808181818181818282828282
0707828283838383838484848484848484848585858585858585858585858585848484848484838383828282828181828282828282828283838383838383
0708838383848484858585858686868686868686868787878787878787888888888888888888888989898989909090909091919191919191919191919191
0709919192929292939394949494959595969696969696969696969696959595949492919090898988878787878786868686868685848382828181818080
0710798080808079797877777777787776767676757575757676757575747373747373727272717171717071717171717070696968686768686767676868
0711686868676767676666676766676667656566656463646464646464646363636362626262606160606060606060606060606060606061616161616162
0712616262626261616161616161606160616161616160606062616060606261616060606060606060596059605959596058575657575858575857555655
0713555556555555555654545453535353535353525253535454535252535353535353525051515151525151535253525251525051515151505051515051
0714515051525051525150515150505251505150505151515052525351505251515051525152535151515251535151515250515050505251505252525252
0715515153515152525151515049505050515051505052505051525152514948484848495049494947484847484847485050495049484848484848484949
0716505051505251515049505152515353525352525354545353525453535453545352525253535253535353535453545353545455565554555555555555
0717575756555556575556565657565756565656565556555555565655565656565656575656575757565656575757575857585857585757575858575757
0718575758585857585858585859595960606161616160616161616160616161626161616262616363626262636363636362626262626362666869706766
0719646667656464636464636365676668686870707171717171717273737475747576767676777777777878787878787980797877767574747472727273
0720727373737374747474747475747473737475747475777777777777777777767676777878777777777777767776777777777878787878787878787777
0721777979797878787980808181818180808080818181818181818181808080808081828182818181818182828282818079807978787980808081818181
0722818181818282828282828282828282828283838282818180808081818182828181818180808080798078787878787979807979807980808080797877
0723777879808181828282828180797979797878787879808080808079798080818181818181807979797979787979797978797978797979808181828282
0800828283838484848484848483848484828281808080797776767676767575767676767777777878798080807979787878787877777777777878797980
0801808080818181818180797878777776767676767575757676787979808080797877777777777776767575747475747474747475757575757575757676
0802767676767676777776767676767777777777777778787878787878787878787979797979797979808079797980808080808080808080808080808080
0803808080808080818181818282828282828283828383828282828282828282828282828283838384848585858686868686878787878788888787888888
0804888889898989898989909090909090909090919191919192929292929292929292939494959596969696969696969696969696969696969696979797
0805979797979797979797979797979797979797979797979797979797979797979797979797979797979797979797989898989898989898989898989898
0806989898989898989898989898989898989898989898989898989898989898989898989898989898989898989898989898989898989898989898989898
0807989898989898989898989898989898989898989898989898989898989898989898989898989898989898989898989898989898989898989898989898
0808989898989898989898989898989898989898989898989898989898989898989898999999999999999999999999999999999999999999999999999999
0809999999999999999999999999999999999999999999999999999999999999999999999999999999999999999999%%%%%%%%%%%%%%%%%%%%%%%%%%%%%%
0810%%%%%%%%%%%%%%%%%%%%%%%%%%%%99989795908887868684848384848280797877777877777776767676767677777675757474737272717172707070
0811707068686869686869697069686868686666666766656564656566646465656666666565656565656363646463626262606163636161616161626261
0812626161626163626261626260585858595859585857565756555556555557565555575755555455555658565655565656565556555555545454555453
08135453545453535251525052524850504947474340394042//424345434342434343434140404241414036333536363838393939393940373636363535
0814343535353537373837383836383835343335353235333332323232333434353435333234343433343534333434343535353435343638373535353435
0815353636353636363536373636353534343535353536343736363634333434343434333434343433353534323333323334353232323233333333333332
0816333332333536363434353536363537363736363838373737383839393938403939383636383939383636383836363737373736373739383736363637
08173636363739383738394039404139424141424141414041414243434241424343424243424143//444444434443424343454243444242434343434444
0818434242434443434343414242414344444446454546465050464545464647474646464546474847484749505151505049484847484847474849494949
0819484848484747474648464546464647474847474747494849494852565653555655555454575756565960595858585655535252525252515051515252
0820515050494949495050495050525154545353525251535254575656575656595959596062646461616264656563636364666767676665646363646666
08216768706969697070686869707172706666676872727272717072727271706766666769717273747472727374747475747474747474//757877767777
0822767575777777777877757271717274757575767675767677787978787979777676767676777778787878787878787878787980808182828283838383
0823838383828282828281818181828282818181818282828282828282828282818181818180808181818282828181818182828383838383838383838382
0900828282828282838383838383838383838383838282838282818181818282828282828383838383838383848484848485858584848484848483838383
0901838384848485858585858585858585858585868686878787878787878787878888888888888888888888888888888888898989898989898989898888
09028888888888888889//898989898989898989898989898989898989909090909090909090909191919191919191919292929292929291919292929292
0903929292929394959797969694898786868584848483838383838182838485868687878888888888888889898989898989899090909191919191919191
0904919191919191919191929292929293939393949494949596969696969696969696969696969696969696969697979797979797979797979797979797
0905979797979797979797979797979797979797979797979797979797979797979898989898989898989898989898989898989898989898989898989898
09069898989898989898989898989898989898989898989898//989898989898989898989898989898989898989898989898989898989898989898989898
0907989898989898989898989898989898989898989898989898989898989898989898989898989898989898989898989898989898989898989999999999
0908999999999898989898989898989898989898989898989898989898989899999999999999999999999999999999999999999999999999999999999999
0909999999999999999999999999999999999999999999999999999999999999999999999999999999999999999999999999999999999999999999999999
0910999998989898989897969289878685848383828282818281818079797878747475747371707273737273747271737372717171717171717170717171
0911727072727271707069696870696967676867666566676766666464656566656665656465656665656463626160616161616062616060606161616160
0912596059595859616161595858585858585858595858585756585657565555545456555453535253535452515152525152525251515151515252525353
0913535454535352535251535252525353535352515051525151505151514950515150495049494949505048484949484949494947474847474748494949
0914484747484747464647494847474848474848484646474747464647474746474747474746474645454646464446464646454647454647464647474746
0915474847464544454544454444444445454645444545454444444444444444444342444344434343434445454242434144424342424241424243424342
0916424444434242424243434444424343444243424443434443434244434242403939414042424243434244434444434444434342434243444444434344
0917434343424345434244444642414342414241414140424242434344454444454544444544444443444444444546464546464746464645454545454545
0918454645464747464747485150484950504950494848494949505050494949504950504949484950494950494950515151515152535454545455585858
0919585860616162626263636362636364666666676767676768686969696970717171717171717170707070717170707071717171717171717171717171
0920717171717171717171727273737373737474747474757576767777777878797980808080808080808081818181818282828282828383838383838383
0921838384848484848484848484848585858585858585858585858586868686868686868686868787878787878787878787888888888888888888888888
0922888888888888888888888888888888888888888989898989898989898989898989898989898989898990909090909090909090909090909090909090
0923909191919191919191919191919192929292929292929292929395959595959595959595959595959596959595959595959595959595959595959494
1000949494949494949495959595959595959595959595959595969696969696969596969696969696959595959595959696969696969696969696969696
100196969696969696969696969696969696969696969696969696969696969696969696969696969696969696969696969696969696969696969696//96
1002969696969696969696969696979797979797979797979797979797979797979797979797979797979797979797979898989898989898989898989898
1003989898989898989898989898989898989898989898989898989898989797979797979797979797979797979797979797979797979797979796969594
1004949392919190909090909091919191909191919191919191919191919191919090909191909090909090898989899090909090909090919191919191
1005919190909090909090908989898989898989898887878686868686878787878788888888888888888989898989898989898989898989898989898989
100689898989909090909089898989//89898989898989898989898989898989898989898989898989898989898989898989898888888888878788888888
1007888888888888898989898989899090909090898989898989898989898989898989898989898989909090909090909090909090908989898989898989
1008898989898989898989898989898989898990909090909090908989898989898989898989898989899090909090909090908989898989898989909090
1009909090909089898989888888888888878787878788878787878787868686868787878888878787878787878787878786868585858584848484838383
101082828282828281808080808080798080808080807979797979797979//79797979797979797979797979797979797978787878797878787878787878
1011787777777778787877777778777777777777777777777777777777777777777777777676777776767677777776777675757574757574757575757575
1012757475757474747475747473737373737373737373737373747373727272717172727171717271717071717171717170707171727070707070716970
1013716969696969706970696969706968686868686868686868686869696867686868686768676768686868676867686766676767676766676766676667
1014676867676766666564656565666566656666656666656565656464646464646465656565646565666664646464636363636463636463626262626363
1015636363636464636363626264636464626364626363636363636364646262626263616263616162626363626264636263626364636262626362636262
1016636262636362636262626263626363636262626261626262616161626161626262616262636262636161616262626161616161616161616263636161
1017626161616262626262626365646363616261626161626161626261616162626262626362636363636362626464646465656565646464656565666565
1018646464646566666666666666666666666666666666666767676867686868686868686868686768686868686868686868686869696969696969697069
1019697070707070717171717171717272727272727272727272727373737374747475757575757576767777777878787979808080808181828282828282
1020828283838383838383838383838483838484848485858585858585858585858686868686868787878787878787888888888888888888888888888888
1021888888888888888888898989898989898990909090909090909090909090909191919191919292929292929292929292929292929292929292929292
1022929293939394959595959595959595959595959596969696969696969595959594949494949494939290898888888787878787868685858585858585
1023858585848484848484848484848383838383828383838383838383848484848383838382828282828281818180807978767675747474747474737374
1100747474747474747474747475757475757575757575757575757575757575757475747575757676767777777778797979797979797979797979797979
1101797978787878787979797979797980808080808080818181818181818181818181818181818182828282828282828282828282828282828282828282
1102828282828283838383838383838383838383838383838383838383838384848484838384848484848484858585858585858585858585858686868686
1103868787878787878787888888888888888989898989898989898989909090908989898989898989898989898989898989899090909090909090909090
1104909090909191919191919191919191929292929292929292929293939595959596969696969696969696969696969696969697979797979797969695
1105949290898989888888888787878787878787878787878888888888898989898888888888888989898989899090909090909090908989898888888888
1106888888888887878787878787878788888888888887878787888888888888888889898990898990909090909090909191919191919292929293939494
1107949595959595959696969696969696969696969696969696969797979797979797979797979797979797979797979797979797979898989898989898
1108989898989898989898989898989898989898989898989898989898989898989898989898989898989898989898989898989898989898989898989898
1109989898989898989898989898989898989898989898989898989898989898989898989898989898989898989898989898989898989897979797979695
1110939291908887878785848484848483838383838383828282828181818181818180807979807979787878787778787777777776767676767675767676
1111767675747574737373737372727272737372727272727272717171727270686969696969697070696967686869676769686767666667676767676768
1112686767686867666666656665646464666564636463626363605958585755555656575859585857575655565653535153535353545353525152525253
1113535352515250515051525152515150505050505049484848484948484848484848484848474847464546454746454646464647444646454343424244
1114444544444343444443424342434341414242434242434340404142424343434342424041414140394142404243424241424039414241404040403938
1115383837383737333332333334343536363738373840373638373738383939394040414140404141404141414141414142424341404040414040404140
1116404141414343414040404242424141424241414140424442414142414241414041414141424242424242434342434440404041424241414242414240
1117404241424040393940403939393839373636383637343538353435353635353334333232323333323233333235333435343432323333343534333333
1118353434343433343536373636353435363737383838384040394041424141414242424445454648484848484748505456575858585858585958605960
1119616362626263636363626263636364646565676565656565656667686869697070707070707272706970717171717171727272727273737373737373
1120737374747474737173737273757575757575747374757575757575757676777777787878797979797877777777777878787979798080808080808181
1121818282828281818181828282828283838382828283838383838383838383838484848383838383838383838384848484848485858585858585858484
1122848484848585848485858585858585858585848484848484848585858585858585858585858585858585858585858686868686868585858585858585
1123848484848484848484848484848484848485858584838282828383838384848383838383838484848484848484//8485858585858585858585858585
1200858585858686868686868686868686868686878787878787878787888888888888888888888888888888888888888889898989898989898989909090
1201909090909091919191919191919191919191919191919191919191919191919089888887868686868686868687878787878787878787878787878788
1202888888888888888888888889898989898989898989898989898989898988888888898989898989898989898989898989909090909090909090909090
1203909090909090909090909090909090909090908989898989898989898888888887878787878787878686868585858586868686868686868686868686
1204//8686878787878787878787878787878787878787888888888888888888888888888888888888888888888888888888888888888888888888888888
1205888989898989898989898989898989898989898989898989898989888989898989898989898989898989898989898989898989898989898989898989
1206898989898989898990909090909090909090909090909090919191919191919191919191919191919292929292929292929292929394959595959595
1207959595959595949494949494949494949494949494949494949494949494949494949494949494939394949494949494949494949495959595959595
1208959595959595959595959595959595//9595959595969696969696969696969696969696969696979797979797979797979797979797979797979797
1209979797979797979797979797979797979696969595949492919090909090898989898989898990909090909090898989898989898989898988888787
1210878786868585858584848381808078777776767576757676757675767576757474737373727373727272727273727172737272727272737274727071
1211717271706971707070697069696868676969686868686868686968686967676767686767676767676666676767676766676666666565666567656565
1212646365656464636363656564646365646465656263636364656462636363//6363656463636363626263636262616263636264646363626261626362
1213616162626262636364626263636362626264646363636362636263626263636363626363636362636362626262626263626263636363636363636363
1214626363626262626362616162626161616160606060606160616260606061606060606060616161626261616161626161616060616262616061616161
1215616060606060616161626162626262616162626263636464646564646464646564656565656666666667676767676667676767666666666665656565
1216656565656565656565656564646464646464636363636363636362636363636464636363636363626363636363//6364646464646464656565656565
1217656564646464656464656565656464646464656464646464646464646464646465656565656565656565656665656666666666666666666666656666
1218666666666565666665656665656666666565666565666666666566656665656565656566656565656565656566656565656565656565666566666666
1219656666656566666666666666666666666666666666666666666666666666656665666666666666666666666666666667676767676767676767676767
1220676767676767676767666666676667676767676766676767676767676767676767676767676767676767676766666666666666666666666666666666
1221666667676767676767676767676767676868686868686868686869696969696969696969696968696970707070707070707070707070707070717070
1222707071707070707070707071707070696969696969696868696868686868686868686868686868696968696969696969696969686969696968696968
1223686868686868686868686868686868686868686868686868686969696969696969696868686868686868696969696969696969696969696970707070
1300717172737373747475757676767677777878787777777777777778777778787878787979797979798080808181828282838383838383838484848485
1301848585858584848483828080797978787878787878787878787878787878787979797979798080808181818182828281828282828282828282828282
1302838384848484848484848484848484858585858585858585868686868686868686868686868686868686868787878787878787888888888888888888
1303888989898989898989898989898990909090898989899090909090909089898888888887878787878787878686868686868585858585858585858585
1304858585868686868686868585848484838383838282828282828283838383838383838383838383838383838383848484848484848484848484848484
1305848484848484848484848484848484848484848484858585848485858585858586868686868686868687878787878787888888888888888888878787
1306878787878787878787878787878787878786868686868787878787878787878787868686868686868686868686868585858585858585858585858585
1307868686868686868687878787878787878787878787878787878787888888888888888888888888888889898989898989898989898989898989898989
1308898989898989899090909090909090909090909090909090908989898989898990909090909090909090909090909090909090909090898887878685
1309858484838383838383828282828383838383838383838383838383838384848484848484848484848483838383838383838483838282828282818181
1310818181808080797978797979797978787877787778787877777777777676767677767676767576757575747473747374747473747474737473737373
1311737373727272727272717271727170717171717171717070707070706970696970686767676465656465656565646365656464646462626262616161
1312605959595755575554535454545152525252535353525453535353525354525152535352524950515049494848494949515150505151514949484948
1313494947474647464748464544434444434242434343424344434344444344444444434543434444444543454544434342424342434342424242414141
1314414142424241424243424039394141414140404240414140393837383838394039383839393838383839393838383737373838383939403939383838
1315394038403836383839383836383837383839383939393939383839393939403938383840393939404039404041414140404141413940403940403940
1316394040394040394039394040404041414041404141404040414141404040404040404040414040404040414041414140424142414142424242434342
1317424343424242424243414243424242424242424242424242424243424343434343434343434343444443434343434444454444444545444444444445
1318444545454444444445444545464645454546474847474847474646474747474747474748484848484848484949494949495050505153535251525152
1319525253525252525152525252525252515251515253515353535353545557575758595859585859585959585960636261616161626364636363646765
1320656464646566656363636363616361626263646566646363616363616158585857565555545354545353535352525151515049505048484949494849
1321494848494848494849484848494848474747474747474747474747484747474747474747474847474747474747484848484848484848484847484748
1322474747474746474747474747474747474747474747474747474747474647474747474747474848484848484848484849504949494950494949504949
1323495050505051515150515151515151515151525151515152525253525252525252525252535253535353525353535353535353535353535353545354
1400545454545454545454545555555555555555555555555555565656565656565656565656565656565656575757575757575758575858585858585858
1401595959595959595959595959595959595959595959606060605959595959595959595959595959595959595959585958585858585858585858585858
1402585859595959595959595960606060616161616160606060605960595959595959595959595960595959595960606060606060606060606061616161
1403616161616262626262636363636463646464646464636363636364646464646465656566666666666665656565656565656565656564656565656566
1404666665656565666666666666666666666767676768676768686868686868696868696969707070707171717171727272727373737373737373737374
1405747474747474747475757575757576767677777777787878787879797979797980797980808080808080808081818181818181828282838383838383
14068383//838484848484848585858584848484848484858585858585848585858585858585858586868685858585858585858585858686868686868686
1407868686868686868686868687878687878787878787878787888888888888898989898989898989898989898989898989898989888888888888888888
1408878787878787878787878787878787878686868686868686868686868685858585858586868685858585868686868686868686868686868787878787
1409878787878787878686878787878787878787878787878786868586868686868686868686858585858686868585858485848484848383828383838382
14108383848484848483828282828281818282//818181818181828281818181818181828282828181818181818181818181818281818281818181828181
1411818080818081808180808181818080808080808080808080808080797979797980797978787878797980808080808080808181818181818181818181
1412818181828282828281818181818181818081818180818181818181828282828282828181828282818181818181818181818181818181808081818282
1413818282828282828383828282828282838283838384848484848484848383838282828282828181818281818182828282818180798080808080798080
14147979798080807978787879797879797979798080807978777777777878797979//808080807980808081818080818181818181818181818181818181
1415818181818181818180818181818181818181818181818182828282828281818181818181818181818181818180808081818080808080808080797979
1416797979798080808080797979808079798080808080798080807979797979787979787877777877777777787878787877777677777676767776767576
1417767676767676757575747574747474747575757675757575757575757474757475757575767575757575757675757575757576767676757676767677
14187777787878797979797979797978787878787979797978787878787777777777777778787878787979797980808080//808081818181828282828282
1419828282828382828180808080808080808080808080808181818181818181818080808080808080808079807979797979797979808080808080807979
1420797979797978797979797980808080808181818181808080808080808080808080797979797878787878787878787878787878787779808081818182
1421828181818282828181818080808081818282828282828282828282828282828282828281808079797979797980808080808080808080797979797979
1422808080808080808080808080808080808080818181818181828282828283838383838382828282828281818181797978777777777777777777777776
1423767676757575757576767675757575767676767676777777777777767676767778787878787979797878787979797979808081808080797878787878
1500787878787878787878777777777777777777777777777777787777777778787878787979797979797979797979797979797979787878787878787878
1501787878787879797979797979797979808080808181818182828283838384848484848484848484848484848484838383838383838382818182828180
1502808078797979797978757371707071737575767677787879798080808181808080797979808080818182828282828181818181818181818181818181
1503818282828383838383838484848484848484848484848484848383838383848484838383838383848585858585858585858585858484848484848484
1504858585848485858585868686868686868687878787878787888888888888888888888888898989898989898989909090908989909090909090909090
1505909090909090909090909090909090909090909090909091919191919191929292929292929292919090909089898989898989898886858383848485
1506858686868686868685858484848585868686868686868687868787878787888888888888888989899090909090909090909090919191919191919292
1507929292929292929292929292929292929292929292929292929293939393959595959595959494939189888887878787868686858585858585858585
1508868686868787878787888888888888888989898989899090909090909090909090919191919191919191919191919191919191919191919191919191
1509919192929292929292929294949494949494949494949494949494949494949494949494949494949494949494949493939393939393939393929292
1510929190898887858481767270686666656666636362626362626161605959606162605756565655565755575656565555555556575656565656575757
1511575657565656555658585958585756565657585857585857575757575757565656565556565556575656585755565656575756555756565756555655
1512545556545354535253515252535453525252535353525251515152525149484848495052515049495049474646464847464745454645444545474945
1513454745444545464445444746454647454445464544444343454443444443434243444243414244434341424143434543424245454241424243424343
1514424043444240394142424244444344444244434443444343424443434244414241414241403940414143424341424241414244424244454242434342
1515444445444344454341414343434344434344434343424343424342434344424242424140404142434340403941404041394139394141404143414338
1516414242403939394039383839393840403938383839383939404040403940393837373737373840403938383939393838383839383738404040414039
1517414039424139393839393839403840414039384040394040404142414041394041414040404139394041424140414142414141414141414142424242
1518414242434342414243434345434241414242424444434242434444454545454544454545464646464748484748484949494950515250505252515051
1519515151515252515252525253535453535353545554545554555555545455555553545554545456555556565656575756575756575656565655575657
1520575756575756565756575555545556555556565554555555545656555555565758586061606062626261606060585858595959595958585959595959
1521595959596060606060606060605960606060606060606061626464646464656667696969686869707171717172727273737374757576777878797979
1522797979797980808080797979797980807979798080808080818182828282838383838484848484838382828281808080807979797979808080808081
1523818282828181818180808080818181828282828282828282828383828181818181818282828383848383838383848484848484848484848585858585
1600868686868686868787878787878786868685858483828281808080808079797979797979808080797979797979798080808080818181818282818181
1601818181818181818282838383838383838383838484848485858585858585858585858585858585858585858585858585858584848484848483828181
1602818182838383838382838382828282838384848484848484848585858585858484848382828282828283838282818180808080798081828283838383
1603838384848484838383838384838282807980808080807978797980797775747373727373727374747678787878787980808181828281818180808080
1604808079787675757574747474747474747474747474747474747475757574737374757575757577787878787878767575747474757575767676757574
1605747575767778798080808181818180797979797979798080818180807979808180807978787777787979797979798081818282828180808079797979
1606797978797979798081818181818282828282828283828282828282828282828181818282828282828283838383848483828383838382818079777676
1607767575757575757575757475757575757575757575757575757575757575767575757575757575757575757575757575757575757576757676757576
160876767575//75757575757575767676757575757575757575757675757576767677777778787878787878787979797979797980808080808181818181
1609828282828383838383828282828282828282828282828282818181818282828281818181808080818181818282828282828282828282828282828282
1610828282818181818181818080818181818181808080808080797979797878787878787777767777777776767676757575747575747474747373737373
1611737272727273737373737373737372727272727272727272737372727272727272737372727272727171717171717171717171717171717170707070
161270707070707070697071706970707170707070//70696970707070707070707070696970707070706968686868686969707070707070717069707271
1613717272727272727373747373737373737373737273737372727374737271717272737171717072707070686969697070696969706969696868686968
1614686767686968676867686767686866666767666566656566666666666665666564656464646464646465646464656464646363656464646464636464
1615636363636262615858595960616060616060595959606162626262626260616059575759606060605960616060596060585857585858585552565656
161658575758575656565556585858585858595757575759575859575758575758585857//57575758585758585858585857585757585858585757575758
1617595758596059595959605959595959595960606059596060596060595958596160616060585859605959606058595959595959606061615958585958
1618595859596060605960605960605959606160606060606160626263646566666667676767666667676867676767676767686868676767676768686868
1619686868686868686969696868696969697070707171717172727272717272727272717172717171717171717170707070707071717170707070707070
162070717171717171717272737273727272727272727373737373727272727272737373737373747473747473737374747474//75757575757474747474
1621747474747474747474747475757676767676767777777676767676777777777777777777787980808080818181818080808181818181818181828282
1622828282828383838383838383838383848484848484858585858586868586868686868686868787878787878787878787878787878787878787888888
1623888888888888888888888888888888888889898989898989898989898989909090909090909090908989898989898888888888878786868585858585
1700848484848484848484858585858585868686878787878787878888888888888889898989898989898989899090909090909091919191919191919292
170192919191//92929292929292929293939392929292929394949494949494949494949494949494949494949494949494949595959595959595959595
1702959595959595959595959595959595959596969696969696969696969696969696969696969696969696969696969697979797979797979797979797
1703979797979797979797979797979797979797979797979797979797979797979797979797979797979797979797979797979797979797979797979797
1704979797979797989898989898989898989898989898989898989898989898989898989898989898989898989898989898989898989898989898989898
1705989898989898989898989898989898989898989898989898989898989898989898989898989898989898989898989898989898989898989898989898
1706989898989898989898989898989898989898989898989898989898989898989898989898989898989898989898989898989898989898989898989898
1707989898989898989898989898989898989898989898989899999999999999999999999999999999999999999999999999999999999999999999999999
1708999999999999999999999999999999999999999999999999999999999999999999999999999999999999999999999999999999999999999999999999
170999999999999999999999999999999999999999999999999999%%%%%%%%%%%%%%%%%%%%%%%%%%%%%%%%%%%%%%%%%%%%%%%%%%%%%%%%%%%%%%%%%%%%%%
1710%%%%%%%%%%%%%%%%%%%%9998989796939087868584848383838382807876767878777876767575757472727272707171707070707072717172727272
1711737372727171717170707070707169696969707069696969697170697071707071717171717070717068696869696967676870697070686868676767
1712686767686668676665666666656567666565666665656464646466656364646564636464646464646563646564636363636363636363646464636465
1713646464636363636363636362626264636361626262626261616262626364656768686968696969696869706969686969707069696968696970706970
1714706970696869696969696969686867686868686767676868686968696869707070707071706970707070707170707070706969696969696969696969
1715696969696969686867666667666667666566656565666665656665656565646465646564656464646464646565646464646464656565636263626363
1716626363626363626263636363616362626362626262626261616261626162626161616161616060616061606059595959595960596059595959605960
1717606060606060606160606060606061606162616060606060616060606060595959596060606059606159606060605959606060606161606061606060
1718606161616161616161616161616161616261626262626262626262626363636363636363636363636364646363636363636363636363636363636363
1719636362636363636365676769707170696870706868676766666767676868686868686767676767676666666666686972737272747474747473737474
1720747576757473757675747374747574747372727171717172737373727373727274757576767776767676757575767677777777777878797979797878
1721787879797979797878797979787978787877777777767473727372727172737475747374747374737372727171717171707068686868686868686767
1722666666666667666666656565656566656566666666666869706969707172727170707071717273737474747474747575767777777777777879797979
1723797878787880808080808181818182828282828382828282828282838383838384848484848484848484848585858585868686868686868686868787
1800878787878787878888888888888888888888888888898989898888888888888888888888888888888888888888888889898989898989898989898989
1801898990909090909091919191919191919191919292929292929292929292929292929292929292929292929292939494949595959595959595959595
1802959595959595959595959595959595959595959595959595959595959595959595959595959595969696969695959595959595959696969696969696
1803969696959595959595959595959595959595959595959595959595959595959595959595959595959595959595959595959595959596969696969696
1804969696969696969696969696969696969696969696969696969696969696969696969696969696969696969696969696969696969696969696969696
1805969696969696969696969696969696979797979797979797979797979797979797979797979797979797979797979797979797979797979797979797
1806979797979798989898989898989898989898989898989898989898989898989898989898989898989898989898989898989898989898989898989898
1807989898979797979797979797979797979797979797979797979797979797979797979797979797979797979797979797979797979797969696969696
1808969696969696969696969696969696969797979797979797979797979797979797979797979796969696969696969696969696969696969696969696
1809969696969696969696969696969696969696959595959595959595959595959595959595959595959595959595949494949494949494949494949494
1810949494949393939292919090909090898989898989888887868686858584848484848484838381818080818080797979797979797878777777777677
1811767576767776777676767675767675757474757573727473737473727374737474737373737372727272727270697070707071707171717068706969
1812696969686868686868686868686868686768686969686768676868686767666765666665656565656564646463646565656564656465646565656565
1813646464656465646362636363636363646463636262626363636262626262636362636263646363636363626262626160616262636262626263636363
1814636363636363626364636262626363636263616162//6262636262636364626363636262636363636463636263636363636362626362626262626262
1815636362626262626161626161616162616162626162616161616261606060606161616161616162626262636363636463636464636363646363636363
1816646364636362626363626462636362626263626262626362616261616061606059585858575655555555555555565556555656575757565756565656
1817565757585858585858575756565656565757575858585858585859595858585959595959595758575758575758585859596060606061616161616161
1818616161616161616261616161606160606061626262626161616162626363646464646465//6565656565656667676868686868696969707070717171
1819717272727272727373737474747474747575757575767677777777777777777777777777777777777878787879797979808080808080808181818282
1820828283838383848484848484848585868686868686868686878787878787878888888888888989898888898989898989898990909090919191919292
1821919191919191919190909090909090909090909090898989888889898989898990909090908989888787868686868686868787878787878787878888
1822888888888888888888898989898989899090909191919191919191919191919292929292929292929292939393939394959595//9596969696969696
1823969696969696969696969696969696969797979797979797979797979797979797979797979797979797979797979797979797979797979797979797
1900979797979797979797979797979797979797979797979797979798979797979798989898989898989898989898989898989898989898989898989898
1901989898989898989898989898989898989898989898989898989898989898989898989898989898989898989898989898989898989898989898989898
1902989898989898989898989898989898989898989898989898989898989898989898989898989898989898989898989898989898989898989898989898
1903989898989898//9898989898989898989898989898989898989898989898989898989898989898989898989898989898989898989898989898989898
1904989898989898989898989898989898989898989898989898989898989898989898989898989898989898989898989898989898989898989898989898
1905989898989898989898989898989898989898989898989898989898989898989898989898989898989898989898989898989898989898989898989898
1906989898989898989898989899999999999999999999999999999999999999999999999999999999999999999999999999999999999999999999999999
1907999999999999999999999999999999999999999999999999999999999999999999999999999999999999999999999999999999999999999999999999
1908999999999999999999999999999999999999999999999999999999999999999999999999999999999999999999999999999999999999999999999999
19099999999999999999999999999999999999999999999999999999999999999999%%9999999999%%9999%%%%%%%%%%%%%%%%%%%%%%%%%%%%%%%%%%%%%%
1910%%%%%%%%%%%%%%%%%%%%%%%%%%%%%%%%%%%%%%%%%%%%%%%%%%%%%%%%%%%%%%%%%%%%%%%%%%%%%%%%%%%%%%%%%%%%%%%%%%%%%%%%%%%%%%%%%%%%%%%%
1911%%%%%%%%%%%%%%%%%%%%%%%%%%%%%%%%%%%%%%%%%%%%%%%%%%%%%%%%%%%%%%%%%%%%%%%%%%%%%%%%%%%%%%%%%%%%%%%%%%%%%%%%%%%%%%%%%%%%%%%%
1912%%%%%%%%%%%%%%%%%%%%%%%%%%%%%%%%9999999999999796939289878585858382797876767676767676767777787777777677767575757674757575
1913747473737474747373737474737170717070707070707069697070707170707068696969707069697069696968686868676766666566646464646363
1914626362596061606161616261606061616160616060616160585858595959596059596059585858585957575757565857595755545555555554565755
1915535454545455555655555654555455555455555352515352535353535352525252515049505050504949494949504950525051515151515251535252
1916525252535253535454545453545555565656565656565757575857575858585859595858585958585958575758575858585556565655575758585758
1917585858585859585958596060606160606060606060606161616159595858585757575655565656555554545455555556555454545455555353525254
1918555655555655555556565756565656565658586061606060595960626362626163636262626161616263636464646464656666666666666666676768
1919686869697069696969696969696969686868686867686868686868686869697070707171727373747473737373737373757676777779797979797978
1920787879797980818181818282828282838383848484848484848585858585858585858585858686868686868686868686878787878788878787878888
1921888887878887888888888989898988878686858585858484848484848484848484848484848484858585858585858585858585858586868686868686
1922868686868686868686868787878787878787878787888888888888888888888888888888888888888889898989898989898989898989898989898989
1923898989898989898989898989898989898989898989898989898989898989898989898888888888888888888888888888888888888888888888888888
2000888888888888878787878787878787878788888888888888888888888888888888888888888888888888888888888888888888888887878787878787
2001878787878788888888888888888787878787878787878787878787878787878787878787878787868686868686868686868686868686868686868686
2002868686868686868585868685868586868686858585858585858585858585858585858585858585858585858585858484848484848484848484848484
2003848484848484848484848484848484848484848484848484848484848484848484848484848484848484848484848484848484848484848484848585
2004858585858586868686868686868686868787878787878787888888888888888888888888888888888888878787868686868686868686868686868686
2005868686868686868686868686868686868686868686868686868686878787878787878787878787878787878787878787878787878788888888888888
2006888888888888888888888888888888888888888888888888888888888888888887878787878787878787878787878787878787878787878787878787
2007878787878787878787878787878787878787878787878787878787878787878786868686868686868686868686868686868686868686868686868686
2008868686868686868685858585868686868585858685868686868685858585858585858585858585858585858585858585858585858585858585858585
2009858585858585858585858585858585858585858585858585858585858585858585858585858585858484848585858585858585858485858585858585
2010858584848484848484848484848383838383838383838383838383838383838383838383838383838383838383838383838383838282828282838283
2011828282828282828282818181818181808081818180808080797979797979797878787877787877787878787878787777777778787777777677777676
2012767675757475757474737473747474747473747574747474747474747574747474747474757574747474747473737373737373727272737373727172
2013717171717172727272717172727271707070717070717070717170707170717170707070696969696969686869696968686868686867676868696968
2014676768676767676767666766676667656665666666666565666665646565656566656465646566656665656565666565656767686868696868676868
2015686868686869686868686868686868696867686768686868686868676766666666676666686765656666676666666667666666656665656565656565
20166364656565656566666666666665666666666665666666//656565656565656565656565656565656565666565656666666566656665666666666566
2017666666666666666665656566666665666565656566656565656565666665656566666666666666666565656564646565656464646465666666676768
2018686768686869676767686869696968696969686869696969696969696969696969696969707070707070707070707171717171717171717172727272
2019727272727272727272727272727272727272727272737373737373737373737272737273737373737373737373737373737373737373737373747474
20207474747474747474747474747474747474747474747475757575757576767575757676767676//777777777778787777777777777777777777767677
2021777777777777777778787878787878797979797979797980808080808080808181818181818181818181818181818181808080808080807979797979
2022808080808079797979797979797979797979797979808080808080808181818181818181818181818181818181818181828282828282828282828282
2023828383838383838383838383838383838383838383838383838383838383838383838383838383838384848484848484848485848484848484858585
21008585858586868686868686868787878787878787878787878787878888888888888888888888888888888888888888888888888889//898989898989
2101898989898989909090909090909090909090909091919191919191919191919191919191909090909090909090909090909090909089898989898888
2102888887878787878686868686868585858585858585858585858585858686868686868686868686868686868686868686878787878787878787878888
2103888888888888888888888888888888888888888888888888888888888888888888878787878787878786868686868686868686868686868686868686
2104868686868787878787878787878787878787878787878787878787878787878787878787878787878787878787888888888888888888888888898989
21058989898989898989//899090909090909090909090909090909090909090909191919191919191919191919191919191919191919191919191919191
2106919191919191919090909090909090909090909090909090909090909090909090909090909090909090909090898989899090909089898989898989
2107898989898888888888888888888888888888888888888888888888888888888888888888888888888888888888888888888888888888888888888888
2108888888888888888888888888888888888888888888888888888888888888888887878787878787878787878787878786868686868686868686868686
21098687878787878888888888888888888888888888888888//888888888888878787878686868685858585858585868686868585858585858585858585
2110858584848585858585858585858585858585858586868685858585868585858585858484848484848484848483848383838383838383828282828181
2111828181818181808180808080797979797979797978787777777878787776767675767676767575757676757575757574757473737473737373727272
2112737272717271717070696969696868686768686869696868686766666666666565656363636364636464656464646363616259586061606059595858
2113575759585858585758575857595756555556565555555454535352504847484746474545464546414241414142403939404139414239393735363431
2114343234363737363634353635343533333231333334323431313129293132313132313231303131313130303031313231313130323131313132313131
2115313232323334323031313132302932303230303030293031323128313129292928292828292826282728282727282929272628282829282829272727
2116282928282827282727272828292929292929292929292928282828292929292929272728302929292928282827262727272727282827272727272625
2117262626272626282726282726262726262626262626262726262727262727272626272727272727262728272828282728272828282829292930293030
2118303030313231293130303030303030313131313231313232323232313235333433343634343433364139434046444444434240474849484948524748
2119514950525052525253515150504847474748514952535154575961656666655957595956555655545455585960606061606063616163605860636364
2120656364646464656665666665656666656565666667686868686868676767676970676364656465666869696867686969696970717171717172717069
2121697070717271676770707071727373737372727273747474747475757474737372727272737475767676767676767676767676777777777778787878
2122787878787878787878787878777777777777777777787878787878787876767575777878787878797979787777777878767675757575747475767676
2123767676777776757574737373737474757676777778787878787979787979808080807979787878777675757575767778797980818180808080808080
2200818181808080808081818181818181808079798080818182828282828282828282828180807980808181808080808181828283838383838383838382
2201818080808080818180808080818181818181828282828181818180808081818182828282838383838383828282828282828383838383838384848484
2202848484848484848484848485858585858585858585858586868686868685858584848484848484848484848484848484858585858585858585858585
2203858585858585858585858585858585858585858585858585858585858585858585858585858585858685858585868686868686868686868686868686
2204868686868686868686868686868685858584848383828181818180797776767676777777777573737575747575767576777777777778787879797979
2205798081818181818080808181818181828282828283838383838383838383838383838281807979787878777777777878798080818181818180808081
2206818182828282828383828282818181818282828282828282818282838484848484848382828283838383838382818080818181818080808080807979
2207797978797980808081818181818080797979798081818282838484848483838383838384848485858585868686868686868687878787888888888888
2208898989898989898989898989898989899090909090909090909090909090919191919191919292929292929292929292929292929292929292929293
2209939393949595959595959595959595959596969696969696969696969696969696969696969696969696969696969696969696969696969696969696
2210969696969696969696969696969696969696969696969696969696969696969696969696969595959595959595959695959595949088878684828079
2211787878787775737270686765656565646363626262616161606059606160585959576059605958555555565554545456565555555555565451494850
2212504949494949494746474847474545444445464645434040393741414142414039413737383840373837363636383939414137373636373737393736
2213383839403737383739373837373838373636373939383838383737373737383837353535363737363636353637373736373637363638373637383837
2214373536353535363637373736363536353636353535353535353634353435353635353436353333333633343232323233353335343433333334333333
2215343233343533333332323334343434353334343232313131333332343132333232313232333232323332313332323332323332323233323232323232
2216313231313133333232313332333333343332353332323233333231313132323232323232323231323232323132323232333333333333333233333333
2217333232333335343332333334333436343535343233333334353535353534353435353434343434343536353435373534353537363636373736363639
2218363637363535353635373638373637363636363638383738383738393839403941404040414344454444474847485050505051525253535553525356
2219596060555455535353515149484848485048495151525253545757585859606060575859626262626262626262626364646465676666676767666767
2220676868676767666870707271717273747474747474747474747474737171717273747473737374747474747373737271686667686868686768696970
2221696969676564626366676665666767676767666666666867676868686867686969696970717170707071707070717273737474747474757575757676
222275757576767676757474757575757677777777777777767676767676767677777778787878787979//79797979797979797979798080808080808080
2223808080808080807979797978787878787878777777777777777878787777767676767777787877787879787878787878787879797978797878787878
2300787878777778797979797979808080808080808080808080818181818282818181818181818282828282828282828282828282838383838383838282
2301838382838383838484848484838383828282818181808079797979808080818181818181818180807978797980808081818282828282828282828180
230280808079797978787675767777777675757474737373737272717171727272727374737373737372737373737374757575757475757676//76767575
2303767676757676757475757575757575757575757474747474747475747474747475757576767777777879797980808181828282828383838484848484
2304848585858585858686868686868686868687878787878787888888888989898989898989898989898989899090909090909090909090909090919191
2305919191919191919192929292929292929292929292929292929292929292929292919190908888878787878686878787878787878788888888898989
2306898989898989898989898989909090909090909090909090909090909090909090909090909090909090909090909191919191919192929292929292
230792929292929293949494//95959595959595959595959595959595959595959595959596969696969696969696969696969696969696969696969696
2308959595959494939291919089898888888787878786868686868686868686868686868686868687878786868686868686858585858584848484848383
2309848484848484848484848484848484838382828281818181808080808080808080797979797980807979797979797979797979797978787878787878
2310787878797878787878787877787877787878787878787777777777777777777776767777777676767676767676767676767676767676767676767676
231175757575757675757575747575757474747575757474737475//75757574747475747474747474737373737473737373747573727373737474747473
2312727272727272727272727272727171727272727272717272717171727171717171717171707171717071717171717170707071707070707070697069
2313706969696970696970696970707070697070706969696970706970706969697070706969696969696970706969706970696970707069706969696970
2314696969707070696969706969707070696969697070707070696969696969696969706969696969706969696969696969696969696969707070707070
2315707070707069707070706969697070697070707070707170717170707070707070707070707171717070707171717171717171717171717171717170
2316717171717171717171717272717171717272727271727271727172727272717172727272727272727272727273737272727272727272727273737373
2317737373737374737373747474747474747474747474747474747474747474747474747474747474747474747473737373747373737373737373737373
2318747473737373737373737373737373737373737373737373737474747374747474747474747474747473747473737373737373747474747474747474
2319747474747373737373737373737373737373737373737373737373737373737373737373737373737373737373737373737374747474747474747474
2320747474747473737373737373737373737373737272727272727272727272727272727272727272727272727272727272727272727272727272727172
2321727272727171717171717171717171717171717171717171717171717171717171717171717171717171717070707070707070707070707171717170
2322707070707070707070717171717070707070707070707070707070707070707070707070707170707070707070707070707070707070717071717171
2323717171717171717171717172717172727272727272727272727272727272727271717172727272727272727272727372727272727373727373737273
2400737373737373747474747474757575757575757575757575757676767676767676767676767676767676777777777777777878787878787878787878
2401787878787878777777777777777777777777777777777776767676767676777777777778787878797979797979797979797979797979797980808080
2402808181818181828282828282838383838383838383838484848484848484848484848484848485848484848585858584848484848484848484848484
2403848484848484848484848484848484838383828282818181818080808080807979797979797979797979797979787878787878787878787878787878
2404787878787878787878787878787878787878787979797979797979797979797979797979797979797979797979808080808080808080808080807979
2405797979798080808080808080818181818181828282828282828282828383838383838383838383838383838383838383828282838383838383838384
2406848484848484848485858585858686868686868686868686868686868686868686868686868686868686868687878787878787878787878787878787
2407888888888888888888888888898989898989898989898989898989888786868685858585848484848484848484848484858585848484848484848484
2408848484848484858585858585858585858584848585858585858585858585858585858585858585858585858585858585858585858585848484848584
2409848484848484848484848484848384848484848484848484848484848484848484848484848484848484838383838383828282828282828181818180
2410808079787878787879797878777776767676757575757575747474737172727273717172717170717171727171727271717171717171707070707170
2411696970696969686968686868676768676767666666656666656566676564646465636363646464626362626361595958595958596061616160616161
2412616059595960595957555557565656555555545455555351525253525250515152525253535352515251515151515048494848464645464441424543
2413444336363533333436343535333333333334343635343335353433333131323432333334333433333332333232333334333333343434343435353333
2414333535353536383734353437363736333434353635353634353736353636383736373637363535343333343436363436353635353434353434353534
2415333234323232333334343333323233323332313132323232323333323333343333353434323132313231313233323131333232333232323333323232
2416323232323334313232333432323432323336343233333233323232333334343232333334353433313232313132313231313031313231323233323232
2417333534323333333333333232333435343435333435343334343334343435333231323333343435353636343635343636333434343737363536353538
2418404039393939383939424548474850514747495354555656565757575858585959605755555961626364656463636262636363646464646466676868
2419686868676766676767686868696970707070696869707070707171706968676768697070707070717171717172737373737374737270686970717170
2420717172727272727374747474747474747474747374747475757677777777777777787877777777777777777778787778787878797979797979797979
2421797979797979797979797979797979808080818181818181818181818181818181828282828282828282828282828282828282828283838383848383
2422838383838383838383838383838383838383838383838383838282828282828282828282828181818181818181818181818181818181818181818080
2423797978777776767575757574737374747474747474747475757576767677777777787979798080808080808080808181818181818282828282828181
2500818182828282828382838383838383848484848485858585858585858585858686868686868686878787//8787878787878787878787878787878787
2501878787878787878787878787878787888888888888888888888888888888888889898989898989898989898989898989898989898989898989898989
2502898989898989898989898989909090909090909090909090909090909090909090909090909090909090898989898989898989898989898989898989
2503898989898989898989898989888888888888888888878787878787878787868686868686868585848484848484838282828181828282828283838383
2504838383828282818181807978787878777777767676767675757574747474747373737272727374757576767677777878787778787979797979//7979
2505797980808079797979787879798080808080808080808080818181808081818081818181828282828283838383838282828282838383838383838383
2506838383838384848484848484848484848484858585858585858585858585858585848484858483828282838383838382828383838383848484848484
2507848484848484848484848484848484848484848585858584848484848484848585858585858686868686868686868686868686868585858585858686
2508868686868686868687878787878786878686878787878787878787878787878787878787868686868686868686868787878787878787878787878787
2509878787878787878787878787//8787878787878787878787878787878787878787878786868686868686868686868585848484848484848484848484
2510848484848483838281807979797878787778787878787878787877777777777777777677777776767675747373737373727272727272717171717171
2511717170707170717171717069697070706969707069686869696970686867676768686767676768686766676766656565656665656665656465656664
2512636162626362626161616161636262636263616161626162626261616162626160606061606060606062616160606161616161626261616161616162
2513616263636263626363636262626262636363636363636363636463//6263646363636363636263636463636363636363636363636362636363636363
2514636363636464646263636363636364636363636363636363636464636463636363646463636362636263636363646563636464646463636464646464
2515646464646565646465646464656565646564646565656565656565656565646564656566666666666566656666666666666666666767666766666766
2516676767676767686868686868686868686868686868686868686968696968686969696968686868696869696969696969696969696969696969696969
2517696969696969696969696970696969696969696969696969696969697070707070706970707070707070//7070707070707071717171717171717171
2518717171717171717171717272717172727272727172727272727272727272727272727272727272737373737373737373737373737373737373737374
2519747474747474747474747474747474747474747474747474747474747474747474747474747474737373737373737373737373737373737373737373
2520737373737474747474747474747474747474747474747474747474747474747474747474747474747474757575757575757575757575757575757575
2521757575757575757676767676767676767575757575757575757575757575757575757575757575767676767676767777777777777777777777767676
2522767676767676767676767677777777777878787979797979797979808080808080818180808181818181818181818181818282828282828181818181
2523818181818181818181818181818181808080808080818181818080808181818080818080808080808079797979797979797979797979797979797979
2600797878787878787878787878797979797979808080808080818181818181818180808080818181818181818080818181818181818181818181818282
2601828282828281818282828281818181818181818181818181818181818181818181818181818181818181818181818181818181818182818181818282
2602828282828181828181818181818181818282828282818282828282828282828282828283838383838383838383838484848484848483838383838383
2603838383838282828282828282828282828282828282828383838383838383838383838383838383838383838383838383838383838383838383838384
2604848484848484848585858585858484848484858585858585858686868686868686868686868687878787878787878787878787878788888888888888
2605888888888888888888888888888888888888888888888888888989898989898989898989898989898989898989898989899090909089898989899089
2606898989898989898989898989898989898989898989898989898989898989898989888887878787878786868686868686868686868686868687878787
2607878787878787878786868687878787878787878787878787878786868686868686868787878787878788888888888888888888888989898989898989
2608898989898989909090909090898989909090909090909090909090909090909090909090909090909090909090909090909090909089898989898989
2609898989898989898989898989898989898989898989898989898888888888888888888888888888888888878787878787868585848484848484838383
2610848484848484838383838383838383838383828282828382838282828282828282828282818180808080807979797979797978787877777777787777
2611757473737474747575747475757575767575757576757475757574747473727272727272727272717172717171717171717170707170717172717171
2612747473727272727272727272717172717171717171717170707170717172717171717171707070707170717171727170707171707069696969696968
2613686768686968696969706969717068686768676767676970707070706969696968696868686868686969686869696768686868696869696968686867
2614676768686767676767676768676667676767676767676767666566666767676767656666666666656566666566666566656566646464646464646364
2615646463636464646464646464636362636262626263626261616161616062606160606061596060606060605959585959585958585860585958575858
2616585958585857585959585959575959585959586057585758575656565555555555565657575756575758575857585758575757555656575857575556
2617555556565756565657575656565657575756575757575858575857565758565656575757595959585859595857595960606060596060616160606161
2618616161616161616161616262616161616161626162616262626362636363636464646565656565656566666666666667676767676767676767697171
2619727273737373737474757574757575757676767676767676767677777777777777777777777777787878787979808080808080808080808181818181
2620818181818181818180808080808080797979797979798080808080808080797979798080818181818181828282828282828282828282838383838383
2621838383838383838383838383838383848484848484848485858585858585868686868686868686868686868686868686868686868686868685858585
2622858585858484848585858484848484848585858585858585858585868686868686868686868686868686868686868686868686868686868687878787
2623878787878787878787878787878787878686868686868686868686878787878787878787878787878787878787888888888888888888888888888787
2700878686868685858483838282828282828282828282828383838383838383838383848484848484848484848484848484848484848484848484848484
2701848484858585858586868686868686868686868686868686868686868787878787878787878787878787878787878788888888888888888888888887
2702878787878787878686878787878787878787878787878787878787878786868686868686868686868685858586868686878787878787878787878787
2703878787878787878787878787878787878787878787878787878787878787878787878787878788888888888888888888888888888888888888888888
2704888888888888888888888889898989898989898989898989898989898989898989898989898989909090909090909090909090909191919191919191
2705919191919191919191919191919191919191919191919191919191919191919191919191919191919191919191919190909090909090909090919191
27069191919191919191919191919191919191919191919191919191919191919191919191919191919191919191919191919191919191919191919191//
2707919191919090909090919191919191919191919191919191919191919191919191919191919191919191919191919191919191919191919191919191
2708919191919191919191919191919191919191919191919191919191919191919191919191919191929292929292929292929292929292929292929292
2709929292929292929292929292929292929292929292929494949494949494949494949494949494949494949494949494949494949494949494949493
2710939393939393939393929292929292929292929292929292929393939393939393939393939393939393939393939393939393929292919191919191
27119090909089898989898989898989//898888888888888887878786858483838383828282828180808080808079798079797979797979797979808080
2712807979798079807979797979797979797979797979787879797979787878787878787978787879797878787877777878787777777777777777767777
2713777776777777767676767676767676767677777776767777777676767677777677777777767676767677767676767675767675757675757676767676
2714767676767676757576767676767676767676767575757575757675757575757575757575757575757576757575767575757575757575767575757575
27157575757575757575757575747475747574747474747474747474747475//757575757575757575757575757575757676767676767677777777777777
2716777777777777777878787878787878787878787878787878787878787878787878797978787878787878787878777777777777787777777778787878
2717787878787878787878787878787878787878787878787878787878787878787878787878787878787878787878787878787777787878787878787878
2718787877777878787878787878797978787878787878787878787879797979797979798080808080818180808080808080818181818181818181818181
27198181818180818181818181818181818181828282828282838383838383838383838383848484848484848585//858586868686868787878787888888
2720888888898989898989898989898989898990909090909090919191919191919191919191919191909090898888888787878686868686868685858585
2721858585868686868686868686868787878787878888888888888989898989898989898989899090909090909090909090909090909090909090909090
2722909090908989898988888888888787878888888887878787878787878787878787878788888888888888888888888888878787878787878787878787
2723878787878786878787878686868686858585858585858585858585848484848484848484848484848484848484848484848484848484848483838383
2800838383838484848484848485858585858686868686868686868686878787878787878788888888888888888888888888888889898989898989898989
2801898989898989898989898989898989898989898989898989898989898989898989898989898989898989898989898989898888888989888888888888
2802888989898989898989898989898989898989898989898989898989898989898989898989898989898989898888888888888888888888888888878787
2803878787878787878787878787878787878787878787878787878787888888888888898989898989898988888889898989898989898990909090909090
2804909191919191919191919191919191919191919191919191919292929292929292929292929292929293939393949494949494949494949494949494
2805949494949494949494949494949494949494949494949494949494959595959595959595959595959595959595959595959595959595959595959595
2806959595959595959595959595959595959595959595959595959595959595959595959595959595959595959595959595959595959595959595959595
2807959595959595959595959595959595959595959595959595959595959595959595959595959595959595959595959595959595959595959595959595
2808959595959595959595959595959595959595959595959595959594949494949494949494949494939393939393939393939393939393939393939393
2809939494949494949494949494949494949494949494949595959595959595959595959595959595959595959595959595959595959595959595959595
2810959595959595959595959595959595959595959595959595959595959595959595959595959595959494949393939291898887868484838382828181
2811818181818080808080808079797979797978797978777778787979787878787878777777767676767575757576767574747575757474737373737373
2812737373737270717171717171717171717070717173727374737372727271717171706970706969707070706968696870707069686767676768686869
2813696868696969676767676768686968696767676768676767676867666666666868686765666666666766666364656565656565646565646464636364
2814646263646464636261626161616362626263636363626363626161626263616162636362616262626161636364636363636262626261616261616263
2815636262616263646465676666676667676566666768676665666767676766666565656666676867666768676767686967666767666767676867686867
2816676767676768686767676768676766666767666767666666666667676767676867666768696968686969686869696868697069686868686768676868
2817686867686968686867676969696868696867686868686768686868686968696868686768676868696868686968686869696970707070707070707171
2818727473737272727172727272727373737373747474747575767677777778787979797979797979798080808080808080818181818180808080808080
2819818181828282828282828282828282828282828283838383838383838484848484848484848484848484848485858585858586868686868686868686
2820868686858585848484848484848484848484848484858585858585858585858484838383828282828181828282828282828383838383838382828383
2821838383838484848484858585858585858585858585858585858585868686868685858585868686868787878787878787878787878787878787878787
2822878787878787878787878788888888888787878787878787878888888787878787888888888888888888888888888888888888888787878787878787
2823878787878788888888888888888888898989898989898989898989898989898989898989888888888888888888898989898989898989898989898989
2900898990909090909090898989898989898989898989909090909090909090909091919191919191919191919191919191929293939393939393939393
2901939393939393929089888888888888888888898989888888888888888888888888888888888787868686868687878787878788888888888889898989
2902899090909090909090909091919191919192929292939393939393939393939393939393939393939393939494949494949494939393939394949494
2903949494949494949494949494949494949494959595959595959595959595959595949494949494949494949494949494949494949494949494949494
2904949494949494949494949494949495959595959494949494939393939392919090908989898989898988888888888888888888888888888989898989
2905898989898990909090909090909091919191929292929292939393939494949494949494949494949494949494949494949494959595959595959595
2906959595959595959595959595959595959595959595959594949494949494949494939393939393939393939393939393939291919191919191919191
2907919191929292929293939393939393949494949494949494949494949494949494959595959595959595959595959595959595959595959595959595
2908959595959595959595959595959595959595959595959595959595959595959595959595959595959595959595959595959595959595959595959595
290995//95959595959595959595959595959595959595959595959595959595959595959595959595959595959595959595959595959595959595959595
2910959595959595959595959494949494949393939191909089898989898989898989898988888787878787878787878787878787878888888888888888
2911888887878686868585858584848484848484838383838383838382828282828181818080818181818180808080808080808080808080808080808081
2912817979807979797878787979787878787878787878787878787878777777777677777777777777777777777677777777777776777777767676767675
291375757576767575757575747474747575//73747474737373747373727272727272727272727272727171717172737372727272717172737273727272
2914727172717172727272727272727373727272727272727272717272727272717171717171717171717071717172717171727171717271717271717171
2915717171717272717171717070717171727271707071717170717071707069696970707069686868676868676767676767676766666666666766666767
2916666767676766666766676666676867676868676767686867676868686868686867676769686868676768686968686869697070696968686869696968
291768686868696969697070707171717171717171717172737474737374757575//75757576777778777777777878787878787777777776767674747474
2918747474747474747474747473737473747373737272727272727272727272727272727272727272727272727272727272727272727373737373737373
2919737374747474747474747474747474747474747575757575757575757575757575757575757576767676767575757575767676767676767676767676
2920767676767676767676767675767676767676777777777777777777777676767676767676767676767777777777777777777778787879797878777777
292177777676757676757575757575757575757575757676767676767676777778787777777777777777777777777878//78787878787878797979808080
2922808080808081818181818181818181818181828281818181818180818181818181818181828281818181818181818181818181818181818181818180
2923808080808079797979797979797979797979797979808080808081818181818181818282828282828282828282828281818181818181808080808080
3000818181818181818181818181818181818181818282828282828282828282818181818181818181818181818180808080808080818181818282828181
3001818181818181818181818181818080808080807979797979797979797979797979797979797979797979797979797979797979798080808080808080
300280//80808080808080808080808080797979797979797979797979797978797979787878787877777878777778787878787879797979798080808080
3003818181818181818181818181818181808080808080808181818181818181818181818181818181818181818180818080808080808080808079797979
3004797979808080808079797979797979797979797979787878787878787877777676767676767676767676757575757575757675767575767676757676
3005767676767675757575757575757576767676777776767575757575767675757575757575757575757575757575757676767676767676767676767676
3006767676767777777777777777777777777777777777777777777777777777777777777777777777787878797980808080807979797979798080818181
3007828282828282838382828383838384848484848484858585858586868686868686868787878787888888888989898989898989899090909090919191
3008919191919193939393949494949494949494949494949494949494949494949494949494949494949494949494949494949494949494949494949494
3009949494949494949494949494949494949494949494949494949494949494949494949494949494949494939393939393939393939392929292919190
3010909089898888888787878786868685848484848484838383828281818181818080787676767676767575757575757373747473727273747473727172
3011727171717171707171717171717069706968686766676767686868676665656464656465646463646564656565656565646365646464656565646464
3012636363636363626162616161606060606058595758575858585757575859535454555454555655565557575657565758565856555455555554555756
3013575658565757585756565657565756555556565656585757565656575756585656555556575756565452525452525452515352505050505050515150
3014464546484948484745444446474747474848454446474746474849484747464546464647444545454646464545454544434242423939393736353733
3015292829313334333432323231323030292928262729293030313130303131313031323433323132323132333130313131313231323331313132333231
3016333333343333363433343332323333333433333434353535343535343535373738383637363638363533333435353737363538363738373535343534
3017353433343537373636363738363736363637363838343435333131343536373638383737373939394040394038393940404040393941404140424141
3018414245454545464647474747484848484849494949495049505049495050515151515152525252525253545556565656565757575758585859595959
3019596060606161616162656565656565666666676767666768686767676868686768696970707070717172727272737373747474747575757575757575
3020757575757474747373727171717171717172717272737373737474737373737271717070707070696969707171717272717171727273737474757575
