58265 2012   091213603204   65   24 6670   55    1--------------------------------------------------------------------------
3121858585858585858585858585858585858585858585858585858585858584848484848483838282828282828282838383848484848485848484848484
3122848384838383838383848484848483838384848484848483838382828282828282828181818181828282828282828282838383838383838484848484
3123848484848484848484848484858585858585858585858585858585858585858586868686868686868686868686868686868686868686868686868686
0100868686868686868585858585858585858484848484848484848484848484848485858585858585858585858585858585858585858585858585858585
0101858585868686868686868686868686868686868686868686858585858585848484848484848484848484848485858585858585858585858585858585
0102858686868685858686868686868686868686868686868686868686868687878686868686868686878787878787878787878787878787878787878686
0103868686868686868686868686868686868686868686868686868686868686868686868686868686868686868686868687878787878787878787878787
0104878787878787878787878787878787878787878787878787878787878787878787878787878787878787878787878787878787878787878787878787
0105878787878787878787878787878787878788888888888888888888888887878787878787878787878787878787878787878787878787878787878787
0106878787878787878787878787878787878787878787878787878787878787878787878888878787878787878787878787878787878787878787878787
0107878787878786868686868686868686868686868585858585848484848483838383838383838484848484848484858585858585858585858585858585
0108858585858585858585858585858585858585858585858585858585858585858585858585858585858585858585858585848483838383828282828282
0109807979797878777777777776777777777676767675757575757574757575747475757474747474747474747474757574747474747474747474747474
0110757474747575757575757575757574747475757575757575767778787877777878787879797979808180808181818181818182828283828283838484
0111848484848484848585858585858585858585858585858585858585858586868685858585858585858585858585858585858585858585858485858585
0112858585858584848485858585858585858585858585858585858585858586868686858585858585858484848484848484848484848485858585858585
0113848484848484848484848484848485848584848484838383838383838383838383828383838383838383838383848484838383838383838383848483
0114848484848484848484848484848484848484848484858585848484848484848484848484848585858585858586868686868686868686868686858585
0115858585858585858584858584848484848484848484848484848484838383838383838383838382838283828282828282828281818181828182828282
0116828282828282828283838383838383838383838484848484854584838383838383828283838281818182828283838383838383848384848485858585
0117868686868686868686868685858585858585858585858585858585858585858585858585858686868686868586868686868686868686868686868686
0118868686868686868687878787868686868686868686868686868787878787878787878787868686858585858585858586868686868686868686868686
0119868685858585858585858585858585858686868686868686868686868787878787878787878787878786868686868686868686868686868686868686
0120868686868686868686868686868686868787878787878787878787878787878787878787878787877287878787878787878787878787878787878787
0121878787878787878787878787878787878787878787878787878787878787868686858585858584848484848484848383838383838383838383838383
0122838382828282828282828282828282828282828282838383838282828282838383838383838383838383838383838383838383838282828281828281
0123828282818282828282828282838383838383838383838383838383838383828283828283838383838382828282828282828282828282828281818281
0200818282828282828282828282818282828282828282828282828282828181818182828282828282828282828281818181818181808081818180808080
0201808080808080808080808181818282818080808080808181818080808080807979797979797980808080807979797979797979797980797979808080
0202818181828282838383848484848484848485858585858585858585868686868686868686868686868686868686868686878787868687878787878787
0203878787878787878787878787878787878787878787878787878787878787878787878787878787878787878787878787888888888888888888888888
0204888888888888888888888888888888888888888888888888888888888888888888888888888888888888878786868483828282828282828383848484
0205848484848485858585858285858686868686868686868686868686868686868787878787878787878787878787878787878787878787878787878787
0206878787878787878788888888888888888888888888888888888888888888888888888888888888888888888888888888888888888888888888888888
0207888888888888888888888888888888888888888888888888878787878787878787878787878787878787878787878787878787878787878787878787
0208878787878787878787878787878787878787878787878787878787878786868686868686868686868686868585858584848281818181807979787878
0209737272737473727273737475747474757575747474747575757275757374747474737472727171717272717272727373747373747272727272727272
0210717272717172717169696969696869707069697170696969707070717069697070707171726970707069717168686969696870686869686666686867
0211686766676665666465656665666662636362635960596262615960616260626163626059595959606062606060595958606261605859606060606059
0212606060596161616057575958586059585959585858575756565556565655555455545354545554535454535353525452525353535654525050474849
0213485150505052505050525452484950495151484950494949474746464848504746474847474645464545454344464644424240404039424037404240
0214393638394039414039393839414039383941383838373840384043403839363537363736383738363836353635373636363636363534353637373737
0215363638373738403838363736373839394140373737393738393839404140394139414039403940423939393838363838393838373940393938383739
0216373839393938383838383939394041394139394039394038393839393838393838393839383938393839393939424139394041393839383937383738
0217363535363636373535373736363536353636373635363434353535373737363636383637363737393740383837383637383737363736373839413738
0218373838393839373738363737373636373739403841394041403941424141393942414243424444434142444342424342424343434345464544444343
0219444345454645434543434345444445454546464646464546454647484747474847474646454748494849494950505052515252515152525052535655
0220565656565758606158585858585958585860616261616362636465676665656767666666666869676564636467676666666867676767676766676868
0221687069696869696969686969696969707071706765676968686868707170706969696969707069697071717272727372727273747474737474747577
0222767575757575767677777777777778787777777777777777777777777777757676757575767676767777777676767676767676767777777777777777
0223787878787777777777777778787878787879797878787878787877767777787978787877777878787878787878797980808080808081818180808080
0300818180808080818181818182828282828282828282838383838383838383838383838384838383838383838383828282838282828282828282828282
0301828283838282818181828281808180808080808181818181818181818181818181818181828282828282828282828282828182828282828282828282
0302828182828282828283828282838383838383848484848484838383838383838383838383838384848383838383838484848383838383838383838383
0303838383838383838383838383838383838384848484848484848383838282828282828282828282818282828282817980808080818181818181818180
0304797979808081818282828281818181818282828283838383838383838383838383838383838383838383838383838383838383838383838383838384
0305848484848484848484848484848484848483838383838383838484848383838383838384848484848484848484848484848585858585858584858585
0306858585858585858585858585858585858585858585848484848484848484848484848484858585858585858585858585858585858585858585858585
0307858585858585858686868686868686868686868686858686868686868686868686868686868686868686868686868686868686868686868686868686
0308868686868686878787878787878787878686868686868686868686868686868686858585858585858584838383828181808181818081818181818181
0309818181818180797777767474737372717172717170707071727171727271717171707071717172717272727373727272727271727271717171696868
0310656565656666666665656666666667666665666566666565656564656565666462626362626364636263636262626262626263626363656564646263
0311626364636263626261626060605858585858575757575857585757585959585758585757575757585757575555565554575555555756555654565554
0312535455545654464645434439363940403942403841444343434445454544414442444342434544424244444442424344434545454443444345464343
0313737373737373737373737373737373737373737373737373737373737373737373737373737373737373737373737373737373737373737373737373
0314737373737373737373737373737373737373737373737373737373737373737373737373737373737373737373737373737373737373737373737373
0315737373737373737373737373737373737373737373737373737373737373737373737373737373737373737373737373737373737373737373737373
0316737373737373737373737373737373737373737373737373737373737373737373737373737373737373737373737373737373737373737373737373
0317737373737373737373737373737373737373737373737373737373737373737373737373737373737373737373737373737373737373737373737373
0318737373737373737373737373737373737373737373737373737373737373737373737373737373737373737373737373737373737373737373737373
0319737373737373737373737373737373737373737373737373737373737373737373737373737373737373737373737373737373737373737373737373
0320737373737373737373737373737373737373737373737373737373737373737373737373737373737373737373737373737373737373737373737373
0321737373737373737373737373737373737373737373737373737373737373737373737373737373737373737373737373737373737373737373737373
0322737373737373737373737373737373737373737373737373737373737373737373737373737373737373737373737373737373737373737373737373
0323737373737373737373737373737373737373737373737373737373737373737373737373737373737373737373737373737373737373737373737373
0400555555555556555656565656565757575757575757585858585960595960626160595961616160606060595959596061606162626365666565676665
0401676868686765676767696968686970697070717171717171717171727171727373727372737373737373737373737373747374747373747474747474
0402747575767675757574747473737272727272727170707169707071707170707171707170707170717271707069696970707071717171707070717272
0403727272717272706969707171707070707172727272727373737373727374747474747473737373737373747374747475757575757574747474757474
0404747473727273727271727171727271717171717171717272727373737474757575757576767676767676777777777878787879797979808080808080
0405797978777778777878777877767575757575757576757676767676767676767676767676767676767677777777767677777777777878787878787879
0406798080808080808080808080797979787877777676757474757474747474747474747475757575757576767676777777777777777777777777767676
0407767676757575757676767776767677777576777676777878797979798079787676777778777677767676747575737274727372717170706970716970
0408727171717072717170697070717070696768696768676766666666676564646463636263636363626060596061585756565754545455555555565758
0409575454565557555555555656575657565656575757585758575858565857575757585858565757565657565756565656575656565655555655575454
0410555354545455545453535353525353545453775253525453545553545253535453535354545452525352535253535353535354525252535253515150
0411494849505049515153515350505049515352535354535453535452525252525153525352525252525252525353515252525352525353545151515051
0412525152515151525151525150505151515150515252515351505253525452525253505151535151515151515151515251515050515151505050495149
0413504949495049495050505049494849504848484848504948474647474845484647484647484748474847494847464645484645474746464847474746
0414484646474646454647464645454444454646454646464647464647464748464646784646464645464748474947474546464647474746464747464747
0415474646474746464747474747494847464646454647464647474545464545454545464547464546454646464645454646464746474646474746464647
0416474646464847484747474747474847464748464848474647474746474747484848474647474848494848494849505050505151515151515252525252
0417525252525253525353535353525353535353525252525252525252525353535252525253525253525252525252525252535253525253525253535353
0418535353535353535353535353535354545454545454545454545554545454555555545455555555565555555555555555915656565656565656565656
0419565756575757575757575757575757575757575757575757575757575757575757575757575757575857575758585758575757575757575757585857
0420585858575857585858585858585858585858585858585858595959585958595859595959595960605959606060606060605959606060606060606060
0421606060606060606060606060606060606060606060606060606060606161616161616161616161616161606161616160616160606060616161606161
0422616161616161616161616161616161616161616161616161616161616161616161616161616061616161616161616161616161616162616161616162
0423616162936262626262626262626262626363636363636363636363646363636363636363636363636363636363646464646464646464646464646464
0500646464646464646464646464646464646464636364636363636363636363626262626262626262626262626262626262626262626262626262626262
0501626262616262616161626262626262626262626263636363636364646463636464646465656565666666676767676767676767686868686868686868
0502686868696969696969696969696969696969697070707070707070717171717171717171717171717171717171717172727272727373737373737373
0503737373737373737374747474747474747474947373737373737473747374747474747474747474747574747474747474757575757575757575757575
0504757575757575757474757575757575757575757676767676767676767676767676767777777777777777777777777777777777777777777777777777
0505767777777777767777777777777777777777767676767676767676767676767676767676777676767676767676767676767676767676767676767676
0506757576757575757575757575757575747575757575757575757574757575757575757575757575757575757575757575747574747574747474747474
0507747575757575757575757575747474747474747474747473737373737373737374737373737272727272727172717272727272727272727272727271
0508717171717171717171717171717170707071717070697070696969696969696968686869686868686867686867686867676767666766676767676667
0509676766676767676767666666676767676667666666676565656565656566656565656564656464646464656464656464646364646463636464656564
0510656564656665666565656565656564656565656564646465646464646364636363646362636161616060616161616161616160606161616161606059
0511606061616161616161606160596060606160606060595959595960606160616060596060616060605960606060616160606160606059595959605960
0512615957585859596058605959596059605959595859595858595959585858575857595857575858585857585857575759565757585857555656575655
0513565656565757565657575756575756575757575755565656575656555655555556555555545656555557565655555655555756545455555555545454
0514555556555555545453535455535352545454555454545454545454545453525152535353525353535452535353535354545353535453525454545353
0515555354535351525151515253525252525453535351515351525253535353535354535253535354545455545454545554535353545352525353535354
0516535355545452535354535353525253535353535354545455555555565655555555555555555655555656565756565656555555565656565656565655
0517565556565656555555545554565555555554555555555455555555555555555555555555555656565656555656565656565656565656575756565657
0518565656565756575657575756565656575756575757575757575758585757575758585858585858585858585858585858585858585858585859585858
0519585858585858585858585858585858585859595959595959595959595959595959595960595959595959595959596060606060606060606060605959
0520595959605960605960606060606060605960606060606060606060606060606060606060606061626363646464656666666868686969696970707070
0521707070707070706969696969696969697070696969686969696665656666676868697171727475777778797980808282828282828383838484848484
0522858686878787888888888888888888888888888888888887878787878787878787878787878787878887878787878787878787878687868686868686
0523868686868686868787888888888989898989898989898990909090909090909090909090909090909090909090909090909090909090909091919191
0600919191919191919191919191919191919191919191919191919191919191919191919191919191919191919191919191919191919191919191919191
0601919191919191919191919191919191919191919191919191919191919191919191919191919191919191919191919191919292929292929292929292
0602929292929292929292929292929292929292929292929292929292929292929292929292929292929292929292929292929292929292929292929292
0603929292929292929191919191919191919191919191919191919191919191919191919191919191919191919191919191919191919191919191919191
0604919191919190909090909089898988888888888888888888878787878787878686868586858586858686858585858584848483838383838383828382
0605838383838383828282828282818181818080818181818181818181818181818181808181808181818180808080808081818080808079797979797979
0606808080808080808081818080808079797979808079807979797979797979797979797979797979797877787878787878787878787878787878787879
0607797878787878787878787878777777777677777777777776767676777676767676777676777776767676767676767676767576757575767676767575
0608757675757575757574757575757676767675767576767676767676767675767676757576767575757575757575757575757574747474747474747474
0609747574747474747474737374747373737473737372737372727272717171717171717171717070707170696969696968696970696969686868696968
0610696868676868686767676767676766676667666666666666676766656666656666666565666665656665656565676666666665656666676766656566
0611666665666666666666666666666666666565666565656565656564646564646464646463636464646464656565656564646565656565646565646464
0612646453545354545451515153525251515150505051515150515047495149485049474647484849484748494646484848494950474849504947484948
0613494849494949484749474546464646454645454443454643434344434543434444444343444542444240414341414141434241434241414041404141
0614414342414142434342434241424343444443424242434242444443434242424345424341424041424242414142414041414141393840414241414140
0615414042424242414243414243434241424241434343424344424241424343424343444241654242434242434342434344434343424243434342424343
0616424242424343444443434244444343424344424241434343424244424243434443444443434344434343444343444442444343444343444445464545
0617454445454544454444454444454444444545454546464647474747484848484847484748484848484848474748474849484747474747474747484748
0618474747474847484847484747464747464647484747484847484847474647474747484848484850485150494850484850565551505050515051505051
0619525254505051505049494950505050505352525254545356555555545454575759585858575758606060626259585756565656575857586161616263
0620636260616160616564626262626263636364646463646667676768686869696969707070717070717070696968676867676867676768686868686768
0621676766656564646464656666666665656565656565656565656566666766666667676767676768686867686868676767686969686968686869676767
0622676868676867676870706969696968686059605960606060606060596059606060596060606059606060606163636364666867686871717273747573
0623686867686767687070696969696868697169707070717171717171717273727373737373737373737273737373737372727374757575757575757575
0700757474757575757576767676767676767777777777777777777777767676767676767676767677777878787878787979797978787878787878787778
0701787979797979797979797979797979787878787777777777777777767777777877777777777777777777767676767676767676767675757676767676
0702767677777778787878787878787879797979797979797979797979797979797979798080808080797979797979797979797979797978787878787878
0703797979797979808080808080808080808080808080808080808080797980808079808080797979797979798080807978777777777878777877777778
0704787878787878787878787776777778777777777777777878787879797979797978797879787778777778787876767777777776757574757576767676
0705767575757576767576757575757575757575747575757575757575757577777877767677777777777676777878787777787777777676767776767776
0706767677777676757676767777787776777777777777767677777778787777777777777776767575757575767676767676777777777776767675767777
0707777777767676777778777677777878777777787878787979798079797978787879797979808080808080818181818081818180808080797980808079
0708797979808080808080808080808080808080808080818180807878787878787878787877777777787979797979797980808080808080807978797979
0709797879807979797979797978787979797978797979787876757574757474737372737271727272727272727272727272717373737372727373737171
0710737273727171707070696868686868686868686868686767676768676666676666656565656465656465656566656465656565646665656564656565
0711646464646464646464646363646362626363626261626161616162626463626261616161616262636161616161626162616160616262626363636363
0712646262636261616261626161616161626061616262606260616160606060616161616262636263616160626161606161616261606061605959595959
0713605859595959595960595959595858595859585858595857585959575958565657575657575757565656575757565656565655545555545555555556
0714555453535353535453545454555655555454545455555454555555555555565656585657575657565656575757575656565756575656565555565556
0715565455555554545555555554545655565655565656575657575858585858585859585858595958585758585858585958585959595959595859595958
0716585859585959585757575758575857585757585857575757575757575757575755565554545454535454535353535254525252525353545454545455
0717545455555554545555555555555555555555555556565555555455555555555555555454555454555455545555555554545454535353545454545453
0718535353535353535454545353535353545454545454535354535453535353535353535353535353535353545453545453545454545454545354545454
0719545454545454545454555455555555555555555555555555555555555555555555565555555554555554555555555555555655555555555555555555
0720545555555555555555555555555554545454545454545454545454545354535354535353535353535353535353535353535353535353535353535353
0721535353535353545353535353535353545453535353535353545454545454545455555555555556565656565656565656565656575656565757575757
0722575757575757575757575757575757575757585858585858585959585959595959596059606060606060606060606061606061606161616261626262
0723626363636464646464646464646363636363636463636363626262626263636363636364646464646465656464646464646464646464646464656666
0800676768696970717171717172727173747374747576777778787979797979797978787877777878797978808080797980818181818181818181818180
0801797878777878777777787877777778787979797979787980808080808081818080808081818181807978787777777777777778787878787879797979
0802787878787979797979787878787878787878787878787878777777787879787979797979797979797979797979797980808080818181818080808080
0803808080808080808080808080808080808080807979797980808080808080808080808080808079808081818181818181818181828282828282828281
0804818180808080808080808080808080807980808080808080808080808080808079797979797978787878787878787878787878787878787979797979
0805797980808080797980807979798080808080808080808181818181818181818181818180808080808080818181818181818282828182818181818181
0806818181818181818181818181818181818181818282818182818181818181828282828282828282828282828282828282828282828282828282828282
0807828383838383838383828282828282828282818181818181818180818080808080808080808079797980797979797979797979797979797979798080
0808808080808080797979787879787978787878787878787777777777767676767677787979797979787777787878787878797979797979787878787777
0809777776767676767777787879787979797676757574737475747575747677767776767575757475757676757677767675747574747472737373737373
0810737474747574757774747474747574757575757474737373737373737372727171717171717171717171707171717171707070717070707070717170
0811696971707069706969696970707070717070717070696969696969686868686968666666666666666666656666666766666566666665666564646364
0812666564646362626262616162616263626262626162626162616161616163626262616162636161616263626263636363636464636264626263615958
0813606060606061616160606162615960585756565556555654525555565556565554555252525354555653525351525252505151525252535253535049
0814494949504950505050515051505052525253545353535454535251515152525351515051535252525251535352515252525253525252515251525152
0815525151505150525149494950515151515051525150505150505051505149515249504949484948484747474848484948484852515152505151505149
0816505048504848484947484848474749495049504950484848495049484849484747484745454644444444464646474545454546464645454545454645
0817464545444444464545444545454444444544454545444444444445444545454445434343434444434344444445454646464645454646444445454545
0818464545464746474746474648474747474647474747474749494849484847474948474748485549484748484846464747474747474647474847484747
0819474747464746474747474747464646464646474646474747484747474848484848474747484847474748484848484848484848484848484949494950
0820515050505050505050505151515151515151515151515151515152525252525355555656575758585858595957575656565757585756575758575758
0821595861626363636364656565656667676868686868696969707070717170717172727272727272727273737272727273737474737373737374747475
0822747575757576767676767676767777777777777878787878787878787979797979797878787879797979797979797979808080808080808181818181
0823808080808080797978787979797979797979798080808080808080808081818181818181818181818181818181818181818181818181818182828282
0900828282828181818182828282828282828282818181818181818181818182828282828282818181818282828282828383838383838383838384848484
0901848484848484848484848484848484848484848484848484848484848484848484848484848484858585858585858585858585858585858585858585
0902858585858585858585858585858585858585858585858585858585858585858585858686868686858585858585858585858585858585858585858585
0903858585858585858585858585858585858585858585858585868685858585858585858585858585858585868686868686868686858585858585858585
0904858585858585858585858585848484838383838383838281818079797878787878787879797979797978787878787878787878777777777776767676
0905777777777778787879798080808080808081818181818282828282828282828382828282828282828281818181818182828282828383838383838384
0906848484848484%%%%%%%%%%%%%%%%%%%%%%%%%%%%%%%%%%%%%%%%%%%%%%%%%%%%%%%%%%%%%%////%%%%%%%%%%%%%%%%%%%%%%%%%%%%%%%%%%%%%%%%%%
0907868686868686868686868686868686868686868686868686868686868686868686868686868686868686868686868686868686868686868686868686
0908868686868686868686868686868686868686868585858584848383838382828282828282838382828281818181818181818181818180808080808080
0909797978777778787877777675757475757474747373737373737373727170707071717071717171717272717069696968676768706968686970706971
0910696967676867696766666667676666656464646463646463636464646565636362626261616160605859596060606160596059595958586060606059
0911605960595959585859595959575758585957565657575757575657555656565556545555535353545251535451515052515051505151505151505051
0912515151515252525355535253545454555454545454545454555455555454545653555354535354535555535353515152525353535352525354545654
0913545554535454535354525453545353535252535351515152525154535149515152525252525352535250515253515050505051494950515051515249
0914515050484749474747464646464646484846474748474647474745454645464546464646464647474748494847474747484747474746464846474748
0915454648484546464647454647484746474747474747474748484647474747464748464646474646464647454746454545464645454645464545464645
0916464645474647464647464646464746454546464545454545444545454545464646464746454647454646474648484849494950515151525252535353
0917535353535354545453535353545354545454535453535453545454545455555556565657565757585858575757575757575758585858575858585858
0918585858595958595960595959585959585858595958585857585858575757585858585757585857585858585757585758585858595858585858585858
0919585858585859595959585959595859595859596059595959596060606059595960606061616161616161616161616162626262626262626363636363
0920636363636364646364646464636363636363636363636363636463636363636364646464646464646464656565656465646565646465656565656565
0921666666666666676767676767676767676767676767676768676768686868686868686968696969707070707070707069706970707171707171717172
0922727272727272727272717070706969696868686767676766676767666666666666666667666767676767676868686868686868696969696969697070
0923707070717171717171717271727272727272727272727272727272727272727272737373737373737373737373737373737373737373737373737373
1000737373737373737373737373737373737373737373737373737373737373737373737373737373737373737273737373747474747474747575757576
1001767676767676767676767677777879798080818182828383838484848484858585858585858585868686868686868686868686868686868585858585
1002858585858585858585858585858585858585868686868686868686868686878787878787878787878787868686868686868686868686868686868686
1003868686878787878787878787878787878788888888888888888888888888888888888888888888888888888888888888888888888888888888888888
1004888889898989898989898989898989898989898989898989898989898989898989898989898989898989898989898989898989898989898989898989
1005898989898989898989898989898989898989898989898989898989898989898989898989898989898989898989898989898989898989898989898989
1006898989898989898989898989898989898989898989898989898989898989898989898989898989898989898989898989898989898989898989898989
1007888989888989898989898989898888898888888889888888888989898989898989898989898989898989898989898989898989898989808989898989
1008898989898989898989898989898989898989898989898989898989898989898989898989898989898989898989898989898989898989898989898989
1009898989898989898989898989898989898989898989898989898989898989898989898989898989898989898989898989898989898989898989898989
1010898989898989898989898989898989898989898989898989898989898989898989898989898989898989898989898989898989898989898989898989
1011898989898989898989898989898989898989898989898989898989898989898989898989898989898989898989898989898989898988888888888888
1012888887878787868686688685858484848484848484838383838383838383828282838383838283838382828282838282828282828383838383838382
1013838383838383838383838383838383838383848484848384848483838384848484848484848484838484848484848484848484858584848484858585
1014858585858585858585858585858585858585858584858585858585858484848484848585858585858585858585858585858585858484848484848383
1015828282828281818181828281818180798080807877787878787979797878797979797978797979807877787877787878787878787979797878787778
1016787878777777777777767676767677767676757574747474767472727272737374727272727273747474747474747474747474747374757474747474
1017747575757575767675757676767676767576767676767677777878787879797980808080808080808081818180808079797878787878787778777878
1018787979808081818181818181818181818181818181818181828282828282828383838383838383838383838383838282828282828282818181818181
1019818181818181818181818181818181818181818181818181818182828283838384848484848585858585858585868686868686868686868686868686
1020868686868686868686868686868686868686868686868686858585858585858585858585848484838484848484848484848483838383838383828282
1021828383838382828283838383838383838383848484848484848484848484848483838383838383838383848484848484848484848484848484848484
1022848484848383838383838383838383828282828282828282828282818181828181818181808080808080808080808080808080808080808080808080
1023808080808080808080808080808080808080808080808080808080808181818181818080808080808080808080808080808080808080808080808080
1100808080808080808080808080808080808080808080808080808080808080808080808080808079797980808080808080808080808080888080797979
1101 1 1 1 1 1 1 1 1 1 1 1 1 1 1 1 1 1 1 1 1 1 1 1 1 1 1 1 1 1 1 1 1 1 1 1 1 1 1 1 1 1 1 1 1 1 1 1 1 1 1 1 1 1 1 1 1 1 1 1 1
1102 1 1 1 1 1 1 1 1 1 1 1 1 1 1 1 1 1 1 1 1 1 1 1 1 1 1 1 1 1 1 1 1 1 1 1 1 1 1 1 1 1 1 1 1 1 1 1 1 1 1 1 1 1 1 1 1 1 1 1 1
1103 1 1 1 1 1 1 1 1 1 1 1 1 1 1 1 1 1 1 1 1 1 1 1 1 1 1 1 1 1 1 1 1 1 1 1 1 1 1 1 1 1 1 1 1 1 1 1 1 1 1 1 1 1 1 1 1 1 1 1 1
1104 1 1 1 1 1 1 1 1 1 1 1 1 1 1 1 1 1 1 1 1 1 1 1 1 1 1 1 1 1 1 1 1 1 1 1 1 1 1 1 1 1 1 1 1 1 1 1 1 1 1 1 1 1 1 1 1 1 1 1 1
1105 1 1 1 1 1 1 1 1 1 1 1 1 1 1 1 1 1 1 1 1 1 1 1 1 1 1 1 1 1 1 1 1 1 1 1 1 1 1 1 1 1 1 1 1 1 1 1 1 1 1 1 1 1 1 1 1 1 1 1 1
1106 1 1 1 1 1 1 1 1 1 1 1 1 1 1 1 1 1 1 1 1 1 1 1 1 1 1 1 1 1 1 1 1 1 1 1 1 1 1 1 1 1 1 1 1 1 1 1 1 1 1 1 1 1 1 1 1 1 1 1 1
1107 1 1 1 1 1 1 1 1 1 1 1 1 1 1 1 1 1 1 1 1 1 1 1 1 1 1 1 1 1 1 1 1 1 1 1 1 1 1 1 1 1 1 1 1 1 1 1 1 1 1 1 1 1 1 1 1 1 1 1 1
1108 1 1 1 1 1 1 1 1 1 1 1 1 1 1 1 1 1 1 1 1 1 1 1 1 1 1 1 1 1 1 1 1 1 1 1 1 1 1 1 1 1 1 1 1 1 1 1 1 1 1 1 1 1 1 1 1 1 1 1 1
1109 1 1 1 1 1 1 1 1 1 1 1 1 1 1 1 1 1 1 1 1 1 1 1 1 1 1 1 1 1 1 1 1 1 1 1 1 1 1 1 1 1 1 1 1 1 1 1 1 1 1 1 1 1 1 1 1 1 1 1 1
1110------------------------------------------------------------------------------------------------------------------------
1111--------------------------------------------------------------------------------------------------48494747485048 0------
1112838383838382828282828282828281828281818181808081808181808180808079798079797980797978797980797778797978777979787878777878
1113777776777878767776777777777677777777787878787776767676767677777676767777767675757576767676757677777675727373747374757475
1114747474757674747473737473747576767676767576767676767576757576767777767777777754767677777777777778787877777777777778787877
1115787777777778777778787778787878787878787878787979797980808181818282838384848484828282828282828282828181818181818181808080
1116808080808080808080808080807979798080808080808080818181808181818135363635363636353636363434353434343435343534363535343435
1117343435353535353837353535353635363535363536363737373636353435353535363637363536383737363836353636363636363836373737373837
1118383838383838383838383839383839373838383839393940393939383939403840393939394040404040414040404041414142414242414141414142
1119414141424242424243434443454242434242424343444444444445444444454646454649525252504847474748495051515151535253545454835555
1120555656565757575757575758585858585959606060606060606061606060616161616161616161616161616160616162636362616161606060606061
1121616161616160606060606060606061626160626464636361616262626162616160606161626262626262626262616161616161606161616162616161
1122626262646464656465656665656665666565656565666566666767666867676868686868686969696969697069707070697070706971717171717070
1123717070707071727171727273747474747475757575757576767675757576767576767676767778787777777778787878777777777776747475747475
1200767576767777777574737373747474747373747576757676757474757374747473737171646462626160595858585755555554545454545453535352
1201535352525252515151515152515151515150505050495050494950495049495049494949504950504949505050505050505050494949494949505050
1202504949494949494949494949494949494949504949495050505050505152525355535355555555575859595962626161616161616563636563626362
1203636261636364636161595660585657565655595656575855555455585658596062626262606061606160606161606262606058605958575758585453
1204535555575758585859605958575859595858595857585857585959585959606061616161626262616261626162616060616162616161616060616364
1205636264636364646566676768676767686869686869697070697070707272727171716867676666666665656665676768686970686867686768706867
1206666768676665686767676667696869697069696969706969697069696970707171727272727273737374727270707072727272727372737372706971
1207717171696970717171717069707169707168666768676568696971696868686868676767686868666869676667697069686970696967656565656464
1208676665656464646565666666666666676767676867676767676767676767676767676767676767676867686868686868686868686868696969686868
1209686868686868696969707070707070707070717071717071717171707171717171717171717171717172717171717171717171717171717171717171
1210717170717171707070707171717171717071717172717069696970696970697069707171717069707069706970706969686968696969696968686868
1211697070696969696969696970717070707070707070717070716969706969697069696869696968707071707068676769696969686969696968686867
1212686869696666676866666767666766666668676866687068696969717069686869717172707171717370717173727169696667676769676667696969
1213707273686764646565656564676564646362616365656060626160595958596061626159586060585858565757545455565554545656535354555552
1214515253535252535251525352525254525253514951505049515050495151525352525252525049474746464747484646464646464846464846464846
1215464748484947484648474746464748484847484849504950505051495048494848484850495250485050495049505053515151505050505150515251
1216505152505150515253494951495050515151525250484850494949485150495052525152515150494951505050495152515252535255535254555555
1217555555575757585857596060606160616059575858595856565455555555565756565656565757565757575757575857575657575758596061616161
1218616060606162626263636462626263636262646262656667676766656565656767636568656364676768616060616161616262626262636260585960
1219595757575757575657585755555656555654525048474846464746464645454342454445454446454545454545464646464646464545444545464745
1220454544444445454544454445444444444446454747464848474646464647474646454444444445444544444545454646454547525557596162646566
1221676768686969707070707070707070706969696969696968686868686767676767666666666666666665656464646464646464646464646464646464
1222646465656565656565656464646464646465656565656465656565656566656566666565656565656565656465656565656565656565656565656488
1223656465646464646464646464646565656464646564646464646464646463636463636364646363636464646464656565656566666565656564646565
1300656565666765677067686667686866656969686667666666656668656767676667676666666869696968666665666666666667686665656361626260
1301616161616261626366656462626161626366646564656363646665636363646464646364636363626261616161626162616262616162616263646464
1302646565666665656565656667666767676767676868676868676768666768676767697069697070697172737070696868696868706969707071707071
1303707170717171707272717071717089717072737474747373737372717170707169697070707071707069697069706969707071706969696970697069
1304686968696969686869696969697069696969707069707070697070717170707070696969696969696968696868686868686868686969696969707171
1305707069686969696969697069686969696969707070707070706969707069706970707069707070707070707171717171717170717171717070717170
1306707070707070707171717170717071717171717171717071717170707171717171717171717172727273737272727271717071707070707171717172
1307727172737272717171717171717171707071717071717171717171727170707069707071707071717070707071707070707170717070696969707070
1308696969696970707070707070707070717070707071717071707070707070706970707070707171717171707070707071707070717070717070707070
1309697069696969696969696969696868686969686969686867686869686869696869686867676868666766666867656564656565636364656464636387
1310696969696969696969696968686869696869696868676868696868696968696868676768686667666668676565646565656363646564646363646363
1311626262636263626263636362616162616162626262636362626060626161616158575757565657565754535153545352545253525353515151525153
1312535452525453525151535150505150494952505049484747464648474747494945454546474746464545464547453740404041413838403942393939
1313383838394042403941434141404142444439434034373538363637393836363738384037394139403939404141394041393940394042384041403838
1314414140393939383839404039413937393739383837373536373737363840383739404139373941414340414040404141404241384140424139413940
1315414341394142403839393939413941403940414040424040413940384038383837383836373738373737373940413838413841414040403939403838
1316384140383939393838384238383836363735373737353635403737373735373835363435353534363636363433343538353534333232343634333634
1317343535343733343534353435353534333534333369343434363434343534343435353435363735353635353434343434353636363534363635353836
1318363735363635353737363535373838353535363735353637373636353535363638383937373635373838404139393738393737373738394141394038
1319383938383736363637373937383738373737373839383736363637414141414240414545434445484545474647474749504848504750494746474746
1320464851514850525052515254545252515052545048464846434244424242434341434245424543444347474847465051525350484550485252524648
1321505051525251544949494948474948474949494950505150504949495049525352535373525152515151535554535254525451545452515252525354
1322555455555555565555596262605957555658575858575658585959596061616059595860606260605958585958585756585558585758585756615958
1323595857595959586059616059595960596162606161636161605859636058585958596060595959596060606162636263636363646465666564656565
1400676766646263656566646462626161616263636465656366656366646665636262626363636565646464646464656564646665656663676763606264
1401676665656567666666666667666766666666676768697070686664646664636466666767686869706970717069696868676880697172717272707171
1402727272717272727170697069686969676667686868697172727272737272707069686868686867686868686868696969697069697071706970717069
1403697171707171717170707172707171707071717070707070706969696869686869696969686870707172717170707171737272727372717171717272
1404717171727272727272727273737274747473727374737372737373737372727372727272727373727272717171727273737374747474747374757676
1405777776767475747475737272727171717171717170717070707170707071727271717271727373737475757575767676767777787776767777767777
1406777777777878787877777777767777777676767777787878787878777878777777777878787777787878798080797979808080797979798080797979
1407787879797980797979797979798081818080808079798080797877787778777778787978787879787979797878797877767674757575747373727272
1408717171727373727271717070696969706969696969697070707070707071727171707271757575747474737475757677777776777778767677767675
1409767777777876757271717272727274747574757675767474757576767575747474747575767473737272717170707070707070706969697173737173
1410717171717272727171707070696969697070697070707070707170717171717071707071717070707171717070706969707070697070697069696969
1411686869696969646867686767676866666765666566666666656363646161606061616260606060596159605959605958575554535555555556545655
1412555554555455535453525352535355545553535253535353535052535352515352525251515050515150505046464546454645454747454645454546
1413474748484646464545464646454546464546474948474748494747474747474748494748484848494948494847495049515051495151515151525353
1414515251535352515152505252515150515050505050504949515050525151515050514951515251505150505152525252515151525152525251505051
1415505050495049504951515152515051495150484950525050495051504949474848504949495050505051515152515152525052505050505052515049
1416515049515050525151515050505150525050504948505150494952504949515150494849494949504951505050495050505150505051505150525049
1417505150494948494848484849484949474848474849494947474949474949494848474848485149474849484848474848485049484748484951484847
1418494848494949495151505050505151484750474852514950484850485050505050505048484850504951494948485151504948474848474747485047
1419505049484851495050505151535253535254565452525958586157625960585654565556565758585860595757575654555454545657575558595960
1420616161615958606161606261636264636362626063636259596061616262636464656566666565656565656664626261616262636464656666676766
1421646463646464656464656464646566666767676767676767676767676767696768666968676766656564646362616363646565656363646564656464
1422646365656565646463636161605958585758585858595959586162616262616161636262636567656562656565686462666564656565656566676866
1423666666676767686969676666676665666666676968686868676667666665656665666767676768706967666666686969696969696866676767676970
1500696968687072707071727172716967656463636364666465676765676767646367646566687172717268646259625958585859616263636363636364
1501646464656665666667686869696969707071717273737374757576767676767676767676767677777676767777777777777878787878787878797979
1502797979787878797978797979797980808080808181818282828282838383838484848484858585858585858585868686868686868686868686868686
1503868686868686868686868686868686868686868686868686868686858585858585858585858585858585858585858686868686868686868686868686
1504868686868686868686868686868686868678868686868686868686868686868686868686868686868687878787878787878787878787878787878787
1505878787878787878787878787878787878787878787878787878787878787878787878787878787878786868686868686868686868686868686868686
1506868686868686868686868686868687878787878787878787878787878787878787878686868686868686868686868686868686868686868686868686
1507868686868686868686868686868787878787878787878787878787878787878787878787878787878787878787878787878787878787878787878787
1508878787878787878787878787878787878787878787878787878787878787878780878686868686868686868686868686868686868686868686868686
1509868686868585858585858585858585858585858586868685858585858585858585858584858584848484848484848484848484848484848484848484
1510848484848484848484848484848483838383838383848484848484848484848484848484848484848484838383838383838383838383838383838382
1511828282828282828282828282828282828281818181828282828282828281818181818181828281818181818181808181818080808080808080808080
1512808080808081808080808080578080818080808080808079797979798079797979797979797979797979787878797879797979797979787878787878
1513787878787878787878787777777777777778787877787878777777787878787878787878787878787778787878787878787878787878787978787979
1514797979807980797979798080797979807979797979807979797979797979798079787978787878787878787878787878787878787778787877777777
1515777777777777777777777776777777777777777777777677777676767676777677767677787879797979797979797979787979797878787777777777
1516777776767676767676767676767676767676767576767675767675757575747574747474757475747374747373747474747374747474747474747474
1517747575757575757575757575757575757575757575757675767676767676767675757676767576767676757575757575767676767676767676767676
1518767675767676767675757675767676767676757676767676767676767676767675757575757676767676767575757575757575757576757676757575
1519757575757575767576767676767676767676767676767676767676777676767676767677777777767676767676767676767676767777777777777777
1520777676767676767676767677777777777777777777777777777777777777777777777777777776767676767676767777777777777676767676767676
1521767776777777777676767676777777777676767777777777777777777777787878787878787878787979797979797979797978787878787878787878
1522787879717878787878787878787979797979808080808080808181808080818180808080818181818181818181818282828282828282828282828282
1523828282828282828283838383838484848484848484848484858585858585858585858585858585858585858585858585858585858585858585858585
1600858585858585858585858686868686868686868686868687878787878787878787878787878787878787878787878788888888888888888888888888
1601888888888888888888888888888888888888888888888888888888888888888888888888888888888888888888888888888888888888888888888888
1602888888888888888888888888888887878787788787878787878787878787878787878787878787878787878787878787878787878787878787878787
1603878787878787878787878787878787878787878787878787868686868686868686868686868686868686868686868686868686868686868686868686
1604868686878787878787878787878787878787878787878787878787878787878787878787878787878787878787878787878787878787878787878787
1605878787878787878787878787878787878787878787878787878787878787878787878787878787878787878787878787878787878787878787878787
1606878787878787888888888888888888888888888888888888888888888888888888858888888888888888888888888888888888888888888888888888
1607888888888888888888888888888888888888888888888888888888888888888888888888888888888888888888888888888888888888888888888888
1608888888888888888888888888888888888888888888888888888888888888888888888888888888888888888888888888888888888888888888888888
1609888888888888888888888888888888888888888888888787878787878787878787878787878787878787878787878787878787878787878787878787
1610878787878787878787878787878787878787878787878787878787878787878787878787878787878787868686868685858585858585858585858584
1611848484848484848484848383848484858585858585848484848483838383838383838383848484848484848484848484848484848483838383838484
1612848484848483838383848484848484848585858585848484848484848484848484848484858584848484848483838383848383838383838383838383
1613838383838382828382838383838484838383848484848484848484848484848484848484848484848484858585858585858585858585858586858686
1614868686868686868686868686868686868686868686868686868686868686868686868686868686868686858585858586868686868686868686868686
1615868686868686868686868686868686868686868686868686868686868686868686868787878787878787878787878787878787878787878787878787
1616878787878787878787878787878787878787878787878787878787878888888888878787878787878787878787878787868686868686858585858585
1617858484848484848484848484848585858585848485858584848485858585858585858585858585858585858585858585858585858686868686868686
1618868686868686868686868686868686868686868686868686868686868787878787878787878787878787878787878787878787878787878787878787
1619878787878787878787878787878787878787878787878787878787878787878787878787878787878787878787878787878787878787878787878787
1620888887878787888888888888888888888888888888888888888888888888888888888888888888888888888888888888888888888888888888888888
1621888888888888888888888888888888888888888888888888878787878787878787878787878787878787878787878787878787878787878787878888
1622888888888888888888888887878787878787878787878787878787878787878787868686858585858585858585858585858585858585868686868686
1623868686868686858585858585858585858585858585858484848484848484848484848484848585858586868686868686858585858585858585858585
1700848484848383838383848484848484848484848484848484848484848585858585858585858686868686868686868686868686868686868686868686
1701868686868686868686868686868787878787878787878787878787878786868685858585858484848485858585858686868686868686868686868787
1702878787878787878787878787878787878787878787878787878787878787878787878787878787878787878787878787878787878787878787878787
1703878787878787878787878787878787878787878787878787878787878787878787878888888888888888878787878787878787878787878787878787
1704878787878787878888888888888888888888888888888888888888888888888888888888888888888888888888888888888888888888888888888888
1705888888888888888888898989898989898989898989898989898989898989898989898989898989898989898989898989898989898989898989898989
1706898989898989898989898989898989898989898989898989898989898989898989898989898989888988888888888888888888888888888888888888
1707888888888888888888888888888888888888888888888888888888888888888888888888888888888888888888888888888888888888888888888888
1708888888888888888888888888888888888888888888888888888787878787878787878787878787878787878787878787878787878787868686868686
1709868686868585858585858484848484848484848484848484848484848383838383838383838282828282828282828283828281818282818181828181
1710818182818181818181818080807979808080797979797978787879797977787877777575767676767575757675757675757575767674747374747373
1711727272717272737372737373737170696868696968686970696969697070696970686769686869696969686867686766676666666768686766666765
1712656566656464656263636363636363646565656664636262636366646363636163626262636262626464656463666564666565656566666767666565
1713656667666565656465656465656664636465666565656565666564646564656463646564656563646363646262626363646161606161606161626261
1714616162616262616161616261616160616060595759595858575759575859595957575656585758595857555756575957575957555555545657545455
1715545556565555565757565555555655565454555653535554555655555655565656575758555553555554535354545355555453545354535353535555
1716545453525456565251525353535354545453545354545252535253515351515152505051535150494949494948494849474848494750474948485049
1717495148504951495051474850484949484848494949484949484846474746464648494747494950484747464545464645454644454746454546454646
1718454748464545474949484949504849484749495049494949505049495051515152525153525151515352525253525252545352535453545454545454
1719535353535455545453545353545353535453535354555555545453535353535353535352535454555656575656575759595859585959596161626262
1720626262626162616161616261626262626262636262626262636363646464656566666768696971707171727372727172706970717171717271707069
1721696969696970707070686867676868686868686969696969697069696968686968686868686868686768686868686868686868686868686969696969
1722696969696969696969696970707070707070707070707070707070707171727172727374747676767778797980808080808080808181818182828180
1723808080808181818181808180808080808080808081818181818181828282828282828283838383838383838384848484848484848485858585858585
1800858585858585858585858585858585868686868686868686868686868686868686868686868686868686868686868686868686868686868686868686
1801868686868686868686868686868686868686868686868686868686878787878787878787878787878787878787878686868686868686868686868686
1802868686868686868686868686868686868686868686868687878787878787878787878787878787878787878787878787878787878787878787878787
1803878788888888888888888888888888888888888888888888888888888888888888888888888888888888888888888888888888888888888888888888
1804888888888888888888888888888888888888888888888888888888888888888888888888888888888888888888888888888888888888888888888888
1805888888888888888888888888888888888888888888888888888888888888888888888888888889898989898989898989898989898989898989898989
1806898989898989898989898989898989898989898989898989898989898989898989898989898989898989898989898989898989898989898989898989
1807898989898989898989898989898989898989898989898989898989898989898989898989898989898989898989898989898989898989898989898989
1808898989898989898989898989898989898989898989898989898989898989898989898989898989898989898989898989898989898989898989898988
1809888888888888888887878685838180797979787778777878777776767676767676757575757575767677767777777676767474757473737373737474
1810747069686970696868676968686769696968676767686767666769676666666768676869697069696970706970696970716968686969697170696969
1811696968686969717170717070686868686870686868686768676965656567666765666668676566656566646565646464646564646565646565656564
1812646264646462646463626162646262626262626262616161626161626162636262626361626061626061615960596161595960616158565757575959
1813595959575757585760595857585755565657585855585657585655555657575657575857585859585859606059595960626260616261616060616160
1814606060616160605960616159606060626160596060606060596060605960606060596062626060575958585959606061615859595960616160616161
1815626159605959606062606159595857575859595858575856585657565858575556575656555454555655545353545454545456575856555555555556
1816555555545656555456565555565453545354535353535354555556545555555755545455555454545662565453535355535252515252515153525252
1817525252525252545454555454535353535354565555545557575656575657575757565757575859606060606060606060596060616161606061606060
1818606060606061606161616161616262616161616262616161616161616161616161626261616263626261616262626362626262626262626363626363
1819636363636363636464646464646464646464646464646464646465656565656565656565656565656666666666676767666667676667676767676768
1820676867676868676766676767676767676666676767676666666767676767676767676867676767676767676768686867686867676767676761686868
1821686868686868686868696969707070707070707070707071717171717272727272737373737373737373727373737373747474747474747474747475
1822757576767676767777777777777676777777777778787979797980808079797878787878787878777777777777777777777777777777777777777878
1823787879797979798080808080808080808080808080808080808080808181818182828283838383838383848484848484848485858585858585858585
1900858585858586868686868686868686868686868686868686868686878787878787878787878787878787878787878787878787878787878787878787
1901878787878787878787878787878787878787878787878788888888888888888888888888888888888888888888888888888888888888888888888888
1902888888888888888888888888888888888888888888888888888888888888888888888888888888888888888888888888888888888888888888888888
1903888888888888888888888888888888888988888888898888888889898989898989898989898989898989898989898989898989898989898989898989
1904898989898989898989898989898989898989898989898989898989898989898989898989898989898989898989898989898989898989898989898989
1905898989898989898989898989898989898989898989898989898989898989898989898989898089898989898989898989898989898989898989898989
1906898989898989898989898989898989898989898989898989898989898989898989898989898989898989898989898989898989898989898989898989
1907898989898989898989898989898989898989898989898989898989898989898989898989898989898989898989898989898989898989898989898989
1908898989898989898989898989898989898989898989898989898989898989898989898989898989898989898989898989898989898989898989898989
1909898989898989898989898989898989898989898989898989898989898989898989898989898989898989898989898989898989898989898989898989
1910898989898989898989898989898989898989898989898989898989898989898989898989898989898989898989898989898988888888888786868584
1911838282818079807878797980787877767677757575747575737374737373727473706970717169717068707169676765666763626364636363646664
1912636364646363626262636463626363606162595960606059606161626160596059585859585859595758585859606059606059595859585759585858
1913585857575656565553535252525354515252525452525250525253525051515151525152515149505052515251505153524949504950515050515251
1914505252525254555756565656585657555556555657565555555454545553535554555553545452555554535253535353525254535553545555555554
1915555354545455555453545453545453535353545454535355545455535555535253515354535253525454525255565553525254525151515252525252
1916525255535353515252535352515451525050505050494949505050515050494950494949495050515152535052515050515151515151515153525150
1917515352525152545352535251505051515051515151515250505150515352525152535353525252515151525454535352525152515152515151525150
1918515050505150505050505150505050525151515151515150505050505253525352505153525254565960596062636464636360616260616262636364
1919626364646365656666676666656664636265656768656262626466656465656667686868686868686867666668697071706869707071717171737373
1920737474747374747474747474747475757575757676767676767676767677777778787878797979797979797979797980808080808180808080818181
1921818182828281818181818181808080808081818181818180808079797979797979797979797980808080808080807979798080808080808080818181
1922818080808081818080808080808080818181808080808181818080797879797979797979797978787877798080818181678080808181818181818080
1923797980808080808079797979798080808080808080808080808181818182828181818181818181818181807978787877777878787978787879797979
2000787878787978787979787979797978787879797879797979797979787879797979798080818181818181818181818180808080797980808080818181
2001818181818181818181818081818182828282828282828282838383838382828282828182828181818282828282828282828282828282828282828283
2002828282818181828282828282818182828282828282828383838383828282818282828282818181818181828282828282828282828282828282828282
2003828282828282828283838383838383838383838383838383838383838383838383838383838383838383848484848484848484848484848484848484
2004848484848484858585858585858585858585858585858585858585858585858585858585858585858585858585858484848484848484848484858585
2005858585858585858585858585858585858585858585858585858585858585858585858585858585858585858585858585868686868686868686868686
2006868686868686868686868686868686868686868686868686868686868686868686868686868686868686868686868686868686868686868686868686
2007878787878787878787878787878787878787878787878787878787878787878787878787878787878787878787878787878787878787 0 0 0 0 0 0
2008 0 0 0 0 0 0 0 0 0 0 0 0 0 0 0 0 0 0 0 0 0 0 0 0 0 0 0 0 0 0 0 0 0 0 0 0 0 0 0 0 0 0 0 0 0 0 0 0 0 0 0 0 0 0 0 0 0 0 0 0
2009 0 0 0 0 0 0 0 0 0 0 0 0 0 0 0 0 0 0 0 0 0 0 0 0 0 0 0 0 0 0 0 0 0 0 0 0 0 0 0 0 0 0 0 0 0 0 0 0 0 0 0 0 0 0 0 0 0 0 0 0
2010 0 0 0 0 0 0 0 0 0 0 0 0 0 0 0 0 0 0 0 0 0 0 0 0 0 0 0 0 0 0 0 0 0 0 0 0 0 0 0 0 0 0 0 0 0 0 0 0 0 0 0 0 0 0 0 0 0 0 0 0
2011 0 0 0 0 0 0 0 0 0 0 0 0 0 0 0 0 0 0 0 0 0 0 0 0 0 0 0 0 0 0 0 0 0 0 0 0 0 0 0 083 0 0 0 0 0 0 0 0 0 0 0 0 0 0 0 0 0 0 0
2012 0 0 0 0 0 0 0 0 0 0 0 0 0 0 0 0 0 0 0 0 0 0 0 0 0 0 0 0 0 0 0 0 0 0 0 0 0 0 0 0 0 0 0 0 0 0 0 0 0 0 0 0 0 0 08686868686
2013868686868686868686868686868686868686868585858585848484848484838383838383838383838383838383838382828283838382838383838382
2014828283838383838383838383838383838383838282838383838383838383838383838383838383838383838383838383838383838383828282828282
2015828282828081828181807979787879787878787879777879787878797878787778787877777877777777797778777776777675757474757676757675
2016757574747475747575757575757475757676767575767777767777757575757576767777767676767777767777787777777777777778777877767675
2017767575757676767676767677767676767777777777777878787878787878787878787979797979787879787777767676767776777676767676767676
2018777776777776777676777676767676767676777778787879798079797979797979797979797979797979797979797979797979797979797979797979
2019797878787878777777777777777777777777777777777778787877777777777777777777777777787878787978787878787979797979797978787777
2020777777787878787878787878787878787979797979797979797979797979787878797878787878787878787979797979687979797979797979797980
2021808080808080808080808080808181818181818080808080808080808181818181818181818181818181818282828383838383838384848484848484
2022848484858585858585858585858585858585858585858585858585858484838383828282828282828181818181818181818080808081808080808080
2023808080807979797979787878787878787979787878787878787878787879797979787879797980797980808080808080808080808181818181818282
2100818181818181818080808080808080808181818182828282828282838384848485858585858586868686868686868686868787878787878787878787
2101878787748787878787878787878787878787878787878787878787878787878787878788888888888888888888888888888888888888888888888888
2102888888888888888888888888888888888888888888888888888888888888888888888888888888888888888888888888888888888888888888888888
2103888888888888888888888888888888888888888888888888888888888888888888888888888888888888888888888888888888888888888888888888
2104888888888888888888888888888888888888888888888888888888888888888888888888888888888888888888888888888888888888888888888888
2105888888888888888888888888888888888888818888888989898989898989898989898989898989898989898989898989898989898989898989898989
2106898989898989898989898989898989898989898989898989898989898989898989898989898989898989898989898989898989898989898989898989
2107898989898989898989898989898989898989898989898989898989898989898989898989898989898989898989898989898989898989898989898989
2108898989898989898989898989898989898989898989898989898989898989898989898989898989898989898989898989898989898989898989898989
2109898989888888888888888888888888888888888888888888888888888888888888808888888888888888888888888888888888888888888888888887
2110878787878787878787878787878787878787878787878786868686868686868585858585858484848383838383838383838282818181818181818182
2111818181828181818181818181818181818180808080808080797979807980808080798080798080808080808080818081807980808079798080807979
2112787978787978787977787777787878787775757474767574747371727272727372717268666868686968706767696868676566666466666667666767
2113696867676968686868686967676767666767666566666866646362626263626464636161616263636361616361616259595860616160596161605959
2114585962606060636363616062595859606061616059585858596159575756565658585958575856595757585958565859586060585862605959595961
2115606060595960586061596060595959585959606060606058575757575957565556575857575657555555555354565658575453545355545456565554
2116555455555556555656565758585657575556555757565656565655575555555655555755555557545554555554545553535352545454545352555453
2117535353535252545353525252515354565451535351525352545453545555535555545555555556555655555753545455545554545554545354545253
2118545455545454545356555355535453545454545454555656555555555454555455565555545656565757575759595959595859585857575756565757
2119575657575759595959606060595958595959606060606060606060606060606161616162636161626262636363626262626363636364646465656667
2120676666666665666869706970717169707071706969717067666665656666656464646464646465656464646565656565656566666666676768666666
2121666667676867676767676868686768676970697070706969707169697072737373737373737374757676757475767676757676767676767677777676
2122777776767576767576767677767777787878787878787878787878787879797979807979797979797979797979787878787878787979797979798080
2123798080818181818181818180808080808081818181818181818181818080808080807980808079787878787978787979797979797979808080808080
2200808080808181818181808181818181828282818181828181818181818181818182818181818181817979797877767575757575747475757575757576
2201767676767676777878787879808080818181808080808181818181828282828282828283838383838383848484848484848484848484848484848484
2202848585858585858585858585858585858585858586868686868686868686868686868686868686868686868686868686868686868686868686868686
2203868686868686868686868686868686868686868686868686868787878787878787878787878787878787878787878787878787878787878787878787
2204878787878787878787878787878787878787878787878787878787878787878787878787878787878787878787878787878787878787878788878787
2205878787878787878787878787888788888888888888888888888888888888888888888888888787878787878787878787878787878787878787878787
2206878787878787878787878887878787878787878787878888888888888888888888888888888888888888888888888888888888888888888888888888
2207888888888888888888888888888888888888888888888888888888888888888888888888888787878787878787878787878787878787878787878787
2208878787878787878787878787878787878787878787878787878787878787878786868685858585858585858585858584848484848484848484848484
2209838383838383838383838383838383838383828282818181818181808181818181828181818080807979797979797978787877777878787878777877
2210777777777777777776777677767676767676767575757575757575757575767575757676767676747675767674747473747475757574737372727372
2211737372717170707070707069707069696969697069696969707070686969686869696970706969697069686868676868686868686968686868686969
2212696867666768686868686767676667666666656767666765666563636565646465666767696767656567656464646465656564646464656564646465
2213646262626162636261636263636462636160626261595858606260606061636160616060616060616162616361626261606061616162616161626161
2214626161616162636260615959606060606062606261626361616059596160606059606060606158595959595759605958585858575758585758585757
2215585756565756555455565556565455555657585758575757575656565757565654565555565857565757585859585960605858605958595859596060
2216595859605958585959585958575860596061606060616161616262626262626364636364656463646564656666656665656565656665646463616261
2217616161626262626363646464656463646463646463626262646464646463646364636363646464646464656464646464646363636464626263626263
2218616161616163616160606161606061626163626362636262636363626264656363646362636363636262626262626262626262626262626364646362
2219636363646563636262626263646363646666656565656565656565656666666566666666666666676667676666676767676767676767676767676667
2220676768676868686867676767676868686868686868686868676767686868696969696970707070707070707070707071717170707171707171717171
2221727272737475757676767777777778777878787878787879797979808080808080808181818181828282828282838383838383838384848484848484
2222848484848484848485858484848484848484848484848485858585858585858585858585858585858585858585858585858577848484858585858585
2223858585858585858585868686868686868686868686868686868686868686868686868686868686868686868685858585858585858585858585858585
2300858585858585858584848484848485858585858585858585858484848484848484848484848484848484848483838383838383838383838383838383
2301838383838383838383838383838383838383838383838383848484848484848484848484848484848484848484858585858585858585858586868686
2302868686868686868686868686868686868686868686868686868686868686868686868686868687878787878787878787878787878787878787878787
2303878787878787878787878787888888888888888888888888888888888888888888888887878787878787878787878787878787878787878787878787
2304878787878787878787878787878787878787878787878787878787878787878787878787878787878787878787878787878787878787878787878787
2305878788888888888888888888888888888888888888888888888888888888888888888888888888888888888888888888888888888888888888888888
2306888888888888888888888888888888888888888888888888888887878887878787878787878787878787878787878787878787878787878787878787
2307878787878787878787878787878787878787878787878787878787878787878787878787878788888888888888888888888888888888888888888787
2308878787878787878787878787878787878787878787878787878787878787878787878787878787878787878787878787878787878787878787878787
2309878787878787878787878787878787878787878787878686868686868685858585858585858585858585858585858585858686858585858585858585
2310858584848484848484848484848484848585858584848484848484848484838383838383838282828282828282828181818182828181818181818181
2311818181818181818180808080808080818080797980807878787878777878777778787863787775757576777574737474747474747473727272737373
2312737370697171717172717170707071696970716968676767666767686969666868686869687070696866666766676668666465666464646566656663
2313636162616364626462646263636464636363636261616262626361636564656365646361626161626061595958585958595960606061596061616260
2314606059595959615860595858615958575556575756565757575960595958575757575658595858595959605857575655565656575657565757555555
2315565453545354545353545454545354565554535654555456555456545554555454525454545453545353555454545555555547555555555554565756
2316565555575654565555585855545657545454545555545555545555555655545556565556545656565456555555545453545457555555545556555556
2317565556555555555456565860616363646465666666666767676767676767676767686868686868686868686867676766676766666767676868686969
2318686767676767686867676868686768686767686868676767686768686767676768676768676868676868676867686868686868686868686868686868
2319686868686969697070707070707071707170707070707171717171717171717271727171727170717171717171717171727272727272727372727373
2320747373737373747474747475747473737272727272727272727172727272727272727272727373737474747474747474747474747474757574747474
2321747474747474747474747474747474747474747474757575757575757575757576767576767676767676767676767676767777767777777777777777
2322777777777777777778787878787878787878787878797979797979797979797979797979797979797979797979797979797979797979797980808080
2323808080808080808080808080808080808080808080808080808080808079797979797979797979797979808080808080808080808080808080808080
2400808080808080818080808080808080808080808080808081818181818181818181818181818181818181818181818181818182828282828383838384
2401848484848585858585858585858585868686868686868686868686868686868686868686868685858585858585868686858585858686868686868686
2402868686868686868686868686868686868686868686868686868686868686868686868787878787878787878787878787878787878787878787878787
2403878787878787878787878787878787878787878787878787878787878787878787878787878787878787878787878787878787878787878787878787
2404878787878787878787878787878787878787878787878787878787878787878787878787878787878787878787878787878787878787878787878787
2405878787878787878787878787878787878787878787878787878787878787878787878787878787878787878787878787878787878787878787878787
2406878787878787878787878787878787878787878787878787878888888888888888888888888888888888888888888888888888888888888888888888
2407888888888888888888888888888888888888888888888888888888888888888888888888888888888888888888888888888888888888888888888888
2408888888888888888888888888888888888888888888888888888888888888888888888888888888888888888888888888888888888888888888888888
2409888888888888888888888888888888888888888888888888888888888888888888888888888888888888888888888888888888888888888888888888
2410888888888888888888888888888888888888888888888888888888888888888888888888888888888888888888888888888888888888888888888888
2411888888888888888888888888888888888787878787878787878787878787878787878787878787878787878787878787878787878787878787878787
2412878787878787878786868686868686868686868686868585858585858585858585858585858484848485858585858484848483838383838383838282
2413838383828282818181828282818181828282818181828282828282828281828181818181818181818181818181808080808080808080797980798079
2414808081807979808079818181808181807979807879797978787878787978797979797979787879797878787979787878787879797979797980808080
2415808081818079808080818181818282828281818180808080818181818181818181818181808080798079787878787878787777777877777777777677
2416777677777778787777787777787878777676777777767676757575767575767676767575757677777775767676767676757575757676767676757576
2417767676757676777576757575767575757474747475757575757576767575757475747575757576767676777776767676777777777878787878787878
2418787878787979797878787878787877777878787878777777787777777777777778777878787878787978797979797979797978797979797979798080
2419807979798080797979798080808080808080808080818081818181818181828282828282828282828282838383838383838383838383848484848484
2420848383838383838484848383838383838383838383838484848484848484848484848484848484848484848484848485858585858585858585858585
2421858585858585858585858585858585858585858585858586868686868686868686868685858585858585858585858585858585858686868686868686
2422868686868686868686868686868686868686878787878787878787878787878787878787878787878787878787878787878787878787878787878787
2423878787878787878786868686878787878787878787878787878787878787878787878786868686868686868686868686868686868686868686868686
2500868686868686868686868687878787878786868686868686868686868685858585858585858585858585858585858585858585858585858585858585
2501858584848484848484848484848484848484848484848484848484848484848484848484848485858484848484848484848484848485858585858585
2502858585858585858585858686868686868686868686868686868686868686868687878787878787878787878787878787878787878787878787878787
2503878787878787878787878787878787878787878787878787878787878787878787878787878787878787878787878787878787878787878787878787
2504878787888888888888888888888888888888888888888888888888888888888888888888888888888888888888888888888888888888888888888888
2505888888888888888388888888888888888888888888888888888888888888888888888888888888888888888888888888888888888888888888888888
2506888888888888888888888888888888888888888888888888888888888888888888888888888888888888888888888888888888888888888888888888
2507888888888888888888888888888888888888888888888888888888888888888888888888888888888888888888888888888888888888888888888888
2508888888888888888888888888888888888888888888888888888888888888888888888888888888888888888888888888888888888787878787878787
2509878787878786868686868686868686868686858585858085858484848483848483838383838384848484848483838383838382828282828282828282
2510828383838383838383838383838383838383838382838283838282828282828282828282828282828282818181818182828281818182828181818181
2511818080808181808080808181818081808080818080818080808080808079798080808181818080808080808079808079807979807979797979797979
2512808080797979808080808181818181818181818081818180808080808080797980787878787878787778777878797978797979807979797979797979
2513797979797979797980808080808080808081818182828282828282828282828282828283826082828182828281818180808081818080807979797979
2514797878787878787777777877777777787878777878777776767676767677767776767776767575757676767676757576757676767677767676777777
2515767776777777777777777777777777777777787878777676767676757576767676767676767676767676767676767676757474757575757576767777
2516787878798080808081818181818181818181818182828180808080807979797979797979787878787878787878787878787878787878787878787778
2517787777777878787777777777777777767677777676767676767676767676767676767676767676767676767575757575757475745875757576767675
2518757575767675757575757575757675767676767675767676767676767676767676767777777777787878787878787877777777777778787878787878
2519787878787878787878787979797979797979797979797979797979797979797978797979797979797979797979797979797979797979797979797979
2520797979797979797979797979797979797979808080818181818182828282828282828282828282828282828282828382828283838383838384848484
2521848484838383838383838383838383828282828282828282818181818181818181818181818181818181818181818181818181818181818181818181
2522818181818181818181818181818181818181818080808080818180808080808080808080808080808080808080808080808080808080808080808080
2523808080808080808080808080808080807980808079797980808080807979797979797980808080808080808080808080808080808080808080807979
2600797979797979797979797980808079797979797980797979807979797979808080808080808080808080808080808080808080808080808080808080
2601808080808081818181818181818181818282828282828282838383838383838383848484848484848485858484848484848484848484848484848484
2602858585858585858585858585858585858585858585858585858585858585858585858585858585858585858484848585858585858484848585858585
2603858585858585858585858585858585858686868686868686868686868686868686868686868686868686868686868686868686868686868686868686
2604868686868686868686878787878787878787878787878787878787878787878787878686868686868686868686868686868686868787868686868686
2605858585848484848484848483838382828283838383838383838484848484848484848484848485858585858585858585858585858585858585858585
2606858585858585858585858585858584848483838382828282828383838383838484848484848484848484848484848585858585858585858585858585
2607858585868686868686868686868686868686868686868686868686868686868686868686858585858584848484848484848484848484848585858585
2608858585858585858584848484848484848484848484858585858585858585858585858585858585858585858585848483838382828282828282828281
2609818281818080808080797979797878787978787878787878777776777777777777757575757676767676777676767778767677767576767776747475
2610757373737374737373737473727171727270717172727272727271717271717171696869706968686869686768676869676767666667676765646363
2611636362636263626464646262626263626162636364636465646363636364646364636362626160606059595857575858575757585656575757575757
2612585757565555565454545554535456595655555656595756565555565556565556575755575655555449525254545252515153505250505049515049
2613494848495146474748484747494849484949494848485152495050495049515151494949494948474948474748494848484849474746474747484645
2614444645464644444445434445454644474343444344444444464443434344434645434344454643474444464343434343444442444444434343444545
2615424445444345444344444447454444464644444546444644454443454544434242414243424242434344454446474646464745454545434547464741
2616414041434442424242424343444443424244444343434442434244434445434345454544454445454546444544464745464646474746474848474947
2617474747484646474848464446454546464344434443434445444244444242434345434445444645454746464647484748474948495049494950505051
2618515150494950515051525150515150515151505152535252525353525352525252535252515252535253535252535252535252535354535454545454
2619545455545353525253525252535453535353535454565657585858585859595959595959595959595959595960606060616060606061616161616262
2620626262626262636263626262626262616162626263636263636363636262626262626263636364646364636364646566676768686768686970717170
2621707170707070717070727271727272727172727273727071716868676766656666656665656565656565656666666666666666666667676767676767
2622676768686868686868686868686868686868686868686867686869696970707070717272727374747575757676767676777777777778787878787878
2623787879797979797980808080807979797980808080808080808079797978787878777778787878787979797980808080818181818181818181818181
2700818181818181828282828282828282828282838383838383838383838383838383838383838384848484848484848484848484848484848484848483
2701838383838383848484848484848484858585858585858585858585868686868686868686868686868686868686868686868686868686868686868686
2702868686868686868686868686868686868686868686868686868686868686868686868686868686868686868686868686868686868686868686868686
2703868686878787878787878787878787878787878787878787878787878787878787878787878787878787878787878787878787878787878787878787
2704878787878787878787878787878787878787878787878787878787878787878787878787878787878787878787878787878787878787888888888888
2705888888888888888888888888888888888888888888888888888888888888888888888888888888888888888888888888888888888888888888888888
2706888888888888888888888888888888888888888888888888888888888888888888888888888888888888888888888888888888888888888888888888
2707888888888888888888888888888888888888888888888888888888888888888888888888888888888888888989898989898989898989898989898989
2708898989898989898989898989898989898989898989898989898989898989898989898989898989898989898989898888888888888888888888888888
2709888888888888888787878786868585858484848484838383828281818180807979787878787878787777777776767676767676767676767575757575
2710747274717171717070707071707068676768686867676867676665676664646565646565666565656565646464646263636464656363656463626363
2711646263636462626362616162636262626161616161626161906261616259595959575757595858575758585959585657585857595858585858575859
2712595958575657565655565656575556565756565756565657565655565554555756565656555354555455545354555655565756555556565655545656
2713565755545455565656585857575756565657555655575656575554545453545456535454555655565655545353545354545555575653535353535454
2714545353535452525254525253515252535251525150515151515352525552525152525252525353525451525352535353545452525354535352525252
2715525153525354525253545353535354545353535455545654545556565758595959595861606060855960605958585957585857585756575758585757
2716575656575757585858585858575859585454555453545455545454545556565555565757565655555556575554545555555454555556555554555656
2717545655555656565554545454535453535355545555565556545455545554545353535454545553545455535454535554545455555555555555545455
2718555655555655555655555656565657575655565757575757575756565756565756575757575656565656565656575756575957585959575757575760
2719585961616262626362636263626366676263636364666767676767666667676868666767686769696968707071706966666667676968836767676767
2720676767676667666666666666686968696968686868686969697069707070707070707070707070707071707070707071707070707070696969696869
2721707170707171717170686969686869697069696969697069707170717072717070717272727273737373737473737373747475757473767776777777
2722777777777778787878787979797979808080808080808080808080808080808080808080808079808080808079808080808081808080808080807979
2723797979797979798079797979797878797878787878787878787878797979808081818182828282828282828282838383838383838484848484848484
2800838383848484848585868585858585868686868686868585858686868586868686868686868686868686868686868686868686868686868686868686
2801868686868686868686868686878787878787878787878787878787878787878787878787878787878787878787878787878787878787878787878787
2802878787878787878787878787878787878787878787878787878787878787878787878787878787878787878787878787878787878787878787878787
2803878787878787878787878888888888888888888888888888888888888887878787878787878686868685858585858484848484848484838383838484
2804848483838384848484848484848483848383838383838383838383838383838282828282828282828282828282828282828282828282828282828282
2805828282828282828181818282828282828282828283838383838383838484848484848484848484858585858585848484848484848383848484848484
2806848585858585858585858585858686868686868686868685858585858585858585858585858585858585858585858585858585858585858585858585
2807858584838383838282828383838383838383848484848484848484848484848484848484848484848484848484838383838383838282828282828282
2808828181818181818181818181818181818181828282828282838383838383838383838383828281818181818181818181818181818181818181818181
2809818181828282828282828282838383838282828283838283838383838383838383838282828282828281807979797979808081807978787978787978
2810777778777877777878787777787878777879777878777878787878787778787878777777777878777878777878787878787878787878787777777878
2811797878787878787878787878787878787878787878787778777878777776767575767676767676767676757476757375757474737474737474747574
2812737473717173737171727372717272717372727271727273727373737373737372727272727272727272717272717171727271727071727170707070
2813707070717071717272737170697170707070727271707170707071707170707070707170707169696767676868686767666766676565656667666666
2814656566666465656565636464646464646562626363636463646563616061606160606161586061616161646160606362626262626262626262626261
2815626162616262636262636060606060616160616162626162636261626262616161626261606060616161626161615961626061616160616161616162
2816626260605758585960606160596062636060615960606160606060605858585758585758565757565655565556565858575758585858575656565556
2817575655565554535456555755555453555454545455555556565657565656565756575758585656565857565758575857555654565655555656565756
2818555556565656545455565555555655565555565556595757585860595959605959585959595960605860605959585958595959596060606161626161
2819616162636161606061606061616161616161616161626262626363636363636364636364646464646464646464646565656565666565656666666766
2820666666676767686868686767666766666666666666666767676767676768686868686969697070696969696969686767666666666667676767686868
2821687069686867686867676868686868686969697070717170717171727272727271727272717171717170707072717173737373737374747575757676
2822767676767777777777777878787878787979797979797979797980808080797978787878787878787878798080808080808080808081818181818282
2823828282828282828282828282828181818181828282828282838383838383838383838383838382818180818180808181818181818281818181828282
2900828180808080818080808080807979787877777676767575757575757576757677777777777778787878787979787878787878777777777878787879
2901798080808080808080808181828282828282828282828282828283838383838383838383838383838383838484848484848484848484848485858585
2902858585858585858585858585858586868686868686868686868686868686868686868686868687878787878787878787878787878787878787878787
2903878787878787878787878787878686868686868686868686868686868686868686868686868686868686868686868686868686868686868787878787
2904878787878787878787878787878787878787878787878787878787878787878787878787878787878787878787878787878787878787878787878787
2905878787878787878787878787878787878787878787878787878787878787878787878787878787878888888888888888888888888888888888888888
2906888888888888888888888888888888888888888888888888888888888888888888888888888888888888888888888888888888888888888888888888
2907888888888888888888888888888888888888888888888888888888888888888888888888888887878787878787878786868686868686868686868686
2908868686868686868686868686868686868686868686868686868686868686868686868686868686868686868686868686868686868686868686868686
2909868686868686868686868686858585858484848483838383828282838382828181818181818180808081808080798080797978787979808080797980
2910808080808079798079798079797877777777777777767676767675757475747575757575747576757576747373737373747374737373727473727172
2911717170717271717172707071717070707170707070707070707171717170707172707070706969707069707171707071707071727171727269707070
2912707270707070696970706970707070707170697070707071717171706970717171727372727172717272727375767574737375737374737475747473
2913737474757677767676777776757575767677767576767777767641757575767676767675767575767575757474747475747474757575747374747473
2914747374747474747474737473737374737273747472727273737373737372727271717271717071717070717069707070686969696969696969706969
2915696868696969686869696868676768686869696969696969686868696969697170696969696867676667686768686869696970706969696968706869
2916686766666665666566666666656565646464656464646463636362626263626263636563636565656666656565656667656667666666676665656566
2917626263636563636565656666656565656667656667666666676665656566666566666666666766666628666565656565656565656565666666656465
2918656565656566666667676766666565656463636262616161626161626261626263626263626262636262626262616262626262626161626262616161
2919616161616162626263636463646464646565656566666666666666666666656464646462616059605959595960616161626262636363636464646464
2920656565656666666767676868686969696969697070707070707070707069706969696969696969696969696968686868686868686767676767686868
2921686868696969696970707070707171717171717272727373737373747474747474747474747474747474757575747474747474747575757675767777
2922777777777777777878777777767676767777777777787878787879797979798080808080808081818181818181818181818181818181818182828282
2923828282828282828281818181818181828281818281828181818181818181818080808080797978787878787877787878787878787878777878777777
3000777777777776767677767676767676767676767575757575757575757575757575757575757575757575757575757474757575757575757575757575
3001757575767575757575767676767677777777777777777778787878787878787878787878787878787878787878787878787878787878787878787878
3002787878787878787878787883787878787878787879797878787878787878787878797979797979797979787878787878787878787878787878787878
3003787878787878787878787878787878787878787878787879797979797978787878787878787878797979787878787878787878787878787878787878
3004787878787878787878787878787878787878787878777777777777777676777777777777777777777777777777777777777777777777777778787878
3005787878787878787979797979797979798080807980797979797979797979797979798079797979798080808080808079808080808080808080808081
3006818181818181818181818181818181818181818181818181818181818181818181818181818181828181828282828282828282818281818181818181
3007818282828182828282828282828282828282828282828282828282828282828282828282828282828282828282828282828383838383838383838383
3008838383838383838282828282828282838383838383838382828282818181818181818080808080807979787878787878777777777776767676767677
3009767676757676757575757576757575757676767676767576767675757575757474747474757575757475747373737273737273727373727172717271
3010717170717171717271717171717171727170707170706969697070696969697070706970707070696970706968686967686968676867686868676666
3011676664646565656564646564646363626462636262616262636162616160616160595959596059606057575758585755565655545655555455565453
3012545354545454545455545454535353535355535353535354535453525453535354535352525252515252535252515252515253535451515150515251
3013525251515150475048494948484747484848495049484948484949505150514849494848474748485049484950485049504948514951504950504850
3014504848494849485050484849495049494847494947484849464646464546454547474846474646474847464747474748484849494948474848504848
3015454546474746464746464748454647474648474646454344444646454446464647474647464743434243424042444340414241414246454241424141
3016414342424242444141414040434242414143424340393941394140403838403739383941404141404340414041403838384140393839383939394040
3017403939384038383838394141414040404041414242414040424041403939393942413939403940403939404038393839393941404141403938413938
3018393938383940404142414243414241434343444542434241414041424345424443424345434644454945444547474647495148454446444141414245
3019474644464644454545464848474746464647485049494948494949505051525253535454555556555656565454545556565656555759606061616262
3020636363636363646465646464646465656565656566676767666565656565656566666667676868686868686867676969697071716764626160595858
