58265 2011   041213603204   65   24 6670   55    1--------------------------------------------------------------------------
3121575656565756565657575756575656565656565757565657575757575757575857585857575757575757575758585858585858585858585858585858
3122585858585859595959595959595959595959595959595959606060606060606060605960606060605959595959596059605959595959595959595959
3123595959595959595959595959606060596060616161616162626263636463646466676766656566666867676665656564656565656565656566676867
0100686867676666666666666666666666666666666666666666676767666666666666676869686767686867686869686867676767666767676868686767
0101676767676767676767666767676767676768686868696969686868686767676867686767676768686868686868686868696969696969696969707069
0102707171717271717272727272737374747474747575757676777676777777777777787878787979797978787878787878787878787878797979797979
0103797978787979787879797878787978787878787777787878777777767777777777767676767575757575767676767675757575767676767675767677
0104767676767676767676767677777776767676767676767677777777787878787879797878787878787878787778787878787878787878787777777777
0105777777787877777776767676767676767777777675747473737373737373737474747475757676777778787979798080818181818182828282828282
0106828282828282838383838383838383838484848484848484848485858585858585858585858585858686868686868686868686868686868686868687
0107878787878787878787878787878787878787878787878787878787878787878787878787878787878787878787878787878787878787878787878787
0108878787878787878787878787878787878787878787878787878787878787878787878787868686868686868686868686868687878787878787878787
0109878787878787878787878787878787878787878686868686858585858584848484848383838383838282828282828282828282818181818181818181
0110808080808080808080797979797979797979797978787877777777777776767676767676757575757575757575757575757474747474747474747474
0111747474747474747474747474747474747473747474747474747474757575757575757575757576767676767676767676777777777778787878787878
0112787878787878787878797979797979797979808079808079797980807979797979797980808080798080808080808080808181818181818181828282
0113828282828282828282828383838383838383838384848484848484848484858585858585858585858585858585868586868585868686868686868686
0114868686868686868686868686868687878787878787878787878787878787878787878787878787878787878787878787878787878787878787878787
0115878787878787878787878787878787878787878787878787878787878787878787878787878787878787878787878787878787878787878787878787
0116878787878787878787878787878787878787878787878787878787878787878787878787878787878787878787878787878787878787878787878787
0117888888888888888888888888888888888888888889898989898989898989898989898989909090909090909090909091919191919191919192929292
0118929293939393939393939393939393939393939394949494949494949494949493939393939393939393939393939291919090898989888888888887
0119878787878787878787878787878787878787878787878787878787878787878787878788878787878787878787878787878787878787878787878787
0120878787878787878787878787878787878787878787878787878787878787878787878787878787878787878787878787878787878787878787878787
0121878787878787878787878787878788888888888888888888888888888888888888888888888888888888888888888888888888888888888888888888
0122888889898989898989898989898989898989898989898989898990909090909090909090909090909090909090909090898989898989898989888888
0123888888888888888888888787878787878787868686868686868686868686868686868686868686868686868686868686868686868685858585858585
0200858585858585858585858585868686868686868686878787878787878787888888888888888888888888888888888888888888888989898989898989
0201898989898989899090909090909090909090909090909090909090909090909090909090909090909090909090909090919191919191919191919191
0202919191919191919191929292929292929292929292929292929292929293939393939393939394949494949494949494949494949494949494949494
0203949494949494949494949494949494949494949494949494949494949494949494949494949495959595959595959595959595959595959595959595
0204959595959595959595959595959595959595959595959595899595959595959595959595959595959595959595959595959595959595959595959595
0205959595959595959595959595959595959595959595959595959595959595959595959595959595959595959595959595959595959595959595959595
0206959595959595959595959595959595959595959595959595959595959595959595959595959595959595959595959595959595959596959696969596
0207969696969696969696969696969696969696969696969696969696969696969696969696969696969696969696969696969696969696969696969696
0208969696969696969696969696969696969696969696969696969696969696969696969696969696929797979797979797979797979797979797979797
0209979797979797979797979797979797979797979797979797979797979797979797979797979797979797979797979797979797979797979797979797
0210979797979797979797979797979797979797979797979797979797979797979797979797979797979797979797979797979797979797979797979797
0211979797979797979696969594929089888888888787868686868585858585848484848383838382828281818181818282818080808079797978787878
0212787879797878787777777776767677767675777876767675767474747474757474747573737373747373727170707170727370707069756766676767
0213656666656564646364636261616060616159586060585757585555555353535454515251525153515153545354525351515149484848495049484849
0214494947484948484748474848474845474844454744434646484544464545454545485046434443444244434344434645434242404441404241404141
0215384038394042404141414343434343424242434340414142424039393939393939394142394140394143434040403938383836384139394041404139
0216404038393940394038383839384141424340403939403939404039393940423940404040384141424241424040414240424344424140404040434243
0217434041414142424141684242413940424341404142424041413940414140414141414041434142414141434344434242424243444243434342424142
0218414242444443434344434242424342424242424042434242444343424241434342434444434444434343434444434344444443444443444344454444
0219444444444645454545454545454545454647474848484849505050515150515150525252525252515152515151515152515151525252535353545454
0220545455555454545454555555545455545455555555565656565656565656565656565757575857575758585859585858585959595959595959595959
0221595959595960596060606161616162626262636363646364756363636362626262626262626363636363636363636363636364636363636464656464
0222656565656565656666666666666666676767676767676767676767676767676868676868676767686868686868686868696969696969696969697070
0223707070707070707069696969707070707070707071707070707070707070707070707070717070717171717171717171717171717271717171717171
0300717271717171717171727272727272727373737374747475767677777778787878787978797979808080808181818181828282828283838383838383
0301838383848484848484858585858585858585858686868686868686868686868687878787878787878787878787878787878787878787878787878787
0302878786868686868686868686868686868686868686868686868686868686868686868686868686868686868686868686868686868686868686868686
0303868686868686868787878787878787878787878787878787878787868686868585848483838383828282828282828282828282828282818181818181
0304808080808080808080808079798080808080808080818181818181818181818181818181828282828282828282828282828282828282828282828282
0305828282828282828282828282828282828282828282828282828282828282828181818181818181818181808080808080808080808080808080808080
0306808080808080808080808080808080808080808080808080808080808080808080808080808080808080808080808080808079797979798080808080
0307808080808080808080808080808080808080808080808080808081818181818181818181818181818181818181818181818180808080808080808080
0308808080808080808080797979797979797979797979797979797979797979797979797979797979797979797979797979797979797979797979797979
0309797979797979797979797979797979797979797979787878787879797878787878787878787878787777777777777777777777777777777676767676
0310767676767676767675767575757574747473737474737373727273727272727271717272727171717172717272727171717070707070707171717171
0311717071707070707070697069696969696970696968696969717069706969707070697070706969696969696969706970696969696969696970697069
0312707069696969696969697069706969696969696969706970696969696969686868686868686867686868686868686868686868686868686968676867
0313676667676868686970686868686868686868686868686968686969697068696869696969707070707070707070707070707070707070707070707071
0314707171717171717171717271727272727272727272737373747475767677777777787878787878777878787778787878777777777776767676767675
0315757475747474747272727171717171717070716969706970706969696969686968696868686968676867676868676767676867666666666666656566
0316666666666666666666676767676767666666666767686968686867676667676868676766666767676565656666656565656464646364646566666664
0317646463636363636363636362636464646464656464646463636464646464656463656464646464646363636263636363636363636363646463636363
0318636363636363636364636262636363646362626363636362626262626161626262616162626260606061616161616161606060606060606060616160
0319606060606060606061616161616161616060606160606060606060616161616161616161616161616161616262626262626262626363636464646464
0320656565646565656565656565656565656565656565656566666666666565656566656566666666666666666666666666666666666666666666656565
0321666666666666666666666666666666666666666565666666666666666666666666666566666666666666666666666666666666666667676767676667
0322676767676767676767676767676767686868686868686868686969696969696868686869696969696969696970707070696970697070707070707070
0323707070707170707070707070707071717171717171717171707069696969696969696969696969696969697070696969696969696969697069696969
0400696969696869686868686869696969696969696969686868686868686869696969696969696969696969697070707070707070707070717070707071
0401707070707070707070707070707070706969696969696969696868696969696969696969696968686969696969696969696969696968686868686868
0402686868686868686868686868686969696969696969696969696969696970696969696969696969696969696969696969696969696968686969696969
0403696969696969696969696969697070707070707070707070707070707070717171717171717171717171717171717171717171707070707070707070
0404707071717171717171717171717171717171717171717272727272727272727272727273737373737373737372727373737373737373747473737373
0405737373737373737373727272727271727271717171717171717171717170717171717171717171717171727172727272727171727271707071717070
0406696968686868676767676868686868676767676767676767676767686868676767676767676767676767666766666767676868686868686868686767
0407676768686767676767686868676869697070707070707070707071727272727271717171727273737374757474737374747475757675757575757576
0408777777777777777777777778787878787878787878787777777676767575757575747474747474747474737474747474747373737373737373737474
0409737373727272727272727272727272727272727272727373737373727271717170707070707069686766676665656565646364646463636364646363
0410636362626262616261616161616161626362616160616160616060606059606261606058595959595958606159605959595859595859605958585858
0411585859595959655657575758595856565656555655555755575655545456545454535454535454555354545454535453545454535353535353525454
0412525353555353535453525151525252515250515053514951505149504950505050515251505150504949515051505151525151504948515049494949
0413484850505049514950484950504950505150515150514950515050495050505050505050505251504849494848484951504949494950515150494749
0414495049494849494950515149484952525049494952525152515052525051504950505149505151505050505050515051505150515051525051505050
0415505150505151505251505052535149505050515250515051525052525151525252525252525251515050515152515152535253525152525252525051
0416525250515151505052515151525353545353525253535352515252525253535452525354535454545353545454545554545454545454545354555555
0417555556555555565757575758575758575858585858585858585858585858595958575859595959585859595960606060596060616060596060606060
0418606061616161616261616162626161626261616161616262626261616262626362636363636363636363636464646464646464646464646464646465
0419656565666566666666666666676767676767676767686868676868676767676767676767566767676767676767676767686868696969697070707070
0420707171717172727272727272737373737373737373747474747474747575757575757575757575757575757575757675757575757575757575757575
0421757575757575757575757575757575757575757676767676767676767676767777767676767676767676767676767676767676767676767676767676
0422767677777777777777777777777777777777777777777777777777777777777777777777777777777777777777777777777777777777777777777777
0423777777777777777777777777777676767676767676777677777777777777777777777777777777777777777777777777777777847777777777777777
0500777777777777777777777777777777777777777777777777777777777777777777777777777777777777777777787878787878787879797979798080
0501808080818181818181818181818181818181818181818282828282828282828282828282838383838383838383838383838384848484848484848484
0502848484848484848484848484848484858585848484848484848484848484848484848484848484838384848483838383838383838383838383838383
0503838383838383838383828282828282828282828282828282828282828282828282838383838383838383838383838383838383838383838383838383
0504838383838383838383838383838283838383838382828282828282828383838383838383838383838383848484848484848485858585858585858585
0505858585858586868686868686868686868686868686868687878787878787878787878787878787878787878787878787878787878787878787878787
0506878787878787878787878787878787878787878787878787878787878787878787878787878787878787878787878787878787878787878787878787
0507878787878787878788888888888888888888888888888888888888888888888888888888888888888888888888888888888888888888888889898989
0508898989898989898989898989898989898989898989898989898989898989898989898989898989898989898989898989898988888888888888888887
0509878787878787878787878787878787878787878787878787878787878787878787878787878787878787888888878788888788888888888888888888
0510888787878787878787878787878787878787878787878787878787878787878787878787878787878787878787868686868686858585858585858585
0511858484848383838383838383828282828282828282828282818181818282828282828282828282828282828282828282828282828282818181818181
0512818181818181818181818181808181818181818181818080818181818080808080808080808080807979797980808080797979797979797979797979
0513787878787878787778787878787878797979787978787878787877777777777676777676767777767777777878787777777777777777767677767676
0514767676777776777777767677777676767675757575747575747474747373737474747474747474747474757575757575757575757575757574757575
0515757575757575757574747574747474747575757474757575757575757575757575757575757575767675747575757575757575757575757676757676
0516767676767676767675767676767676767676777777767676777676777777777777777777777676767676767676767676767676767676777777777676
0517777677777777777777777777777676767676767676767676777777767676777777777777777777777777777777787877777777787877777778777777
0518787878787878787878787878787878787878787979797979797979797979797979797979797979797979797979797979797979797979797979797879
0519797979797878797978787878787878787878787878787878787878797979797979797979797979797979797979808080808080808080808080818181
0520818181818282828282828383838383848484848585858585858585858585858686868686868686868686868686868686868686868686868686868686
0521868686868686868686868686868686868686868686868686868585858585858585858585858585858585858585858585858585858585858585868686
0522868686868686868686868686868686868686868787878787878787878787878787878787878787878787876887878787878787878787878787868686
0523868686868686868686868686868686868686868686868686868685858585858585858585858585858585858584848484848484848484848484848484
0600848484848484848484848484848484848484848484848484848383838383838383838384848484848484848484848484848484848484848484848484
0601848484848484848585858585858585858585858585858585858585858585858585858484848484848484848484848484848484848484848484848484
0602848484848484848484848484848484848485848585858585858585858585858585858585858585868686868686868686868686868686868686868486
0603868686868686868686868686868686868686868686868686868686868686868686868687878787878787878787878787878787878787878787878787
0604878787878787878787878787878787878787878787878787878787878787878787878787878787878787878787878787878787878787878787878787
0605888888888888888888888888888888888888878787878787878787878787878787878787878787878787878787878787878787878787878787878787
0606878787878787878787878787878787878787878787878787878787878787878787878787878787888888888888888888888888888888888888888888
0607888888888888888888888888888988888888888888888888888888888888888888888888888888888888888888888888888888888888888888888888
0608888888888888888888888888888888888888888888888888888888888888888888888888888888888888888888888888888888888888888888888888
0609888888888888888888878888878787878787878787878787878787878787878787878787878787868686868686868686868686868585858585858585
0610858484848484848383838282828282828282818181818181818181808080807979797979787979787878787777787877777778787878787877777778
0611787878787878787777787877767676777676767676767574747575747674737474737474737373747374747374727272727171717271727170717070
0612707070686970707070706968686868686867676867686767666667666665646465656564656463636363646361616162636262626262616162625858
0613606059595958585858585859606161596159585959595959585758565658565657575756555756565655565856545353545554555555545354525354
0614565352525453555455555654545353535454535454565454545354545453535351515250525453555353515251525354535253525049504950515250
061549505448474848494948464746484748474647484746454545474545444447464543434446444544434344//43444241434141444442434041424040
0616404340423938403940414040413940404041414140414140404042383839393840403839383838393940393939423940403941414039393939404139
0617403838394038393939383738384041393937363737363839383838383838383839404040394038403838393939383838394240393938383839384039
0618383838394040404040404141413939393839394040414243424143424444444343444343444444454545464545454545454646444545464545464545
0619454545454546454446444546464645454545454546464646474646464647464545474646464747464647464746484747494949484850504948475048
0620515147475048524949515053535353545553545858575755555254555555555758585654555757575959575557595759595859585657596063636060
0621636262616260616162626262616160626364646463626160605654525251525252525352525353535252535353535353535353535353525252525252
0622535454535454545554535354545454545454555554555655545554555655555555555556565655565656565656565657575757575857575858575857
0623575757565657585858585858585756555557606060585858595960585959595959595959585959605960595958596059605960606061616262626162
0700616262626263626364636262616161616162636362616161616261626160596060595959585959596060606059595959595959595959595959606162
0701626262626262626263636565646464646567666565646362626262616161616161616161616161616161616161616161616161616161616161616162
0702626161626162626262626263636363636364646464646465656565656565656565656565656665656666666666666666676767676767676767676768
0703686868686868686869696969696969696969696970707070707070707070707070707070707071717171717172727272727272727273737373737373
0704737474747474747474747474747474757575757575757575757575757575757575757575757575757676767676767676767676767676767676767676
0705767676767676767676767777777777777777777777777777777777777777777777777778787878787878787979797979798080808080818181818282
0706828282828282828282828383838383838383838383838383838383838383838383838383838383838383838383838383838383838383838383838383
0707838383838383838383838383848484848484848484848484848484848484848484848484848484848484848484848383838383838383838383838383
0708838382828282828282828282828282828282828282828282828282828282828282828282828282828282828282828282828282828282828282828282
0709828282828282828282828282828282828282828282828282828282828282828282828282828282828282818181818181818181818181818181818080
0710808080808080808080808080808080808080808080808079808080807979797978787878797878777878777777767777767676767676767676767676
0711767777777777777777777777777878787879797979797979798080808080808080808080808080808080808080808080807979797979797878787777
0712777777767676757575757474737474737373727372727272727272727272727171717272727171717171717171717171717172727171727170707171
0713717171717070717171717171717171717071717171717171717171717171717171717170707171717272717171717171717170707070707069686970
0714717171696969707070696967686867656464636464636464636464646465656667676767676767676766656666666564636262616262626262626362
0715626262616262626161616160606161616060606161605959595857575757565555555455555556565656555555555556565756565657565756565756
0716565757565656575657575757575756565656565757575656575656555656565656565656565656565655565656565656565656565757565657565756
0717565757565656575857565656565657565657575656565656555556555555555555555555555655555555555453535353545454545555545454545455
0718545455565655555454555555555555555555555555545455545555555454545454545454545454545454545454545454545454545354545454545454
0719545555555555565656565656565656565757575757575758585757585859595859595859585958585858585858585858585858585859585958585858
0720585959595958585959595959605960606060605959606059595959606060606060606060606060606060606060606060606060605959595959596060
0721606161616162616161616262626262626262626262626262626262616161616162626262626262636363636363636363636363636363636364646464
0722636464646464656565656565656565656565656565666666666767676767686867686868686868676767676767676767676666666666666666676767
0723666666666666666666676768686869696969697069707070707071717171707070707070707070707070706969696969696969696969696969696868
0800696969697070706969696969686867686868696969696868696969696970707069696969706969707071716968686867676666676666676868697170
0801717271717070686665656566656465656768707071727272727374757575737066646362615958575859595959585858585958585859595958585959
0802595859595958585959595959606060606060595959605960606060606060606060606060606161616162616161616161616161616161626262626262
0803626262626263636363636363646363636464646464636464646465656464656565656464646363636363636363636363636363636363636363636363
0804636262626262626262626262636363636364636364646363636362626362626262626262626363636363636363636363646463646464646363636363
0805926364646464646464646464636363636363646363646464636363636363646363636363636463636364646363636464646362636363636362626262
0806626262626262636362636363636263636363636363636363636363636363636363636363636363636363636263626262626262626262626262626162
0807626262626262626261616262626262636363626363646364646464646465656565656666666666666666676767676767676868686868686868686868
0808686869696969696969696969707070707070717171717271727272727272727372727273737373737373737373737373737373737373727373727272
0809727272727272727172727272727272947272727171717171717171717272727272727272727272727272737373737372727273737373737373737372
0810727272727272727272727273737373737373747474747473727272727272727373737474737374747474747574747373737373727272737373737372
0811727272727171727272727272737373737372717171717070707070697070697070717171717172727271727272717171707071717171727172727172
0812727272717171717070706969696969686868686868686867676767676868696869696969696970707069696969707069707070707071717169697070
0813707070707070707069696969696969697071717171717272737374747474687474737374737373737373737474747575767676767676767777767677
0814777777777777777878787877777778787878787878787878787878787878787878787878797978787878787878787878787777767776767776767676
0815757576767575757575767675757474747474747575747574747475757474747474747475757474747574747475757575757575757474757575757575
0816757575757575757575757575757575757574747474747372727373727171717171727271717172727373717171717172727271717272727272727273
0817737373737474727172737272727271727273737373737373737373737272727272717272737272727172717172607271717171717070707070707171
0818717070707170717171717171717071707171717071717171717171717171717171717070707171707070717172727271717172727272727272727272
0819727272737373727272727272727272727272727272727272727272727272727272727272727272727272727272717171717171717171717171727272
0820727272727273737373737373737373737373737373737373747474747373737474747474747474747474747474747474747474747474747474747474
0821747474747474757575757575757575757575757575757575757575767676767676767676767676767676777777777777787878787979797979797979
0822808080808080808080808080818181828282828282828283838383838383838383838484848484848484848484848484848484848485858585858585
0823858585858585858585858585858585858585858585858585858585858586868686868686868686868686868686868787878787878787878787878787
0900878787878787878787888788888787878787878787878787888888888888888888888888888888888888888888888787878787878787878787878787
0901878787878787878787878787878787878788888888888888888888888888888888888888888888888888888888888888888888898989898989898989
0902898989898989898989898989898989898989898989898989898989898990909090909090909090909090909090909090909090909090909090909090
0903909090909090909090909090909090909090909090909090898989898989898989888888888888888887878787878786868686868686868686868686
0904868585858586868686868686868686868686868686868686868686868686868686868686868686868686868686868585858585858585858585868686
0905868686868686868686868686868787878787878787878787878787878787878787878787878787878787888888888888888888888888888888888888
0906888888888888888888888989888888888888888889898989898989898989898989898989898989898989898989898989898989898989898989898990
0907909090909090909090909090909090909090909090909090909090909090909090909090909090909090909090909090909090909090909090909090
0908909090909090909091919191919191919191919191919191919191919191919191919191919191919192929292929292929292929292929292929292
0909929292929292929292929191919191919190909089898988888888878787868686858584848484848383838383828282828282828282828282818281
0910818181818182818181818181818181808080797979787879787878787777777676757676767575747474747474757575747475757575757473717071
0911717069707069696767686768696768666564646664636464636562616260585960606160575757575856565855565756575556575353545051515050
0912484848474951495150494947494848484952514949515250484848474649484748494947484847484747474648484748484948485047474446444747
0913474848474749494848494747505148484647484946474646464647464747464748474546465050454746474445444544434544444544434343434445
0914444545464445474446454544444544444646464746464444434544444344434243434446454443444443454344444344434543444443444243434342
0915434243434542434143434441454241404241424141424040404039404042424142404141404041434139404040404040393939394139393941423939
0916454362434344434362626262616262626162616059616060595960606060606060606159605959595960606060616261606061626060616160606060
0917444343434544444343424342434342424342424242414243434443434344444443444545454444444644444343444444444445444546454546454546
0918464546464647464647474747474747474747474746474749474849484848484746474748484747484847474847464749484747484748484848484748
0919474848484748494949495049494948495048484849494949494848484949505050494949504949495050505051505151525251515252515152525252
0920535253525453535353545454545454545455555555555555555555555656565656565655565656575656565657575757575858575757585758585758
0921585858585858585858585858585858585858585858585858595959585858595959595959595959595959595960606060606060606060616061616161
0922616160606161606060606060616161616161616161616161616161616161626162616261616261626161616161616161616162626161616162626262
0923626363636363636464646464646464646464656566666666666666666666676767666767676767676767676767676767686868686868686868686869
1000707069696969686970717171717171717172727272727272737373737374747575757575757574747475757575757574747473737474747373737373
1001737373737372727270696969696868686867676767676767676868686868686869696970697071717272727272727171707070696969696969696969
1002696969707070707070707070707070717171717171727172727272727271717170707070696969697069696868686869696969686868686869696969
1003696869696969706969696969697071717171717171727272727272727272727272727373737373727272727272727272727271717271717171717171
1004717070707070707070707070707070707070707070707070707070707171717171717171717171717171717171717171717171717171717171717272
1005717171717172727272717171717171717271727272727272727272727272727272727272727272727373727273737373737373737474757575757575
1006757575757676767676767675757575757575757575757575757575757575757575767676767777777777787878787878787878787878787878787777
1007777777777777777777777777777777777777777777777777777777777777777777777777777777777777777777777777777777777777777777777777
1008777777777777777777777777777777787877777777767777767676767676767575747474747575757474747474747373737373727272737373737373
1009737272727272727272727272717171727171717171707171717070706969696968696969696969686868686968696868686867676666676766666566
1010666767666565676665666566656464636363636463636362636564636463626263626262626262636462636362616161626162626159595959606059
1011606061616161606060605959595959585858595958585656575857565656565858575757575656565655555556565756565756575655565556565655
1012565553535453545455575555555755565456545555555454555554555555555453555553545454545454555454545454535353545353545353565456
1013565454545353545654545353535253535453545553545353525453555554545453555353545453535455545354545354545453545455555656555555
1014545555555453545454555554555555555555545455545355555453545353545454545354545455535353535252535253525252535252535352525252
1015525151525354535253535352515253535453545354535452535353525251525252525354545252535353525353535453555454535454545453545454
1016535454545556555453545354555455555455555555555554545455545453535353535353535453535353535353535253535354535353535353535453
1017535353535353535252525153525152525151515252515151515150515050505051494948494849484848494848484747484948484848494948484746
1018474848474848484847484848494849494849494948484949494948474847474848494847474849494948484848484748484848484747474748474647
1019474747484848484848484848494849504949505050505150505051515152515152515251515151515151515150515151515152515252525253535353
1020535453545454545454545454545555555556575758585959596060606060606161616162626262626363626262626262626363636364646464656565
1021656565656565656566666666666666666667676767666666666666666565656566666666666666666666666666666665656666666666666667676767
1022676868686869696969707070717170706969696968696868686867676767676767676767676767676768686868686868686868686868697070706969
1023696969696969696969696970707070707070707070707070707070696969686969696969707070707171717172727272727373737373737474747474
1100747575757575757576767676757576767676767676767676767676767676767676767676767677777777777777777878787878797979797878777777
1101777777787878787979797979797979797980808080808080818181818181818182828282828281818181828282828282828282828282828383838282
1102828181818180808080808080808080808080808080808080808080808080808080808080878080807979797980808080808081818181818181818181
1103818181818181828282828282828282838383838383838484848484848484848484848484848484848484848485858585858585858686868686868686
1104868686868686868686868686868687878787878686868686868686868787878787878787878787878787878788888888888787878787878787878787
1105878788888888888888888888888888888888888888888888888888888888888888888888888888888888888888888889898989898989898989898989
1106898989898989898989898989898989898990909090909090908990909090909090909090909090909090909090909090909090909191919191919191
1107919191919191919191919191919191919191919191919191919191929292929292929292929292929292929292929292929292929393939393939393
1108939393939393939393939393939393939393939393939393939393949494949494949494949494949494949494949494949494949494949494949494
1109949494949494949494949494949494939393939190898888878685848383828180797979787878787878777776767575757574747474747372727070
1110707070696968686868686868676766666666666666676766666566666666656464646465656363636263646363636362646363636262636261616161
1111605960595859795857565657565655565656565554545453545555555555555556555556555554555655545454555554545352505051515151515153
1112515253525049515050505050515051505150494949495048484848464749495049495049485049495048484949474850484848484949504848474645
1113454445464546464847464648464646464646464544444546444746464645454546454546454544444444444444444444444444434244444544444345
1114434443434244424342434241424342423940414241414142424242404141414040404141393937383939393938404138393838383839383937373837
1115383838383838403837383837373838393939363638613836363637373737383738373939393837373737393736373535373635353536363636353535
1116343436353637383535343535373637363635343538363535363636353636373537353636363635353535363635353537343435353535343534353535
1117343534333437363435363636363837373737373839383535363736373737373636373736373839403940404039403939393939384039403839413940
1118393940404040404040414241414141414142414141424242414242424242434242434343434342424343434343434444444444444444454544444445
1119444444444444444445454545454545454646464646464545464646464646464747474747674748484848484848494848484848484949494949494950
1120505050505050505151505151515151515151515151515252515152535252525252525253535354535353535253535454545454545454545455545455
1121555454545454545354545454545455545554545455555555555554545454545454545354545453545453535354545353535354545453545353535453
1122545454545554555555555555555555555656555656565656565655565656575656565656575757575757575757575757565757575757585858585758
1123575858595960616161606060606060606059606060596060595960606060606060606060605959595960605960606060606060606061616160616061
1200616161616161616061616161616060616161616161616161616161616161616161616161616161616161616161616161616161616262626262626262
1201626262626161626262626262626262636363636363636363636363636363646464646464646464646465656465646464646464646464646465646464
1202646464646465646565656565656565656565656665656565656565656565656565656464656464646464656464646565656464656767676665656565
1203656565666565676767666565666667676868686868686868686868686868686868686868686868686867686868686868686868686868686969697070
1204717171717171717171727272737373737474747575757676767777777777777778787878787878787878787878797979797979797979787878787878
1205787878787878787878787877777778787878777777777777777777777777777777777777777777777777777777777777777776767676767676767676
1206767676767676767676767676767675757575757575757575757575757575757575757576767676767676767676767676767676767676767676767676
1207767676767676767676767676767676767676767676767777777777777777777777777777777777787878787878787878787878787878787878787878
1208787878787878787878787878787878787878787777777776767676767676767676767676767676767676767676767676767676767676767676767676
1209767676767676767676767676767676757575757576767675757576757575757575757575757575757575757575757575757575757575757575757575
1210757575757575757575757575757574747575757574747475757575757474757574747474747474747474747474747474747474757575757575757676
1211767777777777777777777778787878797979797979798080808080808080808181818181828282828282828383838383838383838384848484848484
1212848484848484848484848484848484848484848484848484848484848483838383838383838383838383838383838383838383838282828282828282
1213828282818181818180807979797979797978787878777777777777767675757575767676757575757575757474747474747474747474747374747473
1214737373737373727272727272737272727372717170707171717070707170717171727272717170717271696868686968696867686867676768666767
1215676665656566676665666666666767686767686767676767696868686767686868696969696969686969696867676767676868676767676767676868
1216676767666566656565666565656565656566666465656564656565666665656565656565656464646566646565646565666566656666666565656565
1217656665656566656564646463636464646463636262626263636362626262626263636363636363636363636463636363636364646364636363646564
1218646465656565656565656566666665656666666666666666666666666666666767666666666666666666666666666666666666666666666666666766
1219666666666666666666666666666666666666666666666666666666676667676767676868686868686868686868686868686969696969696969696969
1220696969696969696969696969696969696969696969697070707070707070707070707070707070707070707070707070707070707070707071717171
1221717171717171727271717171717171717272727272727272727273737373737373737373737374747474747575757676767677777777777878787878
1222787878797979797979797980808080808080808080808080808080808080808080808081818181818182828282828282828181818181818181818181
1223818181818181818181828282828282828282828282828282828383838383838383838383838383838384848484848383828281818080797979797878
1300787878787878787878797979797979798080808080808181818181818282828282828282828282828282838382828282828282828181818180808181
1301808080808081818181828283838282828181828282828282828282828282828282828282838382838283838383838383838383838383838384848484
1302848484848585858585858585858686868686868686868686868686868787878787878787878888888888888887878788888888888888888888888888
1303888888888888888888898989898989898989898989898989898989898989898989898989898989898989898989909090909090909090909090909090
1304909090909090919191919191919090919191909090909090909090909090909090909090909090909090909091919191919191919191919292929292
1305929292929292919191929292929292929292929292929292929292929292929292929292929292929292929393939393939393939393939393939393
1306949494949494949494949494949494959595959595959595959595959595959595959595959595959595969696959595959595959696969696969696
1307969696969696969696969696969595959595959494949494949493939393939393939393939393939393939393939292929292929292929292929292
1308929291919191919191919191919191919191919190909090898989898989898888888888888887878787878787878787878787878757878786868686
1309868686868686868686858585858585848484848484848484848484848483838383838383838383838383838383838383838383838383838383838383
1310838383838383838383838383838383838383828282828282828282828282828282828383838383838383838383838383838383838383838382828282
1311828282828282828282828282828282828282828282838383838383838484848484848484848484848484848484848585848484848484838383838383
1312838282828282828181818181808080797979787878787878787878787878777777767575767575767676767574757575757575757575747474747474
1313747574747575747462747474747473747474747373737372727272727171727271707170686869686969696868676666666566666565656463636463
1314626262616260626262606060606159595959606061606062626161616060616060616162616161616159585858595857565656555657555655555556
1315585654555555575654555454545555545353545554545352535353545354545454545655555555535353555555555556565555555655565656575755
1316535454535453535354555252525252525252525251525252525151525252525252525352525253535252525152525353535252525151515150505051
1317525051505050515152535252525151505152535352505184515251515151525252525152525151515152525151515150505051505051515151515050
1318515251515252515252515051515152515251515251515252515252525252525252525253535352525252525253535354535353535253535353535453
1319545454545454545455545554555555555556565555555656565656565756565657565757575757575757575657565657575757575758575858595958
1320595959596060606059606060606161616262636262626162636567696969676666666767686767676767686869686767676868697071717070707070
1321707170717272727272716968697069696867686868686868676665656564646565656565656587656666666666666666666666676767676767676767
1322676767676767676767676767676767676767676767676767676767676767676767676768686868686868686868686868686868686868686868686767
1323686868686868686868686869696968686968686868686868686868686868686868686868686868686869686969696969686969697070707070707070
1400707070707071717171717171717171717272727273737373737373747474747474747474747474737373737373737373737372727373737373747474
1401747474747474747575757575757575757575767676767676767677777777777777777778787878787878787979797979797979797979797979797979
1402797979808079808080808080808080808080808080808080808080808080808080808080808080808080808080808080808080808081818180808181
1403818181818181818182828282828282828282828282828282828282828282828282828282838383838383838383838383838383838383838383838383
1404838383838383838383838383838383838383838383838282828282828282828282828282838383838383838383838383838383838484848484848484
1405848484848484848484848484848484848484848484848484848484848484848585858585858585858585858585858585858585858585858585858585
1406858585858585858585858585858585858585858585858585858585858585858585858585858585858585858585858585858585858585858585858585
1407858585858585858585858586868686868686858585858586868686868686868686858585858585848484848484848484858585858585858585858585
1408858585858585858585858585858585858585858585858585858585858585858585858585858686858585858585858585858585858586868686868686
1409868686868686868686868686868685858585858585858585858585858585858585858585848484848484848484848484848483838382828282828282
1410818181808080808080797979797979797979797979797979797979797979797979797979797979787979797879797979797979797979797979797878
1411787878787878787877777877777777777777777777777776777777777777777777777778787878787878797979797979808080808080808080808079
1412797979797979797979797978787878787877777777777777777676777676767675757576767575757575747373737474747373737373737272737372
1413737272727272727272727272727271717170707070717070706969696969696869696968686868686969696969686868686868686768676767666666
1414666666676666666564646565656464646463636364636363646362626362626363626262636262616262616162626262616262626363636363636363
1415636463636263636262626262616161626161606060616060606160605959595958595959595958595959595859595959605959606060595959606060
1416606059606060605858595959585858595858585858585858595958585859596059595859595960595959595858585757575757575858585958585857
1417585859595958585858575756575859585857575757585758575757575757575858585858585859585858575757595957575758585858585858585959
1418585858595858585859585858595960606061616161616161626262616061616061616161616162626262626263626263636363636363636363636363
1419636363636363646464646464646463636464646464646464646464646465656565656565656566656666666666666868686767676767676767666766
1420676767676767676767676767676768686868696969696969696969696969696969707071717172727272727273737273737374747474747474747575
1421757575757676767676767677777777777777777777777878787879797979797979797979797980797979797979797979797979808080808080808080
1422808080808080808080808080808080808080808080808080808080808080818181818181818180808080808080808080808080808181818181818181
1423818181828282828282828282828282818180808080797979797979797979797979797979797980808080808181818181818181818181818282828282
1500828283838383838383838483848484848484848484848484848484858585858484848484848484848484848383838383838383838383838384838282
1501818080808080808080808080808080808080808080808181818181818282828282828282828383838383838383838383838282828281818181818181
1502818180808080808080808080808081818181818181818181818181818181818181818181818181818181818282828283838383848484848484858585
1503858585858585858686868686868686868686868686868687878787878787878787878788888888888888878787878888888888888888888888888888
1504888888888888888888888989898989898989898989898989898989898989898989898989909090909090909090909090909090909090909090909090
1505909090909090909090909090909090909090909090909090908989898989898989898989898989898888888787868686858585858585858585858585
1506858586868686868686868686868686868686868687878787878787878787878787878788888888888888888888888888888888888888888888888888
1507888888888888888888898989898989898989898989898989898989898888888888888888888888888888888888888888898989898989898988888888
1508888888888888888888888887878787878787878787878786878787878686868686868686868686868686868685858585858484848484848483838383
1509838383838383838282828282828282828281818181818181818181818182828282828282828282828282828282828282828282828282828282828282
1510828282828282828282828282828282828282818181818180807979797979797978797979797979808080808080808080808080808080806980797979
1511797979797979787878787878787878777878787878777676767676757676757575747474757575757575757575757575757575757575757575757473
1512737373727272727271717171717069707068686867676768676867676767666666666565656666656565646464646465656565666564646564646464
1513646464646464626263626363626363636162626262626262626263626262636363636465656464636364646363636362626162616161626162616162
1514626161616160606160616060606060606060616060606059595959595960616160606061606160606059596061616160605961606060596059595960
1515596059595960596060604359606059585859585857575859595858595958595959595857585858585858585858585959585959606059585858575758
1516595859595858595758575858595858575857575858585758585958585858585958596060595959585858585958595960595960606060606059605960
1517606060605960596060606060616161626263636262636363636363636364646464646565656565656565656565666665656565646363636463636363
1518636262626262626363636263636363636363636364646464646565656668686868686969696969696969696868686968686867676767666666666666
1519666667676767676868696969707070706969686766666666664666666666666667676666666667676767676767676767676767686868686868696969
1520696969696969696969696969696868686767676767676666666666666666666666666767686869696869707070707070707171717171727272727272
1521727373727273737474737373737475757575757575757575767676767676767676777777777777777777777878777777777777777778787878787979
1522797979787878787878787979797979798080808080808080797979787776767572717071706969696869696969696967676767676767676767676869
1523707172737374757575757676767675757576767676777777777676767675747474737372727273746574757677777777787878787879797878787879
1600797979808080808080808080808080808081818181828282828282838383838383838383848484848484858585858585858585858585858585858686
1601868685858585858585858585858585858585858585858584848383838382828181808079797979797878787777757574747575757576767677777676
1602767676757574747474747575747474747474757575767676777778797979808080808081818182818181818182828282828382828282828281808078
1603777676757575757575757574747474747474757575757575757576767676767676767676777777767676767576767676767676767677778377777777
1604777777777777777777777777777777777777777777777777777777777777777777787878787878787878787878787878787878787878787878787878
1605787878787878787878787878787878787878787878787878787878787878777777777777777777777777777777777777777777777777777777777777
1606777878787878787878787879787879797980808081818181818181818182828282828282828282828282828282828282828282828282828282828282
1607828282828282828282828282828282828282828282828282828282828283838383838383848484848484848484848585858585858585858585858686
1608868686868686868686868686868686858585858585858585858585858585858585858585858585848484848484848484848484848484848484848484
1609838383838383838383838383838383838383838383838383838282828282828383828282828282828282828282828282828282828282828181818181
1610818181818181808080808080797979808080808080807979797979797878787878777777777777777777777777777676767675757575757575757575
1611757575757575757676767575757575757676767676767676757576767575757575757575757575757575767676767676757575757574747474747373
1612747474737474747473747373747474747473737272737373737473747474737373737373737373737373727272727272727273737272727272737271
1613717171717272727271717171717170717172727171717170706970707170706970706969696969696868696969686969707069686971707070697170
1614707071697069697070696969696969686969686869686869686869696868686666676766666665676766666565656666676564656464666362646464
1615646363636363626162626061626362626161616161626061616061616059595960596061586060596059596061595958586059606060606159605857
1616595858555455555555555455555454545454545252535251505150505151505050494949505149484949505047464746464847474849484848474747
1617484848484848504848464645474745454644464746474647464646464749484849494847484849474647464646464645454646464545464647474648
1618474747464647474646474747464648484746454646464746464547474645474647464647464848474546464646464748464648484747474746474748
1619464747474747464848484747484948494949484847494848484848484848474849484748484850505050484949494950505050515252535354555553
1620575757595959605857586263636464636262636363646566656667686969686867676767676868686868686867676665636363626262626362626263
1621636262626262636263636464646465656566666666666667686970717171717272737372727272727273737373757575757575747474747575757575
1622757675757676767676767676777778787878787878787878787879797979797979797980808080797979797979808080808181808080808080808081
1623818181818181828282828282828282828282828282818181828282828282828282828282828282828181818180797978777675747373737272727272
1700727272727272727272727272727272727373737373747474747474747474747575757575767676767676767676777778787879797979797979797979
1701797979798080808181818181828282828282828282828282838383838383838383838383838383838383838384848484848484848484858484858585
1702848484838281818180808080808080808080818181818181818182828281818182828282828282828282828282828282828283838383838383838384
1703848484848484838382818181807979787878787878787878787878797979808080808080808080808181818181818181818282828383838383838383
1704838383838384848484848484848484848485858585858585868585868686868686868686868686868686868686868686868686868686868686868686
1705868686868686868686868686868686868686868687878787868787878787878787878787878787878787878787878787878787878787888888888888
1706888888888888888888888888888888888888888888888888888888888888888888888888888889898989898989898989898988898988888888898989
1707898989898989898989898989898989898989898989898989898989898989898989898989898989898989898989898989898989898989898989899090
1708909090909090909090919191919191919191919191919191919191919191919191919191919191919191919292929292929292929292929292929292
1709929292929292929292929292929291919090898988888786858483828180797878777776757474737270707070717071707070706970696969696969
1710686869696868686868676868686868676666656565656566676666666564646465656566666765666665656665656463636464646465666766666665
1711666666666666656565656564646464646463636361626262626362626362636262626362616262606161626263626061606159606059595858585959
1712586060595960595858565757585657575757565758585857575757595756575657575657575759575656565757585757565656565656565756555657
1713565655565655565655555455565556555756575656555656565656565656575655565655565556565657565656565556545553545455555556545453
1714525050515253535250505049494949505050515150495048484947464947474243444647474745464548464646464546474846464747464748444343
1715434343434341424244444339403939394039404039384037383938383837373939394141394041414340403940394039404041414142414142414039
1716403940404041403940404243424041434142414141424039414041403939394040383840403937383940393939403938393938373637383938383939
1717383838373735363736353634//3433333232323532323232323131323330312929292829293031323232323232323333333332333333343535343436
1718363434343533353536353434353434333334343533333434323231333332313130303233323230303032323031302930302828283230332828282929
1719302828282827283336302928313638413436363737333940404542393737394140403839383838373744433938383738383840393939394041414142
1720404142414242424243424242444342434748464546474847494949504849485148484849505051515253535354555555545556575960606061616163
1721646364646564646464646465686866656465656361626465656565//6565626261626362606060605556575453525455575860616062636363636361
1722575655545560605854535352524949525351494950505357595652575858596059605959565556555555545254555353535152505357586162616161
1723616161626161616062636262636159596059575755545352515049505554575961626262626364646464646364666362626160595958575756565555
1800555555545454535454545455555553535252545457565453515049484949494949505050505052515051525354555658596161636463616158585858
1801606060616364646464636364656566676767676767666462616059595858585757565656555555555555885557606365666564656565656666666767
1802676767676768686869696969696969707171717171717171727272727373737373747373737272727272727272727272727374747475767575747473
1803727272737475757675767677777778787879797980808080818181828282838282828383838383838383838383828383828283838383838383838383
1804838384848484848485858585858585858585858585858585858585858586868686868686868686868686868686868686868686868686878787878787
1805878787878787878787878787878787878788888888888888878787888787888888888888888888888888888888888888888888888888888888918888
1806888988888888888988898989898988888989888889898989898989898989898989898989898989898989898989898989898989898989898989898989
1807909090909090909090909090909090909090898990909090909090909090909090909090909090909090909090909090909090909090909090909090
1808909090909090909090919191919191919191919191919191919191919191919191919191919191919190909090909090908989898988878685838179
1809787675747372717069666566676766656565646363626059585958575655565555555657585857595958585858585859586059595758585757585757
1810575654555453535554545454545451525251505049515049504950484848494847485048484747454546464747474748474545464445464545464646
1811464646444545454747454544444544444444454545454544444446454444444444444344454443424242434141414242424143424341403940413938
1812383839393938404141414141404140424242403938383738393837363736363638363536353536343536343436343535373836363536373735373636
1813363537363536363736363634343434343234323232323333323231323131333431313232313132323132323431323232313030303030303131302930
1814293030293031292930292928282828282828272928292928282929282829292828272829292929292929282930292928292828292930312828302928
1815293028293029282828282928293030293029292829293029292930282930302929303029272829272829282828282827262728272828282929293030
1816292828282928282829292829302728282929272827292828282929292928282727282829282728272826282727282829262727272730272728282827
1817282727282829282928292829292929282828272829292929293028293028282828282828292829303029282828272828282828282829282827282828
1818292928282930302929293030303031303029293031302930293030292929292928282928282928292929313029282930293130293028302928282929
1819282828292929293029303031303131303030313131313130313231313131313232303131313030303131313132323133313231313130303131303030
1820303031323231313131323232333435353535353636373837373737383838383838383838393938383838383838383838383837373737383737373737
1821383738373737373636363636363637373637373736363736373737383839393939383938383939383939393838383839393939393939393939404040
1822404040404041404041414041414141414141414040393939394039383939393939393939393940414141414142424343434343434343444444454545
1823454646464647474747474747474747474848484848484949494949494949494949494949495050505050505050505050515150505051505050515151
1900515151515151515151515151515151515151505050505050504949494949494949494949484949494950494950505150515150505050505151525253
1901535352525354535353525353535352515151515151515150505051515050515150515151515152525252525252535253535353535353545455545555
1902565655555656565758585858585858585960596059595959606160605958585858585857575656575757575757575757575757585858585858585858
1903585858585858585858585858585858585858585858585858595859595958585858585858585859595959606060606060616161626263636465666667
1904686869696969707070717172727273737374747575757576767676767676767677767676767676767676767676767677777777777777777777777777
1905777777777777777878787878797979787878787878787877777777777676767575757574747373737372727272727272727272727273747474747474
1906747576767676777777777777767574747473737373737373737474747474737373737474757575757575757575757575767676767676767676767677
1907777777787776767575757575757575757575757575747475757576767575757575757574747574747574747474747474757575757575757575757576
1908767676767676767677777878787879797979797979797979797979797878787878787878787979797878787777777777787878787979808080808081
1909818181818080818181818182828281818181818181818181818181828282828282828282818181818180808080807979797978787777777778787777
1910767777777878787878787979798080808181818181818282828181818181818282828282828282828282828282828282828282828282828181818181
1911818180808180797877777676767675757575757575757574757474747373747373727272727272737373747474747474747373747373727372737372
1912727272727273747373737374757373737272727172727272727373737272737373737272727171717171717171717172727272727272727272727271
1913717171717171717172717171717171717171717070707069696869696868686868686868686968686867686868686868686767676767676768686868
1914696969696969696968686768686868676768686867676868686868686868686869696968686968696968696968686868686868686867676766666665
1915646464636364636263636363636364636363626363626262626263626263626262616262626262626262626262626262636263636363636463646464
1916646464646465656564646464636364646463636362626362636261606060606161616161606059585858595959585857585858585757575858585758
1917585757575757575857575657575757575757585757575656565656575656565556565556555555555555545554555554545454535354545454535453
1918545554545555555655555555555556565656555656565656565656575756565657575657575756565657565656565757575757575758585859585858
1919585858585858585959595959595971595959595959595959595959595959605959595960605960606060606060606060606059606059595959595959
1920595959595959595959595959595959595959595959595959595959595959596059595959595960606060606160606060606061616262626263646464
1921656566676766676768686867666666646464636362616059585859595959595959595959595959595959595959595959595858585858585858585858
1922585857575756565756565656565756565656565656565656565757565656565757575757575758585858585858585758585758585858585858595858
1923586060616161616161626263646463646362626262626262636364656570666666676767686768686868686868686868686868686969696969696969
2000696970706970707070707070707070707070707070707070707070706969696969696969696969696969696969696970707070707070707070707070
2001707070707070707070707070707171717171717171717171717171727172727272727272727271717171717171717171717171717171717171727272
2002727272727272737373737474747474747474747474747474747474747475757575747474747474747474747474747474747473737374747374747474
2003747474747474737374747474747474747474737373737373737373737373737373737474747474747474747484747374747474757574747373737374
2004757575747475757574747474757575757574747373737373737372727374747575757575757575767676767675757574747473737372727272717171
2005717171717171717171717171727172727273737373747373737374747474747474747474747575757575767677777778777878787878787878787878
2006787878787878787878787879797979808080808081818181818282828181818181818181818180787877777776767776777676777777777777777776
2007767777777878787878787878787877777878787879797979797979797979797979797978787979797978787777777878787878787878787878777783
2008777677777676777777767676767676767575757574747473737373737373737373737373737373737373737373737272727271717171717171717171
2009717071717070707070707070707070707070707071707070707070707069696969696868686868696969686969686868686969686968696868686868
2010686868686767686767676767676767666666666666666565656566666666666666656566666666666666666565656565656565646464646464656464
2011646364646464646463636363626363626262636262626261616160595959595959596059595959595959585858585858585858595857585859585857
2012575758585757585857585756565777575657575756575557565655565656565656565656575757565756565654555756545555555555545555555555
2013555555545454555556555454545454555555555556545555565555555556555555555454545555565555545556555554545454545454545555555555
2014555555555656565656555555565555565655565656565656555657565655555656575656565656565757565655565656565656565756555655565556
2015565655555656575655565655555555555454555554555556565656555554545455575554545456555655555555555555555455555554545555545453
2016535354545454545353545454545453535354535355555454535353525253525353535452525352515151515252505051515152504850494849495050
2017505049505049505049504949495050504947474848484747484747474847484849494849484949494949494849494948484849484849494948484950
2018495048484848494949484949494949505049504950515151515151515150515151525252525252515151525252525252515252525252525252525252
2019525252525252525251515252525251515151515151515151515151515151505050505050505050505049494949505049505050505050505050515151
2020515152515151515252525252525252525353535555555556575656575758585859585858585857575757565657565656565657565758595960616161
2021626262636364646464656565666566656566666667686869686868686868686969706968676769696868697070696866646363626262616161616161
2022616162626262636363646464646464656565656565656565656666676767676766666767666667666666666666666666666666666767686868696970
2023706970717171727373747475757474757575747474747575767777777777777777787879797979808080818181818180808080808080808080808081
2100818181808181818180808081818181818181818182828282838383838384838383838383838484848484848585858585858586868686868787878888
2101888989888888888888898989898989899090909090909191919292929293939393949494949494949595959595969696969797979798989898989898
210298989898999999999999999999999999999999999999999999999999%%%%%%%%%%%%%%%%%%%%%%%%%%%%%%%%%%%%%%%%%%%%%%%%%%%%%%%%%%%%%%%%
2103%%%%%%%%%%%%%%%%%%%%%%%%%%%%%%%%%%%%%%%%%%%%%%%%%%%%%%%%%%%%%%%%%%%%%%%%%%%%%%%%%%%%%%%%%%999999999898979796969594949392
2104919190909090909090909090909090909090908989898989898989898989898989898989898989898989898989898989898989898989898989898989
2105898989898989899090909090909090909090909090909090909090909191919190909090919191919190909090909090909090909090909090909090
2106909090909090909090908989898989898989898989898989898989898989898989898989898989898989898989898989898989898989898989898989
2107909090909090909090909090909090909090909090909090909090909090909090919191919191919191919191919191919191919191919191919191
2108919191919191919191919191919191919192929292929292929292929292929292929292929292929292929292939393939393939393939393939394
21099494949494949495959595959595959595959595969696969696969696979797979797979798989898989898989999999999999999%%%%%%%%%%%%99
2110999897969595949393929291919190909090909089898989898989898989898988898989898988888888888887878686868585858585858586868584
2111828281807980808179797978797877767777767676767576767575757576757575747574747575757474747374747373737373727371717272737271
2112727171707070707070707071707070717071707070707070707069707070707069706970696969696969706970696868696968686867686868676766
2113676666676665656565656665656565656463646464646365656464656362626061616361616060605958595857585658575757585856565556565656
2114555556555553525353545252525152525351535251515050515151535149505050504848484949504947474747484747474747474846464645474744
2115454543444444434344444445464544444342424343424344424342424343424242434443444342424241424241414241414142434243424343424343
2116434343434343434140424142424143434544454545464646474848474747484847484849494849505052515152515150525252525352515150505050
2117495049494950494950494949494949494947474647474545464646484748474745464746474747484848484848474747474848484948494850504950
2118494950494748484848484849495050505051515152525252525253535353535353535352525353535352525353525353525353535353535353535353
2119535353545453545454545455555555545454545454555555555555555555555556565657565656565656565757575756575757575656575758585858
2120585858585858585859595959585858585859595959606059595959596060606060606060606160606060606060606060606060606060606061616161
2121616161616160616160606061616161616161616162626363636363646464636363636363636363636363636363636363646363646464646464646464
2122646464646464656565656565656666666667666666666767676768686766666666666566666565656464646464646464646464646464656465656565
2123656565656565656565666666666666656666656565666666656666666565656666656565656565656565656565656565656565666667676868686969
2200697172727170706969697070707069696969686869696868696969707172737374757575747576747476757475788080808285889190888785868788
2201888990899089899191908988888888878685848482828281808078777575748173727170696968686868696869696970707171717071717171727373
2202737474747373737373747576767676767676767677777777787878787878787879808181818080807979787877777777787878787979787878777776
2203767676767676767675757473717071717170706968686767676869696564636261605960585757565657565656565656555556565656565656555555
2204545251525150504949484848484848474847474747474747474848484849494950505151525253535454555555565656565656565656565656565556
2205565656565656565656565756575757575657575757575858585858585859595959596060606059585758575656569156565555555656565655555555
2206565656565656565757575757575758575858595859595959595959595959595959606060606161616161626262626262626262626262636363626262
2207626361616160606060606060595960606059595959595959596060606060616161616161616060616160606161616061616061616161616161616161
2208616161616161616262626262626262626262626262626263636262626262626362626262626263626161616162626160606060606160606060606060
2209606060606160606060605959595958585858595959595958585858585758575757575757575757575757575756575756565656565656565557565655
2210558756555455545555555555545555545453535554545454535354545454545455545454535454545454545453535253535352515252535351515253
2211525251515253525151525151535152515152515151515051505051515050505150505150515148494848474747474848495049484950494848474850
2212484848484847474847474747494746454545454645454545454645464645454545454445454547495050504949504950495150494950494849474848
2213474748474749484848484748504849484847484747484848484746474646454545454545454444444545454546454645454444444545444343454343
2214434344444341414242424343434242436041424239393940393837373838383839383938383738363737373837363639373737384041393940383838
2215403838383639373836353635363634363638373738383737373837353736363434353636363637363634343335373536353636363535373636373738
2216363534343434333435343433323333333435343433333232313334333331323231323333323131323231313131303032313031302829282929282930
2217302928293130303131303030303131303028282828282828282829272727262726252425252628282829282928283028292928282929292930302929
2218292930292929302929292930302929303030303029293029292828292927282828292828272728282728292929292930303029303030303030303029
2219293130313131313231313131313131313130303030313131303030313131313132323232333232323333343435353535363636363637363737373737
2220373737373636373837373738373838383738383838383839383838393939393939404040404040404040404041404040404141414142414141424242
2221424242424243434343434343434342434242424242424242424242424242424242414242424242424242424142434242424242424343434243434344
2222444443424243434444434343434342414142424241404041414142414141414142424142424242424141414141414040414041403940393736353434
2223343535363536363738393940414041414141424241414141403938383938373636373637363737373636363736373737373838383839393939393939
2300383939393938383838373636363636373738383939393940404040414141414242424343434343434343434444454545444444444343434242414141
2301414040404040404040404040404040404040404040404141414140404141414243434344444444444444454545454645454545454545454544454544
2302454545454545454545454646464646464646464646464545454546464646464646464546464646454545454545454545444444454545454545454544
2303444444444343434242424242424343434343434343434343434344444444444445454545454545454545454545454546464646464646464646464646
2304464646464646464646454545464646464646464646464646464647474747474747474746474646464646454545454545454545454545444444434343
2305424242424241404040404040404141414142424242424343434343444444444445454545454545464647474748494950505150515150505151515151
2306525252525252525253535353535353535352525252515151515151505050505050505050494848474848484747474747484747484847484848484848
2307484848484949494949495050505150515051515252525251525252525352535353545453545453535354545353535353535352525353545353535353
2308535353535353545454545454555454555455555555555555555555555454545555555556555554555554555455555454545454555453545353545554
2309555555545554555554545553545454545353545454545353535353535353535453535253525453525252525252525151505051505050515150494950
2310494949495049484848474747474847474748484646474847464646454545454546444545454445454545464544444544454445454344444343434443
2311444443424342424142424241414242414241424242414040424041423941403941404038393938403839403839393938383838373738373838393937
2312373637363737363536363634343536363535353535353535333332333133333231313335313131313132323230313232323133302930293030292728
2313292727282728262828282929272526272626272526262626252726262627232324232324232625242424242424242424252424232323232423232424
2314222323232422222222222323232422232222222223212222222223232323232424242424232323222323232424232323232322232322222323232424
2315232322232223232423222324222221222323222324222223232423232324232323242424232324242223222223222223232323232323242424232425
2316232424262524242424262525262524252525252423232525242425242425242425252625252625242424232425242325252525252526242525252625
2317242524242524252425252525242425262625242525262526262625262526262626272826272627262727272728272728282728272728282728272728
2318282828272727282727272726272727272828272727272727272827272728272727272728272728282827282728282727282728282828282827272829
2319292828272828282828282828292928292929292929292929292929292929292930293030292930302929293030313030303030313030313131303131
2320313130313131313131313131313131313131313232323232313232323232323232323232323232323232333232323332323232323232323232323233
2321333333343333333535343435353535353534353537363535343434353434343334343535353636363635353534353535353636363636373737363738
2322373737373737373737373637363738393737373737373737383837373838383838383838383939393939393840404040404041404040404040414041
2323414141424243424241424443424242424242424242434342424242434242424141414141414141424243434444444444474446444345444444434242
2400424242424242414242424141414041414040414141414141424142424243434244484951505150515151525353545453545353545454555654535555
2401565655555655555857575859575859605958585858575756595555535351495049494848484848494949504950515151535151494949495150505051
2402525152515152515253525252515152525252525252545454535556565758585757585959606062626261605959595857575757575656565757575757
2403575758575758585858585858585858585858585858585858585858595959606060796060606161616363636364646363646464646465656566666665
2404656565656464646363626262626262626261626161616162626262626262626262626262636363646565666666666666666666666666676767666666
2405666565646464656565656565666666666666666666666666676666666667676767676767676867676766666666666666666666676767676768686868
2406686868697070717171717171717171727272727373737373737373737373737474747474747475757575757575767676767676767676767677777777
2407777777777776777777787878787878787979797979798080808080808080808080797980807979797979797979797879897979797978797979797980
2408807978787878777777767574747374737374757575757575757575747373737272727373737272717070717169696867666564646462626161615960
2409606060606061616160606061606061606060605959595857575756565655565757565656565655555454525251515151515050504949504950514950
2410505051504950505050504949504847484849484647474747474747484747474847474747464544424444424342424343413940414040394041414140
2411414042424342424343434342424240414241414143424142414039404241434241404040383937373938393837373735343635363635353737373838
2412393838703737363636373535353635373635363535363535353536373534343334353333333334353433333333343534333336363533343435343535
2413353636363536373637373734353636353333343333343434343333333333323231323233323333323234313231333133323231303130313031313031
2414313131313031303131303131303129293130313131303031313130293129293030292930292929303029303030293030303030303030323029303029
2415283128292930292929292827282728272728282929292929292728292828282829282828282828292929282729282627282827282827272728282829
2416292828282930282929312829282828282727622728282828282929282929292930292929292828282829293030303029302930282930292829292728
2417282928282929292929292927292828282728272727282829282829302929292929292929292828292727292929302930293029292828282828282929
2418292829282827282828272828282828282828282727272728272827272828272828282928282727272828272728272928272828282929292929292928
2419292928282829292928282828282829292929303030293031313030303031313131313131313131313131323131313131313131313131313131323232
2420313232323131313132313131313232323232323232323232323232323232323232663233333333333333343434353435353535353635353636363636
2421363736363636363636363737373838383838383939393939393939393939393939393939383939394040393939393940404040404040404140404141
2422414241414141424242424242424242424243434343434343434342424242424242424242434343434343434343434343434343434343434342424343
2423434343434443434343434344444444444444444444444444444444444444444445454445454545454545454545454444444545454545464646464646
2500464646464545464645454545454545454545464546464646464646454545454545454546464545454646464647474646464646464646464646474747
2501474848484848484848484848494848484848494949494949494848484848484848474748474747484848474848484848484848484848484848494849
2502494949494949494950505050505051515151515051505050515051515150515151515151515151515152525252525251515151525252525252525252
2503535353535354535454545455545555555556565555555656565656575758585958575858585959606060606061626261616262636263636262626262
2504626161606061616263636464646464656565656565656565656567686868676767676767686969696969696969696869686868696969696968696869
2505707070707070717171717171717171717172737373737373737373737373737373737373737373737373747473737373737373737373737374747474
2506747474747474747576777778787777777777777878787879797980808181818182828281828282828282828282818181818181818281828282828182
2507828282838383848484858586878787878887868685858686868686868787878888899091929394969697979899%%%%%%%%%%%%%%%%%%%%%%%%%%%%%%
2508%%%%%%%%%%%%%%%%%%%%%%%%%%%%99999998979594919089898988868584828079787776757575757371717271707170706969676563636161626161
2509616060585857555353545453525353525252535453535453535556565354535253535353535352535151525150525252515251515151515151525151
2510525251515151515150505050515050505048484949494848494948484849474748484948484849484847474747474746454646464747474747474748
2511484848484747474644444344454444444444454645454444434444444243434343434243434342424342424344414040404040404141414142414140
2512414141394041403938383838383736353435363435363535363435353635353736363636363534353433333130323230292930293030292928293030
2513303030292928293130282931282929282830303030303030302827272729292827282927283028282928292827262729282828282827262627272628
2514272727262626262625262625262727252626272727272827262627272727262828272727282826272728272627272726272728282827272726272828
2515282829272727272827282828282828262627272624262625272524252524232222232323232425242425252626252624252426252425252423242324
2516222323222323242222232324222423232323232423242522222222222322222222232323222223222323232222232223222123232122222121222121
2517212121212222222222212121222222212323212121222221212123222222222222232221222222222222232322232223222222232322232321222222
2518222222212122222120212120202020202020202020212020202120202121202020201920202120212020202020202121202019192020191920202018
2519191919202020201920191920202019202019201919192020202020212221212122222221212022232222232323232423232424252425242525252526
2520252525252526262727282829282929293130313333303031333232343334343537383736383737393738373638383839414241404041404042464546
2521454344424343434449484643444545454647444242414243454345454647454645434044444445444242434343444444444445474645454545454747
2522464949494747464646454545454644444444454343464545454545464646464546444442424140403939383838373737404142424143424240404141
2523404040403939383838383838383838383939393939393939393939393939394040404040404040404040404040414141414242424241424242434544
2600434344444445454444444445444443434342424242424342424241414141414141414141414142434443444444444445464748515050505049484747
2601464545454545454546464647474748485049495053535453545555555454535353525355555556575858596161616161606059606060606160616161
2602636363636464656566666665656565666767676767676765656464646464646566676767686868686869696970686868697070707070707070706969
2603696968686869707070707070707070707070707070707071717171717171707070717070707070696969697071717272717171717172727272727272
2604727171727172727272727272727272717170717271717171707069707070717172727272727272727373737373737373747473737474747474747474
2605747474747475767676767676767575757575747474737373737474757676767677777777777778787878787878787877777878777776767676777879
2606797979808080797878777676767676767677777776767675757575757675757575757576757575767676767677777776767675747372676563605958
2607575655555455555454545454555454545454545454545454535453545353535454545454545353535453535353535353535353535353535353535353
2608535352525253535352535252525352525252525252525252515151515251515151505049505049494949494949484848474849484848474747484747
2609474747464645454545454646454544454645444444444444444343424243424242424241404040394040403838393939404078393838373938373838
2610383937373737363636363636363737363636363736383737384040403940414141414039383738373637373535343433343433343534323233333230
2611303031303131303131313131313131313130313132323231313130292931302930303130323231292829293030293030303030312929292929292929
2612302929293029293029282929292930303029292828283029272827292829282928282928293028272727272728272728282828292928282929292928
2613292928292929282927272928302928272728272729292930293030302929282929292829282928292928292928292927282828272827272826272727
2614282828282847282727262626262624252526262528252324252626262727282726262626262525232526242525252626262626242425242524262726
2615252523242324252424252424242424242424242525232324232424232322242324232323242524232323232424222323222523222223212223222224
2616222223222423222222222121212121222223242323232324232423232323242323222323242323232323232324242424242324242524252425242625
2617252525262425252525252525252526252525252526252525252725252525262525252425252524242524252525252425242424252525252525262626
2618252625262625262425252625252524242425252548252525252625252525252525252626252526262626252525262525262626262625252526262526
2619262726252626262626262625262626272627262627272727272627262626272727272727272727272627282728282827282828292829303030313130
2620313130293031313131333637363637383736373737383839434141414039414544454544454445444244444345444443454444454949484848484849
2621504949495051515151515150505050494948495052505152525351515252525150515051495152525253535353545355545352525252535554545455
2622555655565555555557585857575656555656565657585858585858595757585959575762565858585859585958595958575757585959595960606059
2623585957585959595958585859606060606160605959596061616060595960606060595960616060616262616262626362626262626262626362626262
2700626263626262626261616161616362626262626364636363646464646464646565656566666767676868676767666667676767666666666565656667
2701676767676868686868696967676666676767676867676767676868686767676766676767666768686868686868686969696969696969696969686969
2702696969696969696968686868696969696969696970707070707071727271717171717171707171717171707071717171717172727272727272727273
2703737373737373737272727272727272727271717272727272737272727273737373737373737373737372727272717171707070717272727272727272
2704727272727273737474737474737373737373747474747474757574747474757575757575757574747575767776757575767676777777777776747372
2705727171717071717171717070707069706968686868686766666768686868696969696969696970717171717171717171717171717172727272727273
2706737373737374747475757576767777787879797979797979797979808181818080808079797980807979787878787776767776757474747474747373
2707727171717070706969696969696867676666666666656565656565656565656667676868686868686969696969696969697070707070717171717172
2708727272727171717170696868676766666565656565656465656464656564646465646565656464646464646364646363636363636363636262636262
2709636361616262626161616062616059596059575757565656565554555454535252535453535453535354545353535353525354545352535353535353
2710545253535352515251515151515049504950515050495050515050505050494948494948494848484746464645454545464646454545464645454443
2711444444444442444243424343434240414141404041414040393938393938363738383837373737363637363636363635353637363737363736363836
2712363736363434363333343333343432333433333433333331313131323132303032323232313032323131313131303131313031303029292929302929
2713293029302930303030292929292929292929292928282930302928282828262727272627272726252625272526272727282828272828282828282828
2714272726262627272826262626252626262626262624262626262626252425252525252422242524242325252625252526272526242525252524252524
2715252525252423252524242423242424242323222222242324242424232324242323242323232423242524252425242425242424242324252424242425
2716262524242524242525252525262525252525252425252526252626252525252525262526262526252525252625262426262626262526262625252525
2717262627262625262627272727262627272727272626272625262626272626262626272727272726272627262727272626262627262626262625252526
2718262625262625262625252525252524252524252525252425252525252525252525262625252425252525252525252524252525252525252525252525
2719262526252626252626262726272727272728282828282828292829292929292930313232313132323132323332333237363535353536363536363835
2720353535363637363536373837373636414040404442414041414042434242464442434140393938373837363839373737373738383737373636363636
2721363635353535353536373837373739384040404040414141414142424345464646464647454443434242414140404039403939383837373737373737
2722363637363838383941394343404041434140394041424242414141404040394040403940414142424344454543424241414142444746474847484850
2723485050495052525252525252515254545454555556575556565655545557565656565656575757575860605959585858595960596058565556545654
2800535455555555545454545557575758585857565654545656565557575857585757575756555555545455555655555656545555545555565556575858
2801585857585858575758585959595960606060606161616262626262626263636464646464656565646565646565656666656565656668686869696969
2802696868676565646262605958585758575756555555555555555454545454555555555656565656565656565656565656565656565656565656555555
2803555656565656555555565655565656565656565555555555555555555656565656575758575859596060616262626262626363656565666666676768
2804686767686869696969696969707170707068686970707071707070706969696969696869696969707070717172727272727272727272727272727373
2805737373737272727272727272727373727172727373737373737474747474747373747474747575767676767676767676767675747575757575767677
2806787878787878787980797878787777777778787879798080808080818180808181818180828383838180797878777776777777777777777776767677
2807777778787979808181828283828382818181818181828282828283858685858585868687878888878787888888898989898989899090909088878686
2808848382828281828485858585848381808079798079787879797978787879807877777472706970696968676766676767676664646464646463626364
2809646463636262626261616162615957575858585857575757575757585755565655555454555555545453545454535352525253525251505050505050
2810505049514949484848484848484747474747474849484848474747474848484849484848474746464646464544454545464746454545444444454645
2811454643444443434141414241424243424141414142434343424242434342414141414240403940404040393939393839404040403939403839393939
2812404039373938373737373536363736353635343534363635353637363536363737373638363536353636353635353636373735373736363635363535
2813363434343535343534343536343435353534343434343435343333333232323131323131313132313131313131303031313130303232303030313032
2814313131313031323131313333303030303231303131323132303131293030313031303030292929293031292828272728262728282828282828282929
2815272928282829292928282727292828272728282727292726272828282828272727292728282729282830292829292929292928282929302929282929
2816292929282929302928292929293030303030303029303030303029292930303030313030313231323231313132323132323232323232323232323132
2817313131313031303130313132323131313232313131323131313231313131313132313131313132313231313131303031313131313131313131313130
2818303030303130303030292929292929292929293030313030303029292928293029282930292828282829292929292930293029302929292930293029
2819303030303030302930302930293030292930292929292929302929292929293030303030303031313131323132323231323232323332323332323332
2820333332323333333333333333333333333334343434343435353536373636363738393940404040414142424344454545464648484948485149495050
2821504949494950505051535352515253525252525253525253535555545454545454555556565658585757585757575756575758585858585858585959
2822585857575858585957575959596160595959595959606261626262606061606162626161616262626262626363646464656565666566676767636363
2823636262616161616262626362626263636364646363636363646464646464646464656564656565656666666666666767676667676868686969696969
2900686767676666666666666767676868686970706969696969697070707071717070707171717172727273737373727373737372727271717172727273
2901737373737374747475757576767676777778798080807979787776757475777775747474747373737473737373747676767575757576757576767676
2902757474747474747474747475757677777777777777787879797878777778797979797980797876767776767676767676777877777777787980828384
2903858584848586858584889190898888888786868687878887878787878789888989898887868686868685848686848382818081818181828282828283
2904838484828282838384848484848484848484848484848383828181807978777675747372717069696968686868686868686868856969696969696970
2905707070707070707171717171717171717171717070707070707070717170707071717171717172727373737374747577788081818282828282828281
29068181818181818283848688899091929292949596969899%%%%%%%%%%%%%%%%%%%%%%%%%%%%%%%%%%%%%%%%%%%%%%%%%%%%%%%%%%%%%%%%%%%%%%%% 0
2907 0 0 0 0 0 0 0%%%%%%%%%%%%%%%%%%%%%%%%%%%%%%%%%%%%%%%% 0 0 0%%%%%%%%%%%%%%%%%%%%%%%%%%%%%%%%%%%%%%%%%%%%%%%%%%%%%%%%%%%%
2908%%%%%%%%%%%%%%%%%%%%%%%%%%%%%%%%%%%%%%%%%%%%%%%%%%%%%%%%%%%%%%%%%%%%%%%%%%9897979594949493939394959593929289888586847978
2909757169707170816868676565656463646363636464646465636363636364646364646463636363636463626160606061606161616161616161616160
2910606059606060605960595960605957565555565656555453535453535353535352515151515050505152525049495151515050505150484948484948
2911484747484747474646474745454545454646454645454445454544444343424342424243424242434243414143414241414141414341393839383940
2912383939404040403938373837363737373736363435343535353434343434363635363335353635363635353435353435353434343534353534353434
2913343333343434343433333333343432333332323333413232333332323332323233323334343331323233323232313133333232313132323131313131
2914303031313131313231313231313131303130313030313131303030313030303031302929292929302929302930303130303030303030293030293029
2915293028292930292928282828282928292929292930292929292928292829282929292929292829292928282828282929282828282828292828292929
2916302829282928282829282928282829282829292928292929283029282929292929292930292930302929292929313030313131313130313131313131
2917313231313232313131313131323231313131323232323232323232323232323232323232403233333333333333333334343434343435353534353535
2918353535353535353536363636363636363636363636363636373637363737373737373737373737373737373737383837383838383942403940393838
2919383838383837373636363636363536363635363535353535353535353434343535353534343434343434343434343535353535353535353535363636
2920363636363636363636363636373737383838383938383737373737383737373737373738373738383838404040414141424443434547474645454648
2921474849494950494948474747474746464545454545454545454646454546464646464646474747474747474848484849494950505050505050504949
2922494949494949484848484848494949494949494949494949494848484847474747474747474848484848484849494948484848474746464646454545
2923454545454544454545454545454545454545454545454545454545464545454645454545454545464646464646464646474747474748484850495050
3000504949494848484849494848505151525353535354545554555655555454545555555657585958585757585960616162626363646464656565656564
3001656566676970717070707068646262636363646464646565656565646362626262626263636364656565656564656565666666686867697274747575
3002767676777877767575767676767672696969696969696969696970707071717172727070706968686766666566676767686666656565656464656563
3003636263626363646465666666666667676767686868686868676666666666666766656667666666666868696969696969696970707070707071717171
3004717272727272737374747474737373747474757575757574737272737373747475747474747373737372727272727272737475757575757575757575
3005757576767677777777777778797879797878777676767575747474737374747575767677777879797978777675747372727170707070707069696970
3006707070717272727273747475757576767676767778787878787980808181808080808181818180797979787777767575747474747474747473737373
3007737475757575757676787979808182838586878888898989909397%%%%%%%%%%%%%%%%%%%%%%%%%%%%%%%%%%%%%%%%%%%%%%%%%%%%%%%%%%%%%%%%%%
3008%%%%%%%%%%%%%%%%%%%%%%%%%%%%%%98979796959497%%%%%%%%%%%%%%%%%%%%%%999999%%%%94847977757373727068686867666465656564636365
3009636362626161616159606161605959585858585756565656575656565655555656565655555555545554545454545454545454545453545354545453
3010555353535353535352535252525252545353525151525151505151525151524848474646464745474645454444434343434444444343434343434342
3011434342434343424242434242424343424242424243434242424242424142414341414041414140414141404041424140414140394140414040414040
3012414141414040394041403940413940404040403940404039403940394041393939394039393939383839383939383839383839393940393939393838
3013383838393839393938383636373837373638373737383838373738383736373636363736363638363736373737383535353635363434353635333434
3014343535353535373534343435353536353535343536353635353535353635353536353637353535353535353635343535373536353434353533353435
3015363434343535353435353536353636363635363535353534353535343535343433333535343434343535353534353536353434353535353535353636
3016353536363636363535363736363737373737373737373738383736373736373737373736363738393737373738373636363736353536373736363637
3017373736373738373837383637373737373837373838383837373736373737373737383837373737373738373837363636363636363636373737393635
3018353535353535353536353637373636353636373738383837363638424141404040404040393837373635353534343333333333333232323232323232
3019323232323232323232313131313131313131313131313131313130303030303030303030303030313030303030303130303030303030303030303030
3020303030303030292930293029293030303030303030303030313130303030303030303031303030303131303130313131313232313232323132353333
