58265 2009   121213603204   65   24 6670   55    1--------------------------------------------------------------------------
3021838383838383838384848484848484848585858585858585858585858585858585858585858585858686868686868686868686868686868686868687
3022878787878787878787878787878787878787878787878788888888888888888888888888888888888888888888888888888888898989898989898989
3023898989898989898989898989898989898989898989898989899090909090909090909090909090909090909089898990909090909090909090909090
0100909090909090909090909090909090909090909090909090909191919091919191919191919090919191919191919191919191919191919191919191
0101919191919191919191919191919191919191919191919191919292929292929292929292929292929292929292929292929292929292929292929292
0102929292929292929292929292929292929292929292929292929292929292929292929393939393939393939393939393939393939393939393939393
0103939393939393939393939393939393939393939393939393939393939393939393939393939393939393939393939393939393939393939393939393
0104939393939393939393939393939393939393939393939393939393939393939393939393939393939393939393939393939393939393939393939393
0105939393939393939393939393939393939393939393939393939393939393939393939393939393939393939393939393939393939393939393939393
0106939393939393939393939393939393939393939393939393939393939393939393939393949494949394939393939393939393939393939393949494
0107949494949494949494949494949494949494949494949494949494949494949494949494949494949494949494949494949494949494949494949494
0108949494949494949494949494949494949494949494949494949494949494949494949494949494949494949494949494949494949494949494949494
0109949494949494949494949494949494949494949494949494949494949494949494949494949494949494949494949494949494949494949494949494
0110949494949494949494949494949494949494949494949494939393939292919191919090909090909090898988888888878787878786868686858585
0111858585868686858585848483838383838282828181818180797979797878787877767675757575747575757475747473737373727273737273727172
0112717171717170697070716969696970706869686970696767676868686967676870706867666767686767686767676766666666666665656666666565
0113666665656566656465666667656465666565656465666464646464646465646564646564646465656564656565656564656464656565656464656565
0114656565666565646465656565656766656566656664656565656564646565656465656666666564646464646464646464646363646463636564646464
0115656464646364636363636364646465656564646464646464656464646463646363636262626262626161614862616061616160585858596060605958
0116595959596059596059585859596059595959595959596060606061616060606060616161626161616263636464646565656666656566666565656565
0117656565656565656666666666666666666667676767666767676767676767676767676767676867686868686868696869696969696969697070696868
0118686868686868696868696969696969696970697070707070707070707070707070707070707070707070707070707070707070707070706969706969
0119696969696969696969696969696970696969697070697070707070697070707070707070707070707171717171717172727272727272727272726472
0120727272727272727272727272727272727272727272727272727272727272727272727272727272727272727272727272727272727272737372727372
0121737373737373737373737373737474737373737373737373737373737373737373737374737474747474747474747474747474747475757575757575
0122757676767676767676767677777777777777777777777777777777777777777878787878787878787878787878787878787879797979797979797979
0123797979797978787878787878777777777676767676767677777777777776767676767676767576757575757575757575757575757575757575757575
0200757575757474747475757575757375757574757475757575757575757575757576767676767676767676767777787878787878787878787878787878
0201797979797980808080808080818181818281818080797979787878787877777777777777777777777777777777777777777777777778787878787878
0202787878787978787979797978787978787878787878787878787878787878787877777777777777777777777777777777777777777777767777777777
0203777777777777777777777777777777777777777777787878787878787878787878787878787878787878787979797979797979797979797979797979
0204797979797979797979797979787878787979797979797979797979798179787878787878787878787878787878787878787878787878787878787878
0205787878787878787878787878787777777777777777787878787878787878787979797979797979797979797979797979797979798080808080808080
0206808080808080808080808081818181818181818181818181818282828282828282828282828282828282828383838383838382828282828282828282
0207828181818181818181808080808080808181818181828181818181818181818181818181818282828282828282828282828282828282828282838383
0208838484848484848484848485858585858585858585858585858585858585858586868686868686868686868686868585858586868685858585858585
0209858585858585858585858585858585858585858585858585858585858585858585858584848484848484848484838383838383838282828282828182
0210828281808080797979797979787978787776767777777776767675767675747474747474747473737373737373727373737372727273727172727271
0211717171717171717070696969686868696969696968686867676767666665666565656464646464646362626263636261626262626262626361606161
0212606060595858575757575858565454545354535353535252545656555453525252525149434244454040383638403937373534353635353634343536
0213373839383941393939383838383637363636363537363637343636363838363737383738373938393738393939404141454644444948494947494845
0214474948484748484747474744424241414039404240413838373839383941403940404039383838373638383635353535353536343334343436353333
0215333334333433353433333233333433333433353535363536353535363635353636363636353735353635353435363636363635373635373636383636
0216353536353535353536353534353437333535333535343335343433343434333334343332343333333334343433333434333434323434343232353434
0217333335333334343534363434343535343536363435343737373637373638393837383837373939393737373837384038373738393839393939404039
0218404141383838383942434241434343434449494751555353525253535553535455575858585858585858575758606264656665656566666565666666
0219676666666668697070707171697069676767697171727272737475757575747373737373737373737474757676777776767777787878777777767677
0220777879808077757673757473737373727172727271717273727271717168676768686767696969696969696968696969707272727373737474757574
0221737172757575717172747475767676767677777775747272707274757575757473747475767676767776767576777776767676767677787879797979
0222797878787878798080808079798080797979797979797980808080808079797979787980808181808080808080808080808080818182828281818181
0223828282828282828181818181828281818181818180797978777675757574767779797979797979798080808081818182828282818080808080808080
0300818181818181818182828282828282828282828282828181818181818282838282828282828181818182828282828282828383828283838282828383
0301838383838282828281818181818181818181818182828181818181808080808080808081818282828283838282817978777676757574747474747473
0302737372727272727272717171717071707070707069696969696970706970707070707070707070707072737474747474757575747474757778787878
0303787878787979808079808080808081818181818181818282828181818181818282828283838383848484848484848484848484848484848383838383
0304838484848485858585858585858585858585858584848484848483838383838383838383848484848484848484848484848484858585858585858585
0305858585858585858585858585848484858585858585858585858585858585858585858585858485858585868686868686868686868686868686868686
0306858585858585858586868686868787878787878787878888888888888888888888888888888888888887878787878686868686868685858585858585
0307858584848382828181818180808081818182828282828282818181828282828282828283838383838384838384848484848484848484848484838383
0308838383838484848483828281828282828282828181808080808181808181818181818181828282818179797778798081818181818181818180808081
0309818180798181828282828282828282838384848484848483838383838281808181828282828181828283838382828282828383838383838383828281
0310818080818282828282828383838383838383838282828282828383838383838484848485858585858585848484848484838281828282828281807878
0311767675757574747575737473727172727270686969696765656462626261626259606058585958575657585960585859595859585857585756555556
0312565556555656565756565653545554545552524950505149484747464745444344444547464545454647464344464444434545444444444546474646
0313464646484545464646464544454544444342424140404140414340404241403941413938393939403939404141404141404141414342414142414241
0314414142424240404141424142434344464343424241414142424241424240404142404140404040424341424242414141424242434342424242424243
0315434342424343444344434344434243434444434243454543444445464645464746464645464646464748484848474848484849485049494848494949
0316494848494948494847484849494747484647474747474748484748464647484746464647464746464646484846474746464645464646474748484949
0317474747474647484848494746474647494847474848484948474848494849484747474748494747495050505051425151515151525151515253535353
0318535353535454545454555454555554555555555555555555565655565656555657575756575757575757575555555556565757575657575756565656
0319565756565756565757585859595959595959606160606061616263626261616161606161616161616161626262636363636263626261626162626261
0320616161626161616262626262626362636363636363646363636464646464656565656565656565656565656464656464656566656566666666666666
0321676767686969696969697072727273737474747576767676767676767676777777777879797980797979797979797878787878797980808181818180
0322587977777778797979798081818081818181818080797776767675757474747677777778787879808079798080808181818081818181818080818181
0323818181818080818181818181818282828282818181818182828383838383838282828282828282828383838382828283838383838383838383838484
0400848484848484848484848484848484848484848484848484848484848484848484848485858585858585858585858585858686868585858484848484
0401848484848484858585848484848484858585858585858585858585858485858586868585858584848484858585858585858585858585858585858585
0402858585858686868686868686868686578686868686858585848484848484848383838382818080797978787980808181818282828383838384848484
0403848484848383838383838383838383838383838383838383838384848484848485858584848485858585858586868585858585858585858585858585
0404858686868686858585858686868585858586868686868686868685868686868687878787878787878787878787878787878787878787878786868686
0405868686868686868787878787878787878787888888888888888787878787878787868686868686868686868686858686868686868686868686868585
0406858484848484848484838383828282828383848484848585858586868686518686868687878787878787878686868686868686868686868686868686
0407878787878787878888888888888888888888888888888888888888888888888888888888888889898989898989898989898989898989898989898989
0408898989898989898989898888888888888888888888888888898989898989898989898989898989898989898989898988888887878686858585848484
0409838383838282828181818080808080808080797979797878787878787878787777777777777777777777777777777777777777777777777777777777
0410777777777777777777777778777878787878777777777777777777777777777777777777777778787878787778327878787878787878787878787878
0411787877787877777777777777777777777777777777777676767776767676767676767676767676767676767676767675757575757575757575757575
0412757575757575757575757575757575757575757575757575757574757474757575757574747474757575757575757575757575747474747474747474
0413747474747474747474747474747474737373737373737373737373737473737373737373737373737373737373737373737473747373737373737373
0414737373727372737373727272737372727373737273737272727272737373727272727272727272727272727273727272727372727272717271717271
0415717171727271727271727172727271717171727372727272727372737272727171717171717171717171717070706969686868696969696869686868
0416686968686767676766676565656565656566646565666565656565646666666665656566666666656666666565656565656565656565656565656566
0417656565666665666666676666656566656566666565656565656565656566666666656565656565656665656666666667676666676667676767676767
0418676767686868686869696969696969706969707070707070707071717171717171717171717272727272727272727373737373737374747474747474
0419747474757575757575757576767676777777777777787878787878787878787878787878787878787878797979797979797979797979798080808080
0420808080808080808080808181818181818181818181828282828282828282838382838282828282828282828283838382828282828282828382838382
0421828382828282828282828282828282838282828383838282838383838484858584848585858585868686868686868686878787888888888888888989
0422898989898989898989898989899090909090909090909090909090909090909090909090919191919191919191919191919191919191919191919191
0423919191919191919191919191919191919090909090898989898989898990909090909090909090909090909090909090909090909091919191919191
0500919191919191919191919191919191919191919191919191919191919191929292929292929292929292929292929292929292929292929292929292
0501929292929292929292929292929292929292929292929292929292929292929292929292929292929292929292929292929292929292929292929292
0502929292929292929292929292929292929292929292929292929292929292929292929292929292929292929292929292929292929292929292929292
0503929292929292929292929292929292929292929292929292929292929292929292929292929292929292929292929292929292929292929292929292
0504929292929293939393939393939393939393939393939393939393939393939393939393939393939393939393939393939393939393939393939393
0505939393939393939393939393939393939393939393939393939393939393939393939393939393939393939393939393939393939393939393939393
0506939393939393939393939393939393939393939393939393939393939393939393939393939393939393939393939393939393939393939393939393
0507939393939393939393939393939393939393939393939393939393939393939393939393939393939393939393939393939393939393939393939393
0508939393939393939392929292929292929292929292929292929292929191919191919191919191919191919191919190909090909090909090909090
0509909090909090909090909090909090909090909090909090909090909090909090909090909090909090909090909090909090909090909090909090
0510909089898989898989898888888888888888888888888888888888888888878888888787878787878787878787878786868686868686868686868585
0511858585858585858585858484848585848484838383838383838383838382838283838484848484848484848484848484838383838383838383838283
0512828283838282828181818281828181808081818081807980797978798079797878787877777877777777777675767676767676767676767575767676
0513757675747474747475747575757576767575767676767676767676757576767576757575757574747474747373747473737373747373737373727373
0514747273727272727272727272727171717172727171727171717170707170707070707069697070696968686868686968686868676766666667676868
0515676767676867676767666666666564656365636464636363636364646564646464646465656564646565646463636261616162616162616161616162
0516626262636362636161616161615960606060606261616263626262626161616161626261616161606160616159606061616261616162626262626363
0517626463626262626262616261616061616060605960606161616161616161606161626363636362626263636263636262626363636462636262626262
0518616161626161616162616161616262626162626262616262636363636262636362636363636364646465646564656565656666666767676767676768
0519686868686868686968696968696968686868686868686868686869696969707070707071717171717171727172727272737373737373737373737374
0520737272727272727273737373737373737374747475757575757474747474747474757574747474747474747474747473727271717071707070707070
0521707070707070707171707070717171717171717171717171727172727272717171717171717172727272727272727272737273737373737373737373
0522737474747474747474747474757575757575757575747474747574747474747474747474747474757575757574747474737373747473737374737373
0523737474747474747474747474747474747474737373737373727272727272737272737373727373727273737373737373737373737373737373737373
06007373//747474747474747475757575757677767676767777777878787979797979808080808080808079797879797979787878787979798080808081
0601818181818181818182818181818181818080808282828283838383838383838383838383848483838383838484848485858585858585848585858585
0602858585858686858585858584848585858585858585858585858585858585858585868686868686868686868686868686858585858585858484848484
0603848484848383838383828383838383828282818181818181818181818181818181818181818181828282828282828282828282828282828282828282
0604828282828282828282828182828181818166818181818181818181818181818282828282828282828282828282818181818282828282828282828282
0605828282828282828282828282828282828282838383838383838383838383838383838383838383838383838383838383838383838383838383838384
0606848484848484848484848484858585858585858585858586868686868686868686868687878787878787878787878787878787878787888888888888
0607888888888888888888888888888889898989898989898989898989898989898989898989898989898989898989898988888888888888888888888888
0608888888888888888888888888888989898989898989898989898989898989898972898989898989898989898989898989899090909090909090909090
0609909090909090898989898989898989898989898989898989898989898989898989898989898989898989898989898989888888888888888888888888
0610888888888888898989898989898989898989898989898989898989898989898989898989898989898989898989898989898989898989898989898989
0611898989898989898989898989898989909089909090909090909090898989898989898988888888888787868686858584848484848484848484848485
0612858585858483838282828282828181808081818081808080807979798079797878787878787878777777767776777658767676757575757575757575
0613757575757475757574747575747474737373737374747373737273737373737272737272727373737473737272727273737472727272727272727372
0614727272727272727272727272727272717171717171717071717171717071717171717171707070717070707070707171717171717070717170697070
0615707070707069696969696969707070707069696968686869696968686868696869696868686868686968697070717172727373737373737474747473
0616737474747474747474747474757474747475737474747474747474737373747474747474747474737374757676767677767676767676767675757575
0617757575757676767676777676767777777777767676777776767677767677777777777777777879797979797979797979797980808079797878787879
0618797979787878787777777878797979797980808081808080808080818181818181818282818080807979797979808081818180808080807979807877
0619777676777777777777777776767677787878787878777878797980808181818181818282828282828282828383848484848484848484848484848485
0620848484848484848585858585858585858585858585858584848484848483838484838383848484848484848484848484848585858585858585858585
0621858585858484848383838383838484848585858585858585858686868686868686868686868686868686868787878787878787878787878787878787
0622878787878787878787878787878888888787878787878787878888888888888888888888888888888888888888888889898989898989898989898989
0623898989898989898989898989898989898989898989898989898989898989898989898989898990909090909090909090909090909089898989898989
0700898989898989898990909090909090909090898989898989898989898989898989898989898989898989898989898989898989898989898989898989
0701898989898989898989898989909090909090909090909090909090909090898988888887878686858584848383838383838383828282828282828282
0702828282828282828282828282828283838383838384848484848484848484848584848484838383838282818181808080808079797979797979797878
0703787878787879797979797878787878787878787878787878797980808080808181818181818182828282828282828383838383838484848484848484
0704848383838383838383828282828282828281818181818181818181818181818181818181818182828282828282828282828282828283838383838383
0705848484838383838383838383828282828282828282828282828282828283838282828282828282818181818181818182828282828282828282828282
0706828282828282828282828282828282828282828282828282828282828282818182818181818181818181818181818181818181818181818181818181
0707818181818181818181828281818181818181818181818181818181818181808080808080808080808080808080808080808080808080797979797979
0708797979797979797979808080798080797979798080808080818181818181818181818181818181818181818181818181828282828282838383838383
0709838383838383848484848484848484848484848484858585858585858484838382828281818181818080808080797979808080808079807979797979
0710797979797979797979797979797979797979798080808080807979797979797979797979797978787878787878787877777778777777777777777777
0711777677777777777777777777777777777777777777777777777777777777777777777777777777787777787877767777777677767676757576767676
0712757474747474747474747473737373737373737373737373737373737373747474747474747372727071707069686868686969686969696969686969
0713696969696969696968686869696969696969707069696969696969697070706970707070707070707070707070707171707071717171717171707071
0714717171717171717271717272727172717171727272727273727272727373737373737373747473737374747474747474747474757575757575767576
0715767676777777777778787878787979797979797980807980808079797979797979808079808080808079797979797878797978787878787878787878
0716787878787878787878787878787979787878787878787878787878787878787878787878787878777878787878777777777778787777777777777878
0717787777777777777777777777777777767675757575757575757575757575747474747474747474747474747473747473737373737373737373737272
0718737373737373737373737373737373737272737373737373737373737373737373737374747373737373737373747474737373737474747474747473
0719747474747374747474737374747474747474747474747474747474747474747474747474747474747373737373727272727373737373737372727272
0720727272727272717172727171727172717170717171717171727272717171717172717271717171717171717171717171707070717170717171717171
0721717272727373737373747473747474747474747474757575757575757574747474747474757575757576757575757575757575757576767676767676
0722767676767675767675757576767676767676767676767676767676767676767676767676767676757575757474757475757575757575757676767676
0723767676767676767676767676767777777777777878787777787778777777777777777777767676767676767677777776777777777777777676767676
0800767576767676767677767676777878787979798080808081818181818182828282828282828282828383838383838384848484838383838383828281
0801818081818181828283838383838382828182828181808079797878787878777777787878787878787878787878787878787878787878787878787878
0802787879798579797979797979797979808080808080808080808080808181818182828282818181818181818180808080797979797980808080818181
0803828282828383838384848484848484848585858585858585858585858585868686868686868686858585858686868685858484848382828282818181
0804818080808080808080808080808181818182828283838383838383838383838383838383838383838384848484848484848585858585858585858686
0805868686868686868686878787878787878787878888888888888887878787868686868686868687878787878788888787878787878787878686858585
0806858585858585858586868585868686868686869086868686868686868686868686868686868686868686868687878787878787878787878787878787
0807878787878686868686868686868686868686868687878787878787878787878788888888878787888887878787878686868686868686868685858584
0808848483838382828282828282828282828181818181818080807980808080808080807979807979797979797979797980808182828383838383848484
0809858585858585858586868686868686868686868686868686868686868686868686868687878787878786868686868686868686868686868686868685
0810858585858585848484848485858484838383838383838382828282828181818181819480808080808080797979808079787878777777777777777776
0811767575767675757576757575767676747474747474747373737373737374737373737273737170717070696968676665656666666665656665656565
0812666464656564626061616162626161626262616161606058585856545351525150514847484947504946464648484949484846474746444444444547
0813464647444445454544444343454342434242424243424243424242414241424242424141414242414040414243434340414242424241424342414040
0814414241414241414140404141404040414140404140404042404040404141404139414141414143434242424142424342425243434242424242424343
0815434242434141414342414241404342414242414142404142404042394141404040393939393939393840404140403940413939393940413838383838
0816373738373840383839404039383839384038403838383839383837373737374040383839393938383839393940413940393940404041414039383838
0817393937384039383938373837383840413938383939383939393837383838393939404040393838384038373838383939393839394040414141393939
0818404241414039394140404141404142424143424141414242424343434342434443434446464847464649494949484853504952545348505653565856
0819595959597057555558565655535558585960605959606162636162636364636059595961636363636466677069686666676970696970706969686970
0820696867676564646665656563636262616062636262616263656364666767686867686766676868697171706969696970697071717171696969707071
0821727272727272727271696969697070717272727272727271717071717170707070707171737272717171727170717373737271717171706971717171
0822717172727170717171727172737576767677777879797879797979787878787879798079787878777677787979777676757575757576777778787979
0823807979797979797979798079797878787878787879797979787878777776767777787775757676777777787878797979787878777675757575747473
0900727271727172727374747475757474757576777776757575747473727170706969696969696969696969686969696968696969686869696969707070
0901707071717171717273737474747474747575767778787878787879798080808181808080808081818181818080808080808081818181818181818180
0902807979798080818181818181808181828283838383838383838383838383848484848484848484848484838383838382828282828282838383838484
0903848484848484848484848485858585858484848484848483838383828282828282828283838383838383838383838383848484858585868585848483
0904838180808181818180808080808181818182828283838384848484848484848484848383848484858585858585858585858585858585848484848484
0905848484848484848484848484848484848485858585858585858484848484858585868686868686868585858585858686858585858585858686868686
0906868787878786868686868686868686868585858585858584848484848383838282828181818080808079798080808080808080808080808081818181
0907818181818080808181818181818181818181818181818181818181818181818182828281818181818181818182828282818181818181808080808081
0908818282838383838484848484848484848485858585858585858585858585858585858585858585858584848484838383828282828282828281818181
0909818181818080808081818181818180808081818181818180808079797979797979808081818181828282828282828282828282818182828282828181
0910818080787777787776767676767676767576767676767776767574757575747475757474747372727372727372717070707069707070707070707069
0911696969696970707070707070696969697070706970707071707071707071707070696969696970707070706970697069697071706969696970707070
0912706969697069707069696969696968696969707169696869696869707069686868686868686868686868686767676868686768676868686768686868
0913676767676767676766666667676667676667666665656564656564636465656666666565666765656665656565656565656565646464666565656565
0914656565656665656665656465656565656463636364646564646463616161616162636363646362616262626262626263636462626263626262636262
0915626262626060605959595857575758575757575858575859585858595959585959595859595857585758595657585858595858575757575658585959
0916605960596060596160606059596061616059595958596058595860605857585959595959595959595857585857585757575858585858575657575757
0917575657575757575756585757575857575858575655565655545454545454525254545554535454545455545454545252535454545453555554555554
0918575859585656565758595961626261636362616162636363636464636466687070696969707171727271727375757575757677787878787877767676
0919777778787878787979808080818181818282828181818181818282828282828282838283838384848483838383838383848485858585858585858585
0920858484838281808079787777777777777778787878787879808181828282828283838484848485858686868686868787878787878787878787878787
0921878787878888888888888888888888888889898988888889898989898989898989898989898989898989898989898989898989899090909090909090
0922909090909090909090909090909090909091919090919191919191919191919191919191919191919191919191919191919191919191919191919191
0923919191919191919191919191919191919191919191919191919191919191919191919191919191919191919191919191919191919191919090909089
1000898988888787878786868686868686868686868686868686868585858484838382828282818181808081808181818181808080808080808181818181
1001818181818181818181818180808080818181818181818181818181818080808080808080818181818181818181818282828282828282828282828283
1002838383838383848484848484848484848485858585858686868686868686868686868686868686868686878787878787878787878787878686858585
1003858382828281818181818181818182818182828282828282828282828283828282828383838383838484848484848485858585858585858585868686
1004868686868686868686868686868686868686868686868686878686868686868686868686868685858585858585848484848484848484848484848484
1005848485858585858585858586868686868686868686868686868686868686868686878787878787878787878888888888888888888888888887878787
1006888888888888888889898989898989898989898989898989898989898989898989898989898989899090909090909090909090909090909090909090
1007909090909090909090909090909090909090909090909090909090909090909090909090898989898989898989898989898989898989898989909090
1008909090909090909090909090909090909090909090849090909090909090909090909090909090909090909090909090909090909090909090909090
1009909090909090909090909090909090909090898989898989898989898989898989898989898989898989888888878787878787878787878787878787
1010878786868786868686868685858585858585848483838383838382828282828181828281818182818181818080808079797979787878787979787878
1011797979797979787778787778777777777777777777777878777877777878777877777777777776767676767676767574747475757575757574747474
1012747474757474747373737272727272727372737372737373737373737374737373737373787273737273737473727271727270696969696870706969
1013676768666869696767676867686868686969696969696969697069686869686667676768676767676767666767676665656665656665636563636463
1014626464636060616161616261626160616160596060616161616161616161616262626161616261626262616160606059606059606059606059616060
1015615958585858575857585958575757575857585757575756575757585858585859585858585859595858595858585858585859605958585858585757
1016585858575656565857585858585859596060596059605960595960616060616263646464646464656565656666656565656565606565646465656465
1017646464646465636263636363636363626262626362636363636363636363636364646465656566666666676666666666666666666667666767676767
1018676868686869696970707070707170717071717170707071717171717171717172727272727272727272737373737373737373737373737373737373
1019737373737373737373737374737473747473747474747474747474747474747474757475767777777778787878787878787878797979797979797979
1020797979797979797979797979797979797979797979797979797979797979797979797979797979797979797979797979797979797979797979797979
1021797979797979757979797979797979797979797979797979797979797979797979797979797979797979798080808080808080808080808080808080
1022808080808080808080808080808080808080808080808080808080808080808080808080808080808080808080808080808080808080808080808080
1023808080807979797979797979797979797979797979797979797979797979797979797979797979797979797979798080808080808080808080808080
1100808080808080808079797979808080808080808080808080808079797979808080797979797979797979797979797979797979797979797979797979
1101797979797979797979797979797979797979797979797979797979797979797980808080808080808080808080808080818180808080808081808080
1102808080808080808080808080808080808080808080808080808080808079797979797980808080808080808080808080808080808080808080808080
1103808080808080807979797979797980808080808080808081818181818181818181818181818181818181818181818181818181818181818181818181
1104818181818181818182818181818181818281828181818181818181818181818181818181818181818181818181818181818180808080818181828282
1105828282828282828282828282828282838383838383838383848484848484848484848483838383828282828281818181818181818181818080808080
1106808080808080808181818181818181818181818181818181818181818181818181818182828181828181828182828282828282818181828282828282
1107828282828282828282828282838383838384848484848484848484848484848484848484858585858585858585858585858585858585858585858585
1108858585858585858585858585858585858585858585858686868686868686868686868686858585858585858585858585858585858585858585868686
1109868686868686868686868686868685858585858584848484848484848484848484848484848484848484848483838383838384848484848484848484
1110848484848484848383838383838382828282828181818181818181818181828282828281818181808080807979787878787879787878787878787878
1111777877777777777777767676767676767675757675757475757674747474747474737474747272727373737373727272737272727272717171717170
1112697069706969707070707070707069696869696969686868686968676767676666676465656566676766656665656665636264636363636463626161
1113626263636263615960616260605860615957585755565757585757575657585858575756575655565856565657565555555556575655555556555555
1114545454545554545453535355545455545353535354545354545556555455545454545354535253535454555554535454545353535454545453535354
1115535354545353525353535252535354545454545555565555565555555555545454535453535351515151525151515151515050505050505150504949
1116494848494848474748474747464445474646464646464647474747474747474645454645454545454545454545444545454545464745454545454545
1117454545454545454545454545454646464546454545454545464647474747464746464646464646464647464745454646464647474646454545454545
1118454646464646464545464647474747474748484747484848494948484949495049494950505049494849494949504949494949505049505050505050
1119505151515151515151515151515151515151515149505050505050505051515252525353535453545454545455555555555656565657565656555654
1120545453535352515150505049484849494948494950494949494950495051505051505050505151515151515251515252525253555354515253535253
1121535352545553535254555656575958586061616364636262646666676767686768696969696867656461615858596059596161596160585860646666
1122676869696969696768696764676768686971706866666462666665636567676665626160606060626564615958596264666362626463616159585857
1123565655545554535253535353535253535252535353535353535353535352535353535353535354545554545554545454545555555655565655555656
1200565555565756565555565656565556565555565656575656565756565656565656565657575858596060595858595860605958585858585859585858
1201585859595959595958585857585858585758585858585858585858595858595859595959595859595959595959585958586059605960616061616161
1202606060605959606163646665636262656463626565666768696967686868697070707272727474757575757575757575757575757574737372727272
1203727373737374757575757575767575757474747474747474747474767777777676767676767777787878798079808080807979787879797979808080
1204797980808080818080808080808181818181818081818181818080818181818182828282828383828383838382828180807978787878787878787979
1205797980808181818181818180807979797979787980818282838383838383838383848484848484848483838484848383838383838383838383838383
1206838383838383838484838484848484838383838282828181808080798080808080818181818181818181828282838281818080807979797979797978
1207777676767676757575757576757575767675767676757575757575757574757574757675757575757575747474747373727272727373737372727171
1208707070696969696969707069696969696868686869696969696970707070707071717272727272737374747474757475757575757575757575747473
1209727271727170686867676766666766666666666666656565646364636363626262626263636364636262636363626262626262626262626262626262
1210626262626161616061616060595959595959595959595983595959595858585858585858595859595858595859585857575858585858585758575657
1211585757575556565756555556565655555656575656565555555455555555545353535252535453525354535254535252525352525252525253535251
1212525251515152514949494949515049504951515048495051504948484848504949484746454746474848484746474746464747474748484848484846
1213484746464848464547464545454545454544464544464646464647474746464546464646464645474744444545464747464647464646444445454644
1214454545454445444544454545454545464745454544454544454544434444444545444444454575444444444444444345434443434243424243434242
1215434443434344424142424341424142424242424444434342424442424243434343424443444343424242424343454342424343424243434442434343
1216434344434444434344444444434444434343434343434343434343444343434342424243424242434242434444434242434343434343434343434444
1217444344434445444444454645454544454444464444454546454444454744444645454545444346464444484749494851494848484948484747464646
1218474647474848474747474847474848484849494949494848494949484848494949485049494949505049494950515051515151505083505049494950
1219505049495352535151545453525253525151515253525252525252535352525253535353525252525151525252525252525151515252525252535252
1220525253525252525252525252525252535353525252525252525252535252525253525353535352535353535353535354545454545555565657575757
1221575858585858595958585859585858585959595959595959596060606060606060606060606060606061616161616160616161616162626262616261
1222616262626262626262626263626262626263636262636363636363636363636464636364646363646464646564646464646464646464646565656565
1223666565656565656582656565656565646565656565656565656665656565666666666666666667666766666667666767676767676767676666666565
1300656564646463646464646465646565646464646464646464646464646464646465656464656565656565666666666666666666666767676767676767
1301676767676767676767676767676767676767676767676767676867686868686868686868686868686969696969696969696969696969697069706969
1302707070707170717170717171707070717070707070707070707071717171717171717171717171717172727273737374747474747474747474747474
1303737373737373737373737373737373737374747373737387737373737373727272727272727272727272727272727171717172717171727272727272
1304727272727272727272727273727272727273727373747474747474747474747474747474747474737373737372727272727272727272727272727272
1305727272727272737474747475757575767676767576767676767677777778787878787979797979798080808181818282828383838383848484848485
1306848484848484858585858585868686868687878787878787878787878888888888888888888888888888888888888888888888888888898989898989
1307898989898989909090909090898989898989898989898989909090909090909090909090909090909090909090909090909090909090909090909090
1308909090909090909090909090909090909090909090909191919191919191919191919191919191919191919191919191919191919191919191919191
1309919191919191919191919191919191919191919191919191919191919191919191919191919191919192929292929292929292929292929292929292
1310929292929292929292929292929292919191919191919191919090909089898887868583828180797978787878777878787777767677767676767676
1311767677767676767574757574747373727372727271717171717272727171717171717170717170707070696868676868686868686868686867686868
1312686868686766656767666666676867676767666666656464646463646464646365646463646564646465656565646464626362626162626261616161
1313606162596061606261616261616061636161615959596160595960595958585757575657585857575858585756575555565756555554545455545353
1314535253535352535254525151515252535352515051525254555353535453535453545354545454545352525251515252525252525151525152515252
1315515252525252545453525151505150505049495050494849504950505151515251505050505252515050515150505151505052515051525252525150
1316505151505050505251515049484948484950495049514850494950505051515050525250505151515151525050505150495051505050505151505150
1317505151515050515151535151515251515152525252525252515252515252525251525252525151515151525151515253535251535353555557565252
1318525251515151525555565756555555555656555656565656565655565656575757565656565656565757585858575657575757565656565657575858
1319585960606161636262626363636363636363636363636362626263626262626362636363636363636464646463636363636363636463636364646464
1320646464646464646464646565656565656566666565656565656565656565656565656565656666666666676767676768686868686868696869686869
1321696969696969696969696970707070707070707070707070706969696969696970706969696969707069707070707070707069707070707070707071
1322717171707171717171717172727272727272727272727272727272727272727272727272727272727272727272727272727373737373737374747473
1323737373737272717172727272727272727272727172727272727272727272727272727272727272727272727272727273727273737373737373737373
1400737373737373737373747474737474747474747474747474747474757575757575757575757575757575757575767676767676767676767676767676
1401767676767676767675757575757575757575757474747474747474747474747474747474747474737373747474747474747474747475757474747475
1402757575757574747574757575757575757575747575757575747575757575757575757575757575757575757575757575757676767676767676767676
1403767676767676757575757676767676767676767777787878787777787878787777777878797979797978787878787980798080808079797979808079
1404797979797978787878777676767676767676767675757575757575757576767675767675757574747474747474747474747474747474747474747474
1405747474747474747575757575757474747475747475757575757575757575757575757575757575757575757575757575757575757575757575757575
1406757575757575757575757575757575747575757575757575757575757575767676777777787879797979798080808181818282828383838484848585
1407858686868686868686878787878787878787878787878787878787878786868686868686868585868686868686868686878787878787878787878787
1408878888888888888888888888888888888787878787878787878888888888888888888888888888898989898989898988888888888888888888888888
1409888888888888888888888888888888888888888888878787878787878787888888888888888888888888888888888888888888888787878787878786
14108686868686858585858585858585858585858484858585858585--------------------------------------------------------------------
1411838384848484848383848484848484848383848383838383838383838383838382838383828382838283838383828282828282828282828282828282
1412818181818181818181818080808080808080808080818180808081818181818181818080808081808080808080798080808080808080818080808080
1413808079798079798080808080807979797878787979808079797878787979797979797979797979797979797979797980797979797979787878787878
1414787777777677767776767777777676767676767675767676767676767575757676757676757575757575757574757474737373737373737373737373
1415737373737374737373737272737272737372727372727272727271717171717173727271737369666163656769707070717171727272717171717271
1416727172717171717171717170727170707170717170707069707070697071717070696969706969694169696969696969696868686969686869696969
1417696969686869686868686868686868686867676767676667676767666667666667666767666667666767676767686767666666666766666665666667
1418676766666566666666666666676666666766666666676767676767676767676767676767666667676868686867666667676767676767676766666665
1419656564646464646464646464646463646464646464646464646464646565656564656464646463626262626262616261616161626161616162616161
1420616161616161616161616261626262616161616161626161616261616161616161616261626162626161626262636363636364646364647765646464
1421646564646564656464656666666868686969707071717171717272717172737474737272727170697070697071727273737373747576767574757675
1422747474757574747474737374747475747474747474737374747475767676767676777777777877787878787878797979798081818180808080808079
1423797979797979797979797878787980808081818282828181818282838383838081818081818080808080808080818080818181818182828282828282
1500828383828282828282828181828282828181818181818181807978798081818282818281818181818080808080818181818181828181828383848484
1501848585858484848584847883838282838383838282818080808080808080818182838384848485858585868686868686868686868686868686878786
1502868585858585858585858585858586868585858686868687878787878788888888888888898989898989898989898988888887878685858484838383
1503838382828282838383838383838383838383838383838384848484848484848484848484848484848484838484848484848585858585868686878787
1504878788888888888888888888888787878787878787878787868686868686868686868686868686868585858585848585858585868686868686868687
1505878787878686868787878787878787878787878787878787868486858585858585848484858584848585858484848484848484848485848484848484
1506848484848485858585858585858585858686868686868686868686858585858585858585858585858585858585858584848585858485858585858585
1507858585868686868686868686868686878787878787878686868686868686858585848383838383838383838383838382828282828282838383848484
1508848485858686868787878787878787878888888888888887868584838383838282828281828282828282828282818181818181808081818181818181
1509818181818181818079797979797878787979798080797979797979797979797978787878787878787878787776767675767676767676777779798080
1510808080808181818181818080818181818182828282828281828282838283838383838382828282818180808080808080828280808080797980808079
1511787777787980807878787878767777767675757575757575747575747374747575757675757575757575747374757372727371727272727373727070
1512706967666768696866656666666465646666656564656664636261616161626158606359585960606057575959595857575757545554545457595755
1513545657565957565657565656565858575756565656575656565657575758585859575757575756545555545455555452525351515252505151515150
1514515152515148434544454748495148504846484646464647474746474746474748474848495049474849485049495050484748484847474949494750
1515474849495048484848484850484947474849484948494947474848485049484748474949484850474746464646474848474748504746464850504949
1516495150505051495049494949494847484848474948484848484747484748484850494949504949485051515151525252525150505152515152515252
1517525252525353525253525152535253535253535353535353525252535353545353535453545454545454535454545454545455565556565454545454
1518555455555455555555555555555656565656565656565454545456586059575758585858595958585858585759596062605960616161606160626161
1519636564626262616060596059585859595959596060616160606059596059605858575857575857575757565656565656555555555554545454545554
1520545353535353545353535353545353535353535252525252535353535353535354545454545455555555555556565556565656565656575757585758
1521575858585858585858585959595858585959595959595959595960606060606060596060606060606060606060606060606060616060606060606060
1522616161616161616161616161606161616161616161616161606161616060606161616161616161616161616161616161616161616161616161616161
1523616161626262616261616261616261626262626262626262626262626363636363626362626363636363636363636363636364636363636363636363
1600636363626263626263626262626263626363636363636263636363636262626262626362626262626262626262626262626262626362626262626262
1601626262626262626262626263636363636363636363626262626262626262626262636262626262626262626262626362626363636363636362636363
1602636363636363636363636363636363636363636363646464636464646464646464646464646565656565656565656565666565666666656666666666
1603666666676767676767676767676767676868676767676868686868676868686868686868686868686868686868686868686869696968696868696969
1604696969696969696969697069697070697070707070707070707070707171717171717171717171717171717171717172727272727272727272727272
1605727272727272727272727272727272727272737372727373737373737373737373737373737374747475757676767777777878787980798080818182
1606828283838383838484848485848585858585858585858586868686868686868686868686868686858585858585858686868686868686868686868686
1607868787878787878787878788888888888888888888888888888889898989898989898989898989898989898989898989898989898989898989898989
1608898989898989898989898989898989898989898989898989898989898989898989898989898989898989898989898989898989898989898989898989
1609898989898989909090909090908989898989898989898989898990909090909090909090898989898989898989898989898988888888888888888888
1610888888888888888888888888888787878787878787878687878787878787878787878686868686868686868686868686868686868686868585858585
1611858586868585858585868685858585858585858585858585858585858585858585858585858585868686868685858585858686868686868686868686
1612868685858585858585858585858686868686858585858585858585858685858585868686868686868686868585858585858585858483838383848484
1613848484848484848484848484848484848483838383838484838384848484848484848484848383838383838382828281818080808081808080808079
1614797878787979787879787878787879797979787878787879797877777777777777767676767576767676767575757575757676767676767675767676
1615777575757575757575757575757575757575757574737474747374747474737474747475747472737373737373737374737373727272737271727272
1616717171717172717172727272727272727475767676757575757575757675757575757576757474747475747374747474747474747576767676767575
1617757575757575757475757576767676757676767676777776767676767676767575767676767677777777787877777877787878777777787878787777
1618787877787877777878787877777777777878787878787878787878787878787878787979797979797979//7979797979797979797979798080807979
1619797979797979797979797979797979797979797979797979787878797979797979797979798080807979808080807979798079798079797979797979
1620797979798080808080808080808081808181818181818181818180808181818181818181818181818282828282828282828282828282828383838383
1621838382828282828282828282828282818181818181818182828282828282818282828282828282828282828282828282828282828282828282828282
1622828282828282828282828282828282828282828282828181818181818181818181818181818181818181818181818181818080808080808080//8080
1623808181818181818181818181818181818181818180818080808080808080808080808080808080808080808081818181818080808080818181818181
1700818181818281818181828281828282828282828283838383838484848484848484848484848484848484848383838383838383838383838383838383
1701828282828282828282828281818080808080808080808080808080808080808080808080808080808080798080807979797979797879797979787878
1702787879797979797979797979808080808080808080808181818181818181818181818181818282828282828282828282828282828282828282828282
1703828282828282818282828282828181828282828282828282828282828282828282828282828281818181818181818181818181818181828282828281
1704818181828282828282828283838382838383848484848484848585858585858585868585858585858585858483828282828282818282838383838384
1705848585858585868686868686868686878787878888888888888989898989898989898989898989909090909090909191919191919191919191919292
1706929292929292929292929292929292929292929393939393939393939393939393939393939393939393939393939393939393939393939393939393
1707939393939393939393939393939393939393939393939393939393889393939393939393939393939393939393939393939393939393939393939393
1708939393939393939393939393939393939393939494949494949494949494949494949494949494949494949494949494949494949494949494949494
1709949494949494949494949494949494949494949494949494949494949494949494949494949494949494949494949494949494949494949494949494
1710949494949494949494949494949494949494949494949494949494949494949494949494949494949494949494949494949494949494949494949494
1711949494949494949494949494949494949494949494949494949494939392929190898786848181817979787880807979777676757676767573747373
1712737473747475757575757575737373727172727272727273727272727271717170707173737371717271717070706970706970706968696969696868
1713686968686868666667676565676766676766686566646464646463656465646564656363616163626261626160626462626061626263626261616060
1714616161616162626161616161606160606061616161626362636161636262616261616362616261606261616159605859596159585758585958595959
1715585858605958585858575758575757575859565555545555555555565553525453555554555453535455565454545554555756555655565657575757
1716575860605959596061606162636262636363636363636364646564646565646463636363636364646464646463636464646464656464646464656463
1717646463646464646463656464646364636364636463636464636363646464656464646465656565656666666666666665666666666666656666666666
1718666667666766666666666766676666666668666767676666666566666666666666666666676666676766676767676768686868676868686768676868
1719696868686969696969696969696969706969696969707070707070707170707071717070707070707070707171717171717171717171717171727171
1720717171727272727373737373737373737373737373737374747474747475757575757575757575757576767676767676767677777778787878787879
1721797978787879797879787878787878787878787878787878787878787878787878777777777777777777777777777777777878787878787879797979
1722797979797979787877777777777777777777777776767676767676767676777777777777777777777777777777777878787878787878787879797979
1723797979797980808080808080807979807979797979798080808080808080808080808080808079808080808181818282828383838484848484848484
1800848484848485858584848485858585858686868686868686868585858585858585858586868686858584848485858585848484848483838383838383
1801848484848484858585858585858585858585848484848484848484848585858585868686868686868787878787878787878888888888888888888888
1802888888898989888888888888888888888888888888888787878787878787878786868686858585858484848483838383838383838383838383838383
1803838282828282828281818181818181828282828182828282828282828281818181818181818181818181818181818181808080808079797979797979
1804797979797979797979797878787878797979797979797979797979797979797979797878787979797979797979797979797980808080818181818181
1805818181828282828282828282828282828282828282828282828282828282828282828282828282828282828282828283838383838383838383838383
1806838383838382838383838383838383838383838383848484848484848484848484848484848484848484858585848585858585858585858585858585
1807858585858585858585858585858585858585858585858585858585858586868686868686868686868686868686868686868686868686868686868686
1808868686868686868686868686868686868686868686868686868686868686868686868687878787878787878787878787878787878787878787878787
1809878787878787878787868686868686868686868686868686868686868686878787878787878787878787878787878787878888888888888888888888
1810888888888888878787878788888888888888888888888888888888888988888888888888888888878787878787878686868686868686868686868685
1811858585858585858585858585858585858585858585858584848585858585858585858484848483838383838383838383838383838383838383838383
1812838383838383838383838382828282828281828181818181818181818181818181828283838484848484848484848484848484848484848585848484
1813858585858585858585858585858585848484848484848485848585858585858585848485858585858586868686868686868686868686868686868686
1814868585858584848484848484848383838382838383838383828282828282828282828282828282828281818181818181818080797979797878797979
1815787878797977787777757677767575767676747575747474747474747474747474747575747574737473727374747474737474737372727272727273
1816737371707172727271717171727171727170707070697070707070707070697070707071707070717071717171707071717271717171727272727171
1817727272727272737273727171717272727273727272727372727272727170727272727272727172717171717271717172717271727272727171717272
1818727271717171717272727172727272727272737272727272717273737372727272717172717271717272727272727373737372737373737372727272
1819727272727171717171727272727374747373737373737373737373737272727272727272727373737575767676767675757575757575767575757575
1820767777767675767676757576767676767778787980808181818182828283838383838383838383838484848484848484848585858585858585858585
1821858585858585858585858586868686878786868686868686878787868686868686878787878686868686858585858585858585858585858686868686
1822868686868686868686858585858585858585858585858585858685868685858585858585858585858586868686868686868686868686868686868686
1823868686868686868686868686868687878787878787878787888888888888888888888888888888888888888888888888888888888888888888898989
1900898989898989898989898989898989898989898989898989898989898989898989898989898990898989898989898990909090909090909090909077
1901909090909090909090909090909090909090909090909090909090909090909090909090909090909090909090909090909091919191909090909090
1902909090909090898989898989898989898989898989898989898989898989898989898990909090909090909090909090909090909090909090909090
1903908989898989898989898989898989898989898989898989898989898989898990909090909090909090909090909090909090909090909090909091
1904919191919191919191919191919191919191919191919191919191919191919191919191919191919191919191919191919191919191919191919191
1905919191919191929292929292929282929292929292929292929292929292929292929292929292929292929292929292929292929292929292929292
1906929292929292929292929292929292929292929292929292929292929292929292929292929292929292929292929292929292929292929292929292
1907929292929292929292929292929292929292929292929292929292929292929292929292929292929292929292929292929292929292929292929292
1908929292929292929292929292929292929292929292929292929292929292929292929292929292929292929292929292929292929292929292929292
1909929292929292929393939393939393939393939393939393939393939382939393939393939292929292929292929292929292929292929292929292
1910929292929292929292929292929292929292919191919191919190909090909090909090909090908989898989898888888888888787878686868686
1911868686868685858585858584848483848484848383838282828282828281828281818181818181828181807979798079797978797979797979797978
1912787878787877777776767676767676757575757575757574747474747473737373737272737271727171717070707070707069696969696869696868
1913686868686969696968686566666667676768686867666666676667666666666667656566666664656667676658676566666666666767686868686867
1914676868666665656664636364646363636362626264636263646361616161606162626162626364646465656565646363636265666666666566666666
1915676667656464656565646464646564646465646463656869717172727373737373737373747473727373727270717272737373727373747474757575
1916767676767676767676767675757575757575757575747373737373727272727273737373727272727272727272727272717171717071717170717171
1917737372737272737372727171717172727172707171717070706970707070707171717070717070707070707170707171707170717070707171717171
1918717171717172717171717170707171717171717171717171727171717171717171717272727272727272727273747475757576767676757676767677
1919777776767676767676767675757575757575757575767676777777777878787879798080808181818181818181828282818181818182828282838383
1920838383838383828282828282828282828282828383848484848484848484848484848484838383838384848484858585858585858686868686868686
1921868686868686868686868686858585848484848484848484848484848484848484848484848484838383828282818080808079797979797979797979
1922797979797979797979797979797980797979797979798080808080808081818181818181818181818181818181808080808080808080808080808080
1923808080808080808080797979797979797979797979808080808080808080797980808080808080808080808080808079797979797979787878787878
2000787877777777777777777777777778787777777777777878777777777777777777777777777776767676767676767676767676767676767676767676
2001777777777777777878787878787878797979797979797979797979797979807979797979797979798080808080808081818181818282828282828383
2002838383838384848484848484848485858585858686868686868686868686858586868686868687878786868787878787888888888888888888898989
2003898989898989898989898989898989898990909090909090909090909090909090909090909090909090909090909090909090909090909090909090
2004909090909090909090909090909090909090909090909191919191919191919191919191919191919191919191919191919191919191919191919191
2005919191919191919191919191919191919191919191919191919191929292929292929292929292929292929292929292929292929292929292929292
2006929291929191919191919191919191919191919191919191919191919191919191919191919191919292929292929292929292929292929292929292
2007929292929292929292929292929292929292929292929292929292929292929292929292929292929292929292929292929292929292929292929292
2008929292929292929292939393939393939393939393939393939393939393939393939392929292929292939393939393939393939393939393939393
2009939393939393939393939393939393939393939393939393939393939393939393939393939393939393939393939393939393939393939393939393
2010939393939393939393939393939393939393939393939393939393939393939393939393939393939393939393939393939393939393939393939393
2011939393939393939393939393939393939393939393939392929292929292919190908988878787878787878686868686868686868584848484848484
2012848484848484848484848483828281818181818180808181818080797980797979798080787980808079797878797878787878797878787877767677
2013777777777777777777777775757575767574747372727271717171717372717171727172717070696969696969686969697170707069696969696868
2014686969696968696969686867676767676766676767666666666666666766676665656464646564656465646565656667676666666664646564656464
2015636365656667676767676767686768686969706969696767676768676768686868686969696868696969696969707070696969696969696969686968
2016696868696969696969696969696968696869696969696969697070707170717171717171717171727171717171717171717171717171717172717272
2017727272727272727272727272727271727272727272727271727272727272727272727272727373737273737272727272727272727172727272727272
2018727272727272737272727372737272727373737373717171727272727273737372717272727271717171727272727272727272727271727272727272
2019727069697070707070707070696970707070707070707070707070707070707071717171717171717272727272727272727272727272727372727272
2020727373737373737373737373747474747474747474747474747474757575757575757574747474747474747474747473737373737474747474757474
2021747474747474747474747474757474747575757575757575767676767676767676767676777676777676767776767676777776767676777777777777
2022777878787879797979798080808080808080808080808080808181818181818181818181818181818181818181818181818181818181818181818181
2023818181818181818181818181818181828282828282828282818181818181818282828282828282828282828281818181818181818282828282828282
2100828282828282828282828282828282828282828282828282828282828282828282828282828282828282828282828282828282828282828282828282
2101828282828282828282828282828282828282828282828282838383838383828282828283838383828282828282828282828283838383838383838383
2102838383838383838383838383838383838383838383838383838383838383838383838383838383838383838384848484848484848484848484848484
2103848684848484848484848484848484848484848484848484848484848484848484848484848484848484848484848484848484848484848484848484
2104848484848484848484848484848484848483838383838484848484838383838383838383838383838383838383838383838484848384848483838383
2105838384848484848484848484848484848484848484848484848484848484848484848585858585858585858586868686868686868686868686868686
2106868686868686868686868686868686868686868686868686868686868686868687878787878787878687868686868686868686868786868686878787
2107878787878686868686868686868687878686868686878786868686868686868686868686868686868686868686868686868686868686868686868686
2108868686868686868686868686868686868686868686868686858585858585858585858585858585858585858585858585858585858585858585858585
2109858585858584848484848484848484848484848484848484848484848484848484838383838383838383838383838383838282828282828282828282
2110828282828282828282828282828282828282828282828282828282828282828181818181818181828181818181818182818181818181818181818181
2111818181818080818181818180818080808080808080808080807980808080803780808080808080808079797979797979797979797879797978787877
2112777878777777777777767677777777777776767677767676767675757575757575767676757575757575767675757575757574747574747373737372
2113727273727272727272727272727272727271727272717272727273727272727271717171707171717172737372737372727171717171717172727171
2114717272727272727372727273747473727171727271727170717071717172727272727171717271717172717171717272727272727272727272727171
2115717372727171727271717171727271717271707171717171727170707069696969697070697070707070696969696970707069696969696968686868
2116696969686969696969696868686969686868686868696868686868686768676768676867676766676767676667676767676867686767676767686868
2117686868686968686868686767686868686868686868686868696968686868686868686868686868686869696969696970696869696969696969696969
2118696969696969707070706970707070707071717071707071717171717171717171717171717171717171717171717171717171717272717171717171
2119717171717172727172727171717171717272727272727272727272727272737373737373737372737372737273737373727273737373727373737373
2120737373737373737373737373737373737373737373737473737474747474747373747473747474737373737373737374747474747475757575757575
2121757575757575757676757575757675757575757676767676767676767676767676767676767675757575757576767676757575757575757575757575
2122757575757575757474757575757575757575757575757575757575757575757575757575757575767575757575757575757575757576767676767676
2123767676767676767676767676767777767777777777777777777777777777777777787877777878787878787879787878797979797979797979797979
2200797979797979797979797979797979797980808080808080808181818181818181818282828282828283838383838383838383838383838484848484
2201848484858585858585858585858585858585858585858585858585858585858584848483838383828282818181818080808080808079797979797979
2202797979797979797978787978787878787878787878787878787878787878787878787878787878787878787879797979797979797979797979797979
2203797979797979797979797979797979797979797979797979797979797979797980807979798080808080808181828282828282828283838383838384
2204848484858585858585858686868686868686868686868686868686868787868787878787878786868686868686868686868687878787878787878787
2205878787878787878788888888888887878787878787878787878787878787878787878787878787878787878787878787878787878888888787878888
2206888888888888888888888888888888888888878787878787878787878787878788888888888888888888888888888888888888888888878787878787
2207878787878787878787878787878787878787878787878787878787878787878787878788888888888888888888888888888888888888888888878787
2208878787878786868686868686858585858585858585858585858585858585858585858585858586868686868686868686868686868686868686868686
2209868686868686868687878787878787878787878787878787878788888888888888888888888888888888888888888888888888888888888888888888
2210888888888888888888888888888888888888888888888888888888888787878787878787878787878787878787878787878787868686868686868686
2211868686868686858585858585858585858585858585858585858585858585858585858584848484848484848484848484848484848383838383838383
2212838383838484848383838383838383838383838383838383828283838383838383828282828282828282828282818181818181808080807979808080
2213808080808080808080808080808080808080808080808080808080808080808080808080808080808080808181818181818181818182828282828282
2214828282838282828282828282828282828282828382828282828282828383828383828282828282828283838383838383838383838383838383838383
2215838383838484848484848484848484848484848585858585858585858585858484838383838384848383848484848483838383838180808079797979
2216797878787878787878777777777778777878787878797979798080808080808080808080808181818182828282828282828282828282828282828282
2217828282828282828282828282828282828282828282828282828282828282828282828282828282828282828282828282828282828282828181818181
2218818181818181818181818181818181808081818080808080808080808080808181818180818181818181808080808080808080808080797980808080
2219808080808080808080808080808080808080808080808080808081818181818181818181818181818181828282828282828282828282828282828283
2220838383838383838383838383838383838383838383838382828282828282828282828282828282828282828282828282838383838383838383838383
2221838383838383838383838383838383838383838383838383838383838383838383838383838383838383838383838383838383838383838384848484
2222848484848484848484848484848484848484848484848484848484848484848484848484848484848484848484848484848484848484848485858585
2223858585858585858686868686868686868686868585858585858585858585858585858585858585858585858585858585858585858586868686868686
2300868686868686868686868686868686868686868687878787878686868687878787878787878787878787878787878787878787878787878787878787
2301878787878787878787878787878787878787878787878787878787878788888888888888888888888888888888888888888888888888888888888888
2302888888888888888888888888888888888989898989898989898989898989898989898989898989898989898989898989898989898989898989898989
2303898989898989898989898989909090909090909090909090909090909090909090909090909090909090909091916291919191919191919191919191
2304919191919191919191919191919191919191919191919191919191919191919191919191919191919191919191919191919191919191919191919191
2305919191919191919191919191919191919191919191919191919192929292929292929292929292929292929292929292929292929292929292929292
2306929292929292929292929292929292929292929292929292929292929292929292929292929292929292929292929292929292929292929292929292
2307929292929292929292929292929292929292929292929292929292929292929292929292929292929292929292929291919191919191919191909090
2308906190909090909090909089898989898989898989898989898989898989898989898989898989898989898989898989899090909090909090909090
2309909090909090909090909090909090919191919191919190909090909090909090909090909090909090909089898989898989898989898989898989
2310898988888888888888888888888888888787878787878787878787878787878787878787878787878787878787878787878787878787878787878787
2311878786868686868686868686868686868686868585858585858585858585858585858484848484848383838383838383838382828282828282828282
2312818181818181808080808180808080805680807979798079808079797979797879787879787979797878787978787878787879787878777777777777
2313767677777676747575747574757575767575757575747474757676757575747474757574747474747574747574757474747373737372727273737373
2314727473737374737272737372727272717171727171727171727070717171707172727172717171717171727170707070717171707070707069696969
2315697070697070706968686868686868696869686969696868696968686768686767676867676766666565656363636362636363636262626262626363
2316626162616162616060606162616161616161616261616161616160616160615561626261616162626362616162616160606060595960596059606060
2317606161606060606060606160605960606060616160606059596060605959596060606161616161616162636261616161606061606161626262626262
2318636262626363646464636363636464646565656565656565656565666667676666666765666666666766666667676767676767676667676767666667
2319676766666667676767676766676666666666666666666666666666676767676767676767686767686868686868686869696867686868686868686868
2320676868686868686869686969686868686868686868686868686868686869696969696969697070697070707070717171717171727272727171717171
2321717171717172727272717272717171717171717272727272727272737475757575757676767777787777777777777777787879797979797878787979
2322797980808080818181818182828282828283838383848484848484858585858686868686868686868686868686868686868687878787878787878788
2323888888888888888888878787878787878787878787878787878787878787878788888888888888888888888889898989898989898989898989898989
2400898989898989898989898989909090909090909090909090909090909090909090909090909090909090909090909191919191919191919191919191
2401919191919191919191919191919191919191919191919191919191919191919191919191919191919191919191919191919191919191919191919191
2402919191919191919191919191919191919191919191919292929292929292929292929292929292929292929292929292929292929292929292929292
2403929292929292929292929292929292929292929292929292929292929292929292929292929292929292929292929292929292929292929292929292
2404929292929292929292929292929292929292929292929292929292929292929292929292929292929292929292929292929292929292929292929292
2405929292929393939393939393939393939393939393949494949494949494949494949494949494949494949494949494949494949494949494949494
2406949494949494949494949494949494949494949494949494949494949494949494949494949494949494949494949494949494949494949494949494
2407949494949494949494949494949494949494949494949494949494949494949494949494949494949494949494949494949494949494949494949494
2408949494949494949494949494949494949494949494949494949494949494949494949494949494949494949494949494949494949494949594959595
2409959595959595959595959595959595959595959595959595959595959595959595959595959595959595959595959595959595959595959595959595
2410959595959595959595959595959595959595959595959595959595959595959595959595959595959595959595959595959595959595959595959595
2411959595959595959595959595959595959595959595959595959595959595959595959595959595959595959595959595959595959595959595959595
2412959595959595959595959595959595959595959595959595959595959595959595959595959595959595959595959595959595959595959595959595
2413959595959595959595959595959595959595959595959595959595959595959595959595959595959595959494949493939291908987878582818181
2414787777777675747473747271727272727070707170706968707070707069696968686969686868687070707069707069696969686868696969696868
2415686868686968686767676766666566656666666665656666676767676768666768686869686969696969696969697070707070707070707171707070
2416707070707171707070707070707069696969697070696969696969696969686868686868696968686867676768676868686867676867686868686767
2417676868686868686768686867686868686868676767676768676767676767686867676767676767676767676767676767676767676868686868676768
2418686868686868686868686869696969696969696970707070707070707070707171717171717171727272727272737373737373737474757575757575
2419757676767777777777777878787878797979797980808080808080808080808080818181818282828282828282828383838383838383848484848484
2420848484848485858585858585858686868686868686858585858585858686868686868686868686868686878787878787878787878788888888888888
2421888888888888888888888888888888888888888888888888888888888888888888888888888888888888888888888888898989898989898989898989
2422898989898989898989898989899090909090909090909090909090909090909090909090919191919191919191919191919191919191919191919191
2423919191919191919191919191919191919191919191919192929292929292929292929292929292929292929292929393939292929292929292929191
2500929292929292929292929292929292929292929292929292929292929292929292929292929292929292929292929393939393939393939393939393
2501939393939393939393939393939392929292929292929292929191919191919190919191919191919191919191929292929292929292929292929292
2502929292929292929292929293939392929393939393939393939393939393939393939393939393939393939393939393939393939393939393939393
2503939393939393939393939393939393939393939393939393939393939393939393939393939393939393939393939394949494949494949494949494
2504949494949494949494949494949494949494949494949494949494949494949494949494949494949494949494949494949494949494949494949494
2505949494949494949494949494949494949494949494949494949494949494949494949494949494949494949494949494899494949494949494949494
2506949494949494949494949494949494949494949494949494949494949494949494949494949494949494949494949494949494949494949494949494
2507959595959595959595959595959595959595959595959595959595959595959595959595959595959595959595959595959595959595959595959595
2508959595959595959595959594949495959594959594949495959595959595959595959595959595959595959595959595959595959595959595959595
2509959595959595959595959595959595959595959595959595959595959595959595959595959595959595959595959595959595959595959595959595
2510959595849595959595959595959595959595959595959595959595959595959595959595959595959595959595959595959595959595959595959595
2511959595959595959595959595959595959595959595959595959595959595959595959595959595959595959595959595959595959595959595959595
2512959595959595959595959595959595959595959595959595959595959596959595959596959696969696969696969696969696969696969696969696
2513969696969696969696969696969696969696969696969595959595959494939291909089888685858583848383838383838382828181808081818079
2514787878787878797878787878787777767676747676767575757475757574747372737271707071717171706868696767676869697069697070686661
2515575654565557596059595857565555565555545454545454555554545454555455555456555657585958595859585959585856565556565554555553
2516545455545354545454545352525051505150515050505051505151505151515051494949484849494948474848484749474647484747484849494846
2517474747474747464646454546454547464646464647454647474747484847464646474647474848474647474847495052545357585456575961626261
2518596161616062646464656362636363636465636364666869707071717171706969736970707171727272727373747475767677777778787979797979
2519808081818282828383838383848484858585858585858686868686868687878787878787888888888888888888888888888888888888888888888889
2520898989908989898989898989898989898989898989898989898989898989898989898990909090909090909090909090909090909090909090909091
2521919192929190888685848382828281818181818080808080808080807979808080807980808081818181818181818181818282828282828282828281
2522818181828281818181818181818181818181818282828283838383838383838484858585858585858586868686868687748685858585858585858585
2523858585848484858585868686868686868686868686878787878788888888888889898989898989898989909090898989898989899090909090909090
2600909090909090909090909090909090909090909090909191919191919191919191919191919191929292929292929292929292929292929292929292
2601929292929292929291919191919191919191919191919191919191919191919191919191919191919191919190909089898988888888888888888889
2602898989898989898989898989898989898989898989898989898989898989899090909090909090909090909090909090909090909090909090909090
2603909090909090898989898989898989898989898989898989898989898989909089898989898989898989898989898989898989898989898989898989
2604898989898989898989898989898888888787878787878787878787878787878787878787888888888888888888888888888888888888888888888888
2605888888888888888888888888888888888888888888888787878787878787878787878787878888888888888788888888888888888888888888888888
2606888888888888888888888888888888888888888888888989898989898989898989898989898989898989898989898989898989898989898989898989
2607898989898989909090909090909090909090909090909090909090909090909090909090909090909090909089898989898989898989898989898989
2608899090909090909090909090908989898989898989898989898989898989898989898989898989898989898989898989898989898989909090909090
2609909090909090909090909090909090909090909090909090909090909090909090909090909090909090909191919191919191919292929292929292
2610929292929292929292929292929292929292929292929292929292939393939393939393939393939393939393939393939393939393939393939393
2611939393939393939393939393939393939393939393939393939393939393939393939393939393939393939393939393939393939393939393939393
2612939393939393939393939393939393939393939393939393939393939393939393939393939393939393939393939393939393939393939393939393
2613939393939393939393939393939393939393939393939393939393939393939393929292929292929292929191919190909090909090908989898989
2614898989888888888888888888888888888888888888888888888888888888888888888888888887888787878787878887878887878787878787878787
2615878787878787878787878786868686868686868686858585858585858585858585858585848484848484848484848484848484848484848484848484
2616848484848485858585858585858585858585858585858585858585858585858585858585858584848484848484848484848485858585858585858585
2617858585858585858585858585858585858585858585858585858585858585858585848485858585858585858585858585858585858585858585858585
2618858585858585858585858585858585858585858585858585858585858585858585858585858586868686868686868686868686868686868686868686
2619868686868686868686868686868687878787878787878787878787878788888888888888888888888889898989898989898989898989898989898989
2620898989898989898989898989898989898989898989898989898989898989898989898989898989898989898989898989898989898988888888888888
2621888888888888888888888888888888888989898989898989898989898989898989898989898989898989898989898989898989898989898888888888
2622888888888887878787878787878786868686868686858585858585858584848484838282828181818181807977747273727170696869666664656564
2623646363636263626161616162616062626059605958585859595857565655565655565454545455555656555354525254545454555353545453535252
2700515051505051505150504949504949484848484948484748484848474748484848484846464647474747474546464746464647474747484848484848
2701484848484949494949484948484949504949504948484847474746464647474644424342424343414040393940414038383839384039383939393737
2702373736353535353534343334343535363435333533333534353534333333333333333333343534353533333435343434343434343433333334323333
2703333334343434333333333334343433323332333333333334333232333232323233323334343233333333333332333232323332323231323132323231
2704313232323232323331313232323332333433333433333333333232323333323433333231323232323232333233333232323332323333333333333232
2705333333333332323231302931313233323131313031323132323333343332333231313132313132323132313131313232323232313233333233312931
2706293029292829282829292828282727292829292929293030293029302929293029293030303030303030313032313231313131313232323132323233
2707323233333232323133323234333332323233323233333332333334363637393840394037353837363636343737363635353334353335353637373736
2708363738424445464444413939394038393942414545434340403840444241424140374442444343414345414144474848474748505049494946465153
2709535658606263616162626364646463626162626365676765626161616365646668656261636260605955586163636164656669696667697066677070
2710706762565658615752555860615960585658585353596261636564646258484336343535323131343429282729282827282928272829272627262627
2711252627272626262727252726252728262526252524252525272624262525262726272624262626262523242624262625262626262527262526262724
2712242525252675252425252426242324262423222322212323222325222220222222222322202222222220222222222121222321212322222121232120
2713212021202021211919211818181917191920191920202019192021201820191921222120192020202019192019212219191918191918182120212119
2714191920192018191719202120201818181821191919191819202020181818201819191820191920181919181818181818182020201920191920212221
2715202120212222202021202120212021202019201919202120202018202018192019201920202319202119192021192021192019191918191919191817
2716181818181820201819191920201920182018202083201920211918202021212020192021192019212020182019192020191918201920212018191919
2717211919201919191922202021212123212220212121202020202020212120212021212321222222222223242323242323252523232422232523212122
2718232324232324242323232325252526262524252625262727262725272626272727273030292729302930293130343533363639444441404142414139
2719383840403940424244434449504850515047484849505253545351525353535454555556585859585657585958565657575857555558606161616160
27205960616162626262625959606061605958575757575857596162646565666564646465//656565656565656670727069696766646059575552525352
2721515049495051525153555453545655555657575756555555545659585959565456565858565555585859565959595960606059595958585757585959
2722596159585958585858585756555555545454545555565656555758575858585858575757565756575757605961616162636467686869686969707071
2723717070717171717171727272727272717171717172727372717071716867686970717272737374737373737474747575757574747474747575757575
28007676767576767676777777787878787877767574747474747475757677777878787877777675757474747575757575757576//777777777777777878
2801787979797980807979797979798080808080818180808080808081818182828282828383838383838484848484848484848484848484848483828282
2802828282828282828282828282828280797876757575767775767777777776757475767777767678787979797979797979777674727070717068686767
2803696970706968707273737373747576777777787879798079808079787878787777777777787878777676757473737475757676767677777777777878
2804787878787878787778787980807979808081818181818179797878797979777674747273737473727171717275767676777777777676767576767676
2805757576767676767676777776757574747475757573737575747574757676777777787879808081818080797978787979808181818181818181818181
2806818180787674747270696868686666656767656768686967676666636364636262636461626565676969707172747576767575757574747269666665
2807656367666465676870717171717171717271717171717172706868696965656868676664636263646563626262626262636266676869707173737373
2808727170706968666666687174737271727373737372727273737474747576777879787878777776757574747474757575767778767574747372737373
2809737474747576767574747575757575757575767676777878797979797979787878787978787877767674717069686767686766656565646464646464
2810636364636464646464646463636465636364646362616363636261626362626161616059585958575859585858585857565757565656555555565555
2811565555555556555554545455555554535353545555535453535352525353535353535352525251515151505250494748484949504948484848494948
2812494848484848484848484848464847484848474748474748484847474747464747464847484647474746464546464646454645464646454647464546
2813464547484645454645464644454344454746454645454544444445444647464645454545424343454443434343434343444544444445444343424444
2814444343424444444443444443444445434243434444434444434344444444434243444443444544444344434444444444444543434444434343434545
2815434445444343434443434342434243424343444443424443424243444444434343444343444444434243444343424243444343434344434342434244
2816424343444243444242434342424242444342424343434241424343444543434343434343444444434343444444444444444344444444444444454444
2817434344444545464645464545464647474748474747484748494947474747464748484747474848464545464747474847484747474847474646464645
2818464646464746474646464647474647474747464646474746474747474848484847474848484747484747474848484748474747464746474747474747
2819474747474747484949494950515048495152525353535151515553575960606160605960606060605859605958575857585960606057575758596059
2820596060606060605959596060616362646565656464646464636362626059585858585858575757575858595960606059596060606060606061616161
2821616161626262636464646465656667676768686868686868696969686665656566656667697071717272727374747475757676777777777776767676
2822767677777878787878787979797979797979797979797979797979797980808081818181818081818181818080808181818181818181818181818181
2823818181818181828181818182828282828282828283838383838384848484848485858484848484858585858585868685858585858585858585868686
2900868686868685858584848585858484858584848485858585868686868686868787878787878787878787878787878787878787878787878888888888
2901888787878787888888888888888888888887878787878787878888878787878787878788878888888888888888888888888787878787878787888888
2902888988888787868686868585858585858585858584848485868586868686878787878787878787878788888888888888888888888787888888888888
2903888888888889898888888888888889898989888989898989898989898989898989898989898989898989898989898989899090898989909090909090
2904909090909090909090909090909090909090909090909090909090909090909090909090909090919191919191919191919191919191919191919191
2905919191919191919191919191919191919191919191919191919191919191919191919191919191919191919292929292929292929292929292929292
2906929292929292929292929292929292929191919292929292929292929292929291919191919191919191929292929291919292929292929292929292
2907929292929292929292929292929292929292929292929292929292929292929292929292929292929292929292929292929292929292929292929292
2908929292929292929292929292929292929292929292929292929292929292929292929292929292929292929292929292929292929292929292929292
2909929292929292929292929292929292929292929292929292929292929292929293939393939393939393939393939393939393939393939393939393
2910939393939393939393939393939393939393939393939393939393939293939393929292929291919090898887878686868585858585848484848383
2911838383838281818181818180808080807979797979797978787878787777777777777676767676767575767675757574747575757575747272727171
2912707069697069686767676665656565646463636463636362626262616161616060595959595958585857575857565656565757565556565555555555
2913545252505049494950494948505052514949515150484849494847474646454847484748474847484848484848484849484847474646464646444545
2914454644444241417244424142414242414141394140414141414042423937383737373839413940404040403937383839393938393939383838393939
2915393942383739403938373839383838373737373736363637393738363836383738373638383837373839373738373636373738373536363737383737
2916373738363637373837373737373938383839373738363738373837373837373739383939424139403939414041414140404041404040404039413940
2917404141414139393940414041404040403939404039403939403939394040393838393939394041393838383940403939383838384038393838393939
2918403939414241414041424142414243444443434242427242434344434343434344454645474749505049494952535353555656565758585756575657
2919596060616162626362626365656565666666686868676868696969686868686969707070717172727272727373737272737373737474747474757575
2920757575757676767676777777777777767676787876737067636160616162626363626263636464646463646464646465666667676768686970717172
2921727273737474757575757676777777777778787878787878787878787878797979797979798080808081818181828281828282828281818181818181
2922818182828282828282828282828282838383838383838383838383838383838383838383837583848484848484848484848484848585858585858585
2923858585848483838383838383838383848484848484848484848484848484848484848484848484848484838484848484848484848484848485858585
3000858585858585858585858585858585858686868686868686868686868787878787878787878787878787878787878787878787878787878787878787
3001878787878787878788888887878888888888888888888888888888888888898989898989898988888888898989898989898989898989898989898989
3002898989898989909090909090909089898989898989899090909090909090909090909090909090909090908989898989898989897088888888888888
3003888888888888888888888888888888878787878787878787878888888888888887878686858483828080797979798080818282838384848484858585
3004858585858585858585858585858585858585858585858585858686868686868686868686868686868685858585858585858585858585858484848585
3005858585858585858585858585858585858484848484848484848484848484848484848484858585858585858585858585858585848484838383838382
3006828383828179777675757474747575757575757575757576777777777777777777787877777676757575767677777878787878787878797980797979
3007797980808080817881828282828383828282828282828282828282828281818181808080798080797979787777767575747474747474757576777777
3008777676767777767675747373737171717272737373747474747474757678787979797979797980808081818181818180807979797979797979797979
3009787878787777777676767676767676767676767676767676767676767676767777777777777777777676767676777777777777777777777776767777
3010777776767676767675757575757575757575757676757474747374747373737474747474747474747473737373727272727271717172727273737272
3011727272717171727070707070706969707071717170717171717170696970706969696968686767666767676768686868676768676867676667666665
3012656566666665656665656564656464646564646464646565666464656464646363646363646463636362626262626262636263626162616260616161
3013616061606060606060595959595959596059595959595858585757585859585858585959585657565555565555555556565756565757565555555555
3014575757575756565757565557575656555656555657565655555556555555565656555555555555565555565455555655555556575654545554545454
3015555555565654555555555555565556565656555655555553535453535455545355545453535453535454545454545454555555555354555554535455
3016555554545453545454545453535354545455545454545454535353535352535353545454535454545454535453545454545454545454545454545455
3017555554555655555354545454545454545455545555555556565656575857575758585758585858595959585959596059595959595959596060606161
3018616060606060595959606060606060606161616161616161626161616162626162616161616161616161616162616161616161616161616162616162
3019626262626261626262626363646362626363636666676767666767676968707070707070707170707070717171717171717273747372727273737374
3020747475757575757576767675747372727373737374737374747474757573737273737272727272727272717170707069696969696969696868686868
3021686868686868686868686868686868676767676767676767676767686868686868686969697070707171727272727372727373737373737373737475
3022757575757575757675757676767676767677777777787878787878787878787878787878787878787878787979797979797979797979798080808080
3023808080808080808080808080808181808081818181818181818282828282828282828282828282828383838384848484848484848484848484848483
3100838383838383838383838382818181818181797878797978777877777675757574747473737373727272727272727272737372727272727272727272
3101727272727272727272727273737373737373737373737373737474757575757575757676767778787878787878787776767675757575747575767777
3102787879797980818181828282828282838383838383838383838383838384848484848483838383838484848484848485858585858585848484838382
3103828281818181808080808080797979797979797980808080808080808080808081818181818181818181818181818181808080807979797979797979
3104808079797979808080808080808080808080808080808081818181818181818182828282828282828383838383838383838384848483838383838384
3105848484848484848484848484848484848484848484858585858585858585858585858585858585858585858484848483838282828282838383838384
3106848484848484858585858585858586868686868686868686868686868686868686868686868686868687878787878787878787878787878787868686
3107868686868686868686878787878787878787878787878787878787878787878787878787878686868686868685858585858585858585858585858585
3108858585858585858585858585858585858585848484848484848484848484848484848484848484848484848383838383838383838383838383838383
3109838383838383838383838383838384848484848484848485858585858585858585858585858585858585868686868686868686868687878787878787
3110878787878787878787878787878787878788888888888888888888888888888787878787868686868686868686868686868686858585858484848484
3111848484848383838383838383838382828281808181818181808181818180808080808080808080808079808080808080808081818181818181818181
3112808080808081818181818282818180818181828282838383838384848383838383838383848483838281818181818282818281818181818181818181
3113808080808181818181818181808080808081808080808079797979797979797979797978797978787878787877777777777777777878787776767676
3114767576767575767575757575757474737273737373747472727171727475757575747474737475747373737373737271717269696968686968676766
3115676767676768686766666767666667656666676767666665656666676866666768666565656566646564656665656665656464636463636364646363
3116636363636465656665656464656465656564646464646464646463636464646464646465646565666564656464646466656465656464646565646463
3117646564646463636364646564636363636363636363626362626362626262626263636361626262626262616161616262626362616161626263636363
3118636666666767676768686868686869696969696969696969696969707070707069696969696969696969696970696970717070707070707170707070
3119707070707070697070707070717070707069707069697072737475757575747576767677787878787879797980808181818180807979797877777676
3120757574747474747474747474747474747474747374747575777575757575757575757576757575747372727271717171707070696969696969696969
