58265 3204N 12136E 000055 000065 105 000 S11 11111999119199111911 0 2011 02
PC
9705 9711 9714 9716 9713 9708 9704 9696 9692 9688 9693 9698
9702 9706 9706 9699 9686 9669 9659 9654 9653 9657 9663 9668 9717 0034 9652 1651.
9670 9672 9670 9671 9668 9664 9658 9652 9651 9651 9654 9659
9664 9672 9670 9661 9646 9633 9622 9617 9616 9621 9630 9640 9673 2221 9615 1701.
9647 9646 9643 9642 9639 9640 9641 9640 9639 9644 9650 9654
9659 9662 9664 9655 9639 9623 9612 9607 9606 9607 9611 9613 9665 1036 9604 1725.
9616 9617 9619 9616 9614 9612 9609 9606 9603 9607 9615 9621
9631 9640 9648 9647 9636 9627 9618 9615 9616 9617 9621 9630 9649 1111 9602 0509.
9632 9631 9632 9629 9626 9623 9622 9614 9607 9602 9600 9600
9601 9602 9601 9597 9584 9572 9570 9573 9576 9581 9588 9595 9634 2124 9570 1452.
9602 9608 9608 9608 9605 9604 9604 9602 9598 9599 9603 9607
9612 9618 9614 9601 9587 9571 9561 9555 9551 9549 9553 9559 9619 0950 9549 1750.
9566 9573 9572 9570 9563 9557 9552 9546 9544 9537 9537 9538
9538 9539 9536 9526 9512 9495 9485 9485 9489 9498 9507 9521 9575 2209 9484 1534.
9532 9539 9541 9542 9538 9534 9527 9520 9516 9511 9514 9516
9515 9516 9512 9500 9482 9462 9448 9441 9440 9442 9450 9459 9543 2323 9440 1621.
9468 9476 9480 9484 9483 9484 9482 9482 9484 9485 9492 9500
9508 9512 9516 9515 9510 9503 9499 9507 9517 9527 9540 9548 9548 2000 9459 2001.
9561 9569 9572 9571 9574 9573 9573 9572 9573 9574 9582 9589
9599 9605 9609 9608 9598 9585 9576 9575 9576 9582 9588 9596 9610 1120 9548 2001.
9604 9610 9612 9615 9617 9620 9622 9621 9625 9635 9643 9654
9665 9673 9679 9675 9665 9650 9641 9635 9630 9631 9636 9640 9680 1111 9596 2003.
9642 9644 9643 9639 9633 9629 9625 9617 9617 9616 9620 9622
9626 9633 9629 9625 9616 9604 9601 9593 9603 9610 9623 9629 9646 2209 9591 1605.
9641 9649 9657 9660 9662 9663 9661 9658 9656 9658 9660 9665
9675 9680 9680 9676 9663 9646 9635 9633 9633 9637 9644 9653 9681 1022 9629 2001.
9661 9662 9664 9660 9655 9651 9646 9641 9634 9632 9631 9634
9636 9637 9637 9631 9617 9601 9588 9584 9586 9590 9597 9604 9664 2231 9584 1558.
9611 9617 9619 9622 9615 9610 9603 9596 9589 9591 9591 9595
9599 9601 9602 9599 9590 9576 9566 9568 9579 9577 9593 9608 9623 2344 9565 1519.
9620 9625 9627 9622 9616 9615 9608 9608 9604 9604 9607 9610
9616 9619 9618 9616 9606 9596 9591 9589 9591 9596 9610 9621 9628 2240 9587 1626.
9630 9638 9640 9643 9642 9640 9638 9626 9621 9622 9623 9629
9635 9640 9633 9632 9617 9601 9588 9581 9575 9575 9580 9584 9644 2344 9572 1744.
9589 9592 9597 9595 9594 9594 9590 9590 9590 9587 9593 9604
9610 9614 9617 9613 9602 9592 9584 9583 9589 9596 9607 9617 9618 1050 9582 0332.
9628 9637 9642 9646 9646 9644 9645 9643 9637 9638 9641 9648
9652 9656 9653 9646 9636 9623 9616 9617 9620 9623 9630 9640 9656 1000 9615 1518.
9651 9655 9659 9658 9654 9651 9646 9639 9635 9634 9637 9643
9649 9653 9653 9650 9639 9627 9617 9613 9611 9615 9621 9627 9660 2257 9611 1648.
9633 9638 9640 9637 9635 0043 0045 0045 0052 9620 9620 9625
9629 9632 9627 9619 9606 9590 9579 9573 9572 9577 9584 9594 0045 0300 9572 1644.
9601 9607 9608 9609 9609 9613 9612 9610 9617 9619 9625 9636
9641 9645 9644 9640 9629 9617 9608 9603 9603 9609 9616 9622 9646 1033 9594 2006.
9630 9632 9634 9629 9621 9616 9609 9604 9600 9602 9602 9607
9613 9616 9610 9603 9589 9576 9564 9559 9556 9556 9559 9565 9635 2238 9555 1731.
9571 9575 9576 9572 9568 9564 9558 9554 9555 9556 9558 9561
9567 9568 9567 9560 9545 9532 9519 9509 9505 9506 9510 9515 9577 2219 9504 1703.
9522 9526 9526 9524 9523 9522 9520 9518 9515 9519 9525 9530
9540 9543 9539 9534 9522 9510 9498 9492 9490 9496 9504 9515 9544 0928 9490 1658.
9519 9524 9529 9528 9523 9521 9516 9513 9509 9510 9513 9517
9522 9519 9520 9512 9494 9478 9467 9461 9458 9462 9470 9481 9531 2324 9457 1654.
9494 9507 9515 9523 9527 9528 9527 9523 9521 9525 9534 9540
9548 9550 9546 9537 9525 9509 9497 9488 9485 9489 9498 9506 9551 0944 9481 2001.
9514 9519 9528 9532 9532 9534 9534 9533 9534 9538 9547 9557
9569 9576 9578 9576 9570 9562 9556 9559 9564 9574 9590 9607 9607 2000 9506 2002=
9716 9706 9677 9676
9672 9667 9641 9648
9648 9662 9631 9621
9620 9629 9635 9638
9631 9608 9580 9603
9612 9615 9579 9567
9565 9546 9503 9529
9542 9524 9469 9467
9491 9508 9510 9556
9581 9597 9593 9604
9628 9662 9658 9648
9637 9630 9612 9637
9671 9673 9654 9661
9659 9642 9609 9612
9618 9603 9584 9616
9623 9618 9604 9629
9648 9637 9609 9592
9602 9612 9600 9625
9652 9656 9631 9648
9659 9651 9635 9635
0051 9633 9598 9602
9621 9644 9625 9630
9624 9615 9583 9573
9571 9569 9539 9522
9529 9537 9517 9522
9528 9524 9485 9488
9535 9547 9516 9513
9541 9564 9569 9614=
TB
0032 0030 0025 0027 0019 0017 0026 0011 0011 0010 0009 0011
0010 0014 0018 0032 0062 0072 0079 0083 0084 0076 0060 0048 0090 1709 0006 0434.
0039 0014 0008 0000 -001 -004 -005 0000 0017 0016 0013 0015
0020 0026 0036 0056 0069 0078 0080 0084 0083 0076 0072 0062 0086 1602 -007 0236.
0059 0058 0043 0032 0039 0041 0043 0042 0042 0042 0045 0042
0046 0056 0066 0076 0089 0098 0098 0098 0091 0082 0064 0049 0103 1408 0032 2341.
0054 0051 0050 0048 0043 0043 0032 0030 0038 0039 0041 0041
0051 0063 0079 0091 0112 0122 0127 0133 0130 0118 0092 0085 0138 1511 0021 0343.
0069 0064 0043 0049 0031 0030 0046 0019 0013 0011 0008 0003
0024 0065 0091 0106 0118 0121 0115 0112 0111 0104 0069 0047 0125 1409 0002 0734.
0038 0032 0027 0026 0020 0018 0013 0012 0007 0005 0010 0006
0025 0059 0086 0102 0115 0126 0131 0132 0129 0120 0081 0067 0138 1522 0004 0559.
0053 0046 0039 0040 0036 0026 0029 0023 0020 0017 0017 0013
0029 0066 0090 0104 0123 0131 0139 0141 0135 0126 0101 0082 0142 1504 0011 0741.
0076 0068 0060 0048 0044 0045 0036 0030 0030 0028 0032 0033
0046 0063 0095 0110 0135 0140 0151 0155 0153 0141 0109 0085 0157 1535 0026 0628.
0085 0105 0103 0096 0081 0078 0064 0054 0061 0072 0084 0079
0083 0090 0093 0100 0107 0113 0119 0117 0113 0112 0103 0098 0120 1455 0051 0411.
0100 0097 0093 0087 0084 0082 0081 0076 0076 0078 0081 0078
0081 0085 0090 0097 0106 0111 0113 0113 0112 0107 0104 0094 0118 1445 0075 0424.
0092 0087 0084 0083 0085 0084 0079 0079 0078 0083 0077 0077
0077 0072 0069 0072 0075 0077 0076 0075 0073 0071 0066 0065 0100 2013 0065 1937.
0064 0061 0059 0057 0055 0055 0056 0057 0058 0057 0057 0058
0060 0061 0061 0063 0064 0069 0063 0063 0060 0059 0058 0057 0071 1404 0054 0111.
0054 0054 0053 0053 0051 0048 0047 0045 0045 0044 0044 0040
0051 0067 0067 0076 0090 0098 0101 0099 0094 0089 0082 0080 0108 1531 0040 0740.
0077 0074 0072 0067 0068 0065 0064 0058 0058 0055 0052 0053
0060 0067 0067 0068 0061 0060 0059 0059 0060 0054 0054 0050 0080 2001 0050 1951.
0052 0053 0055 0055 0054 0054 0052 0053 0052 0052 0053 0053
0056 0059 0064 0063 0065 0065 0074 0074 0072 0075 0071 0063 0076 1554 0050 2001.
0052 0051 0052 0051 0051 0050 0049 0049 0048 0048 0049 0049
0050 0054 0062 0066 0066 0069 0075 0076 0077 0076 0068 0061 0077 1513 0048 0424.
0047 0062 0056 0039 0025 0030 0026 0026 0025 0010 0029 0034
0044 0065 0083 0091 0100 0106 0111 0114 0111 0104 0097 0087 0117 1439 0009 0606.
0088 0085 0077 0068 0065 0064 0062 0060 0061 0053 0054 0056
0064 0077 0084 0088 0089 0090 0091 0090 0090 0078 0072 0072 0092 1250 0053 0544.
0072 0066 0064 0065 0064 0063 0064 0063 0062 0062 0062 0062
0067 0072 0078 0083 0085 0084 0080 0079 0077 0072 0071 0069 0088 1356 0061 0643.
0067 0066 0064 0064 0065 0065 0059 0054 0059 0058 0058 0060
0064 0070 0072 0078 0082 0090 0092 0092 0092 0089 0081 0078 0095 1453 0052 0405.
0076 0080 0073 0070 0068 0067 0067 0065 0066 0066 0066 0068
0071 0073 0079 0081 0085 0090 0084 0083 0083 0082 0081 0080 0092 1338 0065 0356.
0079 0077 0076 0072 0070 0071 0064 0063 0072 0066 0065 0064
0071 0085 0095 0114 0129 0141 0145 0149 0148 0140 0124 0108 0157 1609 0062 0354.
0116 0104 0102 0100 0097 0088 0081 0085 0074 0064 0055 0052
0079 0115 0134 0143 0157 0165 0179 0180 0182 0168 0144 0110 0183 1649 0052 0748.
0111 0089 0082 0075 0072 0069 0063 0061 0059 0078 0082 0086
0104 0118 0129 0137 0143 0149 0158 0153 0152 0147 0142 0138 0159 1505 0056 0443.
0134 0131 0128 0117 0121 0113 0116 0117 0113 0116 0117 0111
0117 0128 0151 0168 0181 0193 0197 0191 0179 0168 0158 0151 0206 1446 0110 0219.
0146 0143 0133 0129 0128 0127 0123 0122 0118 0114 0106 0098
0120 0142 0152 0168 0183 0187 0189 0191 0187 0179 0166 0156 0197 1427 0097 0738.
0149 0146 0140 0138 0134 0128 0117 0101 0087 0087 0077 0077
0121 0142 0159 0172 0180 0190 0192 0195 0190 0180 0171 0159 0202 1448 0073 0734.
0157 0155 0146 0139 0129 0126 0124 0119 0117 0118 0120 0122
0124 0124 0123 0123 0123 0125 0129 0126 0126 0122 0118 0116 0159 2005 0116 0427=
IB
=
0006 0011 0007 0012 0003 0004 0014 -004 0002 0001 0002 0004
0003 0010 0014 0028 0017 0006 -003 -002 -011 0006 0011 0002.
0004 -007 -010 -016 -014 -015 -015 -010 0007 0007 0004 0008
0013 0022 0021 0013 0001 -004 -005 -006 -010 -001 0006 0013.
0011 0010 0008 0009 0019 0020 0020 0021 0021 0021 0015 0017
0021 0019 0017 0014 0009 0004 0004 -007 0008 0004 0005 0012.
0015 0018 0020 0022 0018 0022 0012 0014 0015 0014 0015 0018
0025 0022 0022 0015 0012 -007 -002 -004 -006 0009 0014 0016.
0016 0011 0012 0010 0003 0011 0011 -004 -005 -005 -007 -010
0012 0028 0022 0012 0003 -004 0003 0017 0008 0012 0018 0012.
0013 0011 0008 0007 0002 0000 -003 -003 -007 -008 -005 -008
0012 0014 0022 0018 0017 0013 -002 0012 0016 0016 0023 0031.
0025 0023 0018 0015 0016 0008 0011 0007 0004 0002 0004 0000
0019 0044 0030 0030 0025 0014 0022 0017 0015 0022 0029 0035.
0038 0036 0033 0025 0023 0022 0018 0014 0015 0015 0020 0021
0036 0043 0045 0042 0041 0038 0026 0023 0018 0030 0039 0039.
0041 0044 0042 0042 0039 0046 0037 0031 0041 0052 0048 0047
0049 0050 0051 0050 0053 0043 0044 0047 0058 0051 0044 0060.
0028 0037 0043 0049 0053 0057 0056 0056 0059 0064 0067 0063
0061 0053 0050 0051 0049 0046 0036 0036 0037 0040 0041 0046.
0052 0056 0057 0056 0056 0055 0059 0062 0061 0052 0057 0057
0052 0043 0044 0045 0037 0030 0027 0028 0026 0024 0027 0029.
0030 0031 0036 0035 0035 0035 0036 0034 0035 0034 0034 0033
0033 0034 0041 0040 0039 0035 0033 0031 0026 0029 0024 0023.
0022 0019 0020 0021 0021 0025 0027 0025 0027 0026 0027 0024
0036 0035 0033 0031 0026 0019 0025 0015 0025 0018 0020 0025.
0026 0029 0029 0030 0031 0029 0032 0033 0035 0032 0032 0035
0037 0037 0026 0025 0029 0026 0031 0025 0028 0032 0036 0033.
0037 0038 0040 0038 0039 0041 0039 0040 0040 0042 0041 0040
0042 0041 0039 0038 0037 0035 0031 0029 0025 0026 0024 0028.
0032 0030 0022 0019 0018 0015 0016 0014 0013 0015 0014 0012
0018 0019 0017 0015 0011 0006 0007 0006 0007 0008 0021 0024.
0019 0023 0024 0013 0006 0014 0013 0014 0013 -002 0019 0024
0029 0029 0025 0018 0014 0012 0019 0024 0029 0010 0008 0018.
0026 0021 0028 0034 0037 0036 0034 0035 0033 0032 0034 0036
0042 0043 0024 0026 0020 0023 0020 0021 0019 0038 0047 0049.
0040 0044 0049 0048 0046 0043 0044 0043 0042 0040 0040 0039
0042 0040 0038 0034 0023 0037 0042 0039 0041 0043 0041 0042.
0044 0046 0046 0046 0047 0043 0039 0037 0045 0044 0044 0048
0052 0053 0043 0040 0038 0038 0018 0011 0009 0022 0041 0042.
0044 0031 0035 0036 0039 0044 0045 0045 -397 0046 0048 0043
0042 0043 0041 0039 0037 0034 0030 0034 0034 0035 0032 0027.
0030 0032 0033 0033 0032 0032 0036 0036 0040 0030 0031 0032
0032 0027 0033 0024 0016 0024 0014 0021 0024 0032 0034 0043.
0039 0043 0041 0044 0045 0048 0047 0043 0042 0041 0035 0034
0059 0052 0056 0034 0038 0021 0030 0031 0029 0042 0052 0057.
0062 0058 0057 0053 0053 0052 0046 0046 0045 0067 0070 0069
0071 0069 0063 0061 0059 0057 0060 0061 0057 0060 0063 0064.
0063 0058 0057 0064 0064 0070 0067 0064 0066 0067 0068 0074
0074 0075 0069 0066 0053 0046 0050 0052 0067 0066 0073 0083.
0085 0087 0086 0084 0083 0082 0082 0081 0081 0081 0080 0076
0087 0086 0082 0080 0077 0075 0080 0081 0081 0085 0086 0086.
0086 0081 0075 0054 0043 0050 0056 0063 0058 0056 0053 0057
0070 0058 0055 0064 0059 0062 0049 0048 0040 0042 0044 0052.
0056 0057 0054 0050 0048 0048 0036 0029 0027 0025 0025 0021
0026 0028 0022 0022 0010 0009 0006 0004 0000 0003 -007 -012=
EA
064 066 064 067 062 063 068 060 062 062 062 063
062 066 067 075 069 064 060 060 056 064 066 062.
063 058 057 054 055 055 055 057 064 064 063 065
067 071 071 067 062 059 059 058 057 061 064 067.
066 065 065 065 070 070 071 071 071 071 068 069
071 070 069 068 065 063 063 058 065 063 063 067.
068 069 071 071 070 071 067 067 068 068 068 070
073 072 071 068 066 058 060 060 058 065 067 069.
069 066 066 066 063 066 066 060 059 059 058 057
067 074 072 066 062 059 062 069 065 067 070 067.
067 066 065 064 062 061 060 060 058 058 059 057
067 068 071 070 069 067 060 067 068 069 072 077.
073 072 069 068 069 065 066 064 063 062 063 061
070 084 076 076 073 068 071 069 068 071 075 078.
080 079 078 073 072 072 070 067 068 068 071 071
079 083 084 083 082 080 074 072 069 076 081 081.
082 084 083 082 081 085 080 076 082 088 086 085
086 087 088 087 089 083 084 085 092 088 084 093.
075 079 083 087 089 091 091 091 093 096 098 095
094 089 087 088 087 085 079 079 080 081 082 085.
088 091 091 091 091 090 093 095 094 089 091 091
088 083 084 084 080 076 074 075 074 073 074 075.
076 076 079 079 079 079 079 078 078 078 078 077
078 078 082 081 081 079 077 076 074 075 073 072.
072 070 070 071 071 073 074 073 074 074 074 072
079 078 077 076 073 070 073 068 073 070 071 073.
074 075 075 076 076 075 077 077 078 077 077 078
079 079 074 073 075 074 076 073 075 077 079 078.
080 080 081 080 081 082 080 081 081 082 082 081
083 082 081 080 079 078 076 075 073 074 073 074.
077 076 072 070 069 068 068 068 067 068 068 067
070 070 069 068 066 064 064 064 064 065 071 072.
070 072 073 067 064 067 067 068 067 060 070 072
075 075 073 069 067 066 070 073 075 066 065 070.
074 071 075 078 079 079 078 079 077 077 078 079
083 083 073 074 071 072 070 071 070 080 085 086.
081 084 086 086 085 083 084 083 082 081 081 081
082 081 080 078 072 079 083 081 082 083 082 083.
083 085 085 085 085 083 081 080 084 084 084 086
088 089 083 081 080 080 070 066 065 072 082 082.
083 076 079 079 081 083 084 084 002 085 086 083
083 083 082 081 080 078 076 078 078 078 077 074.
076 077 077 077 077 077 079 079 081 076 076 077
077 074 077 073 068 072 068 071 072 077 078 083.
081 083 082 083 084 086 085 083 082 082 079 078
093 088 091 078 080 071 076 076 075 082 089 092.
095 092 091 089 089 088 085 085 084 098 100 099
101 100 095 094 093 091 093 094 091 094 095 096.
095 092 092 096 096 100 098 096 098 098 099 103
103 103 099 098 089 085 087 088 098 098 102 110.
111 112 111 110 109 109 109 108 108 108 107 104
112 112 109 107 105 103 107 108 108 111 111 112.
112 108 104 090 083 087 091 095 092 091 089 091
100 092 090 096 093 094 087 086 081 083 084 088.
091 092 090 087 086 086 079 075 074 073 073 071
073 075 071 071 066 065 064 063 061 062 058 056=
UB
83 87 88 90 89 91 92 90 94 94 95 95
95 97 97 97 73 63 56 55 51 61 71 72 50 1655.
78 86 88 89 91 92 93 93 93 94 94 95
95 97 90 74 62 56 55 53 52 58 63 71 51 1640.
71 71 78 85 87 86 85 86 86 86 81 84
84 77 71 65 57 52 52 48 56 58 66 77 45 1624.
76 79 81 83 84 86 87 89 85 84 83 85
83 75 67 59 50 41 41 39 39 47 58 62 37 1513.
69 69 80 76 82 87 78 85 88 89 90 91
92 77 62 52 45 42 46 52 49 53 70 78 38 1414.
84 86 87 87 88 88 89 90 90 91 90 90
91 73 64 56 51 46 40 44 46 49 67 78 40 1500.
82 85 86 84 87 88 88 89 89 90 91 91
93 86 66 60 51 45 45 43 44 49 61 72 41 1601.
77 80 83 85 86 85 88 89 90 91 92 92
93 87 71 63 53 50 43 41 40 47 62 73 39 1630.
74 66 66 69 75 80 83 85 87 87 78 80
79 76 75 71 69 62 60 62 69 66 67 77 58 1520.
61 66 71 77 81 84 84 87 89 91 91 90
87 80 76 73 68 64 59 59 60 63 65 72 57 1516.
76 81 83 83 82 82 87 89 89 81 87 87
84 82 84 83 77 72 71 72 72 72 76 78 68 2013.
79 81 85 86 87 87 87 85 85 85 85 84
83 83 87 85 84 79 81 80 79 81 79 79 78 2001.
80 78 79 80 81 85 87 87 88 88 89 89
90 80 79 73 64 58 59 56 62 61 65 68 53 1533.
70 73 74 77 77 78 80 84 85 85 87 88
85 81 75 74 80 79 82 79 80 86 88 89 67 2004.
90 90 90 89 90 91 91 91 92 93 92 91
91 88 84 84 82 81 74 73 72 71 72 78 70 1809.
87 86 81 80 79 78 79 78 78 79 78 77
80 78 73 70 68 64 62 61 61 62 72 77 60 1705.
82 76 80 83 87 89 91 92 92 92 93 93
90 78 67 60 55 52 53 54 57 52 54 62 51 1513.
65 64 71 79 82 82 82 84 82 86 87 87
86 79 66 65 62 63 61 62 61 76 84 85 60 1655.
80 86 90 89 88 87 87 87 87 86 86 85
84 80 76 71 65 72 77 76 78 82 81 83 63 1352.
85 87 88 88 88 86 87 89 91 91 91 92
92 89 82 77 74 70 60 57 56 63 76 78 55 1626.
80 71 77 79 82 85 86 87 02 87 88 84
82 81 77 75 72 68 69 71 71 72 71 69 67 1353.
71 73 74 76 77 76 82 83 80 78 79 80
76 67 65 54 46 45 41 42 43 48 54 64 38 1617.
59 66 66 68 70 76 79 75 80 85 87 88
87 65 59 48 45 38 37 37 36 43 54 70 35 1520.
72 81 84 86 88 89 89 90 91 93 92 89
80 72 64 60 57 54 52 54 53 56 59 61 52 1500.
62 61 62 70 68 75 72 70 73 72 72 78
75 70 58 51 43 38 38 40 48 51 57 64 36 1448.
67 69 73 74 74 74 76 76 78 80 84 86
80 69 63 56 50 48 49 49 50 54 59 63 45 1430.
66 65 65 57 54 59 66 77 82 81 85 87
71 57 50 49 45 43 39 38 37 40 43 49 35 1620.
51 52 54 55 58 59 55 54 54 53 52 50
51 52 50 50 46 45 43 43 42 44 42 41 39 1943=
N=
H=
C=
VB
00000 00000 00000 00000 00000 00000 00000 00000 00000 00000 00000 00000
00000 00000 00000 00000 00000 00000 00000 00000 00000 00000 00000 00000 00000 2001.
00000 00000 00000 00000 00000 00000 00000 00000 00000 00000 00000 00000
00000 00000 00000 00000 00000 00000 00000 00000 00000 00000 00000 00000 00000 2001.
00000 00000 00000 00000 00000 00000 00000 00000 00000 00000 00000 00000
00000 00000 00000 00000 00000 00000 00000 00000 00000 00000 00000 00000 00000 2001.
00000 00000 00000 00000 00000 00000 00000 00000 00000 00000 00000 00000
00000 00000 00000 00000 00000 00000 00000 00000 00000 00000 00000 00000 00000 2001.
00000 00000 00000 00000 00000 00000 00000 00000 00000 00000 00000 00000
00000 00000 00000 00000 00000 00000 00000 00000 00000 00000 00000 00000 00000 2001.
00000 00000 00000 00000 00000 00000 00000 00000 00000 00000 00000 00000
00000 00000 00000 00000 00000 00000 00000 00000 00000 00000 00000 00000 00000 2001.
00000 00000 00000 00000 00000 00000 00000 00000 00000 00000 00000 00000
00000 00000 00000 00000 00000 00000 00000 00000 00000 00000 00000 00000 00000 2001.
00000 00000 00000 00000 00000 00000 00000 00000 00000 00000 00000 00000
00000 00000 00000 00000 00000 00000 00000 00000 00000 00000 00000 00000 00000 2001.
00000 00000 00000 00000 00000 00000 00000 00000 00000 00000 00000 00000
00000 00000 00000 00000 00000 00000 00000 00000 00000 00000 00000 00000 00000 2001.
00000 00000 00000 00000 00000 00000 00000 00000 00000 00000 00000 00000
00000 00000 00000 00000 00000 00000 00000 00000 00000 00000 00000 00000 00000 2001.
00000 00000 00000 00000 00000 00000 00000 00000 00000 00000 00000 00000
00000 00000 00000 00000 00000 00000 00000 00000 00000 00000 00000 00000 00000 2001.
00000 00000 00000 00000 00000 00000 00000 00000 00000 00000 00000 00000
00000 00000 00000 00000 00000 00000 00000 00000 00000 00000 00000 00000 00000 2001.
00000 00000 00000 00000 00000 00000 00000 00000 00000 00000 00000 00000
00000 00000 00000 00000 00000 00000 00000 00000 00000 00000 00000 00000 00000 2001.
00000 00000 00000 00000 00000 00000 00000 00000 00000 00000 00000 00000
00000 00000 00000 00000 00000 00000 00000 00000 00000 00000 00000 00000 00000 2001.
00000 00000 00000 00000 00000 00000 00000 00000 00000 00000 00000 00000
00000 00000 00000 00000 00000 00000 00000 00000 00000 00000 00000 00000 00000 2001.
00000 00000 00000 00000 00000 00000 00000 00000 00000 00000 00000 00000
00000 00000 00000 00000 00000 00000 00000 00000 00000 00000 00000 00000 00000 2001.
00000 00000 00000 00000 00000 00000 00000 00000 00000 00000 00000 00000
00000 00000 00000 00000 00000 00000 00000 00000 00000 00000 00000 00000 00000 2001.
00000 00000 00000 00000 00000 00000 00000 00000 00000 00000 00000 00000
00000 00000 00000 00000 00000 00000 00000 00000 00000 00000 00000 00000 00000 2001.
00000 00000 00000 00000 00000 00000 00000 00000 00000 00000 00000 00000
00000 00000 00000 00000 00000 00000 00000 00000 00000 00000 00000 00000 00000 2001.
00000 00000 00000 00000 00000 00000 00000 00000 00000 00000 00000 00000
00000 00000 00000 00000 00000 00000 00000 00000 00000 00000 00000 00000 00000 2001.
00000 00000 00000 00000 00000 00000 00000 00000 00163 00000 00000 00000
00000 00000 00000 00000 00000 00000 00000 00000 00000 00000 00000 00000 00000 2001.
00000 00000 00000 00000 00000 00000 00000 00000 14400 00000 00000 00000
00000 00000 00000 00000 00000 00000 00000 00000 00000 00000 00000 00000 00000 2001.
00000 00000 00000 00000 00000 00000 00000 00000 00000 00000 00000 00000
00000 00000 00000 00000 00000 00000 00000 00000 00000 00000 00000 00000 00000 2001.
00000 00000 00000 00000 00000 00000 00000 00000 00000 00000 00000 00000
00000 00000 00000 00000 00000 00000 00000 00000 00000 00000 00000 00000 00000 2001.
00000 00000 00000 00000 00000 00000 00000 00000 00000 00000 00000 00000
00000 00000 00000 00000 00000 00000 00000 00000 00000 00000 00000 00000 00000 2001.
00000 00000 00000 00000 00000 00000 00000 00000 00000 00000 00000 00000
00000 00000 00000 00000 00000 00000 00000 00000 00000 00000 00000 00000 00000 2001.
00000 00000 00000 00000 00000 00000 00000 00000 00000 00000 00000 00000
00000 00000 00000 00000 00000 00000 00000 00000 00000 00000 00000 00000 00000 2001.
00000 00000 00000 00000 00000 00000 00000 00000 00000 00000 00000 00000
00000 00000 00000 00000 00000 00000 00000 00000 00000 00000 00000 00000 00000 2001=
R6
0000 0000 0000
0000 0000 0000
0000 0000 0000
0000 0000 0000
0000 0000 0000
0000 0000 0000
0000 0000 0000
0000 0000 0000
0000 0000 0000
0004 0000 0004
0006 0010 0016
0027 0000 0027
0002 0000 0002
0000 0007 0007
0019 0000 0019
0001 0000 0001
0000 0000 0000
0000 0009 0009
0034 0000 0034
0001 0000 0001
0000 0000 0000
0000 0000 0000
0000 0000 0000
0000 0000 0000
0000 0000 0000
0000 0000 0000
0000 0000 0000
0000 0000 0000=
0000 0000 0000 0000 0000 0000 0000 0000 0000 0000 0000 0000
0000 0000 0000 0000 0000 0000 0000 0000 0000 0000 0000 0000.
0000 0000 0000 0000 0000 0000 0000 0000 0000 0000 0000 0000
0000 0000 0000 0000 0000 0000 0000 0000 0000 0000 0000 0000.
0000 0000 0000 0000 0000 0000 0000 0000 0000 0000 0000 0000
0000 0000 0000 0000 0000 0000 0000 0000 0000 0000 0000 0000.
0000 0000 0000 0000 0000 0000 0000 0000 0000 0000 0000 0000
0000 0000 0000 0000 0000 0000 0000 0000 0000 0000 0000 0000.
0000 0000 0000 0000 0000 0000 0000 0000 0000 0000 0000 0000
0000 0000 0000 0000 0000 0000 0000 0000 0000 0000 0000 0000.
0000 0000 0000 0000 0000 0000 0000 0000 0000 0000 0000 0000
0000 0000 0000 0000 0000 0000 0000 0000 0000 0000 0000 0000.
0000 0000 0000 0000 0000 0000 0000 0000 0000 0000 0000 0000
0000 0000 0000 0000 0000 0000 0000 0000 0000 0000 0000 0000.
0000 0000 0000 0000 0000 0000 0000 0000 0000 0000 0000 0000
0000 0000 0000 0000 0000 0000 0000 0000 0000 0000 0000 0000.
0000 0000 0000 0000 0000 0000 0000 0000 0000 0000 0000 0000
0000 0000 0000 0000 0000 0000 0000 0000 0000 0000 0000 0000.
0000 0000 0000 0000 0000 0000 0000 0000 0003 0000 0001 0000
0000 0000 0000 0000 0000 0000 0000 0000 0000 0000 0000 0000.
0000 0000 0000 0000 0000 0000 0000 0000 0000 0001 0003 0002
0002 0004 0002 0002 0000 0000 0000 0000 0000 0000 0000 0000.
0000 0000 0001 0005 0009 0006 0001 0000 0002 0002 0001 0000
0000 0000 0000 0000 0000 0000 0000 0000 0000 0000 0000 0000.
0000 0000 0000 0000 0000 0000 0001 0000 0000 0000 0001 0000
0000 0000 0000 0000 0000 0000 0000 0000 0000 0000 0000 0000.
0000 0000 0000 0000 0000 0000 0000 0000 0000 0000 0000 0000
0000 0000 0000 0000 0000 0000 0000 0000 0000 0000 0001 0006.
0001 0001 0000 0005 0001 0001 0001 0002 0005 0001 0001 0000
0000 0000 0000 0000 0000 0000 0000 0000 0000 0000 0000 0000.
0001 0000 0000 0000 0000 0000 0000 0000 0000 0000 0000 0000
0000 0000 0000 0000 0000 0000 0000 0000 0000 0000 0000 0000.
0000 0000 0000 0000 0000 0000 0000 0000 0000 0000 0000 0000
0000 0000 0000 0000 0000 0000 0000 0000 0000 0000 0000 0000.
0000 0000 0000 0000 0000 0000 0000 0000 0000 0000 0000 0000
0000 0000 0000 0000 0000 0000 0000 0000 0000 0000 0008 0001.
0000 0013 0016 0001 0003 0001 0000 0000 0000 0000 0000 0000
0000 0000 0000 0000 0000 0000 0000 0000 0000 0000 0000 0000.
0001 0000 0000 0000 0000 0000 0000 0000 0000 0000 0000 0000
0000 0000 0000 0000 0000 0000 0000 0000 0000 0000 0000 0000.
0000 0000 0000 0000 0000 0000 0000 0000 0000 0000 0000 0000
0000 0000 0000 0000 0000 0000 0000 0000 0000 0000 0000 0000.
0000 0000 0000 0000 0000 0000 0000 0000 0000 0000 0000 0000
0000 0000 0000 0000 0000 0000 0000 0000 0000 0000 0000 0000.
0000 0000 0000 0000 0000 0000 0000 0000 0000 0000 0000 0000
0000 0000 0000 0000 0000 0000 0000 0000 0000 0000 0000 0000.
0000 0000 0000 0000 0000 0000 0000 0000 0000 0000 0000 0000
0000 0000 0000 0000 0000 0000 0000 0000 0000 0000 0000 0000.
0000 0000 0000 0000 0000 0000 0000 0000 0000 0000 0000 0000
0000 0000 0000 0000 0000 0000 0000 0000 0000 0000 0000 0000.
0000 0000 0000 0000 0000 0000 0000 0000 0000 0000 0000 0000
0000 0000 0000 0000 0000 0000 0000 0000 0000 0000 0000 0000.
0000 0000 0000 0000 0000 0000 0000 0000 0000 0000 0000 0000
0000 0000 0000 0000 0000 0000 0000 0000 0000 0000 0000 0000.
0000 0000 0000 0000 0000 0000 0000 0000 0000 0000 0000 0000
0000 0000 0000 0000 0000 0000 0000 0000 0000 0000 0000 0000=
0000 ////////// 00000=
W=
LA
=
000 000 000 000 000 000 000 000 000 000 000 000
000 000 000 001 005 003 000 000 000 000 000 000 009.
000 000 000 000 000 000 000 000 000 000 000 000
001 002 000 002 006 003 000 000 000 000 000 000 014.
000 000 000 000 000 000 000 000 000 000 000 000
000 000 002 002 003 003 001 000 002 000 000 000 013.
000 002 000 000 000 000 000 000 002 000 000 000
000 002 004 003 004 003 000 000 000 000 000 000 020.
000 000 000 000 000 001 000 000 000 000 000 001
002 006 005 004 001 000 001 000 001 000 000 000 022.
000 000 000 000 001 000 000 000 000 000 000 000
003 004 005 003 003 002 001 000 000 000 000 000 022.
000 000 000 000 000 000 000 000 000 000 000 000
001 005 003 004 002 002 003 000 000 000 000 000 020.
000 000 000 000 000 000 000 000 000 000 000 000
002 002 003 005 003 003 002 000 000 000 000 000 020.
000 002 000 000 000 000 000 000 000 001 001 000
000 000 001 000 000 002 001 000 000 000 000 000 008.
000 000 000 000 000 000 000 000 000 000 000 000
000 000 002 000 001 002 002 000 000 000 000 000 007.
000 000 000 000 000 000 000 000 000 000 000 000
000 000 000 002 000 002 000 000 000 000 000 000 004.
000 000 000 002 000 000 000 001 000 000 001 000
000 000 000 000 000 000 002 000 000 000 000 000 006.
000 000 000 000 000 000 001 000 000 000 001 000
000 004 000 002 002 007 000 003 000 000 000 000 020.
000 000 000 000 000 000 000 000 000 000 000 000
000 000 000 000 000 000 000 000 000 000 000 000 000.
001 000 000 000 000 000 000 000 000 000 000 000
000 000 000 000 000 000 000 000 000 000 000 000 001.
000 000 000 000 000 001 000 000 000 000 000 000
000 001 000 002 000 000 000 000 /// 000 000 000 ///.
000 000 000 000 000 000 000 000 000 000 002 000
001 004 003 003 000 003 001 000 000 000 000 000 017.
000 /// 000 /// 000 /// 000 043 003 000 000 000
000 028 000 001 000 000 050 000 006 000 000 000 ///.
000 000 002 000 000 001 000 000 000 000 000 000
000 002 000 000 001 000 000 001 000 000 000 000 007.
000 000 000 000 000 000 000 000 000 000 000 000
000 001 000 000 000 001 001 000 000 000 000 000 003.
000 000 000 000 000 /// /// /// 092 000 000 000
000 000 000 000 000 002 000 000 000 000 000 000 ///.
000 000 000 000 000 000 000 000 000 000 000 000
000 000 002 009 002 003 000 001 000 000 000 000 017.
000 000 000 000 000 000 000 000 000 000 000 000
002 006 005 003 002 000 000 000 000 000 000 000 018.
000 000 000 001 000 000 002 000 000 000 000 000
000 000 000 001 003 001 002 000 000 000 000 000 010.
000 000 000 000 000 000 000 001 000 000 000 000
000 001 005 002 003 000 002 000 000 000 000 000 014.
000 000 000 000 000 000 000 000 001 000 001 000
001 003 003 000 003 000 000 000 000 000 000 000 012.
000 000 000 001 002 000 000 000 000 000 000 001
002 005 005 002 001 001 002 000 001 000 000 000 023.
000 002 001 000 001 000 000 001 000 002 000 000
000 002 002 000 001 001 002 001 000 000 000 000 016=
Z=
G=
FN
113006 113005 113004 113007 PPC000 PPC000
113008 113008 114008 114009 114011 113006
113003 113007 113007 112011 111018 111022
111018 111019 112011 112014 113014 113019.
113016 PPC002 114004 PPC001 PPC000 PPC000
114004 PPC000 113004 113006 113016 113006
113004 113006 113006 112010 111014 111019
112006 112013 112009 112011 112017 113020.
113011 113009 113004 PPC000 PPC002 PPC002
113006 PPC002 PPC000 PPC001 113006 113004
113003 112007 112013 112013 111019 111020
111020 111019 112029 112025 112010 113007.
113016 113004 113003 113007 113004 113003
113003 113011 113006 PPC001 PPC000 113003
113005 112009 112009 111015 111015 110013
110009 110010 110008 111008 112013 112015.
112014 PPC001 113004 113010 113004 113010
113011 113004 PPC000 PPC001 113004 PPC002
PPC002 PPC002 111005 111012 110011 111013
111028 111021 111019 111013 112009 PPC000.
112003 113006 PPC002 PPC001 PPC000 PPC000
PPC000 113005 113005 PPC002 113008 113007
113007 112003 111004 111007 110010 110009
110023 110014 111015 111011 PPC001 112005.
PPC001 112003 113009 112003 113003 113009
113008 113004 113004 113005 PPC000 PPC002
113005 PPC000 111005 110010 110004 110011
110005 PPC002 111018 111013 111007 PPC000.
112004 112006 112004 112009 PPC002 PPC002
PPC000 PPC000 113011 113004 113007 113005
113007 PPC002 111004 111012 110011 110008
110006 110012 110006 111011 111011 111011.
112008 111008 111010 112011 112005 112007
112008 112004 PPC000 112009 PPC000 112009
112009 112011 112003 PPC002 111008 111011
111023 111013 111030 111030 112029 112016.
112017 112009 112013 112007 112010 112009
PPC002 112003 PPC000 112009 112010 112010
112011 112009 112011 112003 PPC002 111011
111016 111007 111006 111006 111006 112007.
112007 112004 112006 PPC000 112005 112007
PPC002 PPC000 112007 112020 112021 112021
112031 112036 112026 112025 112038 112034
112038 112020 112028 112023 112025 112017.
112016 113020 113020 113021 113013 113011
113014 113020 113019 113020 113012 113014
113004 112011 113010 112023 112018 112020
112020 112027 112024 112017 113022 113021.
113018 113021 113015 113009 113009 PPC000
113008 113003 113004 113003 113007 PPC000
PPC002 112011 112009 112011 111011 111034
111034 111018 112032 112024 112023 112011.
112006 112003 112005 112009 112011 112012
112003 112007 112011 PPC000 113004 112008
112005 112011 112014 112018 112024 112024
112016 112016 112011 113009 113007 113009.
113005 113003 113007 113009 113008 113010
113009 113003 113008 113005 113006 113003
113003 112007 112006 112014 112008 112003
112006 112009 112009 112008 112010 112025.
113021 113017 113020 113014 113008 113015
113008 113012 113010 113003 113006 113005
113003 112003 112006 112006 112009 112004
112011 112008 112009 112007 112003 112003.
112008 112008 113012 PPC002 113004 113008
113003 113016 113013 PPC000 113011 113011
113006 112015 111021 111032 111015 111016
111024 111020 111015 111020 112014 112013.
112013 112013 112005 112003 112008 112006
112006 112009 PPC001 PPC000 PPC002 112006
PPC002 112003 112025 112014 111003 112016
112015 112018 112014 112013 112012 112005.
112023 112013 112014 112008 112016 112016
112017 112010 112008 112005 112014 112007
112005 112009 112012 112006 112009 112017
112012 112013 112006 112007 112006 112009.
PPC001 PPC000 112006 112007 112005 112011
PPC002 112006 112012 PPC000 PPC002 112004
PPC000 PPC000 112010 112007 112003 111006
111006 111009 111009 112009 112003 112003.
112005 112007 112003 112006 PPC002 PPC001
112004 PPC002 PPC002 PPC002 112005 112003
112003 PPC000 PPC001 112006 112015 111016
112017 112014 112013 112008 112009 112009.
112011 112012 112009 112008 112007 112004
PPC002 112008 112003 112010 112012 112012
112007 112008 111011 110016 110010 110009
109015 110015 110019 110012 111008 111006.
111016 111018 112018 112004 112004 112004
112012 112014 PPC002 PPC002 112003 112003
PPC000 111007 PPC002 110016 109017 109018
109011 109014 109005 110014 111011 111012.
111011 111006 PPC002 PPC002 112007 112007
PPC000 PPC000 112003 PPC000 PPC001 112006
111004 PPC000 111009 110010 110018 110013
110015 110016 110022 111012 111009 111013.
111022 111010 111003 PPC002 111008 PPC000
111007 111012 111007 111010 111011 111006
111013 111008 110019 109019 109019 109015
109023 109019 110032 110029 110025 111025.
111016 111024 111009 111017 111008 111003
111005 111010 111004 PPC000 PPC000 111006
PPC000 110007 110008 109010 109015 109006
109013 109020 109030 110024 110034 110023.
111017 111020 111023 111040 111014 111013
PPC001 111005 111010 111004 112005 112005
111008 110018 110019 109022 109024 109015
109020 109031 109035 110017 110029 110020.
110016 110029 111033 111030 111024 111020
111025 111014 111006 111013 111010 111019
111010 111036 111036 111032 111032 111032
111049 111032 111034 111023 111030 111021=
113004 113004 113004 113010 PPC001 113003
113010 113006 114009 114007 114009 114003
113004 113008 113005 112010 112012 111017
111024 111016 112016 112013 113014 113021.
113018 PPC001 PPC002 PPC000 PPC001 PPC002
114003 PPC000 113005 113007 113009 113006
113004 113003 113005 112008 111015 111014
112006 112009 112004 112009 112014 112019.
113011 113006 113005 PPC000 113003 PPC002
113005 113005 113003 113004 113006 113003
PPC002 112006 112012 112010 111017 111017
111020 111023 111026 112022 112011 113009.
113012 113006 113005 113008 113004 113003
113004 113005 113007 PPC002 PPC000 113003
113003 112007 112011 111017 111013 110012
110010 110013 110011 111011 112013 112014.
112013 112003 112003 113007 113005 113007
113010 113004 PPC000 PPC000 113006 PPC002
113003 112003 111005 111012 110008 111016
111018 111024 111021 111011 112006 PPC000.
112003 113004 113003 PPC001 PPC000 PPC000
PPC000 113006 113003 113004 113009 113007
113007 PPC002 111003 111010 110015 110011
110011 110014 111016 111013 112004 112004.
PPC000 112004 113003 112003 113004 113006
113006 113005 113005 113006 PPC000 113003
113005 PPC002 111005 110010 110008 110011
110008 110008 111014 111017 111005 PPC001.
112004 PPC002 112005 112007 PPC002 112004
PPC000 113004 113007 113006 113007 113008
113009 112003 111003 111012 110008 110016
110008 110011 110006 111012 111011 111009.
112009 111011 111008 112010 112006 112008
112009 112004 PPC000 112008 PPC000 112011
112008 112009 112003 PPC002 111006 111008
111016 111019 111026 111027 112034 112015.
112014 112011 112014 112008 112010 112007
112005 PPC002 PPC000 112005 112010 112008
112009 112013 112009 112005 111003 111006
111014 111010 111003 111005 111006 111007.
112006 112004 112004 PPC000 112005 112010
PPC002 PPC002 112006 112018 112019 112019
112026 112042 112032 112031 112038 112035
112028 112024 112027 112027 112025 112018.
112023 112020 113020 113021 113018 113017
113012 113020 113026 113021 113012 113015
113011 112014 113013 112020 112017 112015
112020 112028 112028 112018 113014 113021.
113019 113019 113012 113010 113006 PPC000
113008 113005 113004 113004 113008 PPC000
PPC000 112005 112009 112010 111009 111023
111026 111023 112027 112021 112021 112011.
112006 112006 112007 112006 112010 112010
112005 112005 112012 PPC000 113003 113006
112004 112011 112015 112017 112021 112021
112019 112019 112015 113011 113007 113014.
113004 PPC002 113008 113012 113008 113008
113008 113005 113009 113005 113005 113005
PPC000 112005 112007 112014 112010 112004
112003 112006 112012 112006 112011 112026.
113019 113017 113017 113016 113010 113012
113008 113009 113009 113005 113007 113004
113003 112007 112005 112006 112012 112004
112006 112009 112010 112008 PPC001 PPC000.
112006 112010 113010 113004 113006 113011
113007 113022 113011 PPC000 113010 113009
113005 112013 111018 111023 111012 111016
111024 111021 111020 111018 112015 112012.
112013 112014 112005 112004 112006 112006
112005 112008 112003 PPC000 PPC000 112004
PPC000 112003 112021 112013 111010 112014
112015 112020 112014 112017 112011 112004.
112022 112020 112016 112014 112018 112015
112017 112012 112009 112007 112010 112009
112007 112013 112013 112010 112007 112007
112011 112015 112009 112008 112007 112009.
PPC002 112004 112006 112006 112007 112011
PPC002 112005 112011 PPC001 112003 112003
PPC000 PPC000 112011 112004 112003 111006
111009 111008 111009 112008 112004 112004.
112006 112008 112004 112004 PPC000 PPC002
112004 PPC002 112003 112003 112006 112004
112003 PPC002 PPC002 112008 112009 111012
112015 112014 112013 112010 112010 112011.
112015 112014 112010 112008 112008 112003
PPC002 112007 PPC002 112009 112010 112012
112009 112009 111010 110017 110015 110010
109014 110016 110017 110012 111009 111007.
111020 111016 112018 112006 112005 112005
112011 112013 112006 PPC000 112004 112004
112003 111006 110004 110014 109016 109021
109015 109013 109005 110014 111012 111010.
111011 111006 PPC000 PPC002 112006 112007
PPC000 PPC000 112003 PPC001 112006 112005
111003 PPC000 111005 110009 110017 110014
110014 110021 110016 111018 111015 111014.
111015 111010 111006 PPC002 111007 PPC000
111008 111011 111008 111012 111007 111008
111011 111010 110015 109017 109015 109016
109021 109016 110028 110024 110024 111029.
111019 111019 111011 111016 111009 111007
111004 111010 111004 PPC000 PPC001 111006
PPC000 110007 110010 109012 109014 109014
109014 109023 109023 110022 110034 110017.
111016 111020 111030 111037 111024 111012
111003 111006 111007 111006 112005 112005
111007 110016 110018 109017 109019 109014
109023 109021 109030 110023 110025 110017.
110015 110031 111036 111027 111030 111020
111023 111018 111006 111014 111014 111019
111011 111034 111031 111031 111026 111039
111043 111038 111032 111026 111029 111021=
030113 1946 038113 1940
022113 2049 039113 1924
032112 1705 041112 1656
021110 1425 032110 1418
031111 1508 039111 1415
020110 1539 032110 1458
020110 1513 030111 1621
019110 1334 030110 1443
037111 1626 068112 1847
023112 2026 034112 2022
043112 1320 073112 1311
031112 1603 053112 1649
030112 1645 043112 1658
025112 1430 032112 1433
027112 1955 039112 1952
031113 2007 046113 2003
026111 1206 037111 1200
022112 1101 034112 1053
024112 2047 040112 2045
013111 1446 021111 1419
018112 1437 027112 1430
022110 1540 035110 1445
026110 1712 039110 1220
024110 1610 038110 1601
032110 1703 052110 1659
034110 1900 054110 1830
044111 2352 077111 2330
049111 1336 070111 1328=
DB
0016 0021 0016 0011 0006 0002 0001 -020 0010 0013 0014 0015
0020 0038 0060 0111 0174 0159 0153 0169 0129 0074 0036 0030 0194 1309 -023 0412.
0020 -012 -021 -026 -026 -025 -032 -016 0012 0018 0015 0017
0029 0050 0077 0127 0190 0168 0139 0149 0107 0078 0069 0060 0224 1334 -044 0222.
0057 0053 0027 0025 0037 0037 0040 0039 0038 0038 0040 0038
0051 0075 0105 0131 0176 0207 0188 0155 0114 0084 0037 0025 0222 1415 0018 2321.
0034 0042 0045 0044 0030 0038 0008 0025 0028 0035 0036 0038
0061 0089 0151 0194 0249 0250 0245 0217 0171 0122 0059 0054 0266 1509 -002 0330.
0037 0030 0020 0014 0003 0002 0003 -011 -015 -017 -022 -022
0035 0126 0185 0212 0247 0225 0148 0148 0135 0100 0044 0025 0264 1254 -024 0731.
0015 0008 0001 0007 -006 -006 -012 -016 -013 -019 -014 -020
0028 0097 0176 0222 0251 0254 0238 0211 0163 0123 0062 0051 0261 1338 -023 0740.
0034 0027 0019 0016 0016 0005 0003 0002 -001 -007 -010 -010
0036 0097 0179 0222 0250 0241 0235 0218 0157 0128 0081 0073 0269 1325 -013 0714.
0066 0059 0042 0030 0023 0019 0010 0009 0003 0001 0020 0008
0052 0078 0166 0216 0264 0269 0245 0237 0198 0140 0082 0063 0278 1416 0000 0613.
0075 0091 0089 0071 0053 0066 0047 0030 0052 0066 0077 0078
0085 0105 0108 0117 0134 0146 0146 0124 0116 0111 0099 0097 0157 1441 0028 0408.
0096 0094 0091 0084 0080 0076 0075 0074 0077 0079 0078 0075
0080 0088 0097 0106 0142 0160 0154 0142 0126 0111 0095 0089 0166 1448 0073 0350.
0086 0084 0082 0081 0082 0078 0078 0077 0077 0076 0076 0075
0073 0070 0072 0085 0093 0087 0080 0080 0076 0070 0062 0061 0100 1310 0061 2000.
0061 0059 0058 0057 0056 0056 0056 0056 0056 0055 0056 0058
0063 0064 0067 0067 0072 0097 0071 0071 0064 0061 0059 0057 0101 1404 0055 0554.
0055 0053 0052 0050 0048 0045 0046 0043 0040 0040 0040 0037
0063 0096 0102 0131 0197 0210 0207 0163 0127 0098 0080 0079 0248 1312 0033 0646.
0075 0070 0070 0064 0066 0065 0063 0056 0058 0054 0053 0054
0065 0084 0083 0087 0085 0086 0081 0074 0068 0060 0058 0055 0090 1410 0052 0644.
0056 0056 0057 0058 0056 0056 0055 0055 0055 0054 0053 0053
0061 0073 0081 0074 0076 0071 0104 0089 0075 0086 0070 0062 0105 1502 0053 0642.
0055 0053 0053 0051 0050 0050 0049 0050 0049 0049 0050 0049
0057 0068 0094 0101 0095 0096 0109 0102 0096 0081 0069 0054 0120 1514 0049 0249.
0039 0043 0039 0015 0006 0005 0002 0014 -010 -012 0024 0034
0057 0142 0178 0172 0179 0184 0178 0168 0141 0112 0093 0076 0243 1439 -014 0555.
0083 0080 0071 0067 0065 0062 0061 0055 0052 0051 0053 0057
0076 0089 0103 0123 0118 0105 0112 0098 0100 0075 0073 0073 0135 1248 0046 0510.
0069 0068 0068 0068 0067 0065 0066 0064 0064 0065 0064 0064
0083 0106 0117 0122 0111 0103 0110 0089 0080 0073 0071 0070 0129 1217 0063 0639.
0069 0067 0065 0063 0063 0061 0056 0046 0058 0056 0057 0059
0068 0080 0087 0100 0113 0145 0152 0129 0111 0094 0082 0078 0154 1454 0045 0410.
0075 0075 0071 0070 0069 0148 0248 0321 0070 0067 0068 0069
0076 0081 0095 0098 0124 0124 0094 0092 0091 0087 0084 0082 0437 //// 0067 0558.
0081 0079 0077 0073 0071 0071 0068 0065 0071 0067 0066 0067
0081 0121 0163 0253 0284 0310 0285 0264 0213 0155 0113 0097 0310 1400 0064 0522.
0106 0092 0089 0092 0081 0081 0072 0074 0058 0057 0044 0042
0096 0195 0246 0302 0333 0319 0314 0277 0249 0181 0117 0089 0336 1337 0035 0737.
0085 0068 0060 0054 0049 0044 0039 0036 0041 0075 0078 0085
0108 0142 0165 0190 0218 0208 0220 0190 0167 0149 0140 0134 0238 1431 0034 0437.
0130 0124 0120 0113 0113 0110 0110 0113 0109 0111 0108 0110
0124 0182 0241 0275 0298 0312 0294 0230 0203 0172 0157 0149 0335 1433 0107 0508.
0143 0139 0118 0123 0124 0120 0116 0119 0116 0109 0097 0092
0149 0213 0235 0273 0299 0296 0251 0248 0218 0183 0160 0143 0324 1256 0085 0728.
0138 0139 0137 0137 0131 0124 0104 0088 0067 0062 0054 0063
0150 0232 0291 0330 0337 0343 0293 0296 0236 0192 0167 0143 0355 1340 0051 0727.
0150 0152 0145 0139 0130 0126 0124 0119 0116 0117 0117 0119
0126 0133 0137 0145 0142 0157 0174 0155 0144 0130 0117 0112 0177 1510 0112 1959=
0051 0048 0045 0043 0039 0037 0035 0031 0028 0030 0031 0032
0033 0036 0042 0053 0073 0089 0097 0098 0097 0090 0080 0070.
0062 0054 0047 0042 0037 0032 0029 0026 0027 0030 0031 0032
0034 0037 0044 0055 0075 0094 0099 0099 0097 0090 0083 0077.
0072 0069 0065 0059 0057 0056 0055 0054 0054 0053 0052 0051
0051 0054 0060 0070 0082 0097 0104 0106 0104 0096 0087 0077.
0069 0066 0065 0064 0062 0059 0057 0051 0051 0051 0051 0051
0052 0057 0067 0084 0103 0118 0126 0130 0128 0120 0108 0096.
0087 0080 0073 0067 0062 0056 0052 0049 0045 0041 0038 0035
0034 0044 0062 0084 0103 0113 0115 0110 0108 0103 0093 0083.
0075 0068 0062 0057 0053 0049 0045 0041 0038 0035 0033 0031
0030 0039 0055 0076 0097 0113 0121 0126 0123 0116 0105 0095.
0086 0079 0072 0067 0063 0058 0055 0051 0048 0045 0042 0039
0039 0047 0063 0082 0100 0116 0125 0129 0126 0119 0110 0101.
0095 0089 0084 0078 0073 0068 0063 0059 0056 0052 0050 0049
0048 0054 0067 0084 0105 0122 0131 0136 0135 0128 0117 0106.
0098 0095 0093 0091 0086 0083 0080 0074 0071 0072 0073 0075
0076 0078 0082 0084 0088 0093 0097 0098 0096 0095 0093 0090.
0088 0087 0085 0084 0083 0082 0081 0081 0080 0080 0079 0079
0079 0080 0084 0086 0091 0099 0106 0108 0107 0104 0100 0097.
0094 0092 0090 0088 0087 0086 0085 0084 0084 0083 0082 0081
0081 0080 0080 0081 0084 0086 0084 0083 0081 0080 0077 0076.
0074 0073 0072 0071 0070 0069 0068 0068 0068 0067 0066 0066
0066 0067 0068 0070 0071 0072 0074 0074 0073 0072 0070 0068.
0067 0066 0065 0063 0062 0062 0061 0060 0059 0058 0056 0055
0056 0059 0071 0080 0093 0112 0122 0131 0124 0115 0105 0098.
0093 0089 0086 0083 0081 0079 0077 0076 0074 0072 0071 0070
0070 0071 0074 0076 0078 0079 0081 0081 0079 0077 0076 0074.
0072 0071 0070 0069 0069 0068 0067 0067 0067 0066 0065 0065
0065 0067 0070 0073 0074 0074 0077 0080 0081 0079 0077 0075.
0072 0070 0068 0066 0065 0064 0063 0062 0061 0061 0060 0060
0060 0061 0066 0074 0079 0080 0083 0087 0087 0085 0082 0078.
0073 0068 0064 0060 0055 0051 0047 0043 0040 0037 0037 0040
0043 0059 0072 0088 0097 0104 0113 0116 0116 0111 0103 0096.
0091 0088 0085 0083 0080 0078 0077 0075 0073 0071 0069 0069
0069 0072 0076 0081 0086 0087 0088 0087 0086 0085 0082 0081.
0079 0077 0075 0075 0074 0074 0073 0072 0072 0071 0071 0070
0071 0077 0083 0088 0092 0092 0093 0094 0090 0087 0084 0082.
0080 0078 0077 0076 0074 0073 0072 0070 0068 0068 0067 0067
0067 0070 0074 0076 0082 0089 0098 0101 0101 0098 0093 0090.
0087 0084 0083 0081 0080 0146 0232 0337 0069 0076 0075 0074
0075 0075 0078 0081 0085 0093 0095 0091 0088 0086 0085 0083.
0081 0080 0079 0078 0076 0076 0075 0074 0079 0073 0072 0071
0071 0075 0085 0107 0131 0149 0160 0163 0160 0151 0139 0128.
0120 0112 0106 0101 0099 0096 0094 0091 0087 0084 0080 0076
0076 0087 0105 0128 0151 0167 0178 0181 0176 0167 0154 0140.
0129 0120 0113 0106 0100 0095 0090 0086 0082 0082 0084 0086
0089 0094 0103 0114 0126 0137 0145 0148 0144 0138 0131 0126.
0122 0118 0116 0114 0113 0111 0110 0109 0107 0106 0106 0105
0105 0109 0123 0143 0161 0175 0185 0184 0175 0165 0156 0148.
0142 0138 0133 0127 0125 0123 0121 0120 0118 0117 0115 0111
0111 0119 0133 0149 0165 0179 0185 0182 0177 0170 0160 0151.
0144 0140 0135 0132 0129 0126 0124 0120 0114 0109 0104 0099
0101 0114 0131 0155 0176 0192 0199 0200 0194 0183 0171 0160.
0152 0147 0143 0139 0135 0132 0129 0126 0123 0121 0119 0117
0116 0118 0119 0120 0122 0124 0128 0132 0131 0128 0123 0118=
0061 0059 0057 0055 0053 0051 0049 0047 0045 0044 0043 0044
0044 0044 0047 0050 0058 0069 0078 0084 0087 0087 0084 0080.
0075 0070 0065 0060 0056 0052 0049 0046 0044 0043 0044 0044
0044 0045 0048 0052 0060 0071 0080 0085 0088 0088 0085 0082.
0079 0077 0074 0071 0068 0067 0065 0064 0063 0063 0062 0061
0060 0061 0062 0066 0072 0080 0087 0093 0095 0095 0092 0087.
0082 0078 0076 0074 0072 0070 0069 0066 0064 0062 0062 0061
0061 0062 0065 0071 0081 0092 0102 0108 0113 0113 0109 0104.
0098 0093 0088 0083 0078 0074 0070 0067 0064 0060 0057 0054
0052 0053 0058 0068 0079 0090 0097 0100 0100 0100 0097 0093.
0087 0082 0078 0074 0070 0067 0063 0060 0057 0055 0052 0050
0048 0049 0054 0062 0074 0086 0096 0104 0108 0108 0106 0101.
0096 0091 0086 0082 0078 0074 0071 0068 0065 0062 0060 0057
0055 0056 0060 0069 0079 0090 0100 0108 0111 0112 0109 0105.
0101 0098 0094 0090 0086 0083 0079 0076 0073 0069 0067 0065
0063 0064 0067 0074 0083 0096 0106 0114 0118 0119 0116 0112.
0106 0103 0100 0098 0096 0093 0091 0088 0085 0083 0082 0082
0082 0083 0084 0086 0088 0090 0093 0096 0096 0096 0096 0095.
0094 0093 0092 0091 0090 0089 0088 0088 0087 0086 0086 0086
0085 0085 0086 0088 0090 0093 0098 0101 0103 0103 0102 0101.
0099 0098 0096 0095 0094 0093 0092 0091 0091 0090 0089 0089
0088 0087 0087 0087 0088 0089 0089 0089 0088 0087 0086 0085.
0084 0083 0082 0081 0080 0079 0078 0078 0077 0077 0076 0075
0075 0075 0075 0076 0077 0077 0079 0079 0079 0079 0078 0077.
0076 0076 0075 0074 0073 0072 0071 0070 0070 0069 0068 0067
0066 0065 0072 0076 0082 0091 0101 0109 0113 0112 0109 0105.
0101 0098 0095 0093 0091 0089 0087 0086 0084 0083 0081 0080
0079 0079 0080 0081 0082 0083 0084 0085 0085 0084 0083 0082.
0081 0080 0079 0078 0078 0077 0077 0076 0076 0075 0074 0074
0073 0074 0075 0076 0078 0079 0079 0081 0083 0083 0083 0082.
0080 0079 0078 0076 0075 0074 0073 0072 0072 0071 0070 0070
0069 0069 0070 0074 0077 0080 0082 0084 0086 0087 0086 0085.
0083 0080 0077 0074 0071 0068 0065 0062 0059 0057 0054 0054
0055 0053 0064 0073 0082 0089 0095 0101 0105 0106 0104 0101.
0097 0095 0093 0091 0089 0087 0086 0084 0083 0081 0080 0079
0078 0078 0080 0082 0085 0087 0088 0089 0089 0089 0088 0087.
0086 0085 0084 0083 0082 0081 0081 0080 0080 0079 0079 0078
0078 0079 0082 0086 0089 0091 0092 0093 0093 0092 0090 0089.
0087 0086 0085 0084 0083 0082 0081 0080 0078 0077 0077 0076
0076 0076 0078 0080 0082 0085 0090 0095 0097 0098 0096 0095.
0093 0091 0090 0089 0087 0078 0078 0077 0429 0083 0083 0082
0082 0082 0083 0084 0085 0089 0092 0093 0092 0091 0090 0089.
0088 0087 0086 0085 0085 0084 0083 0083 0088 0081 0081 0080
0079 0080 0083 0090 0103 0116 0128 0136 0140 0140 0137 0131.
0126 0121 0116 0112 0109 0106 0104 0101 0099 0096 0094 0091
0089 0090 0096 0106 0119 0132 0144 0152 0156 0156 0151 0145.
0138 0132 0126 0120 0115 0111 0107 0103 0099 0096 0096 0096
0096 0097 0101 0106 0112 0120 0127 0132 0134 0134 0131 0129.
0126 0124 0122 0120 0119 0117 0116 0115 0114 0113 0112 0111
0111 0111 0115 0123 0133 0145 0155 0161 0162 0160 0155 0151.
0147 0143 0140 0136 0133 0131 0129 0127 0125 0124 0123 0121
0119 0120 0124 0132 0141 0151 0160 0164 0164 0164 0160 0156.
0151 0146 0143 0140 0137 0135 0133 0130 0127 0123 0119 0116
0113 0115 0121 0131 0144 0157 0168 0174 0177 0175 0170 0165.
0159 0154 0150 0147 0144 0141 0138 0136 0133 0131 0129 0127
0126 0125 0125 0125 0126 0127 0128 0130 0132 0131 0130 0127=
0064 0064 0064 0063 0062 0062 0061 0060 0059 0058 0058 0057
0056 0056 0056 0056 0056 0057 0059 0062 0065 0067 0069 0070.
0071 0071 0070 0069 0067 0066 0065 0063 0062 0060 0059 0058
0057 0057 0057 0057 0057 0058 0060 0063 0066 0068 0070 0072.
0072 0072 0072 0072 0071 0071 0070 0069 0069 0068 0068 0067
0067 0066 0066 0066 0067 0068 0069 0071 0074 0075 0077 0078.
0078 0078 0077 0076 0076 0075 0074 0073 0072 0071 0071 0070
0069 0069 0069 0069 0069 0071 0074 0077 0080 0083 0085 0086.
0087 0087 0086 0085 0084 0082 0081 0079 0077 0076 0074 0072
0071 0070 0069 0068 0069 0070 0073 0076 0078 0080 0082 0083.
0083 0083 0082 0081 0079 0078 0076 0075 0073 0072 0070 0069
0067 0067 0066 0065 0066 0068 0070 0074 0077 0080 0083 0084.
0085 0085 0085 0084 0083 0081 0080 0079 0077 0076 0074 0073
0072 0071 0070 0070 0070 0072 0074 0077 0081 0084 0086 0088.
0089 0089 0088 0088 0087 0086 0085 0084 0082 0081 0079 0078
0077 0076 0075 0075 0076 0077 0079 0082 0085 0089 0091 0093.
0093 0094 0093 0093 0092 0092 0091 0090 0089 0088 0087 0086
0085 0085 0085 0085 0085 0085 0086 0086 0087 0088 0088 0089.
0089 0089 0089 0089 0089 0088 0088 0088 0087 0087 0087 0086
0086 0086 0086 0086 0086 0086 0087 0088 0089 0090 0091 0092.
0092 0092 0092 0092 0092 0092 0091 0091 0091 0090 0090 0090
0089 0089 0089 0088 0088 0088 0088 0088 0088 0088 0088 0087.
0087 0087 0086 0086 0085 0085 0084 0084 0083 0083 0082 0082
0082 0081 0081 0081 0081 0081 0081 0081 0081 0081 0081 0081.
0081 0081 0080 0080 0080 0079 0079 0078 0078 0077 0077 0076
0076 0078 0076 0076 0076 0078 0080 0082 0085 0088 0090 0092.
0092 0092 0092 0091 0091 0090 0089 0089 0088 0087 0087 0086
0085 0085 0084 0084 0084 0084 0084 0084 0084 0084 0084 0084.
0084 0084 0083 0083 0083 0082 0082 0081 0081 0081 0080 0080
0080 0079 0079 0079 0079 0079 0080 0081 0080 0081 0081 0081.
0082 0081 0081 0081 0081 0080 0080 0079 0079 0078 0078 0077
0077 0077 0077 0076 0077 0077 0078 0079 0080 0081 0081 0082.
0082 0082 0082 0081 0080 0079 0078 0077 0076 0074 0073 0072
0071 0071 0070 0070 0072 0074 0076 0079 0081 0084 0086 0087.
0088 0088 0088 0088 0088 0087 0087 0086 0086 0085 0084 0084
0083 0083 0083 0082 0083 0083 0083 0084 0084 0085 0085 0085.
0085 0085 0085 0085 0084 0084 0084 0083 0083 0083 0082 0082
0082 0082 0082 0082 0082 0083 0084 0085 0086 0086 0087 0087.
0087 0086 0086 0086 0086 0085 0085 0084 0084 0083 0083 0082
0082 0081 0081 0081 0081 0082 0082 0083 0085 0086 0087 0088.
0088 0088 0088 0088 0088 0086 0086 0085 0068 0086 0086 0085
0085 0085 0085 0085 0085 0085 0085 0085 0087 0087 0087 0088.
0088 0088 0087 0087 0087 0086 0086 0086 0093 0085 0085 0084
0084 0084 0084 0084 0085 0087 0090 0094 0098 0102 0105 0107.
0108 0108 0107 0107 0105 0104 0103 0102 0101 0100 0099 0098
0096 0096 0095 0095 0096 0098 0102 0106 0110 0114 0116 0118.
0119 0119 0118 0116 0115 0113 0111 0109 0108 0106 0104 0103
0102 0101 0100 0100 0101 0102 0104 0106 0108 0110 0112 0113.
0113 0113 0113 0113 0112 0112 0111 0111 0110 0110 0109 0109
0109 0108 0108 0108 0109 0111 0114 0118 0121 0124 0126 0127.
0128 0127 0127 0126 0125 0124 0123 0122 0122 0121 0120 0119
0118 0118 0117 0117 0118 0120 0123 0126 0130 0131 0133 0134.
0134 0133 0133 0132 0131 0130 0129 0128 0126 0125 0124 0122
0121 0120 0119 0119 0120 0122 0125 0129 0133 0136 0138 0139.
0140 0139 0139 0138 0136 0135 0134 0133 0132 0131 0129 0128
0127 0126 0125 0125 0124 0124 0123 0123 0123 0124 0124 0124=
0061 0060 0059 0058 0057 0056 0055 0053 0052 0051 0049 0049
0048 0048 0049 0050 0052 0056 0061 0066 0070 0073 0074 0074.
0072 0070 0068 0065 0063 0060 0057 0055 0053 0051 0050 0050
0049 0049 0050 0051 0053 0057 0062 0067 0071 0074 0075 0075.
0074 0073 0072 0071 0069 0068 0067 0066 0065 0064 0063 0063
0062 0062 0062 0063 0064 0068 0071 0076 0079 0081 0082 0081.
0080 0078 0076 0075 0073 0072 0070 0069 0067 0066 0065 0064
0064 0063 0064 0065 0069 0073 0079 0084 0089 0093 0094 0094.
0092 0090 0087 0084 0081 0079 0076 0073 0071 0068 0066 0064
0062 0061 0060 0062 0066 0072 0077 0082 0084 0086 0087 0086.
0085 0082 0080 0078 0075 0073 0070 0068 0066 0063 0062 0059
0058 0057 0057 0059 0062 0068 0074 0080 0085 0089 0090 0091.
0089 0087 0085 0083 0081 0078 0076 0074 0071 0069 0067 0065
0063 0062 0062 0064 0068 0073 0079 0084 0089 0093 0094 0094.
0093 0092 0090 0089 0086 0084 0082 0080 0078 0075 0073 0071
0070 0069 0068 0070 0075 0078 0084 0089 0095 0098 0100 0100.
0099 0097 0096 0094 0093 0091 0090 0088 0086 0085 0083 0083
0082 0082 0082 0082 0083 0084 0085 0087 0088 0089 0089 0089.
0089 0089 0088 0088 0087 0087 0086 0086 0085 0085 0084 0084
0084 0084 0084 0084 0085 0086 0088 0090 0092 0093 0094 0094.
0094 0093 0093 0092 0091 0091 0090 0089 0089 0088 0088 0087
0087 0087 0086 0086 0086 0086 0086 0086 0086 0086 0085 0085.
0084 0083 0083 0082 0081 0080 0080 0079 0079 0078 0078 0077
0077 0076 0076 0076 0076 0077 0077 0077 0078 0078 0078 0077.
0077 0076 0076 0075 0075 0074 0073 0073 0072 0072 0071 0070
0070 0061 0070 0072 0074 0077 0082 0088 0093 0096 0097 0096.
0095 0094 0093 0091 0090 0088 0087 0086 0085 0084 0083 0082
0081 0080 0080 0080 0080 0081 0081 0082 0082 0082 0082 0081.
0081 0080 0080 0079 0079 0078 0078 0077 0077 0076 0076 0075
0075 0075 0075 0075 0076 0076 0077 0079 0078 0079 0079 0079.
0079 0079 0078 0077 0076 0076 0075 0074 0074 0073 0073 0072
0072 0071 0071 0072 0073 0074 0076 0078 0079 0080 0081 0081.
0080 0080 0079 0077 0075 0073 0071 0069 0068 0066 0064 0062
0061 0064 0063 0065 0070 0074 0079 0083 0087 0090 0091 0092.
0091 0090 0089 0088 0087 0086 0085 0084 0083 0082 0081 0080
0079 0079 0079 0079 0080 0081 0082 0083 0084 0084 0084 0084.
0084 0083 0083 0082 0081 0081 0080 0080 0079 0079 0079 0078
0078 0078 0078 0080 0081 0083 0084 0086 0086 0087 0086 0086.
0085 0085 0084 0083 0083 0082 0081 0081 0080 0079 0078 0078
0077 0077 0077 0077 0078 0079 0081 0084 0086 0088 0089 0089.
0089 0088 0088 0087 0086 0088 0087 0087 0401 0083 0083 0082
0082 0081 0081 0081 0082 0083 0085 0086 0086 0086 0087 0086.
0086 0085 0085 0084 0084 0083 0083 0082 0091 0081 0081 0080
0080 0080 0080 0082 0086 0092 0099 0106 0111 0115 0117 0117.
0116 0114 0111 0109 0107 0105 0103 0101 0099 0098 0096 0094
0092 0091 0091 0094 0098 0105 0112 0119 0125 0129 0130 0130.
0128 0125 0122 0119 0115 0112 0109 0106 0104 0101 0099 0098
0097 0097 0097 0099 0101 0104 0108 0112 0115 0118 0118 0118.
0118 0117 0116 0114 0113 0113 0112 0111 0110 0109 0109 0108
0107 0107 0108 0110 0113 0119 0125 0131 0134 0137 0138 0137.
0135 0134 0132 0130 0128 0126 0125 0123 0122 0121 0120 0118
0117 0116 0117 0119 0122 0127 0132 0137 0138 0143 0143 0142.
0141 0139 0137 0135 0133 0131 0129 0128 0126 0124 0121 0119
0117 0116 0116 0118 0123 0129 0136 0142 0147 0150 0151 0150.
0148 0146 0143 0141 0139 0137 0135 0133 0131 0130 0128 0126
0125 0124 0123 0123 0122 0122 0122 0123 0124 0124 0124 0124=
0073 0072 0074 0074 0074 0074 0074 0074 0074 0073 0073 0072
0072 0071 0070 0068 0066 0065 0065 0066 0067 0070 0072 0073.
0075 0076 0077 0078 0078 0078 0078 0077 0076 0075 0075 0074
0073 0072 0071 0069 0067 0066 0067 0068 0070 0071 0072 0073.
0074 0075 0076 0077 0077 0077 0077 0077 0077 0077 0077 0077
0076 0076 0075 0073 0072 0071 0072 0073 0074 0076 0078 0080.
0080 0081 0081 0081 0081 0081 0082 0082 0081 0081 0080 0080
0079 0078 0076 0074 0073 0074 0072 0073 0075 0078 0081 0083.
0084 0085 0087 0087 0088 0088 0088 0088 0088 0087 0087 0086
0085 0081 0078 0076 0075 0076 0077 0078 0078 0080 0082 0084.
0085 0086 0087 0087 0087 0087 0087 0087 0086 0087 0085 0084
0083 0080 0077 0075 0073 0073 0073 0074 0076 0078 0081 0083.
0084 0086 0086 0087 0088 0088 0088 0088 0088 0087 0087 0087
0085 0082 0080 0077 0076 0075 0075 0077 0078 0080 0082 0085.
0086 0087 0088 0089 0090 0090 0090 0090 0090 0090 0090 0089
0088 0086 0084 0081 0079 0079 0078 0079 0081 0083 0086 0089.
0090 0090 0090 0091 0092 0092 0093 0094 0093 0093 0092 0091
0091 0090 0090 0090 0089 0088 0088 0089 0089 0089 0090 0090.
0091 0091 0091 0092 0092 0092 0092 0092 0092 0092 0092 0092
0092 0091 0091 0091 0090 0089 0089 0090 0090 0091 0092 0093.
0093 0094 0094 0094 0094 0095 0095 0095 0095 0095 0095 0095
0095 0095 0095 0094 0094 0094 0094 0094 0094 0094 0094 0094.
0094 0094 0094 0094 0094 0094 0093 0093 0093 0093 0092 0092
0092 0091 0091 0091 0091 0090 0090 0090 0090 0090 0090 0090.
0090 0090 0090 0090 0090 0090 0089 0089 0089 0089 0089 0089
0088 0086 0086 0085 0083 0082 0082 0083 0086 0087 0089 0090.
0091 0092 0092 0093 0093 0093 0093 0093 0094 0093 0093 0093
0093 0092 0092 0091 0091 0091 0091 0091 0091 0091 0091 0091.
0091 0091 0091 0091 0091 0091 0091 0090 0090 0090 0090 0090
0089 0089 0089 0089 0088 0088 0087 0087 0088 0088 0088 0089.
0089 0089 0089 0089 0089 0089 0089 0089 0089 0089 0089 0088
0088 0088 0087 0086 0086 0086 0085 0085 0086 0086 0087 0088.
0089 0089 0089 0090 0090 0090 0090 0090 0090 0090 0089 0087
0086 0084 0081 0081 0080 0080 0080 0080 0082 0084 0085 0086.
0087 0088 0089 0089 0090 0090 0090 0091 0091 0091 0091 0091
0090 0089 0089 0088 0088 0088 0088 0088 0089 0089 0090 0090.
0090 0090 0091 0091 0091 0091 0090 0090 0090 0090 0090 0090
0090 0089 0088 0089 0088 0088 0088 0089 0090 0090 0090 0091.
0091 0091 0091 0091 0091 0092 0092 0092 0092 0091 0091 0091
0091 0090 0089 0089 0088 0088 0087 0088 0088 0089 0090 0090.
0091 0091 0092 0092 0092 0085 0085 0084 0076 0092 0092 0092
0092 0091 0091 0091 0088 0090 0090 0091 0091 0091 0091 0092.
0092 0092 0092 0093 0093 0093 0093 0093 0100 0093 0092 0092
0092 0091 0090 0086 0085 0085 0085 0087 0089 0092 0095 0096.
0095 0099 0100 0101 0101 0102 0103 0103 0103 0103 0103 0103
0102 0099 0096 0094 0093 0093 0093 0094 0096 0099 0102 0105.
0107 0108 0110 0110 0111 0111 0111 0111 0111 0109 0109 0108
0106 0105 0104 0103 0101 0101 0101 0102 0103 0104 0105 0106.
0107 0108 0109 0109 0109 0110 0110 0110 0110 0110 0110 0110
0110 0109 0106 0104 0103 0103 0104 0106 0108 0111 0112 0114.
0115 0116 0117 0117 0118 0118 0118 0118 0118 0118 0119 0119
0118 0115 0114 0112 0111 0111 0112 0113 0115 0117 0119 0120.
0121 0122 0123 0123 0123 0124 0124 0124 0125 0125 0125 0125
0123 0119 0117 0115 0114 0113 0114 0115 0118 0120 0122 0124.
0125 0126 0126 0127 0128 0128 0128 0128 0128 0128 0128 0127
0127 0126 0126 0125 0125 0124 0123 0123 0123 0124 0124 0124=
KB
0091 0092 0091 0091 0091 0091 0092 0092 0092 0091 0091 0091
0091 0091 0090 0089 0086 0086 0086 0087 0087 0089 0090 0091.
0091 0092 0092 0092 0093 0093 0093 0092 0092 0091 0091 0091
0091 0091 0090 0088 0086 0086 0087 0087 0088 0089 0089 0090.
0090 0090 0090 0091 0090 0090 0090 0090 0090 0090 0090 0091
0090 0090 0089 0088 0087 0086 0086 0088 0088 0089 0091 0091.
0091 0091 0091 0091 0091 0091 0092 0093 0092 0092 0092 0092
0091 0091 0089 0087 0086 0085 0085 0086 0087 0089 0091 0092.
0092 0092 0093 0093 0094 0094 0094 0094 0095 0095 0095 0095
0094 0092 0089 0088 0087 0088 0090 0091 0090 0091 0093 0094.
0095 0095 0095 0095 0096 0096 0096 0096 0097 0103 0096 0097
0096 0094 0091 0089 0088 0088 0088 0089 0090 0091 0093 0094.
0095 0095 0095 0095 0096 0096 0096 0096 0096 0096 0096 0097
0096 0094 0092 0090 0089 0089 0089 0090 0091 0092 0093 0094.
0094 0095 0095 0096 0096 0096 0096 0097 0097 0097 0097 0097
0096 0095 0093 0091 0090 0089 0089 0090 0091 0092 0094 0095.
0096 0095 0095 0095 0096 0096 0096 0097 0097 0096 0096 0096
0096 0096 0095 0095 0095 0095 0094 0095 0095 0096 0096 0096.
0096 0096 0097 0097 0097 0097 0097 0097 0098 0098 0098 0098
0098 0097 0097 0097 0096 0096 0095 0096 0096 0097 0098 0098.
0098 0098 0098 0098 0098 0098 0099 0099 0099 0099 0099 0099
0099 0099 0099 0099 0099 0099 0099 0099 0100 0100 0100 0100.
0100 0100 0101 0101 0101 0101 0101 0101 0101 0101 0101 0101
0101 0101 0101 0101 0101 0101 0101 0100 0101 0101 0101 0101.
0101 0101 0101 0101 0101 0101 0101 0101 0101 0101 0101 0101
0101 0099 0100 0099 0097 0096 0096 0096 0098 0099 0099 0100.
0100 0100 0100 0100 0100 0100 0100 0100 0100 0100 0101 0101
0100 0100 0100 0100 0100 0100 0100 0100 0101 0101 0101 0101.
0101 0101 0101 0101 0101 0101 0101 0101 0101 0101 0101 0101
0101 0101 0100 0101 0101 0101 0100 0100 0100 0100 0100 0101.
0101 0101 0101 0101 0101 0101 0101 0101 0101 0101 0101 0101
0101 0101 0100 0099 0099 0099 0099 0099 0099 0099 0100 0100.
0101 0101 0101 0101 0102 0102 0102 0102 0102 0103 0102 0101
0101 0099 0097 0097 0097 0096 0096 0096 0097 0098 0098 0099.
0099 0099 0099 0099 0099 0099 0099 0100 0100 0100 0100 0100
0099 0099 0099 0098 0098 0099 0098 0098 0099 0099 0099 0099.
0100 0100 0100 0100 0100 0100 0100 0100 0100 0100 0100 0100
0100 0099 0099 0100 0099 0099 0099 0099 0099 0100 0100 0100.
0100 0100 0100 0100 0100 0100 0100 0101 0101 0101 0101 0101
0100 0100 0100 0099 0099 0098 0098 0098 0099 0099 0100 0100.
0100 0100 0100 0100 0100 0092 0092 0092 0084 0100 0100 0100
0100 0100 0100 0100 0102 0099 0100 0100 0100 0100 0100 0100.
0100 0100 0100 0100 0101 0101 0101 0101 0111 0101 0101 0101
0101 0100 0099 0096 0095 0094 0094 0095 0096 0098 0099 0100.
0100 0100 0100 0100 0100 0101 0101 0101 0102 0102 0103 0103
0102 0100 0097 0096 0095 0095 0095 0096 0097 0099 0101 0102.
0103 0104 0104 0104 0105 0105 0105 0105 0106 0105 0105 0104
0104 0103 0103 0102 0101 0101 0101 0102 0103 0103 0104 0104.
0104 0105 0105 0105 0105 0105 0105 0105 0106 0106 0106 0106
0106 0105 0103 0101 0101 0100 0100 0102 0104 0105 0105 0106.
0106 0106 0107 0107 0107 0108 0108 0108 0108 0109 0109 0110
0109 0107 0106 0105 0104 0104 0105 0106 0106 0108 0109 0109.
0110 0110 0110 0110 0111 0111 0112 0113 0113 0114 0114 0115
0113 0110 0108 0107 0107 0107 0107 0108 0110 0111 0111 0113.
0113 0113 0113 0114 0114 0115 0115 0115 0115 0116 0116 0116
0116 0116 0116 0116 0116 0116 0116 0116 0117 0117 0118 0118=
0126 0126 0126 0126 0126 0126 0126 0127 0126 0126 0126 0126
0126 0126 0125 0123 0121 0120 0120 0121 0122 0123 0125 0125.
0125 0126 0127 0127 0127 0127 0127 0127 0126 0126 0126 0125
0125 0125 0124 0122 0120 0119 0121 0121 0122 0123 0123 0123.
0123 0124 0124 0125 0124 0124 0124 0124 0124 0124 0124 0124
0124 0123 0122 0121 0120 0119 0119 0120 0121 0122 0123 0124.
0124 0124 0123 0123 0124 0124 0124 0125 0124 0124 0124 0123
0123 0122 0120 0118 0117 0117 0116 0117 0118 0120 0122 0122.
0123 0123 0124 0124 0124 0124 0124 0124 0125 0125 0125 0125
0124 0121 0119 0117 0116 0118 0119 0120 0119 0120 0122 0123.
0124 0124 0124 0124 0124 0124 0125 0125 0125 0123 0125 0124
0124 0122 0119 0117 0116 0116 0116 0117 0118 0119 0121 0122.
0123 0123 0123 0123 0123 0124 0124 0124 0124 0124 0124 0124
0123 0121 0119 0117 0116 0116 0116 0117 0118 0119 0120 0121.
0121 0122 0122 0123 0123 0123 0123 0123 0123 0124 0123 0123
0123 0121 0119 0117 0116 0115 0115 0116 0116 0118 0120 0121.
0121 0121 0120 0120 0121 0121 0122 0122 0122 0121 0121 0121
0121 0120 0120 0120 0119 0119 0119 0119 0119 0119 0120 0120.
0120 0120 0120 0120 0120 0121 0121 0121 0121 0121 0121 0121
0121 0120 0120 0120 0119 0118 0118 0119 0119 0119 0120 0120.
0120 0120 0120 0120 0120 0121 0121 0121 0121 0121 0121 0121
0121 0121 0121 0121 0121 0120 0121 0121 0121 0121 0121 0121.
0121 0121 0122 0122 0121 0122 0122 0121 0122 0122 0122 0122
0122 0121 0121 0121 0121 0121 0121 0121 0121 0121 0122 0122.
0122 0122 0122 0122 0122 0122 0122 0122 0122 0122 0122 0122
0122 0120 0120 0120 0118 0117 0117 0118 0120 0120 0121 0121.
0121 0121 0121 0121 0121 0122 0122 0122 0122 0122 0122 0122
0122 0121 0121 0121 0121 0121 0121 0121 0122 0122 0122 0122.
0122 0122 0122 0122 0122 0122 0122 0122 0122 0122 0122 0122
0122 0122 0121 0122 0121 0121 0121 0121 0121 0121 0121 0122.
0122 0122 0122 0122 0122 0122 0122 0122 0122 0122 0122 0122
0122 0122 0121 0121 0121 0121 0121 0121 0121 0121 0121 0122.
0123 0123 0123 0123 0124 0124 0124 0124 0124 0125 0124 0123
0123 0121 0119 0119 0119 0118 0118 0118 0119 0120 0121 0121.
0121 0121 0121 0122 0122 0122 0122 0122 0122 0122 0122 0122
0122 0121 0121 0120 0120 0121 0120 0121 0121 0121 0121 0121.
0121 0122 0122 0122 0122 0122 0122 0122 0122 0122 0122 0122
0122 0121 0120 0120 0120 0121 0120 0121 0121 0121 0121 0121.
0122 0122 0122 0122 0122 0122 0122 0122 0122 0122 0122 0122
0122 0121 0121 0121 0119 0119 0119 0120 0120 0120 0121 0121.
0121 0121 0121 0121 0121 0100 0100 0100 0086 0121 0121 0121
0121 0121 0121 0121 0117 0119 0120 0121 0121 0121 0121 0121.
0121 0121 0121 0121 0121 0121 0121 0121 0134 0121 0121 0121
0121 0120 0119 0116 0115 0114 0114 0115 0117 0118 0119 0120.
0119 0120 0121 0120 0121 0121 0121 0121 0122 0122 0122 0123
0122 0119 0116 0115 0114 0114 0114 0114 0116 0117 0119 0120.
0121 0122 0122 0122 0122 0122 0123 0123 0123 0122 0121 0121
0120 0120 0119 0118 0117 0117 0117 0117 0118 0119 0119 0119.
0119 0120 0120 0120 0120 0120 0120 0120 0120 0120 0120 0120
0120 0119 0117 0115 0114 0114 0114 0116 0117 0118 0119 0119.
0119 0119 0120 0120 0120 0120 0120 0120 0120 0120 0121 0121
0120 0118 0117 0116 0115 0115 0115 0116 0116 0118 0119 0119.
0120 0120 0120 0120 0120 0120 0121 0122 0122 0123 0123 0123
0121 0118 0116 0115 0115 0114 0115 0115 0117 0118 0120 0120.
0120 0120 0120 0120 0121 0121 0121 0121 0121 0121 0122 0121
0121 0121 0121 0121 0121 0121 0121 0121 0121 0122 0122 0122=
0175 0175 0175 0175 0175 0175 0175 0176 0175 0175 0175 0175
0175 0175 0174 0172 0169 0169 0169 0170 0170 0172 0174 0174.
0174 0175 0175 0176 0176 0176 0176 0176 0175 0174 0175 0174
0174 0173 0173 0171 0169 0168 0170 0170 0169 0172 0172 0172.
0172 0172 0173 0174 0173 0173 0173 0173 0173 0173 0173 0173
0173 0172 0171 0170 0169 0168 0168 0169 0170 0171 0172 0173.
0173 0172 0172 0172 0172 0172 0173 0173 0173 0172 0172 0172
0172 0171 0169 0167 0166 0165 0165 0166 0167 0168 0171 0171.
0172 0172 0172 0173 0173 0173 0173 0173 0174 0174 0174 0174
0173 0170 0167 0165 0165 0166 0167 0168 0168 0169 0171 0172.
0172 0173 0173 0173 0173 0173 0173 0173 0174 0171 0173 0174
0173 0170 0167 0166 0164 0164 0164 0165 0166 0168 0169 0170.
0171 0171 0171 0171 0172 0172 0172 0172 0172 0172 0172 0173
0172 0169 0167 0165 0164 0164 0164 0165 0166 0167 0168 0169.
0169 0170 0170 0170 0171 0171 0171 0171 0171 0171 0171 0171
0170 0169 0167 0165 0163 0163 0163 0163 0164 0166 0167 0169.
0169 0168 0168 0168 0169 0169 0169 0170 0169 0169 0168 0168
0168 0168 0168 0167 0166 0166 0166 0166 0166 0166 0167 0167.
0167 0167 0167 0167 0167 0168 0168 0168 0168 0167 0168 0168
0167 0167 0167 0167 0166 0165 0165 0165 0165 0166 0167 0167.
0167 0167 0167 0167 0167 0167 0167 0167 0167 0167 0167 0167
0167 0167 0167 0167 0167 0166 0167 0167 0167 0167 0167 0167.
0167 0167 0167 0167 0167 0167 0167 0167 0167 0167 0167 0167
0167 0167 0167 0167 0167 0166 0166 0166 0166 0167 0166 0167.
0167 0167 0167 0167 0167 0167 0167 0167 0167 0167 0167 0167
0167 0165 0165 0164 0163 0161 0161 0162 0164 0165 0165 0165.
0165 0166 0166 0166 0166 0166 0166 0166 0166 0166 0166 0166
0166 0165 0165 0165 0165 0165 0165 0165 0165 0166 0166 0166.
0166 0166 0166 0166 0166 0166 0166 0166 0166 0166 0166 0166
0165 0165 0165 0165 0165 0165 0164 0164 0164 0164 0165 0165.
0165 0165 0165 0165 0165 0165 0165 0165 0165 0165 0165 0165
0165 0165 0164 0164 0164 0164 0163 0163 0163 0164 0164 0165.
0165 0165 0165 0166 0166 0166 0167 0167 0167 0167 0166 0166
0165 0163 0161 0161 0161 0160 0160 0161 0161 0162 0163 0164.
0163 0164 0164 0164 0164 0164 0164 0164 0164 0165 0164 0164
0164 0163 0163 0163 0162 0162 0162 0163 0163 0163 0163 0163.
0163 0164 0164 0164 0164 0164 0164 0164 0164 0164 0164 0164
0163 0162 0162 0162 0162 0162 0162 0162 0163 0163 0163 0163.
0163 0163 0163 0163 0163 0163 0163 0164 0164 0163 0163 0163
0163 0163 0162 0162 0162 0161 0160 0161 0161 0162 0162 0162.
0162 0162 0162 0163 0163 0121 0121 0121 0084 0163 0163 0163
0162 0162 0162 0161 0160 0160 0161 0162 0161 0162 0162 0162.
0162 0162 0162 0162 0162 0162 0162 0162 0166 0162 0162 0162
0162 0161 0160 0157 0156 0155 0155 0156 0157 0159 0160 0162.
0163 0161 0161 0161 0161 0161 0162 0162 0162 0162 0163 0163
0162 0159 0157 0155 0154 0154 0154 0155 0156 0158 0159 0161.
0161 0162 0162 0162 0162 0163 0163 0163 0163 0162 0161 0161
0160 0160 0159 0158 0157 0157 0156 0157 0158 0158 0159 0159.
0159 0159 0159 0160 0160 0160 0160 0160 0160 0160 0160 0160
0160 0159 0156 0155 0154 0153 0153 0155 0156 0157 0158 0158.
0158 0159 0159 0159 0159 0159 0159 0159 0159 0159 0160 0160
0159 0157 0156 0155 0153 0153 0154 0155 0155 0156 0157 0158.
0158 0158 0158 0158 0158 0159 0159 0160 0160 0161 0161 0161
0159 0156 0154 0153 0152 0152 0153 0153 0154 0156 0156 0158.
0158 0157 0158 0158 0158 0158 0158 0159 0159 0159 0159 0159
0158 0158 0158 0158 0158 0158 0157 0157 0158 0158 0159 0159=
A=
SA
NN NN NN NN NN NN 00 00 00 00 00 00 00 00 00 00 00 00 NN NN NN NN NN NN 0643 1717 000
NN NN NN NN NN NN 00 00 00 00 00 00 00 00 00 00 00 00 NN NN NN NN NN NN 0642 1718 000
NN NN NN NN NN NN 00 00 00 00 00 00 00 00 00 00 00 00 NN NN NN NN NN NN 0641 1719 000
NN NN NN NN NN NN 00 00 00 00 00 00 00 00 00 00 00 00 NN NN NN NN NN NN 0641 1720 000
NN NN NN NN NN NN 00 00 00 00 00 00 00 00 00 00 00 00 NN NN NN NN NN NN 0640 1720 000
NN NN NN NN NN NN 00 00 00 00 00 00 00 00 00 00 00 00 NN NN NN NN NN NN 0639 1722 000
NN NN NN NN NN NN 00 00 00 00 00 00 00 00 00 00 00 00 NN NN NN NN NN NN 0638 1722 000
NN NN NN NN NN NN 00 00 00 00 00 00 00 00 00 00 00 00 NN NN NN NN NN NN 0637 1723 000
NN NN NN NN NN NN 00 00 00 00 00 00 00 00 00 00 00 00 NN NN NN NN NN NN 0637 1724 000
NN NN NN NN NN NN 00 00 00 00 00 00 00 00 00 00 00 00 NN NN NN NN NN NN 0635 1725 000
NN NN NN NN NN NN 00 00 00 00 00 00 00 00 00 00 00 00 NN NN NN NN NN NN 0635 1726 000
NN NN NN NN NN NN 00 00 00 00 00 00 00 00 00 00 00 00 NN NN NN NN NN NN 0634 1726 000
NN NN NN NN NN NN 00 00 00 00 00 00 00 00 00 00 00 00 NN NN NN NN NN NN 0633 1728 000
NN NN NN NN NN NN 00 00 00 00 00 00 00 00 00 00 00 00 NN NN NN NN NN NN 0632 1728 000
NN NN NN NN NN NN 00 00 00 00 00 00 00 00 00 00 00 00 NN NN NN NN NN NN 0631 1729 000
NN NN NN NN NN NN 00 00 00 00 00 00 00 00 00 00 00 00 NN NN NN NN NN NN 0630 1730 000
NN NN NN NN NN NN 00 00 00 00 00 00 00 00 00 00 00 00 NN NN NN NN NN NN 0629 1731 000
NN NN NN NN NN NN 00 00 00 00 00 00 00 00 00 00 00 00 NN NN NN NN NN NN 0628 1732 000
NN NN NN NN NN NN 00 00 00 00 00 00 00 00 00 00 00 00 NN NN NN NN NN NN 0628 1733 000
NN NN NN NN NN NN 00 00 00 00 00 00 00 00 00 00 00 00 NN NN NN NN NN NN 0626 1734 000
NN NN NN NN NN NN // // // 00 00 00 00 00 00 00 00 00 NN NN NN NN NN NN 0626 1735 ///
NN NN NN NN NN NN 00 00 00 00 00 00 00 00 00 00 00 00 NN NN NN NN NN NN 0625 1735 000
NN NN NN NN NN NN 00 00 00 00 00 00 00 00 00 00 00 00 NN NN NN NN NN NN 0624 1737 000
NN NN NN NN NN NN 00 00 00 00 00 00 00 00 00 00 00 00 NN NN NN NN NN NN 0623 1738 000
NN NN NN NN NN NN 00 00 00 00 00 00 00 00 00 00 00 00 NN NN NN NN NN NN 0622 1738 000
NN NN NN NN NN NN 00 00 00 00 00 00 00 00 00 00 00 00 NN NN NN NN NN NN 0621 1740 000
NN NN NN NN NN NN 00 00 00 00 00 00 00 00 00 00 00 00 NN NN NN NN NN NN 0620 1740 000
NN NN NN NN NN NN 00 00 00 00 00 00 00 00 00 00 00 00 NN NN NN NN NN NN 0619 1741 000=
BA
0024 0026 0023 0017 0013 0011 0006 -008 0011 0016 0018 0020
0028 0053 0074 0122 0190 0177 0167 0167 0123 0077 0041 0031 0199 1309 -009 0405.
0021 0006 -002 -007 -009 -011 -014 -008 0011 0020 0020 0022
0032 0055 0081 0143 0211 0196 0156 0160 0115 0079 0068 0060 0227 1324 -015 0309.
0056 0053 0034 0032 0040 0041 0041 0041 0041 0041 0040 0040
0050 0073 0105 0139 0180 0219 0189 0165 0120 0084 0046 0032 0229 1415 0028 2322.
0036 0043 0047 0047 0038 0042 0018 0028 0032 0038 0040 0040
0057 0084 0143 0198 0247 0265 0225 0229 0169 0119 0068 0054 0269 1349 0012 0332.
0043 0035 0028 0021 0015 0011 0010 0003 -001 -006 -007 -008
0029 0113 0161 0212 0256 0227 0159 0152 0137 0098 0054 0038 0266 1311 -009 0746.
0028 0022 0016 0013 0008 0004 0001 -002 -005 -007 -007 -009
0025 0095 0149 0213 0251 0266 0233 0215 0162 0121 0070 0059 0267 1356 -010 0743.
0044 0037 0031 0027 0023 0018 0014 0011 0008 0004 0001 0000
0035 0099 0155 0210 0249 0259 0243 0227 0163 0125 0086 0077 0273 1418 -001 0744.
0071 0064 0049 0039 0033 0028 0022 0019 0014 0011 0022 0015
0052 0080 0152 0212 0268 0274 0251 0245 0194 0135 0088 0069 0283 1416 0010 0619.
0076 0086 0085 0070 0056 0066 0047 0037 0053 0065 0073 0075
0081 0100 0103 0112 0130 0142 0144 0119 0110 0104 0088 0089 0152 1441 0036 0405.
0087 0086 0083 0080 0077 0075 0074 0073 0076 0078 0075 0074
0081 0091 0101 0108 0142 0162 0160 0143 0124 0108 0095 0089 0170 1447 0073 0351.
0086 0084 0082 0081 0082 0079 0077 0078 0077 0075 0075 0075
0073 0072 0075 0094 0098 0092 0081 0080 0077 0069 0062 0061 0108 1311 0061 1946.
0061 0060 0060 0059 0057 0057 0058 0058 0057 0057 0056 0057
0062 0064 0070 0070 0074 0096 0074 0075 0066 0063 0060 0057 0100 1403 0056 0559.
0056 0054 0052 0051 0050 0049 0048 0046 0044 0044 0040 0041
0063 0107 0108 0145 0195 0223 0213 0181 0134 0102 0081 0078 0247 1314 0038 0645.
0075 0072 0070 0067 0066 0065 0064 0061 0059 0058 0057 0057
0065 0082 0083 0089 0090 0091 0087 0079 0073 0067 0063 0060 0093 1329 0057 0639.
0060 0060 0060 0060 0058 0058 0058 0058 0058 0057 0056 0056
0063 0076 0083 0077 0081 0074 0105 0093 0078 0085 0069 0063 0111 1506 0055 0733.
0058 0055 0054 0053 0052 0051 0051 0050 0050 0050 0050 0050
0057 0069 0096 0106 0100 0099 0115 0109 0097 0083 0072 0060 0121 1518 0049 0439.
0046 0043 0037 0024 0017 0013 0009 0010 0001 -001 0023 0032
0057 0131 0166 0177 0174 0188 0183 0173 0142 0111 0090 0077 0235 1439 -002 0553.
0079 0076 0073 0069 0067 0066 0064 0057 0056 0055 0057 0059
0072 0083 0098 0119 0117 0101 0108 0093 0093 0077 0075 0074 0130 1249 0053 0511.
0069 0068 0068 0068 0067 0067 0066 0065 0065 0065 0064 0064
0080 0106 0117 0123 0115 0107 0115 0096 0083 0077 0074 0071 0129 1217 0063 0749.
0071 0069 0067 0065 0063 0062 0059 0051 0057 0058 0058 0060
0068 0081 0086 0100 0112 0148 0154 0133 0114 0096 0086 0081 0156 1454 0051 0400.
0078 0075 0074 0072 0072 0159 0259 0359 //// 0069 0069 0069
0074 0079 0090 0098 0125 0134 0095 0090 0087 0084 0080 0077 0401 //// 0069 0542.
0075 0074 0073 0070 0069 0069 0068 0066 0067 0065 0064 0064
0075 0112 0153 0234 0265 0288 0279 0259 0211 0153 0118 0104 0289 1422 0063 0737.
0097 0087 0080 0085 0082 0082 0075 0070 0062 0061 0052 0050
0084 0164 0218 0272 0310 0321 0326 0291 0246 0178 0126 0102 0336 1420 0047 0742.
0091 0082 0074 0068 0063 0058 0053 0049 0050 0074 0078 0084
0107 0135 0159 0185 0227 0222 0231 0201 0167 0144 0132 0125 0247 1430 0047 0442.
0121 0116 0114 0111 0110 0108 0107 0106 0104 0105 0103 0104
0117 0167 0234 0275 0318 0322 0309 0243 0209 0169 0152 0144 0342 1421 0103 0459.
0137 0134 0113 0117 0120 0114 0114 0115 0114 0110 0098 0094
0133 0195 0236 0276 0315 0319 0266 0257 0228 0181 0152 0135 0327 1318 0090 0729.
0129 0132 0129 0129 0124 0119 0107 0094 0077 0071 0065 0070
0123 0211 0273 0323 0354 0369 0330 0319 0253 0194 0162 0136 0376 1342 0063 0728.
0143 0145 0139 0134 0127 0123 0120 0116 0113 0112 0112 0113
0120 0131 0137 0147 0148 0165 0189 0165 0150 0132 0114 0107 0190 1511 0107 1959=
=
??????
******
YF
13064
江苏省
吕泗国家基准气候站
启东市吕四港镇北门外滨海







=
JY
8888=
GK
01/
05/=
BZ
00/320400/1213600
10/24/逐时观测
10/24/24时连续观测
11/守班=
######
