58265 3204N 12136E 000055 000065 105 000 S11 11111999119199111911 0 2010 03
PC
9502 9511 9516 9517 9518 9520 9519 9507 9505 9508 9511 9511
9517 9519 9510 9505 9490 9477 9463 9453 9450 9456 9460 9468 9521 0145 9449 1704.
9477 9479 9485 9489 9494 9496 9495 9495 9496 9500 9505 9511
9518 9526 9527 9524 9519 9511 9500 9496 9495 9501 9511 9521 9528 1033 9468 2005.
9534 9540 9546 9542 9538 9540 9537 9539 9534 9542 9550 9558
9568 9571 9573 9568 9556 9545 9534 9528 9529 9537 9549 9558 9577 1027 9521 2001.
9569 9575 9578 9574 9567 9556 9547 9538 9531 9529 9532 9537
9543 9544 9541 9532 9521 9509 9502 9500 9502 9509 9513 9521 9580 2314 9499 1548.
9529 9537 9542 9542 9544 9539 9542 9535 9525 9529 9532 9539
9544 9546 9543 9533 9524 9513 9501 9500 9504 9514 9526 9542 9547 0955 9492 0443.
9561 9580 9587 9594 9552 9601 9602 9600 9599 9602 9611 9617
9625 9632 9628 9621 9612 9600 9595 9598 9601 9607 9612 9625 9633 1010 9543 2001.
9635 9643 9648 9645 9647 9641 9637 9627 9624 9623 9626 9628
9630 9629 9621 9610 9595 9585 9573 9565 9563 9564 9569 9581 9650 0041 9563 1657.
9586 9603 9610 9623 9635 9641 9646 9648 9648 9655 9661 9669
9679 9685 9688 9686 9686 9674 9673 9675 9679 9686 9702 9715 9716 1957 9580 2004.
9731 9750 9758 9767 9768 9769 9770 9770 9772 9778 9788 9796
9805 9807 9805 9797 9786 9772 9759 9751 9748 9746 9749 9753 9808 0947 9715 2001.
9757 9759 9757 9759 9753 9748 9740 9734 9729 9727 9726 9728
9730 9729 9723 9713 9696 9678 9664 9654 9650 9649 9654 9664 9765 2226 9649 1746.
9674 9677 9677 9673 9669 9659 9648 9641 9632 9628 9629 9630
9633 9633 9627 9618 9601 9583 9572 9563 9558 9562 9566 9578 9678 2218 9558 1658.
9592 9600 9603 9604 9599 9592 9588 9585 9584 9587 9593 9600
9604 9604 9602 9592 9578 9562 9549 9541 9535 9536 9541 9547 9605 2326 9535 1652.
9558 9564 9568 9569 9565 9561 9553 9550 9547 9549 9556 9560
9565 9567 9556 9547 9531 9513 9500 9492 9487 9485 9487 9494 9570 2332 9485 1800.
9503 9504 9502 9504 9504 9501 9504 9502 9499 9504 9516 9522
9533 9539 9543 9546 9548 9547 9546 9551 9564 9573 9586 9600 9601 1952 9494 2001.
9616 9628 9635 9644 9642 9640 9638 9633 9629 9633 9636 9645
9655 9659 9666 9665 9662 9660 9660 9660 9663 9677 9687 9699 9699 2000 9601 2001.
9711 9719 9727 9726 9720 9707 9699 9692 9687 9685 9685 9687
9688 9687 9679 9666 9650 9628 9614 9604 9598 9597 9598 9604 9730 2334 9596 1750.
9608 9615 9619 9625 9638 9646 9657 9658 9667 9675 9686 9690
9695 9696 9692 9685 9672 9659 9647 9637 9630 9626 9629 9635 9697 0922 9604 2001.
9640 9645 9644 9641 9640 9636 9635 9632 9632 9637 9641 9646
9652 9655 9649 9640 9625 9608 9593 9583 9575 9573 9573 9575 9655 0952 9572 1752.
9577 9579 9576 9571 9565 9555 9546 9538 9532 9530 9530 9531
9533 9530 9525 9515 9505 9493 9482 9477 9478 9478 9488 9493 9580 2158 9475 1627.
9496 9506 9513 9511 9507 9511 9506 9504 9500 9509 9519 9533
9544 9552 9555 9549 9541 9532 9518 9513 9513 9517 9524 9530 9556 1109 9492 2013.
9538 9546 9549 9550 9550 9546 9543 9532 9525 9522 9519 9518
9511 9506 9497 9484 9467 9449 9432 9419 9408 9403 9404 9407 9551 2328 9402 1823.
9412 9417 9424 9429 9431 9432 9434 9434 9433 9437 9448 9460
9473 9481 9486 9492 9491 9493 9489 9488 9499 9506 9518 9534 9534 2000 9406 2005.
9536 9556 9563 9568 9574 9568 9556 9555 9554 9548 9552 9548
9564 9569 9572 9559 9551 9539 9528 9524 9537 9545 9557 9569 9578 0029 9524 1551.
9585 9593 9597 9593 9594 9584 9584 9587 9592 9594 9605 9621
9634 9649 9662 9663 9664 9665 9660 9662 9663 9673 9681 9694 9695 1947 9570 2001.
9703 9714 9727 9731 9728 9726 9724 9719 9714 9716 9719 9723
9727 9732 9732 9729 9717 9711 9708 9704 9713 9713 9712 9713 9733 0959 9694 2003.
9717 9718 9713 9707 9705 9693 9682 9672 9664 9658 9657 9655
9660 9658 9650 9638 9623 9612 9602 9598 9601 9619 9620 9645 9718 2155 9596 1637.
9660 9675 9682 9688 9685 9683 9684 9677 9675 9675 9680 9686
9688 9687 9686 9677 9669 9656 9641 9630 9627 9626 9632 9636 9691 0033 9625 1743.
9643 9646 9650 9649 9645 9638 9631 9627 9618 9618 9623 9626
9633 9638 9634 9628 9618 9604 9591 9583 9579 9578 9579 9582 9651 2328 9577 1743.
9586 9587 9588 9588 9583 9576 9573 9565 9563 9565 9573 9573
9578 9581 9585 9580 9574 9568 9558 9554 9554 9563 9568 9576 9589 2233 9552 1640.
9586 9595 9600 9603 9603 9599 9594 9586 9586 9589 9592 9596
9600 9603 9603 9594 9587 9578 9566 9562 9555 9562 9567 9575 9605 0024 9555 1658.
9586 9589 9588 9588 9583 9574 9562 9551 9543 9539 9540 9540
9539 9536 9535 9530 9522 9519 9513 9511 9517 9527 9534 9550 9590 2159 9511 1554=
9527 9518 9484 9475
9503 9518 9518 9528
9547 9565 9552 9565
9563 9544 9516 9529
9546 9547 9520 9549
9608 9625 9607 9633
9649 9636 9593 9589
9649 9677 9682 9723
9777 9804 9780 9761
9756 9736 9686 9672
9667 9638 9590 9586
9599 9608 9569 9554
9568 9567 9520 9501
9508 9529 9554 9607
9647 9653 9668 9707
9715 9695 9635 9612
9653 9698 9666 9642
9643 9653 9615 9582
9562 9538 9500 9500
9518 9540 9539 9537
9553 9525 9456 9414
9439 9467 9500 9541
9575 9555 9546 9576
9591 9629 9673 9702
9734 9731 9719 9721
9701 9663 9620 9653
9691 9694 9663 9644
9645 9633 9611 9589
9583 9580 9575 9583
9606 9603 9585 9582
9581 9547 9526 9557=
TB
0173 0162 0144 0132 0151 0141 0125 0117 0119 0132 0128 0114
0138 0163 0192 0200 0213 0223 0228 0231 0229 0215 0201 0190 0234 1534 0111 0808.
0180 0176 0154 0170 0170 0170 0166 0165 0160 0163 0159 0158
0159 0162 0161 0167 0162 0157 0151 0153 0152 0145 0142 0140 0190 2001 0140 1948.
0137 0128 0120 0100 0093 0094 0095 0095 0093 0095 0094 0095
0100 0109 0112 0114 0120 0127 0132 0129 0131 0126 0123 0115 0140 2001 0092 0108.
0113 0107 0102 0097 0093 0079 0089 0086 0082 0071 0081 0086
0095 0099 0116 0121 0110 0113 0107 0103 0099 0092 0093 0093 0125 1124 0071 0551.
0092 0092 0094 0096 0095 0091 0090 0089 0086 0085 0083 0085
0092 0100 0122 0140 0138 0133 0141 0135 0132 0131 0126 0122 0144 1453 0083 0605.
0120 0107 0104 0100 0258 0102 0100 0099 0100 0099 0098 0103
0111 0115 0120 0131 0130 0137 0130 0123 0119 0115 0113 0111 0258 0049 0095 0617.
0111 0104 0103 0101 0099 0095 0086 0088 0087 0087 0083 0085
0097 0108 0115 0116 0117 0114 0112 0113 0112 0112 0105 0105 0121 1305 0081 0733.
0107 0104 0104 0099 0096 0084 0083 0083 0082 0080 0078 0081
0084 0090 0094 0093 0097 0096 0091 0090 0090 0085 0082 0075 0109 2135 0075 1956.
0063 0079 0080 0076 0078 0077 0077 0082 0076 0071 0067 0065
0067 0075 0078 0076 0081 0086 0090 0090 0093 0091 0084 0080 0096 1723 0062 2052.
0074 0071 0069 0063 0058 0058 0056 0054 0052 0044 0041 0042
0060 0077 0098 0111 0121 0134 0141 0146 0147 0147 0132 0128 0155 1641 0039 0742.
0121 0118 0117 0090 0098 0092 0072 0060 0050 0041 0039 0047
0089 0109 0133 0146 0152 0164 0176 0175 0177 0168 0155 0154 0185 1645 0037 0712.
0148 0141 0114 0102 0091 0080 0073 0073 0072 0064 0061 0066
0113 0141 0160 0174 0189 0196 0200 0202 0200 0198 0167 0147 0206 1538 0060 0712.
0158 0147 0124 0109 0102 0096 0092 0089 0083 0090 0085 0084
0117 0145 0173 0183 0195 0203 0211 0210 0207 0202 0186 0150 0217 1431 0079 0720.
0136 0130 0122 0122 0112 0127 0138 0142 0132 0125 0117 0118
0151 0169 0174 0167 0168 0156 0140 0138 0130 0120 0114 0111 0175 1054 0110 0123.
0119 0120 0118 0114 0112 0112 0113 0111 0109 0108 0103 0105
0116 0129 0139 0149 0149 0149 0150 0146 0143 0137 0119 0133 0152 1226 0103 0542.
0129 0119 0112 0105 0097 0090 0083 0082 0079 0079 0059 0070
0097 0113 0140 0153 0163 0174 0178 0192 0186 0179 0168 0133 0204 1427 0050 0730.
0120 0119 0100 0100 0132 0141 0139 0123 0099 0094 0117 0120
0131 0149 0178 0207 0227 0234 0239 0241 0241 0235 0200 0164 0247 1605 0089 0626.
0149 0139 0158 0146 0124 0112 0108 0106 0101 0106 0100 0115
0157 0176 0196 0213 0219 0230 0238 0244 0247 0239 0222 0175 0251 1741 0097 0654.
0157 0149 0138 0135 0127 0126 0121 0117 0110 0117 0108 0127
0153 0186 0210 0230 0240 0247 0256 0262 0262 0254 0238 0215 0266 1552 0104 0712.
0173 0162 0158 0151 0162 0154 0149 0137 0132 0135 0124 0137
0184 0213 0234 0247 0263 0276 0282 0284 0279 0270 0251 0234 0287 1556 0122 0722.
0226 0216 0210 0204 0195 0180 0174 0170 0154 0153 0151 0155
0199 0209 0225 0234 0247 0257 0261 0262 0264 0252 0235 0227 0267 1618 0146 0721.
0220 0217 0217 0212 0211 0210 0211 0202 0202 0201 0224 0226
0225 0223 0222 0212 0210 0201 0201 0195 0179 0171 0164 0165 0227 2001 0162 1943.
0163 0162 0156 0129 0101 0097 0099 0099 0101 0102 0103 0106
0110 0114 0115 0123 0125 0129 0134 0133 0130 0127 0109 0104 0166 2004 0095 0134.
0103 0106 0108 0106 0107 0107 0107 0101 0098 0095 0094 0094
0097 0103 0099 0104 0103 0101 0103 0102 0096 0096 0094 0092 0108 2255 0092 1953.
0090 0090 0088 0089 0091 0092 0088 0082 0081 0080 0082 0085
0090 0104 0113 0125 0131 0134 0137 0122 0106 0107 0103 0097 0142 1424 0079 0527.
0084 0088 0083 0071 0056 0049 0042 0041 0045 0055 0043 0057
0090 0112 0124 0131 0126 0131 0139 0139 0133 0128 0125 0121 0151 1515 0037 0436.
0112 0101 0097 0096 0094 0089 0087 0075 0074 0071 0069 0075
0093 0123 0142 0165 0180 0196 0201 0208 0205 0192 0179 0167 0213 1555 0068 0344.
0148 0140 0138 0146 0149 0136 0130 0124 0125 0123 0125 0130
0144 0150 0159 0165 0168 0179 0180 0171 0166 0164 0156 0150 0183 1403 0119 0734.
0145 0144 0141 0138 0136 0134 0134 0131 0129 0126 0127 0127
0130 0130 0129 0129 0139 0142 0149 0157 0160 0161 0154 0150 0164 1632 0125 0603.
0145 0143 0138 0139 0136 0124 0123 0122 0120 0118 0117 0120
0125 0133 0135 0141 0152 0167 0177 0171 0174 0170 0161 0151 0178 1450 0117 0655.
0153 0149 0140 0141 0139 0133 0136 0134 0128 0127 0126 0128
0129 0134 0134 0137 0127 0125 0124 0126 0128 0132 0131 0124 0153 2100 0122 1431=
IB
=
0102 0107 0104 0104 0103 0101 0099 0094 0095 0098 0096 0091
0104 0102 0091 0087 0082 0081 0081 0084 0075 0087 0091 0089.
0091 0095 0097 0092 0089 0087 0086 0080 0080 0070 0063 0060
0055 0055 0063 0023 0011 0038 0048 0049 0043 0039 0039 0038.
0038 0040 0042 0063 0067 0063 0062 0060 0058 0041 0038 0033
0033 0020 0025 0019 0022 0017 0015 0019 0021 0041 0043 0052.
0038 0046 0050 0051 0051 0048 0055 0055 0057 0049 0056 0057
0051 0049 0050 0050 0045 0052 0053 0055 0055 0054 0047 0043.
0044 0042 0038 0038 0041 0045 0048 0049 0050 0054 0056 0056
0054 0050 0054 0038 0033 0022 0020 0027 0018 0023 0041 0039.
0040 0059 0062 0063 0140 0056 0056 0055 0054 0055 0040 0017
0002 0006 0004 0002 0004 0004 0004 0013 -003 0003 0007 0005.
0011 0027 0026 0027 0027 0030 0038 0040 0037 0025 0032 0041
0030 0034 0035 0031 0032 0032 0042 0038 0037 0035 0046 0046.
0044 0043 0048 0055 0056 0062 0052 0047 0046 0049 0051 0049
0050 0030 0013 0010 -002 0010 -005 0005 0005 0012 0014 0028.
0028 0028 0033 0036 0037 0036 0034 -056 -065 -089 -097 -107
-110 -098 -096 -089 -076 -080 -081 -076 -070 -063 -054 -044.
-035 -037 -036 -026 -018 -011 -011 0004 0008 0009 0010 0011
0019 0011 0012 0005 0002 0008 0004 -007 -002 -002 -001 0009.
0017 0017 0016 0023 0022 0023 0023 0025 0024 0021 0021 0030
0037 0034 0022 0012 0013 0021 0016 0015 0008 0024 0027 0026.
0030 0038 0044 0050 0049 0048 0046 0046 0049 0042 0041 0049
0062 0055 0047 0040 0047 0045 0033 0034 0033 0039 0062 0073.
0065 0063 0067 0068 0069 0069 0066 0065 0063 0071 0065 0067
0087 0075 0076 0068 0059 0055 0051 0054 0059 0058 0058 0075.
0076 0083 0081 0085 0081 0082 0082 0079 0085 0086 0086 0086
0086 0081 0080 0087 0082 0081 0094 0100 0085 0090 0095 0090.
0087 0087 0085 0084 0086 0086 0089 0088 0088 0091 0087 0091
0099 0097 0070 0028 0007 0011 -003 -015 0019 0023 0044 0013.
0019 0037 0042 0044 0047 0054 0052 0046 0041 0034 0037 0050
0047 0050 0054 0041 0047 0044 0040 0042 0040 0048 0051 0059.
0069 0072 0067 0072 0074 0069 0072 0070 0068 0068 0074 0079
0086 0088 0084 0073 0043 0034 0027 0017 0017 0018 0049 0071.
0067 0081 0071 0079 0085 0086 0084 0084 0080 0084 0079 0082
0084 0076 0083 0075 0081 0075 0074 0071 0069 0071 0080 0104.
0100 0105 0104 0107 0101 0101 0098 0098 0093 0101 0091 0099
0101 0102 0093 0091 0088 0082 0077 0078 0078 0080 0090 0100.
0107 0118 0116 0115 0120 0120 0117 0112 0109 0110 0103 0119
0126 0119 0108 0109 0101 0085 0057 0053 0055 0053 0058 0058.
0055 0051 0050 0048 0036 0035 0063 0056 0077 0073 0081 0087
0055 0036 0009 0011 0028 0048 0051 0063 0070 0059 0059 0056.
0059 0060 0052 0067 0073 0086 0080 0092 0092 0097 0085 0076
0050 0029 0013 0004 -003 -011 -005 0005 0014 0023 0017 -002.
-022 -023 -015 0038 0063 0075 0078 0073 0075 0076 0072 0071
0066 0075 0066 0064 0061 0056 0053 0055 0057 0051 0078 0076.
0082 0087 0075 0066 0061 0059 0055 0061 0077 0079 0077 0072
0066 0042 0045 0048 0042 0040 0033 0039 0050 0052 0056 0054.
0046 0050 0050 0051 0045 0038 0040 0042 0043 0042 0037 0039
0046 0048 0043 0040 0037 0032 0032 -007 0024 0035 0022 0030.
0040 0042 0047 0044 0038 0034 0029 0028 0033 0043 0031 0045
0056 0044 0028 0029 0027 0026 0009 0009 0019 0032 0040 0046.
0057 0068 0066 0061 0054 0051 0051 0055 0057 0056 0055 0058
0066 0066 0063 0069 0039 0025 0010 0001 -019 0053 0048 0050.
0064 0064 0082 0067 0062 0069 0077 0085 0080 0084 0082 0083
0079 0075 0071 0072 0072 0058 0065 0063 0061 0060 0061 0063.
0066 0065 0069 0069 0072 0072 0070 0069 0071 0073 0074 0078
0081 0085 0092 0092 0091 0092 0091 0082 0085 0086 0086 0087.
0091 0093 0096 0093 0096 0103 0109 0108 0107 0105 0104 0109
0114 0114 0110 0109 0104 0103 0098 0088 0085 0089 0093 0111.
0101 0103 0106 0105 0105 0105 0104 0104 0103 0106 0108 0109
0110 0111 0109 0110 0111 0111 0110 0105 0105 0102 0103 0106=
EA
124 129 126 126 125 124 122 118 118 121 120 116
126 124 116 112 109 108 108 110 103 113 115 114.
116 119 121 116 114 112 111 107 107 100 096 093
090 090 095 072 066 080 086 087 083 081 081 080.
080 081 083 096 098 095 095 094 092 082 080 077
077 070 073 070 071 069 068 070 071 082 083 088.
080 085 087 088 088 086 090 090 091 087 091 092
088 087 087 087 084 088 089 090 090 090 085 083.
084 083 080 080 082 084 086 087 087 090 091 091
090 087 089 080 077 072 071 074 070 072 082 081.
081 093 095 096 159 091 091 090 090 090 081 069
062 064 063 062 063 063 063 067 060 062 064 063.
066 074 074 074 074 076 080 081 080 073 077 082
076 078 079 076 077 077 082 080 080 078 085 085.
084 083 086 090 091 095 089 085 085 087 088 086
087 076 067 066 060 066 059 063 063 067 067 075.
074 075 077 079 079 079 078 040 038 031 029 027
026 029 030 031 035 033 033 034 036 038 041 044.
047 046 047 051 053 056 056 063 065 065 065 066
070 066 067 063 062 065 063 058 060 060 061 065.
069 069 069 072 071 072 072 073 072 071 071 076
080 078 072 066 067 071 068 068 065 073 074 073.
076 080 084 087 087 086 085 085 086 083 082 087
095 090 085 081 085 084 077 078 077 081 095 102.
097 095 098 099 099 099 098 097 095 101 096 098
113 104 105 099 093 090 088 089 093 092 092 104.
104 109 108 111 108 109 109 107 111 112 111 112
111 108 107 112 109 108 118 123 111 115 119 115.
113 112 111 110 112 112 114 114 113 115 113 115
121 120 100 075 064 066 060 055 070 072 084 067.
070 079 082 084 085 089 089 085 082 078 080 087
085 087 089 082 085 083 081 082 081 086 088 093.
100 102 098 102 103 100 102 100 099 099 103 107
111 113 110 102 083 078 074 069 069 069 086 101.
098 108 100 106 111 112 110 110 107 110 107 108
111 105 109 104 108 104 103 101 100 101 107 126.
123 127 126 128 123 124 121 121 117 124 115 122
123 124 117 115 113 109 105 105 105 107 115 123.
128 138 136 136 140 140 137 133 130 131 125 139
146 139 129 131 123 111 092 089 090 089 092 092.
090 088 087 086 079 078 095 091 105 103 108 113
091 079 065 066 075 086 088 095 100 093 093 091.
092 093 088 098 103 112 108 116 116 120 111 104
087 075 067 063 060 056 059 063 068 072 069 060.
052 052 055 080 095 103 106 102 104 104 101 101
097 104 098 096 094 091 089 090 091 088 106 105.
109 112 104 097 094 093 090 094 105 107 105 101
097 083 084 086 083 082 078 081 087 088 091 090.
085 087 087 088 084 080 081 083 083 083 079 081
085 086 083 081 080 077 077 058 073 078 071 076.
082 083 085 084 080 078 075 074 077 083 076 084
091 084 075 075 074 074 065 065 070 077 081 085.
092 099 097 094 090 088 088 090 092 091 090 092
097 097 095 099 080 073 066 061 053 089 086 087.
096 096 109 098 095 100 105 111 107 110 109 109
107 104 101 101 101 092 097 095 094 093 094 095.
097 097 100 099 101 101 100 099 101 102 103 106
108 111 116 116 116 117 115 109 111 112 112 112.
116 117 120 117 120 125 130 129 129 127 126 130
135 134 131 130 126 125 121 113 111 114 117 132.
123 125 128 127 127 127 126 126 126 128 130 130
131 132 131 132 132 132 131 127 127 124 125 128=
UB
63 70 77 83 73 77 84 86 85 80 81 86
80 67 52 48 43 40 39 39 37 44 49 52 37 1513.
56 59 69 60 59 58 59 57 59 54 53 52
50 49 52 38 36 45 50 50 48 49 50 50 36 1256.
51 55 59 78 84 81 80 79 79 69 68 65
63 54 55 52 51 47 45 47 47 56 58 65 45 1422.
60 66 70 73 75 81 79 81 84 86 84 82
74 71 64 62 64 66 69 72 74 77 73 71 60 2059.
72 71 68 67 69 73 75 76 78 81 83 82
77 71 63 50 49 47 44 48 46 48 56 57 44 1454.
58 72 75 78 48 73 74 74 73 74 67 55
47 47 45 41 42 40 42 47 43 46 48 48 39 1225.
50 59 59 60 61 64 72 72 71 65 70 74
63 60 58 56 56 57 62 60 60 59 67 67 47 2006.
65 66 68 74 76 86 81 78 78 81 83 80
79 66 57 56 50 55 51 55 55 60 62 72 48 1242.
78 70 72 76 75 75 74 37 36 31 30 28
27 28 28 30 32 30 29 30 31 33 37 41 26 0926.
46 46 47 53 58 61 62 70 73 78 80 80
75 63 55 48 44 42 39 35 36 36 40 44 33 1555.
49 50 50 63 59 62 71 78 83 87 88 89
70 60 47 40 39 38 34 34 32 38 42 42 31 1644.
45 50 62 70 75 80 83 83 85 86 87 89
71 56 47 41 39 37 33 33 33 35 50 61 32 1638.
54 57 68 76 80 83 84 85 87 88 87 89
82 63 53 47 41 38 35 36 38 39 43 61 33 1541.
67 73 76 78 81 74 69 66 73 77 81 81
65 56 54 59 57 61 74 78 74 82 88 87 52 1049.
81 80 80 82 84 84 85 86 87 89 90 91
89 81 63 44 38 39 35 33 43 46 60 44 31 1539.
47 57 62 66 71 78 81 78 77 73 86 87
71 65 56 47 46 42 40 37 38 42 46 61 35 1427.
71 73 80 83 68 62 64 70 81 84 75 76
74 67 54 42 30 27 25 23 23 24 37 54 21 1622.
58 68 56 64 77 84 85 86 87 86 87 80
62 52 48 41 41 37 35 33 32 34 40 63 30 1723.
69 75 80 83 84 85 86 88 89 90 89 83
71 58 47 41 38 35 32 31 31 33 39 48 30 1552.
65 75 76 79 76 80 81 85 86 85 87 89
69 55 45 42 36 30 24 23 24 25 29 32 22 1524.
33 34 35 36 35 38 48 47 60 59 63 64
39 32 24 23 24 26 26 28 29 29 32 33 21 1133.
35 36 34 39 41 45 43 49 49 51 41 38
32 28 25 25 24 24 25 28 33 37 37 32 23 1425.
28 28 31 54 77 86 87 84 84 84 81 79
74 77 72 67 65 61 58 59 61 60 81 83 27 2113.
87 88 80 76 73 72 70 76 87 90 89 86
81 66 69 68 66 66 62 65 73 74 77 77 61 1450.
74 76 77 77 73 69 72 76 77 77 73 73
74 68 62 56 53 50 49 41 57 61 57 63 37 1556.
74 73 78 83 88 90 91 91 92 92 92 92
79 63 52 50 51 49 41 41 46 52 56 60 38 1520.
69 80 81 79 76 77 78 87 89 90 91 89
83 68 59 53 39 32 28 25 22 40 42 46 21 1709.
57 60 69 59 56 64 70 77 74 77 75 73
65 61 56 54 53 45 47 49 50 50 53 56 43 1427.
59 59 62 63 65 66 65 66 68 70 70 72
72 74 78 78 73 72 68 61 61 61 64 66 55 2003.
70 72 76 74 77 87 91 91 92 92 92 93
93 88 85 81 73 66 60 58 56 59 64 77 55 1650.
71 74 80 79 80 83 81 82 85 87 89 88
88 86 85 84 90 91 91 87 86 82 83 89 71 2059=
N=
H=
C=
VB
14400 14400 14400 14400 14400 14400 14400 14400 14400 14400 14400 14600
15100 15100 15100 15100 15100 15100 15100 15100 15100 15100 14400 14400 14400 2001.
14400 14400 14400 14400 14400 14400 14400 14400 14400 14400 14400 14400
14500 14700 15100 15100 15100 15100 15100 15100 14800 14400 14400 14400 14400 2001.
14400 14400 14400 14400 14400 14400 14400 14400 14400 14400 14400 14500
15100 15100 15100 15100 15100 15100 15100 15100 15100 14900 14400 14400 14400 2001.
14400 14400 14400 14400 14400 14400 14400 14400 14400 14400 14400 14500
15100 15100 15100 15100 15100 15100 15100 15100 14800 14400 14400 14400 14400 2001.
14400 14400 14400 14400 14400 14400 14400 14400 14400 14400 14400 14500
15100 15100 15100 15100 15100 15100 15100 15100 14900 14600 14400 14400 14400 2001.
14400 14400 14400 14400 00153 14400 14400 14400 14400 14400 14400 14900
15100 15100 15100 15100 15100 15100 15100 15100 15100 14600 14400 14400 00152 0001.
14400 14400 14400 14400 14400 14400 14400 14400 14400 14400 14400 14900
15100 15100 15100 15100 15100 15100 15000 15100 14900 14800 14400 14400 14400 2001.
14400 14400 14400 14400 14400 14400 14400 14400 14400 14400 14400 14400
14700 15100 15100 15100 15100 15100 15100 15100 14900 14700 14400 14400 14400 2001.
14400 14400 14400 14400 14400 14400 14400 14400 14400 14400 14400 14500
15100 15100 15100 15100 15100 15100 15100 15100 15100 15100 14400 14400 14400 2001.
14400 14400 14400 14400 14400 14400 14400 14400 14400 14400 14400 15100
15100 15100 15100 15100 15100 15100 15100 15100 15100 15100 14500 14400 14400 2001.
14400 14400 14400 14400 14400 14400 14400 14400 14400 14400 14400 15100
15100 15100 15100 15100 15100 15100 15100 15100 15100 15100 14400 14400 14400 2001.
14400 14400 14400 14400 14400 14400 14400 14400 14400 14400 14400 15100
15100 15100 15100 15100 15100 15100 15100 15100 15100 15100 14400 14400 14400 2001.
14400 14400 14400 14400 14400 14400 14400 14400 14400 14400 14400 14800
15100 15100 15100 15100 15100 15100 15100 15100 15100 14900 14400 14400 14400 2001.
14400 14400 14400 14400 14400 14400 14400 14400 14400 14400 14400 14900
15100 15100 15100 14700 14600 14500 14700 14600 14800 14500 14400 14400 14400 2001.
14400 14400 14400 14400 14400 14400 14400 14400 14400 14400 14400 14600
15100 15100 15100 15100 15100 15100 15100 15100 15100 14500 14400 14400 14400 2001.
14400 14400 14400 14400 14400 14400 14400 14400 14400 14400 14400 15100
15100 15100 15100 15100 15100 15100 15100 15100 15100 15100 14600 14400 14400 2001.
14400 14400 14400 14400 14400 14400 14400 14400 14400 14400 14400 15100
15100 15100 15100 15100 15100 15100 15100 15100 15100 15100 14600 14400 14400 2001.
14400 14400 14400 14400 14400 14400 14400 14400 14400 14400 14400 15100
15100 15100 15100 15100 15100 15100 15100 15100 15100 15100 15100 09040 02380 1819.
04650 04320 04010 03780 03580 00099 00099 00099 00099 00099 00099 00099
00099 15100 15100 15100 15100 15100 15100 15100 15100 00097 00097 00097 00097 1714.
00097 00097 00097 00097 00097 00097 00097 00097 00097 00097 00097 00097
00097 00097 00097 00097 00097 00097 00097 00097 00097 00097 00097 00097 00097 2001.
00097 00097 00097 00097 00097 00097 00097 00097 00097 00097 00097 00097
00097 00097 00097 00097 00097 00097 00097 00097 00097 00097 00097 00097 00097 2001.
00097 00097 00097 00097 00097 00097 00097 00097 00097 00097 00097 00097
00097 00097 00097 00097 00097 00097 00097 00097 00097 00097 00097 00097 00097 2001.
00097 00097 00097 00097 00097 00097 00097 00097 00097 00097 00097 00097
00097 00097 00097 00097 00097 00097 00097 00097 00097 00097 00097 00097 00097 2001.
00097 00097 00097 00097 00097 00097 00097 00097 00097 00097 00097 00097
00097 00097 00097 00097 00097 00097 00097 00097 00097 00097 00097 00097 00097 2001.
00097 00097 00097 00097 00097 00097 00097 00097 00097 00097 00097 00097
00097 00097 00097 00097 00097 00097 00097 00097 00097 00097 00097 00097 00097 2001.
00097 00097 00097 00097 00097 00097 00097 00097 00097 00097 00097 00097
00097 00097 00097 00097 00097 00097 00097 00097 00097 00097 00097 00097 00097 2001.
00097 00097 00097 00097 00097 00097 00097 00097 00097 00097 00097 00097
00097 00097 00097 00097 00097 00097 00097 00097 00097 00097 00097 00097 00097 2001.
00097 00097 00097 00097 00097 00097 00097 00097 00097 00097 00097 00097
00097 00097 00097 00097 00097 00097 00097 00097 00097 00097 00097 00097 00097 2001.
00097 00097 00097 00097 00097 00097 00097 00097 00097 00097 00097 00097
00097 00097 00097 00097 00097 00097 00097 00097 00097 00097 00097 00097 00097 2001.
00097 00097 00097 00097 00097 00097 00097 00097 00097 00097 00097 00097
00097 00097 00097 00097 00097 00097 00097 00097 00097 00097 00097 00097 00097 2001.
00097 00097 00097 00097 00097 00097 00097 00097 00097 00097 00097 00097
00097 00097 00097 00097 00097 00097 00097 00097 00097 00097 00097 00097 00097 2001=
R6
0000 0000 0000
0000 0000 0000
0004 0001 0005
0000 0000 0000
0000 0000 0000
0000 0000 0000
0000 0000 0000
0000 0000 0000
0000 0000 0000
0000 0000 0000
0000 0000 0000
0000 0000 0000
0000 0000 0000
0000 0025 0025
0000 0001 0001
0000 0000 0000
0000 0000 0000
0000 0000 0000
0000 0000 0000
0000 0000 0000
0000 0000 0000
0000 0000 0000
0040 0010 0050
0035 0001 0036
0000 0006 0006
0000 0000 0000
0011 0000 0011
0000 0000 0000
0000 0000 0000
0014 0000 0014
0001 0031 0032=
0000 0000 0000 0000 0000 0000 0000 0000 0000 0000 0000 0000
0000 0000 0000 0000 0000 0000 0000 0000 0000 0000 0000 0000.
0000 0000 0000 0000 0000 0000 0000 0000 0000 0000 0000 0000
0000 0000 0000 0000 0000 0000 0000 0000 0000 0000 0000 0000.
0000 0000 0000 0000 0004 0000 0000 0000 0000 0000 0000 0000
0001 0000 0000 0000 0000 0000 0000 0000 0000 0000 0000 0000.
0000 0000 0000 0000 0000 0000 0000 0000 0000 0000 0000 0000
0000 0000 0000 0000 0000 0000 0000 0000 0000 0000 0000 0000.
0000 0000 0000 0000 0000 0000 0000 0000 0000 0000 0000 0000
0000 0000 0000 0000 0000 0000 0000 0000 0000 0000 0000 0000.
0000 0000 0000 0000 0000 0000 0000 0000 0000 0000 0000 0000
0000 0000 0000 0000 0000 0000 0000 0000 0000 0000 0000 0000.
0000 0000 0000 0000 0000 0000 0000 0000 0000 0000 0000 0000
0000 0000 0000 0000 0000 0000 0000 0000 0000 0000 0000 0000.
0000 0000 0000 0000 0000 0000 0000 0000 0000 0000 0000 0000
0000 0000 0000 0000 0000 0000 0000 0000 0000 0000 0000 0000.
0000 0000 0000 0000 0000 0000 0000 0000 0000 0000 0000 0000
0000 0000 0000 0000 0000 0000 0000 0000 0000 0000 0000 0000.
0000 0000 0000 0000 0000 0000 0000 0000 0000 0000 0000 0000
0000 0000 0000 0000 0000 0000 0000 0000 0000 0000 0000 0000.
0000 0000 0000 0000 0000 0000 0000 0000 0000 0000 0000 0000
0000 0000 0000 0000 0000 0000 0000 0000 0000 0000 0000 0000.
0000 0000 0000 0000 0000 0000 0000 0000 0000 0000 0000 0000
0000 0000 0000 0000 0000 0000 0000 0000 0000 0000 0000 0000.
0000 0000 0000 0000 0000 0000 0000 0000 0000 0000 0000 0000
0000 0000 0000 0000 0000 0000 0000 0000 0000 0000 0000 0000.
0000 0000 0000 0000 0000 0000 0000 0000 0000 0000 0000 0000
0000 0000 0000 0000 0000 0000 0000 0000 0004 0011 0009 0001.
0000 0000 0000 0000 0000 0000 0000 0000 0000 0000 0000 0000
0000 0000 0001 0000 0000 0000 0000 0000 0000 0000 0000 0000.
0000 0000 0000 0000 0000 0000 0000 0000 0000 0000 0000 0000
0000 0000 0000 0000 0000 0000 0000 0000 0000 0000 0000 0000.
0000 0000 0000 0000 0000 0000 0000 0000 0000 0000 0000 0000
0000 0000 0000 0000 0000 0000 0000 0000 0000 0000 0000 0000.
0000 0000 0000 0000 0000 0000 0000 0000 0000 0000 0000 0000
0000 0000 0000 0000 0000 0000 0000 0000 0000 0000 0000 0000.
0000 0000 0000 0000 0000 0000 0000 0000 0000 0000 0000 0000
0000 0000 0000 0000 0000 0000 0000 0000 0000 0000 0000 0000.
0000 0000 0000 0000 0000 0000 0000 0000 0000 0000 0000 0000
0000 0000 0000 0000 0000 0000 0000 0000 0000 0000 0000 0000.
0000 0000 0000 0000 0000 0000 0000 0000 0000 0000 0000 0000
0000 0000 0000 0000 0000 0000 0000 0000 0000 0000 0000 0000.
0000 0000 0000 0000 0000 0000 0000 0000 0000 0000 0000 0000
0000 0000 0000 0000 0000 0000 0000 0000 0000 0000 0000 0000.
0000 0000 0000 0000 0018 0021 0000 0001 0000 0000 0000 0000
0000 0000 0000 0000 0000 0000 0000 0000 0000 0000 0006 0004.
0000 0000 0000 0000 0000 0000 0000 0003 0012 0016 0003 0001
0001 0000 0000 0000 0000 0000 0000 0000 0000 0000 0000 0000.
0000 0000 0000 0000 0000 0000 0000 0000 0000 0000 0000 0000
0000 0000 0000 0000 0000 0000 0000 0000 0001 0005 0000 0000.
0000 0000 0000 0000 0000 0000 0000 0000 0000 0000 0000 0000
0000 0000 0000 0000 0000 0000 0000 0000 0000 0000 0000 0000.
0000 0010 0001 0000 0000 0000 0000 0000 0000 0000 0000 0000
0000 0000 0000 0000 0000 0000 0000 0000 0000 0000 0000 0000.
0000 0000 0000 0000 0000 0000 0000 0000 0000 0000 0000 0000
0000 0000 0000 0000 0000 0000 0000 0000 0000 0000 0000 0000.
0000 0000 0000 0000 0000 0000 0000 0000 0000 0000 0000 0000
0000 0000 0000 0000 0000 0000 0000 0000 0000 0000 0000 0000.
0000 0000 0000 0000 0000 0003 0001 0004 0004 0001 0001 0000
0000 0000 0000 0000 0000 0000 0000 0000 0000 0000 0000 0000.
0001 0000 0000 0000 0000 0000 0000 0000 0000 0000 0000 0000
0000 0000 0000 0000 0002 0015 0007 0000 0000 0000 0000 0007=
0000 ////////// 00000=
W=
LA
=
000 000 000 000 000 000 000 000 000 000 001 000
000 003 005 003 000 001 001 002 000 000 000 000 016.
000 000 000 000 001 002 000 000 001 000 000 000
000 000 000 002 002 000 000 000 003 000 000 000 011.
000 000 000 000 000 000 000 000 001 000 001 000
002 003 000 002 003 004 002 000 000 000 000 000 018.
000 002 000 000 000 000 000 000 000 000 000 000
002 000 004 003 000 001 000 000 000 000 001 000 013.
001 001 001 001 000 000 000 000 000 000 000 000
002 002 003 003 002 000 002 000 000 000 000 000 018.
000 001 000 000 000 000 000 000 000 000 000 000
001 004 002 003 004 004 000 000 000 000 000 000 019.
000 000 000 000 000 000 001 000 000 000 000 000
002 002 005 000 000 000 000 000 000 000 000 000 010.
000 000 000 000 000 000 000 001 000 000 000 000
000 000 003 000 002 004 000 000 000 000 000 000 010.
000 000 000 000 000 000 000 000 001 002 002 000
002 003 003 002 002 003 000 000 000 001 000 000 021.
001 000 001 000 000 000 000 000 000 000 000 000
004 007 002 002 002 002 003 002 002 000 000 000 028.
000 000 000 000 000 000 000 000 000 000 000 000
004 004 007 003 000 001 000 004 000 000 000 000 023.
000 000 000 000 000 000 000 001 000 001 000 000
006 003 004 006 000 001 000 002 003 000 000 000 027.
001 000 000 /// 000 000 000 000 000 000 001 000
003 004 002 004 002 003 000 002 000 000 000 000 ///.
000 000 000 000 000 000 000 003 000 000 000 000
003 003 002 000 000 000 000 000 000 000 000 000 011.
000 000 000 000 000 000 000 000 000 000 000 000
001 001 002 003 003 000 002 000 000 000 000 000 012.
000 000 000 001 000 000 000 000 000 000 000 001
006 008 003 000 000 002 000 005 003 000 000 000 029.
000 000 000 000 002 002 002 000 000 000 000 003
003 006 006 000 004 002 001 004 002 003 000 000 040.
000 000 000 001 000 000 000 000 000 000 000 001
005 004 007 003 000 003 001 003 000 000 000 000 028.
000 000 000 000 000 000 000 000 000 000 000 000
003 003 001 004 001 002 002 002 002 000 000 000 020.
000 000 000 000 000 000 000 000 000 000 000 002
003 002 004 002 002 002 003 003 003 000 000 000 026.
001 000 001 000 001 000 001 000 000 001 000 000
002 003 004 003 000 002 004 002 002 001 000 001 029.
002 002 002 002 002 000 002 000 000 000 001 002
002 002 003 003 002 003 002 003 001 003 002 001 042.
002 002 002 000 000 004 000 002 000 000 000 000
000 001 000 002 001 002 000 000 000 000 000 000 018.
001 000 000 000 000 000 000 000 000 002 000 000
002 000 000 002 000 000 002 000 001 000 000 000 010.
000 001 001 000 000 000 000 000 001 000 000 000
002 002 001 002 000 001 000 000 000 001 000 000 012.
000 000 002 000 000 000 000 000 000 002 000 000
005 003 002 000 000 000 002 000 000 000 001 000 017.
000 000 002 000 000 000 000 000 000 000 000 001
003 005 000 000 002 002 004 003 002 000 000 000 024.
000 000 000 000 002 000 000 000 000 000 000 000
000 001 002 001 000 002 003 000 000 001 000 000 012.
000 000 000 002 000 000 000 000 000 000 000 000
002 000 000 000 000 001 002 003 000 000 000 000 010.
000 000 000 000 000 000 000 000 000 000 000 000
000 001 000 000 002 000 004 000 001 000 000 000 008.
000 000 000 000 000 000 000 000 000 000 000 000
000 000 001 000 000 003 000 000 000 000 000 000 004=
Z=
G=
FN
PPC000 110005 PPC002 PPC001 110012 111011
111007 111007 111007 111008 111005 PPC002
110004 109006 109008 109008 108028 108019
108016 108015 108006 109026 109039 110019.
110015 110014 110005 110014 110019 110021
110013 110020 110015 110020 110026 110014
110006 110006 110015 110035 110023 110031
110034 110032 110029 111037 111022 111019.
111017 111026 111046 112030 112021 112017
112013 112014 112017 112032 112021 112021
111016 111033 111018 111033 111029 110026
110010 110006 111011 111015 111015 111003.
111015 111027 112019 112026 112012 112006
112015 PPC002 112004 112006 112007 PPC002
112017 111014 111011 110011 111023 111025
111023 111026 111034 112038 112029 112025.
112022 112015 112019 112011 112012 112012
112013 112009 112012 112017 112009 112011
112009 111011 111006 110013 110006 111009
110027 111019 111031 111015 111014 111021.
111018 111046 111024 112026 109021 112008
112014 112010 112014 112009 112007 112011
111016 111017 111016 110018 110025 110013
111027 111031 111036 111019 111011 111017.
111021 111011 111009 112015 112014 112005
112003 112008 112007 112016 112011 PPC001
111006 111015 110018 111009 111014 111014
111013 111012 111007 111011 111008 PPC000.
111007 111018 111008 112034 112033 112032
112024 112025 112020 112019 112012 112012
112013 112021 111041 112023 111030 111034
112016 112015 112008 112011 112009 PPC001.
112003 112008 112010 112007 112010 112009
112003 112028 112043 112030 112023 112029
112032 112026 112029 112014 111006 111009
111008 111003 111011 111019 112015 112017.
112013 112013 112019 112020 112015 112007
113014 113017 113017 113015 113022 113007
112022 111020 111009 111028 110022 110027
110031 110017 110014 PPC002 111018 111007.
111009 111013 111011 112013 112015 112014
112005 112005 112012 PPC002 PPC000 PPC002
111009 110012 110014 109014 109006 109030
109013 109022 109011 110012 110012 110025.
111023 111008 111008 111009 111007 PPC000
112008 PPC000 112009 112007 112005 PPC001
PPC002 110008 109016 109014 109014 109024
108016 109014 109009 109011 110004 PPC000.
110005 110008 PPC002 111003 111007 PPC000
111005 111007 111005 111013 112010 112006
PPC000 110004 PPC002 109013 109015 108018
108028 108013 109015 109008 110012 110007.
PPC002 110005 111003 111008 PPC000 111009
111010 111005 111004 111004 PPC000 PPC000
110004 110008 110003 110006 110036 110039
111035 111004 111020 111012 111004 111007.
111015 111020 111019 111022 111013 111013
111013 111008 111006 PPC001 PPC002 111004
PPC000 PPC001 111011 110021 110025 110014
110017 110009 PPC001 111008 PPC000 111009.
111011 111040 111028 111021 112028 112021
112021 112019 112022 112010 112005 112009
111012 110019 110016 110033 109025 109008
109008 109034 109022 109010 110013 110007.
111009 111009 111010 111008 111020 111021
111017 111015 111005 111006 111015 111013
110022 110018 109019 108005 108021 108032
108028 108026 108021 108028 109009 109006.
110007 110006 110012 110008 PPC000 111006
PPC002 111005 111004 111009 111008 111009
110004 109013 108012 108019 108010 108032
108020 108024 108008 108015 109008 109007.
110005 110005 PPC002 110011 PPC000 111006
111003 PPC000 PPC000 111010 111005 111010
110007 109003 108015 108006 108018 108018
107009 107012 107011 108011 109012 109010.
109009 110008 110007 110006 110007 110017
110004 110006 PPC002 111005 111006 111007
PPC002 109014 108017 108018 107024 107023
107029 107021 107017 108015 108015 109014.
109020 109014 109012 109015 110012 110010
PPC000 110011 110010 PPC000 PPC001 110007
PPC002 109010 108018 108019 108022 108015
108019 107015 108017 108028 109024 109024.
109017 109025 109031 109019 109022 109019
109021 109004 109009 109015 109038 109045
109038 109041 109033 109027 109020 109030
109016 109037 110055 110040 110036 110027.
110022 110020 110036 111037 112043 112012
112006 112012 112009 112003 112008 PPC002
111014 111012 111016 111012 111007 111007
111008 111011 111010 111009 112012 PPC000.
PPC000 112005 111013 111018 112010 112021
112033 112010 112013 112013 112018 112019
112013 112043 112042 111020 111045 112031
111020 111024 112028 112026 112018 112026.
112030 112016 112021 112019 112017 112016
112019 112011 112019 112015 112017 112012
112018 111013 111019 111027 111024 111017
111010 111019 112032 112013 112011 112011.
112012 112014 112013 112011 PPC001 113005
113003 113003 113003 113006 PPC002 PPC002
111007 110007 110024 110012 110020 110018
110024 110010 111006 111026 111015 111016.
112014 112020 112017 112030 112028 112014
112020 112014 112015 112013 112018 112014
111018 PPC002 110021 109020 109028 109018
108026 108024 109018 109028 110015 110012.
110012 110005 110004 110009 111026 111005
PPC002 111003 111005 111005 111006 111008
111003 110004 110010 110018 110013 109017
109017 110010 110023 110011 110017 111016.
111010 111016 111011 111015 111010 111012
111016 111008 111009 PPC001 111017 111015
111013 111008 111010 111010 111010 110018
110012 110016 110016 110016 110016 111015.
111004 111011 111006 111005 111013 111003
111008 111003 111009 PPC000 PPC000 PPC001
111005 PPC002 111010 111003 110011 110015
109006 110027 110009 110010 110009 PPC002.
110007 111006 111004 111012 111017 PPC002
111005 111010 111008 111008 111007 111011
111005 111005 111009 111004 111015 111010
111019 111028 111033 111017 111022 111009=
110003 110007 110004 PPC002 110012 111012
111006 111008 111010 111008 111005 111003
PPC002 109007 109010 109011 108019 108011
108014 108010 108005 109022 109026 110021.
110014 110012 110006 110016 110017 110022
110014 110015 110014 110019 110022 110014
110008 110009 110015 110033 110024 110031
110032 110031 110030 111029 111024 111026.
111015 111025 111034 112027 112021 112017
112015 112015 112020 112033 112020 112022
111017 111033 111023 111031 111023 110025
110012 110013 111007 111015 111016 111004.
111018 111025 112016 112023 112011 112008
112014 112003 112004 112006 112008 112004
112020 111014 111010 110010 111020 111027
111032 111028 111026 112038 112030 112021.
112025 112022 112017 112010 112014 112012
112015 112009 112016 112015 112010 112008
112010 111011 111011 110010 110006 110009
110019 111018 111024 111020 111014 111017.
111024 111041 111025 112020 109022 112008
112010 112009 112014 112010 112009 112009
111014 111015 111017 110016 110029 110012
111026 111034 111032 111021 111013 111019.
111018 111013 111012 112010 112014 112003
112003 112007 112008 112014 112010 PPC000
111008 111009 110011 111013 111020 111016
111014 111013 111009 111013 111006 PPC002.
111009 111020 111010 112025 112034 112026
112022 112022 112019 112015 112011 112011
112013 112017 111038 112018 111032 111034
112022 112017 112012 112013 112010 PPC001.
PPC002 112008 112010 112004 112011 112013
112008 112025 112029 112029 112031 112034
112034 112029 112023 112023 111013 111014
111011 111007 111012 111016 112016 112016.
112012 112018 112020 112019 112020 112015
113013 113017 113015 113014 113017 113006
112025 111019 111020 111029 110024 110023
110032 110022 110021 110006 111020 111010.
111011 111013 111010 112006 112014 112016
112005 112007 112010 113005 PPC002 PPC002
111010 110009 110014 109013 109012 109019
109011 109019 109011 110015 110012 110026.
111012 111010 111006 111006 111005 PPC001
112005 112003 112010 112006 112005 PPC000
PPC001 110010 109011 109010 109017 109019
109014 109016 109011 109007 110004 PPC002.
110007 110005 PPC001 PPC001 111004 PPC000
111004 111006 111007 111010 112009 112005
PPC000 110004 109005 109012 109015 108018
108019 108014 109015 109005 110011 110006.
PPC002 110005 111003 111010 PPC001 111004
111010 111005 111004 111004 PPC002 PPC000
110005 110006 PPC002 110005 110030 110032
111028 111006 111016 111011 111005 111007.
111015 111018 111019 111018 111013 111012
111008 111006 111003 111006 PPC002 111005
PPC000 PPC000 111008 110016 110025 110016
110022 110011 PPC002 111008 PPC000 111013.
111015 111034 111030 111026 112025 112022
112026 112022 112016 112016 112006 112012
111013 110016 110009 110027 109026 109021
109025 109031 109026 109013 110014 110007.
111009 111003 111008 111007 111015 111025
111021 111019 111005 111008 111015 111017
111022 110022 109016 108013 108021 108022
108018 108025 108024 108026 109007 109007.
110006 110007 110014 110009 PPC000 111006
111004 111004 PPC002 111009 111009 111008
110007 109012 108010 108018 108012 108019
108015 108014 108015 108015 109010 109007.
110004 110006 110003 110010 110003 111005
111005 PPC000 PPC000 111011 111005 111010
110008 109003 108013 108012 108014 108021
108013 107015 107012 108013 109013 109010.
109007 110006 110003 110006 110005 110008
110003 110006 110003 111007 111005 111006
110003 109014 108015 108017 107022 107016
107025 107017 107021 108018 108021 109013.
109019 109014 109013 109015 110011 110009
PPC000 110010 110007 PPC002 PPC002 110007
PPC000 109010 108012 108014 108020 108019
108024 107019 108022 108029 109019 109023.
109019 109025 109026 109023 109025 109021
109021 109005 109008 109009 109030 109044
109041 109038 109043 109025 109024 109031
109029 109038 110049 110048 110041 110022.
110026 110023 110038 111034 112038 112011
112003 112013 112009 PPC002 112011 112003
111013 111012 111018 111010 111012 111008
111009 111009 111016 111017 112012 112003.
PPC001 112004 112015 111015 111012 111022
111018 112009 112013 112011 112017 112017
112015 112029 112038 111030 111044 112030
111015 111023 112021 112025 112026 112019.
112026 112021 112019 112018 112017 112018
112012 112011 112021 112015 112014 112009
112015 111015 111021 111020 111019 111020
111015 111015 112026 112011 112014 112012.
112012 112014 112016 112011 PPC002 113003
113006 PPC002 113005 112007 PPC002 112003
111006 110011 110015 110016 110019 110019
110022 110014 111009 111022 111015 111018.
111020 112021 112024 112020 112016 112014
112016 112015 112012 112014 112016 112018
111018 110006 110020 109017 109026 109017
108023 108025 109018 109027 110019 110010.
110010 110005 110005 110011 111025 111004
PPC002 111003 111007 PPC002 111006 111009
111005 110006 110010 110015 110012 109024
109017 110016 110020 110019 110014 111017.
111011 111014 111012 111015 111011 111015
111013 111012 111011 111004 111018 111013
111020 111010 111014 111021 111008 111015
110016 110012 110013 110015 110018 111014.
111006 111012 111006 111007 111010 111003
111006 111004 111008 PPC000 PPC000 PPC000
111003 111004 111010 111007 110009 110012
109010 110023 110011 110008 110010 PPC002.
110008 111009 111005 111011 111016 PPC000
111004 111010 PPC002 111011 111008 111008
111006 111004 111009 111006 111012 111014
111015 111024 111026 111010 111019 111008=
029109 1810 052110 1956
042110 1145 067110 1641
042112 0010 062112 0555
039112 1759 055112 1711
033112 0445 054112 0442
043111 2156 071111 2200
023111 2117 037111 2112
043111 1246 064112 0057
036112 0926 060112 0819
034110 1456 058112 2227
026110 1951 040109 1433
030109 1442 043109 1302
023108 1350 040108 1457
046110 1313 087110 1347
026110 1215 042110 1329
039111 2310 063109 1345
032111 0248 046111 0246
024108 1406 043108 1548
025108 1356 036108 1347
028108 1820 042108 1812
033109 1911 048109 1949
063110 1635 091110 1641
042111 2309 066112 0013
045112 1333 070112 1327
040111 1531 065111 1522
028111 1812 043110 1515
030110 1816 049109 1538
036111 0052 062111 0048
025111 1123 037111 1127
023110 1541 036110 1559
028111 1707 042111 1704=
DB
0152 0145 0132 0120 0118 0110 0102 0095 0094 0118 0119 0101
0147 0215 0258 0282 0335 0359 0350 0330 0280 0224 0180 0164 0368 1437 0092 0439.
0151 0146 0135 0143 0150 0150 0147 0145 0145 0144 0141 0141
0142 0150 0165 0194 0185 0183 0175 0182 0161 0143 0134 0129 0201 1232 0128 1954.
0125 0120 0115 0096 0096 0096 0095 0093 0091 0088 0086 0087
0108 0140 0149 0162 0196 0221 0219 0196 0176 0143 0123 0107 0259 1414 0081 0429.
0102 0096 0092 0087 0083 0063 0081 0082 0075 0063 0073 0085
0113 0146 0210 0185 0136 0173 0154 0148 0124 0105 0100 0097 0242 1124 0060 0546.
0094 0091 0090 0089 0087 0085 0085 0080 0077 0081 0080 0084
0105 0149 0223 0278 0228 0178 0219 0174 0145 0135 0121 0115 0305 1209 0072 0452.
0113 0101 0104 0096 0304 0095 0093 0091 0089 0088 0085 0087
0129 0152 0174 0245 0234 0245 0196 0172 0148 0126 0113 0104 0310 0047 0076 0542.
0101 0094 0095 0092 0090 0088 0086 0085 0084 0082 0077 0090
0138 0186 0226 0211 0210 0163 0145 0150 0133 0126 0111 0107 0244 1114 0074 0029.
0104 0101 0099 0097 0095 0085 0081 0079 0077 0077 0076 0077
0085 0096 0118 0106 0126 0162 0120 0123 0106 0091 0082 0076 0180 1335 0075 0415.
0058 0070 0070 0069 0068 0067 0067 0063 0059 0054 0051 0053
0073 0127 0146 0152 0186 0215 0207 0182 0184 0137 0084 0072 0223 1356 0050 0718.
0057 0057 0057 0053 0049 0047 0043 0044 0039 0031 0025 0032
0110 0190 0216 0307 0345 0373 0349 0347 0292 0208 0137 0128 0384 1353 0020 0728.
0118 0118 0111 0076 0072 0067 0050 0041 0035 0029 0025 0044
0121 0210 0253 0348 0389 0394 0398 0347 0299 0216 0158 0154 0405 1412 0024 0710.
0148 0137 0106 0092 0083 0075 0068 0063 0058 0052 0047 0065
0136 0210 0261 0339 0380 0379 0382 0359 0292 0238 0175 0157 0390 1504 0047 0700.
0151 0138 0116 0102 0093 0087 0081 0076 0072 0069 0066 0079
0133 0197 0253 0315 0350 0369 0366 0321 0263 0218 0172 0144 0382 1409 0065 0712.
0130 0123 0113 0106 0102 0099 0121 0126 0123 0113 0112 0115
0167 0208 0187 0165 0158 0150 0136 0136 0134 0125 0119 0117 0224 1022 0097 0212.
0115 0113 0111 0108 0107 0106 0105 0103 0098 0098 0098 0104
0125 0143 0147 0186 0172 0168 0163 0145 0141 0125 0115 0108 0191 1225 0096 0534.
0099 0091 0085 0084 0075 0072 0063 0057 0051 0046 0034 0057
0145 0211 0267 0314 0359 0372 0381 0381 0316 0224 0166 0132 0408 1428 0033 0713.
0116 0109 0095 0096 0117 0124 0125 0097 0080 0073 0079 0104
0160 0237 0296 0380 0422 0430 0435 0414 0364 0272 0197 0159 0452 1515 0066 0446.
0142 0130 0122 0115 0106 0098 0093 0088 0084 0080 0076 0105
0187 0266 0315 0389 0404 0434 0432 0408 0366 0281 0211 0171 0450 1423 0076 0700.
0153 0140 0130 0123 0116 0110 0105 0100 0095 0093 0087 0112
0184 0256 0320 0370 0385 0396 0422 0399 0360 0280 0221 0183 0424 1458 0084 0636.
0161 0155 0144 0137 0144 0135 0133 0122 0112 0108 0103 0128
0203 0277 0325 0367 0419 0441 0443 0428 0355 0287 0228 0199 0457 1456 0102 0710.
0188 0176 0165 0160 0151 0146 0160 0144 0140 0141 0139 0152
0220 0265 0332 0341 0413 0420 0410 0383 0341 0274 0224 0199 0428 1411 0137 0711.
0191 0186 0194 0195 0193 0191 0189 0183 0181 0180 0191 0198
0200 0206 0219 0199 0208 0198 0212 0213 0189 0174 0159 0152 0220 1101 0152 2000.
0149 0145 0142 0107 0101 0106 0111 0109 0108 0108 0106 0111
0123 0127 0132 0161 0167 0174 0180 0162 0139 0126 0113 0110 0189 1427 0101 0100.
0111 0111 0107 0104 0103 0100 0099 0096 0093 0096 0094 0093
0107 0102 0106 0130 0110 0114 0120 0139 0119 0115 0099 0090 0141 1558 0079 0516.
0085 0084 0082 0081 0081 0079 0076 0072 0069 0069 0070 0080
0111 0145 0162 0176 0182 0190 0162 0117 0110 0132 0102 0085 0198 1122 0069 0451.
0075 0070 0062 0053 0047 0039 0034 0029 0036 0039 0028 0053
0120 0206 0274 0293 0217 0235 0264 0198 0153 0131 0121 0114 0323 1514 0027 0435.
0104 0101 0097 0094 0087 0077 0069 0060 0059 0053 0053 0076
0129 0211 0268 0313 0339 0384 0383 0377 0305 0220 0178 0155 0398 1421 0052 0645.
0143 0135 0136 0134 0132 0128 0125 0122 0121 0119 0118 0124
0143 0159 0195 0206 0225 0297 0260 0203 0177 0165 0151 0140 0308 1440 0118 0651.
0135 0131 0128 0126 0124 0122 0120 0118 0117 0116 0116 0125
0139 0139 0136 0142 0182 0190 0218 0230 0202 0178 0149 0140 0255 1613 0115 0624.
0136 0134 0133 0130 0124 0122 0120 0119 0116 0116 0114 0121
0136 0161 0151 0174 0215 0289 0269 0225 0214 0176 0157 0149 0315 1404 0114 0700.
0145 0140 0136 0133 0131 0129 0127 0125 0124 0123 0122 0126
0131 0142 0146 0145 0135 0131 0142 0137 0131 0133 0125 0121 0152 1153 0121 1958=
0164 0157 0150 0144 0139 0133 0128 0123 0118 0118 0120 0119
0118 0129 0149 0172 0188 0210 0222 0227 0223 0210 0195 0181.
0171 0163 0156 0151 0149 0148 0147 0145 0144 0142 0141 0139
0138 0138 0139 0145 0151 0151 0152 0152 0153 0149 0143 0138.
0134 0130 0127 0124 0119 0115 0113 0110 0109 0107 0104 0102
0102 0108 0113 0119 0128 0141 0155 0156 0153 0147 0138 0131.
0122 0117 0113 0105 0106 0101 0097 0097 0096 0092 0090 0091
0095 0102 0115 0136 0131 0130 0135 0133 0130 0123 0117 0112.
0109 0106 0104 0102 0100 0098 0097 0096 0094 0093 0092 0092
0093 0101 0116 0141 0160 0157 0153 0154 0146 0139 0132 0126.
0122 0119 0116 0113 0248 0108 0106 0104 0103 0101 0099 0088
0100 0108 0116 0131 0151 0165 0164 0156 0148 0139 0131 0124.
0118 0113 0110 0108 0105 0103 0101 0100 0098 0097 0094 0093
0097 0107 0124 0141 0143 0145 0139 0134 0132 0128 0123 0118.
0115 0112 0110 0108 0106 0104 0101 0099 0096 0094 0092 0091
0091 0093 0098 0100 0103 0112 0116 0112 0111 0107 0102 0097.
0092 0088 0087 0086 0084 0083 0082 0081 0077 0075 0072 0070
0070 0077 0091 0103 0111 0124 0134 0136 0135 0133 0120 0106.
0097 0089 0085 0081 0078 0075 0072 0069 0067 0065 0061 0057
0062 0081 0108 0142 0176 0204 0220 0224 0219 0200 0178 0160.
0148 0139 0133 0125 0115 0107 0100 0093 0086 0080 0075 0071
0077 0096 0124 0159 0193 0218 0233 0237 0229 0214 0193 0176.
0165 0157 0148 0137 0128 0120 0113 0107 0102 0097 0092 0088
0093 0109 0134 0164 0194 0216 0226 0233 0229 0215 0199 0182.
0171 0162 0154 0144 0135 0128 0122 0116 0111 0107 0103 0100
0103 0116 0137 0163 0189 0210 0224 0227 0220 0208 0194 0178.
0165 0156 0148 0141 0135 0130 0127 0129 0130 0129 0125 0124
0126 0139 0149 0149 0146 0144 0141 0138 0137 0135 0131 0128.
0125 0123 0121 0119 0117 0116 0114 0113 0111 0109 0108 0107
0110 0117 0123 0128 0138 0138 0137 0136 0133 0130 0125 0120.
0115 0110 0104 0101 0098 0094 0091 0086 0082 0077 0073 0069
0078 0102 0133 0169 0200 0227 0241 0248 0244 0226 0202 0180.
0164 0153 0140 0131 0129 0129 0129 0126 0118 0111 0106 0105
0111 0129 0156 0191 0224 0248 0262 0267 0263 0247 0225 0204.
0187 0174 0164 0155 0147 0140 0134 0128 0123 0119 0115 0112
0119 0139 0168 0199 0226 0248 0263 0268 0264 0252 0232 0212.
0196 0183 0172 0164 0156 0150 0144 0138 0134 0129 0125 0122
0128 0145 0170 0183 0222 0239 0252 0259 0257 0245 0230 0213.
0198 0186 0178 0170 0164 0161 0157 0152 0147 0141 0137 0134
0141 0158 0183 0206 0231 0255 0269 0276 0273 0260 0242 0224.
0210 0200 0191 0183 0176 0170 0168 0167 0161 0159 0157 0154
0159 0171 0187 0211 0229 0249 0261 0266 0263 0252 0236 0220.
0208 0199 0193 0191 0189 0186 0185 0183 0181 0179 0177 0177
0177 0178 0180 0181 0180 0181 0179 0182 0180 0177 0171 0165.
0161 0157 0154 0150 0143 0136 0133 0130 0128 0126 0124 0122
0123 0126 0128 0134 0141 0148 0151 0152 0146 0140 0134 0129.
0125 0124 0121 0119 0117 0115 0113 0111 0114 0108 0106 0105
0104 0106 0108 0111 0115 0114 0115 0116 0117 0116 0113 0108.
0103 0100 0097 0095 0094 0092 0091 0089 0087 0085 0084 0084
0088 0100 0113 0129 0137 0143 0145 0136 0127 0124 0121 0112.
0103 0096 0091 0085 0079 0075 0069 0065 0061 0063 0060 0058
0069 0095 0128 0159 0173 0166 0175 0181 0165 0150 0139 0131.
0125 0120 0114 0110 0107 0102 0096 0090 0085 0082 0078 0078
0085 0109 0139 0170 0197 0221 0239 0246 0240 0224 0203 0185.
0171 0162 0155 0150 0145 0141 0138 0136 0133 0131 0129 0128
0129 0133 0140 0151 0157 0172 0189 0184 0174 0166 0159 0152.
0146 0142 0139 0136 0133 0131 0129 0127 0126 0124 0123 0122
0125 0128 0131 0132 0133 0141 0148 0159 0165 0161 0154 0147.
0142 0140 0137 0135 0133 0131 0129 0127 0125 0124 0123 0122
0124 0130 0137 0139 0149 0162 0184 0183 0180 0174 0164 0157.
0152 0148 0144 0141 0138 0136 0134 0132 0131 0129 0128 0128
0128 0130 0133 0135 0136 0134 0133 0135 0134 0132 0130 0128=
0165 0161 0156 0152 0148 0144 0140 0136 0133 0130 0128 0128
0126 0127 0133 0143 0154 0166 0178 0188 0192 0192 0188 0181.
0175 0169 0164 0159 0156 0153 0152 0150 0148 0147 0146 0144
0143 0142 0142 0142 0145 0146 0148 0148 0149 0149 0147 0144.
0141 0139 0136 0134 0131 0128 0126 0124 0122 0120 0118 0116
0115 0114 0116 0118 0122 0127 0134 0140 0143 0143 0141 0137.
0133 0129 0126 0128 0120 0117 0114 0111 0110 0108 0106 0105
0104 0106 0110 0117 0124 0125 0127 0128 0129 0127 0125 0122.
0119 0117 0115 0113 0111 0110 0108 0107 0106 0105 0104 0103
0102 0104 0108 0117 0129 0137 0139 0141 0141 0139 0136 0132.
0129 0127 0124 0122 0238 0118 0116 0114 0112 0112 0110 0098
0108 0109 0112 0117 0126 0135 0142 0144 0143 0140 0136 0132.
0128 0125 0122 0119 0116 0115 0113 0111 0110 0109 0107 0106
0105 0107 0112 0121 0128 0131 0133 0132 0131 0130 0128 0125.
0123 0121 0119 0117 0116 0114 0112 0111 0109 0107 0105 0104
0103 0102 0103 0105 0105 0108 0112 0113 0113 0112 0111 0108.
0106 0103 0101 0099 0098 0096 0095 0094 0093 0091 0089 0087
0086 0086 0089 0095 0100 0106 0113 0119 0122 0124 0122 0118.
0112 0107 0102 0099 0096 0093 0090 0088 0086 0084 0081 0079
0078 0080 0089 0103 0122 0141 0159 0171 0178 0178 0172 0163.
0155 0148 0142 0137 0131 0125 0120 0115 0110 0105 0100 0096
0094 0096 0105 0119 0138 0157 0173 0185 0191 0190 0185 0177.
0169 0162 0157 0150 0144 0138 0132 0127 0123 0118 0114 0110
0108 0110 0117 0129 0145 0162 0176 0186 0192 0193 0188 0181.
0174 0168 0162 0156 0150 0145 0140 0135 0131 0126 0123 0120
0118 0119 0124 0135 0148 0162 0176 0186 0190 0190 0185 0179.
0172 0165 0159 0154 0149 0145 0141 0139 0138 0137 0135 0134
0133 0134 0139 0143 0144 0143 0142 0141 0140 0139 0138 0136.
0134 0132 0130 0129 0127 0126 0124 0123 0122 0120 0119 0118
0118 0119 0122 0124 0128 0132 0133 0134 0133 0133 0131 0129.
0126 0123 0120 0117 0114 0111 0109 0106 0103 0100 0097 0094
0093 0097 0108 0124 0143 0163 0181 0193 0200 0201 0195 0185.
0175 0148 0158 0150 0145 0141 0139 0138 0134 0130 0126 0122
0121 0124 0133 0147 0166 0186 0202 0214 0220 0220 0215 0206.
0196 0186 0178 0171 0164 0159 0153 0148 0143 0139 0135 0132
0131 0134 0143 0157 0175 0191 0206 0218 0223 0225 0220 0212.
0202 0194 0186 0179 0172 0166 0161 0157 0152 0148 0145 0141
0139 0142 0150 0132 0178 0192 0203 0213 0219 0221 0217 0211.
0203 0195 0188 0182 0177 0172 0169 0165 0162 0158 0154 0151
0149 0152 0160 0171 0185 0200 0215 0226 0232 0233 0228 0221.
0213 0206 0199 0193 0188 0183 0179 0176 0173 0170 0167 0165
0164 0166 0171 0180 0191 0203 0215 0223 0228 0228 0225 0218.
0211 0205 0199 0195 0192 0190 0188 0186 0184 0183 0181 0180
0179 0179 0179 0179 0179 0179 0179 0179 0179 0178 0176 0173.
0170 0167 0165 0162 0158 0154 0150 0147 0145 0143 0141 0139
0137 0137 0137 0138 0141 0144 0147 0150 0150 0148 0145 0142.
0139 0137 0135 0134 0132 0130 0129 0127 0125 0124 0123 0121
0116 0120 0120 0120 0122 0122 0123 0123 0124 0124 0124 0122.
0119 0117 0114 0112 0111 0109 0108 0106 0105 0103 0102 0101
0101 0103 0109 0116 0123 0129 0134 0135 0133 0130 0129 0126.
0121 0116 0112 0108 0104 0101 0097 0093 0089 0087 0085 0083
0083 0089 0102 0119 0136 0143 0148 0155 0156 0152 0146 0141.
0136 0132 0128 0125 0122 0119 0116 0112 0108 0105 0101 0099
0099 0103 0114 0130 0148 0165 0182 0196 0203 0203 0197 0188.
0180 0172 0166 0161 0157 0153 0150 0147 0144 0142 0140 0138
0137 0138 0139 0143 0148 0153 0162 0168 0168 0166 0162 0159.
0155 0152 0149 0146 0144 0142 0140 0138 0136 0135 0134 0133
0132 0133 0134 0135 0136 0138 0141 0146 0151 0154 0154 0151.
0149 0146 0144 0143 0141 0140 0138 0136 0135 0134 0133 0131
0131 0132 0135 0137 0140 0146 0155 0164 0166 0166 0164 0160.
0157 0154 0152 0149 0147 0145 0143 0141 0140 0139 0137 0136
0136 0136 0136 0138 0138 0139 0138 0138 0138 0138 0137 0136=
0142 0142 0142 0141 0140 0139 0138 0136 0135 0133 0132 0131
0129 0129 0128 0128 0129 0131 0135 0139 0143 0147 0150 0151.
0152 0152 0151 0150 0148 0147 0146 0145 0144 0143 0142 0141
0140 0139 0139 0138 0138 0138 0138 0138 0138 0138 0138 0138.
0138 0137 0136 0135 0134 0133 0132 0131 0129 0128 0127 0126
0125 0124 0123 0122 0122 0122 0123 0124 0126 0128 0129 0129.
0129 0129 0129 0130 0126 0125 0124 0123 0121 0120 0119 0118
0117 0116 0116 0116 0116 0117 0119 0119 0120 0121 0122 0121.
0121 0120 0120 0119 0118 0117 0117 0116 0115 0114 0114 0113
0112 0112 0112 0112 0113 0115 0118 0120 0122 0123 0124 0125.
0125 0124 0124 0123 0230 0122 0121 0120 0120 0119 0117 0106
0116 0116 0115 0115 0116 0117 0119 0121 0123 0125 0126 0126.
0126 0125 0124 0123 0122 0121 0120 0119 0118 0117 0116 0115
0115 0114 0114 0114 0115 0116 0118 0120 0121 0121 0122 0122.
0121 0121 0121 0120 0119 0118 0118 0117 0116 0115 0115 0114
0113 0112 0111 0111 0111 0111 0111 0111 0111 0112 0112 0112.
0112 0111 0110 0110 0109 0108 0107 0106 0106 0105 0104 0103
0102 0101 0100 0100 0101 0102 0103 0105 0106 0108 0110 0111.
0111 0111 0110 0109 0108 0106 0105 0104 0103 0101 0100 0099
0098 0097 0096 0097 0099 0102 0107 0113 0119 0125 0129 0131.
0133 0132 0132 0130 0129 0128 0126 0124 0121 0119 0117 0115
0113 0112 0110 0110 0112 0115 0120 0125 0131 0136 0140 0142.
0144 0143 0143 0141 0140 0138 0136 0134 0132 0129 0127 0125
0123 0122 0121 0120 0121 0124 0128 0133 0138 0143 0146 0148.
0149 0149 0148 0147 0146 0144 0142 0140 0138 0136 0134 0132
0130 0129 0128 0127 0128 0130 0134 0138 0142 0146 0149 0151.
0151 0151 0150 0149 0147 0145 0144 0142 0141 0139 0138 0137
0136 0135 0135 0135 0135 0135 0136 0136 0136 0135 0135 0135.
0134 0133 0133 0132 0131 0130 0129 0129 0128 0127 0126 0126
0125 0124 0124 0124 0124 0125 0126 0126 0127 0127 0128 0128.
0127 0127 0126 0125 0124 0123 0121 0120 0119 0117 0116 0114
0113 0112 0112 0112 0114 0118 0124 0130 0137 0142 0147 0149.
0150 0153 0149 0147 0145 0143 0141 0140 0138 0136 0135 0133
0132 0131 0130 0130 0132 0135 0141 0147 0153 0158 0162 0165.
0166 0165 0164 0163 0160 0158 0156 0153 0151 0149 0146 0144
0142 0141 0140 0140 0141 0145 0150 0155 0160 0165 0169 0172.
0173 0172 0171 0169 0167 0165 0163 0160 0158 0156 0154 0152
0150 0148 0147 0144 0148 0151 0155 0160 0164 0168 0172 0174.
0175 0175 0174 0172 0171 0169 0167 0165 0163 0161 0160 0158
0156 0155 0154 0154 0155 0158 0162 0167 0172 0176 0180 0182.
0183 0183 0182 0181 0179 0177 0175 0173 0171 0170 0168 0166
0165 0164 0163 0163 0164 0166 0169 0172 0177 0180 0184 0185.
0186 0185 0184 0183 0181 0180 0179 0178 0177 0175 0175 0174
0173 0172 0171 0171 0170 0170 0170 0170 0169 0169 0169 0168.
0168 0167 0165 0164 0163 0161 0160 0158 0156 0155 0153 0151
0150 0149 0148 0147 0146 0146 0146 0146 0147 0147 0147 0147.
0146 0145 0144 0144 0143 0142 0141 0140 0138 0138 0137 0136
0128 0134 0133 0133 0132 0132 0131 0131 0131 0131 0131 0130.
0130 0129 0129 0128 0127 0126 0125 0124 0123 0122 0121 0120
0119 0119 0119 0119 0120 0121 0123 0125 0126 0128 0128 0128.
0128 0127 0126 0125 0123 0122 0120 0118 0116 0115 0113 0111
0111 0110 0109 0110 0112 0116 0120 0124 0127 0130 0132 0133.
0133 0132 0131 0131 0129 0128 0127 0126 0124 0123 0121 0120
0118 0117 0117 0118 0120 0124 0129 0135 0141 0147 0151 0154.
0155 0155 0154 0153 0152 0150 0149 0147 0146 0145 0143 0142
0141 0140 0140 0139 0139 0140 0141 0143 0145 0147 0148 0148.
0148 0148 0147 0146 0145 0144 0143 0142 0141 0140 0139 0138
0138 0137 0136 0136 0136 0136 0136 0137 0138 0139 0140 0141.
0142 0142 0141 0141 0141 0140 0140 0139 0138 0138 0137 0136
0136 0135 0135 0135 0135 0136 0137 0139 0141 0143 0145 0146.
0147 0147 0146 0146 0145 0145 0144 0143 0142 0141 0141 0140
0139 0139 0138 0138 0138 0138 0138 0138 0138 0138 0137 0137=
0153 0152 0149 0147 0145 0142 0140 0137 0135 0133 0131 0129
0128 0127 0128 0130 0135 0141 0148 0155 0161 0165 0166 0166.
0164 0161 0158 0155 0153 0151 0148 0147 0146 0145 0144 0142
0141 0140 0140 0139 0139 0140 0141 0141 0142 0142 0142 0141.
0140 0138 0136 0135 0133 0132 0129 0128 0126 0125 0123 0122
0120 0119 0119 0119 0120 0121 0124 0128 0131 0132 0133 0133.
0132 0130 0128 0133 0124 0122 0120 0118 0117 0115 0114 0112
0111 0111 0111 0113 0116 0118 0120 0121 0122 0123 0123 0122.
0120 0119 0118 0116 0115 0114 0113 0112 0111 0110 0109 0108
0108 0107 0108 0110 0114 0119 0124 0126 0129 0129 0129 0128.
0127 0126 0124 0123 0232 0120 0119 0118 0117 0115 0114 0120
0112 0112 0112 0113 0116 0120 0125 0128 0130 0131 0130 0129.
0127 0126 0124 0122 0120 0119 0117 0116 0114 0113 0112 0111
0110 0110 0110 0113 0116 0120 0122 0124 0124 0124 0124 0123.
0122 0121 0120 0119 0118 0116 0115 0114 0113 0112 0110 0109
0108 0107 0107 0107 0107 0107 0109 0110 0111 0111 0111 0110.
0109 0108 0106 0105 0104 0103 0102 0101 0100 0099 0097 0096
0095 0094 0094 0095 0097 0100 0103 0107 0110 0113 0114 0114.
0112 0110 0108 0106 0103 0101 0099 0097 0096 0094 0092 0090
0089 0088 0089 0093 0100 0110 0121 0131 0139 0145 0148 0147.
0144 0141 0138 0135 0132 0129 0125 0122 0118 0115 0111 0108
0106 0104 0105 0108 0115 0124 0134 0144 0152 0158 0160 0158.
0156 0154 0151 0147 0144 0140 0136 0133 0129 0126 0123 0120
0118 0116 0116 0119 0125 0133 0142 0150 0157 0162 0164 0164.
0162 0159 0156 0153 0150 0146 0143 0140 0136 0133 0130 0128
0125 0124 0124 0126 0131 0137 0145 0153 0159 0163 0165 0164.
0162 0159 0156 0153 0150 0147 0144 0141 0140 0138 0137 0136
0134 0134 0134 0136 0137 0138 0138 0138 0137 0136 0136 0135.
0134 0133 0132 0131 0129 0128 0127 0126 0125 0124 0123 0122
0121 0121 0121 0123 0124 0125 0127 0128 0129 0129 0128 0128.
0127 0126 0124 0122 0120 0118 0116 0115 0113 0110 0108 0106
0105 0104 0106 0110 0118 0128 0139 0150 0159 0165 0168 0167.
0164 0159 0156 0151 0147 0144 0141 0139 0137 0135 0132 0130
0128 0127 0128 0131 0139 0148 0159 0169 0178 0183 0186 0185.
0182 0178 0174 0169 0165 0161 0157 0153 0150 0146 0143 0140
0138 0136 0138 0142 0148 0157 0167 0176 0184 0189 0192 0191.
0188 0185 0180 0176 0172 0168 0164 0161 0157 0154 0151 0148
0146 0145 0145 0141 0155 0162 0170 0177 0184 0189 0191 0191.
0189 0186 0182 0179 0175 0172 0169 0166 0164 0161 0158 0156
0154 0152 0153 0157 0162 0169 0178 0187 0194 0199 0201 0201.
0199 0196 0192 0189 0185 0181 0178 0175 0173 0171 0168 0166
0165 0164 0164 0167 0170 0176 0183 0190 0196 0200 0201 0200.
0199 0196 0193 0190 0187 0185 0183 0182 0180 0179 0178 0176
0175 0175 0174 0174 0174 0173 0173 0173 0173 0172 0172 0171.
0169 0167 0165 0164 0161 0159 0157 0154 0152 0150 0148 0146
0144 0143 0142 0142 0142 0143 0144 0145 0146 0147 0146 0145.
0143 0142 0140 0139 0138 0136 0135 0134 0133 0131 0130 0129
0127 0127 0126 0126 0126 0126 0126 0126 0126 0126 0127 0126.
0125 0124 0122 0121 0120 0118 0117 0116 0115 0114 0112 0111
0110 0110 0112 0114 0117 0121 0124 0127 0128 0128 0128 0127.
0125 0123 0121 0119 0116 0113 0111 0108 0106 0103 0101 0099
0098 0098 0100 0106 0114 0122 0128 0133 0137 0139 0139 0137.
0135 0133 0131 0128 0127 0125 0123 0120 0118 0116 0113 0111
0109 0109 0111 0116 0124 0133 0143 0154 0163 0169 0171 0171.
0168 0165 0162 0158 0155 0153 0150 0148 0146 0144 0142 0141
0140 0139 0138 0139 0140 0143 0146 0150 0153 0154 0154 0153.
0152 0150 0148 0146 0145 0143 0142 0140 0139 0138 0137 0136
0135 0134 0134 0134 0135 0135 0136 0138 0140 0143 0144 0145.
0145 0144 0143 0142 0141 0140 0139 0138 0137 0136 0135 0134
0133 0133 0133 0134 0135 0137 0140 0145 0149 0151 0153 0152.
0152 0150 0149 0148 0146 0145 0144 0142 0141 0140 0139 0138
0137 0137 0136 0137 0137 0137 0137 0137 0137 0137 0136 0136=
0126 0128 0129 0130 0130 0131 0131 0131 0131 0131 0130 0130
0129 0126 0124 0123 0122 0121 0122 0123 0125 0127 0129 0131.
0133 0134 0135 0135 0135 0135 0135 0136 0136 0136 0136 0135
0135 0135 0134 0134 0134 0134 0134 0134 0133 0134 0136 0134.
0134 0134 0134 0135 0135 0135 0134 0134 0134 0133 0133 0132
0131 0130 0129 0129 0127 0126 0125 0126 0126 0127 0128 0128.
0129 0129 0129 0129 0130 0130 0129 0129 0129 0129 0128 0127
0126 0125 0123 0122 0123 0123 0123 0123 0123 0124 0125 0125.
0125 0125 0125 0125 0124 0124 0124 0124 0124 0123 0123 0122
0121 0120 0118 0116 0117 0118 0118 0119 0120 0121 0121 0122.
0123 0123 0124 0124 0230 0124 0124 0124 0123 0123 0123 0123
0122 0121 0120 0119 0118 0118 0119 0120 0121 0122 0123 0123.
0124 0124 0124 0124 0124 0124 0124 0124 0124 0123 0123 0123
0121 0120 0118 0118 0119 0119 0119 0120 0120 0121 0121 0122.
0122 0122 0122 0122 0123 0123 0123 0123 0122 0122 0122 0122
0121 0120 0108 0119 0119 0118 0118 0118 0118 0118 0119 0119.
0119 0119 0118 0118 0118 0118 0117 0117 0116 0116 0116 0116
0115 0114 0113 0112 0111 0110 0110 0110 0111 0111 0113 0114.
0114 0115 0115 0115 0115 0115 0115 0115 0114 0114 0114 0113
0111 0108 0106 0104 0103 0103 0103 0105 0106 0109 0112 0114.
0116 0118 0119 0121 0121 0122 0122 0123 0123 0123 0123 0122
0119 0116 0113 0111 0110 0110 0110 0112 0113 0116 0119 0121.
0123 0125 0126 0128 0129 0130 0130 0130 0130 0130 0130 0129
0126 0123 0120 0118 0117 0117 0117 0118 0120 0122 0125 0128.
0129 0131 0133 0134 0135 0135 0136 0136 0136 0135 0135 0134
0132 0129 0126 0124 0123 0123 0123 0124 0126 0128 0131 0133.
0135 0136 0137 0138 0139 0139 0138 0137 0137 0137 0137 0137
0135 0133 0132 0133 0133 0133 0134 0134 0134 0134 0135 0135.
0135 0134 0134 0134 0134 0134 0133 0133 0133 0133 0133 0132
0131 0130 0129 0128 0128 0128 0128 0128 0129 0129 0130 0130.
0130 0130 0130 0131 0131 0131 0130 0130 0130 0130 0130 0129
0125 0122 0120 0118 0117 0117 0118 0119 0121 0124 0127 0130.
0133 0134 0136 0136 0136 0135 0135 0136 0136 0137 0136 0134
0133 0130 0128 0125 0124 0124 0125 0126 0128 0131 0135 0139.
0141 0143 0144 0145 0146 0146 0146 0146 0146 0146 0146 0144
0141 0138 0135 0134 0132 0132 0133 0134 0136 0138 0141 0145.
0148 0150 0151 0152 0153 0153 0153 0153 0153 0152 0152 0151
0148 0145 0142 0140 0139 0139 0139 0140 0141 0144 0146 0149.
0152 0154 0155 0156 0156 0156 0156 0156 0156 0156 0156 0155
0152 0149 0147 0146 0144 0143 0144 0145 0147 0149 0152 0155.
0157 0158 0160 0160 0161 0162 0162 0162 0162 0162 0161 0161
0159 0157 0155 0153 0152 0152 0152 0153 0155 0157 0159 0161.
0162 0163 0164 0165 0165 0165 0165 0165 0165 0165 0164 0163
0163 0163 0162 0162 0162 0162 0162 0162 0163 0163 0163 0163.
0163 0163 0162 0163 0163 0163 0163 0162 0161 0160 0160 0159
0158 0157 0156 0154 0153 0153 0152 0152 0152 0152 0153 0153.
0153 0155 0153 0152 0151 0151 0150 0150 0150 0149 0149 0148
0148 0147 0146 0145 0145 0144 0143 0143 0143 0142 0143 0142.
0142 0142 0142 0141 0141 0140 0140 0140 0139 0139 0138 0137
0136 0134 0133 0132 0132 0131 0132 0133 0134 0134 0135 0136.
0136 0137 0137 0137 0137 0137 0137 0137 0136 0134 0134 0133
0129 0126 0124 0123 0124 0124 0123 0125 0127 0128 0129 0130.
0131 0133 0133 0133 0134 0134 0134 0135 0134 0134 0134 0133
0131 0127 0125 0123 0122 0122 0122 0124 0126 0129 0132 0135.
0137 0139 0140 0141 0141 0141 0142 0142 0142 0142 0142 0142
0141 0140 0139 0138 0138 0136 0136 0138 0139 0140 0141 0141.
0142 0142 0143 0143 0143 0143 0143 0143 0143 0142 0142 0142
0141 0141 0141 0140 0140 0139 0138 0137 0138 0138 0139 0140.
0140 0140 0141 0141 0141 0141 0142 0141 0142 0141 0141 0141
0140 0139 0139 0139 0138 0136 0136 0137 0137 0139 0140 0141.
0142 0142 0143 0143 0144 0144 0144 0144 0144 0144 0144 0143
0143 0142 0142 0142 0142 0142 0142 0142 0142 0141 0141 0141=
KB
0119 0120 0120 0121 0121 0121 0121 0122 0122 0122 0122 0122
0122 0119 0117 0117 0116 0116 0116 0117 0118 0119 0120 0121.
0122 0122 0123 0123 0122 0122 0121 0123 0123 0123 0124 0124
0124 0124 0124 0124 0124 0124 0125 0125 0125 0126 0125 0126.
0127 0127 0127 0128 0129 0129 0129 0129 0129 0129 0129 0129
0129 0128 0128 0128 0128 0127 0126 0127 0127 0128 0129 0129.
0130 0129 0130 0130 0130 0131 0130 0130 0130 0131 0131 0130
0129 0129 0128 0127 0129 0128 0128 0129 0129 0129 0130 0129.
0129 0129 0129 0129 0129 0129 0129 0129 0130 0129 0129 0129
0129 0128 0126 0125 0125 0126 0126 0126 0127 0127 0127 0127.
0127 0128 0128 0128 0222 0128 0128 0128 0128 0128 0128 0128
0127 0127 0126 0125 0125 0124 0126 0126 0127 0127 0128 0128.
0128 0128 0128 0128 0128 0128 0128 0128 0129 0129 0129 0129
0128 0126 0125 0125 0126 0126 0127 0127 0127 0127 0128 0128.
0128 0128 0128 0128 0128 0128 0128 0128 0128 0128 0128 0128
0128 0128 0111 0128 0127 0127 0127 0127 0128 0128 0128 0128.
0129 0128 0128 0128 0128 0128 0128 0128 0128 0128 0128 0128
0128 0127 0127 0126 0126 0125 0125 0126 0125 0126 0127 0127.
0126 0127 0127 0127 0127 0128 0128 0128 0128 0128 0128 0128
0126 0123 0122 0120 0120 0119 0120 0120 0121 0122 0123 0124.
0124 0124 0123 0125 0125 0125 0126 0126 0127 0127 0127 0127
0125 0122 0120 0119 0118 0118 0119 0119 0120 0121 0123 0123.
0123 0123 0125 0126 0126 0126 0127 0127 0127 0128 0128 0128
0126 0123 0121 0120 0120 0120 0120 0120 0121 0122 0124 0125.
0125 0126 0127 0127 0128 0128 0128 0129 0129 0129 0129 0129
0128 0126 0124 0123 0122 0122 0122 0123 0124 0125 0126 0128.
0129 0129 0129 0130 0130 0130 0130 0129 0129 0130 0130 0130
0129 0128 0128 0129 0129 0129 0130 0130 0130 0131 0131 0131.
0131 0131 0131 0132 0132 0132 0132 0132 0132 0132 0132 0132
0132 0131 0131 0134 0130 0130 0130 0130 0131 0131 0132 0132.
0132 0132 0132 0133 0133 0133 0133 0134 0134 0134 0135 0135
0131 0129 0127 0126 0126 0126 0126 0126 0127 0128 0129 0131.
0132 0132 0132 0132 0132 0131 0130 0131 0132 0133 0133 0132
0131 0129 0126 0125 0124 0124 0124 0125 0126 0127 0129 0131.
0132 0133 0133 0133 0133 0134 0134 0135 0135 0135 0135 0135
0133 0130 0128 0128 0127 0127 0127 0128 0129 0130 0132 0134.
0135 0135 0136 0136 0136 0137 0137 0137 0138 0138 0138 0138
0136 0134 0132 0130 0131 0130 0131 0131 0132 0133 0134 0136.
0138 0138 0138 0139 0139 0139 0139 0140 0140 0140 0141 0141
0138 0136 0135 0134 0133 0132 0133 0133 0134 0136 0137 0138.
0139 0140 0140 0140 0141 0141 0142 0142 0143 0143 0143 0143
0141 0140 0140 0138 0137 0138 0138 0138 0139 0140 0141 0142.
0143 0143 0143 0143 0143 0144 0144 0144 0145 0145 0144 0144
0144 0144 0144 0145 0145 0146 0146 0146 0147 0148 0148 0149.
0149 0149 0149 0150 0151 0152 0151 0152 0152 0152 0152 0152
0151 0151 0151 0151 0150 0150 0150 0150 0151 0151 0151 0152.
0152 0142 0151 0151 0151 0151 0151 0151 0151 0152 0151 0151
0151 0151 0151 0150 0150 0151 0150 0150 0150 0150 0150 0150.
0150 0150 0150 0150 0150 0150 0150 0150 0150 0150 0149 0149
0148 0147 0146 0145 0146 0145 0145 0146 0148 0146 0146 0147.
0147 0147 0147 0147 0148 0148 0148 0148 0148 0147 0148 0147
0144 0142 0140 0140 0141 0141 0140 0141 0142 0142 0142 0142.
0142 0143 0143 0143 0143 0143 0143 0144 0143 0143 0143 0143
0141 0139 0137 0136 0135 0134 0134 0134 0135 0136 0138 0139.
0139 0140 0140 0139 0139 0139 0140 0140 0140 0140 0140 0140
0139 0139 0138 0138 0138 0137 0136 0138 0139 0139 0140 0140.
0140 0140 0141 0141 0141 0141 0141 0141 0141 0141 0141 0141
0141 0141 0141 0141 0141 0141 0140 0139 0139 0140 0141 0141.
0141 0141 0141 0141 0141 0142 0142 0142 0142 0142 0142 0142
0141 0141 0141 0141 0140 0139 0138 0139 0139 0140 0140 0141.
0141 0141 0141 0141 0141 0142 0141 0142 0142 0142 0142 0142
0142 0141 0141 0141 0142 0142 0142 0142 0142 0142 0142 0142=
0129 0130 0130 0131 0131 0131 0131 0132 0132 0131 0131 0131
0131 0128 0126 0125 0125 0124 0124 0125 0126 0127 0128 0129.
0129 0129 0130 0130 0130 0130 0132 0130 0130 0130 0130 0130
0130 0130 0130 0129 0129 0130 0130 0130 0130 0131 0132 0131.
0131 0131 0132 0133 0133 0133 0133 0133 0133 0133 0133 0133
0133 0132 0132 0132 0131 0130 0130 0130 0131 0132 0132 0132.
0133 0133 0133 0134 0134 0134 0134 0134 0134 0135 0135 0134
0134 0133 0132 0131 0133 0133 0133 0133 0134 0134 0134 0134.
0134 0134 0134 0134 0134 0134 0134 0135 0135 0135 0135 0135
0134 0133 0132 0130 0131 0132 0131 0132 0133 0133 0134 0134.
0134 0134 0135 0135 0194 0135 0135 0135 0135 0135 0135 0135
0134 0134 0133 0132 0132 0131 0133 0134 0134 0134 0135 0135.
0135 0135 0135 0135 0136 0136 0136 0136 0136 0136 0136 0136
0135 0134 0133 0133 0134 0134 0135 0135 0135 0135 0135 0135.
0136 0136 0135 0136 0136 0136 0136 0136 0136 0136 0137 0137
0136 0136 0131 0136 0136 0135 0135 0136 0136 0136 0136 0137.
0138 0137 0137 0137 0137 0137 0137 0137 0137 0137 0137 0138
0137 0136 0136 0136 0135 0135 0135 0135 0135 0136 0137 0137.
0137 0138 0138 0138 0138 0138 0138 0139 0139 0139 0139 0139
0137 0135 0133 0132 0131 0131 0132 0132 0133 0134 0135 0136.
0136 0136 0136 0137 0137 0138 0138 0139 0139 0139 0140 0139
0137 0134 0132 0131 0130 0130 0130 0131 0132 0133 0134 0135.
0135 0135 0136 0137 0138 0138 0138 0138 0138 0139 0139 0139
0136 0134 0131 0130 0130 0130 0130 0130 0131 0132 0133 0135.
0135 0135 0136 0137 0137 0137 0137 0137 0138 0138 0138 0138
0136 0134 0132 0130 0129 0129 0129 0130 0131 0132 0133 0135.
0136 0136 0136 0136 0136 0137 0136 0135 0135 0136 0136 0136
0135 0133 0133 0134 0134 0134 0135 0135 0135 0136 0136 0136.
0136 0136 0136 0136 0136 0136 0136 0136 0136 0136 0137 0137
0136 0135 0135 0134 0134 0134 0134 0135 0135 0135 0136 0136.
0136 0136 0137 0137 0137 0138 0138 0138 0138 0139 0139 0139
0136 0134 0132 0131 0132 0130 0131 0131 0132 0133 0135 0136.
0137 0138 0138 0138 0137 0136 0136 0137 0138 0139 0138 0137
0136 0134 0132 0130 0128 0129 0129 0130 0131 0132 0134 0136.
0137 0137 0137 0137 0137 0138 0138 0139 0139 0139 0139 0138
0136 0133 0131 0130 0130 0130 0130 0130 0131 0132 0134 0136.
0137 0137 0137 0138 0138 0138 0138 0138 0139 0139 0139 0138
0136 0134 0132 0130 0130 0130 0130 0130 0131 0132 0133 0135.
0136 0137 0137 0137 0137 0137 0137 0138 0138 0138 0139 0138
0136 0133 0132 0131 0130 0129 0129 0130 0130 0132 0134 0134.
0135 0136 0136 0136 0136 0137 0137 0137 0138 0138 0138 0138
0136 0135 0133 0132 0132 0131 0131 0132 0132 0134 0135 0136.
0136 0136 0136 0136 0136 0136 0136 0137 0137 0137 0136 0136
0136 0136 0136 0136 0137 0137 0137 0137 0138 0138 0139 0139.
0139 0139 0139 0140 0142 0142 0142 0142 0142 0142 0142 0142
0141 0141 0141 0141 0140 0140 0140 0140 0141 0141 0142 0142.
0142 0173 0142 0142 0142 0143 0143 0143 0143 0143 0143 0143
0143 0143 0143 0143 0143 0144 0143 0143 0143 0143 0144 0144.
0144 0144 0144 0144 0144 0144 0144 0145 0145 0145 0145 0145
0144 0143 0142 0142 0142 0141 0142 0143 0145 0144 0144 0145.
0145 0146 0146 0146 0147 0147 0148 0148 0148 0147 0148 0147
0144 0142 0141 0140 0142 0142 0141 0142 0143 0144 0144 0144.
0145 0145 0145 0145 0146 0146 0146 0147 0147 0147 0147 0146
0145 0142 0141 0139 0139 0138 0138 0139 0140 0141 0142 0143.
0144 0144 0144 0144 0144 0144 0145 0145 0145 0145 0145 0145
0144 0143 0143 0142 0142 0140 0140 0142 0143 0143 0143 0144.
0144 0144 0144 0144 0144 0144 0144 0144 0144 0145 0145 0144
0144 0144 0144 0144 0144 0143 0143 0142 0142 0143 0143 0144.
0144 0144 0144 0144 0144 0144 0145 0145 0145 0145 0145 0145
0144 0144 0143 0143 0142 0141 0140 0142 0142 0142 0143 0143.
0144 0144 0144 0144 0144 0144 0144 0144 0144 0144 0144 0144
0144 0144 0144 0144 0144 0144 0144 0144 0144 0144 0144 0145=
0161 0161 0162 0162 0162 0162 0163 0163 0163 0163 0162 0163
0162 0159 0157 0156 0156 0155 0155 0156 0157 0158 0159 0160.
0160 0161 0161 0161 0160 0160 0161 0161 0161 0161 0161 0161
0161 0161 0160 0160 0160 0160 0160 0160 0160 0161 0161 0161.
0161 0162 0162 0163 0163 0163 0163 0163 0163 0163 0163 0163
0163 0162 0162 0162 0161 0160 0160 0160 0160 0161 0162 0162.
0163 0163 0163 0163 0163 0164 0163 0163 0163 0164 0164 0163
0162 0162 0160 0160 0162 0161 0161 0162 0162 0162 0163 0163.
0163 0163 0163 0162 0163 0163 0163 0163 0163 0163 0163 0163
0162 0161 0160 0158 0159 0159 0159 0160 0160 0161 0161 0161.
0161 0161 0162 0162 0167 0162 0162 0162 0162 0162 0162 0162
0161 0161 0160 0159 0159 0158 0160 0160 0161 0161 0161 0161.
0162 0162 0162 0162 0162 0162 0162 0162 0162 0162 0163 0162
0161 0160 0159 0159 0160 0160 0161 0161 0161 0161 0161 0161.
0161 0161 0162 0162 0162 0162 0162 0162 0162 0162 0162 0162
0162 0162 0165 0162 0161 0160 0161 0161 0162 0162 0162 0162.
0163 0163 0162 0163 0162 0162 0162 0162 0162 0163 0163 0163
0163 0162 0161 0161 0160 0160 0160 0160 0160 0161 0162 0163.
0162 0163 0163 0163 0163 0163 0163 0163 0164 0164 0164 0164
0162 0160 0158 0157 0156 0156 0156 0157 0157 0159 0160 0160.
0161 0161 0161 0162 0162 0162 0163 0164 0164 0164 0164 0164
0162 0159 0157 0155 0155 0154 0155 0155 0156 0158 0159 0159.
0159 0160 0161 0162 0162 0163 0163 0163 0163 0163 0163 0163
0161 0158 0156 0155 0154 0154 0154 0155 0156 0156 0158 0159.
0159 0160 0160 0161 0162 0162 0162 0162 0162 0162 0162 0162
0160 0159 0156 0155 0154 0154 0153 0154 0156 0156 0158 0159.
0160 0160 0160 0161 0161 0161 0160 0159 0160 0160 0160 0160
0159 0157 0157 0158 0158 0159 0159 0159 0159 0160 0160 0160.
0160 0160 0160 0160 0160 0160 0160 0160 0160 0160 0160 0160
0160 0159 0159 0159 0158 0158 0158 0158 0159 0159 0160 0160.
0160 0160 0160 0160 0161 0161 0161 0162 0162 0162 0163 0162
0159 0157 0155 0154 0152 0154 0154 0154 0155 0156 0158 0159.
0160 0160 0161 0161 0160 0159 0159 0160 0161 0161 0161 0160
0159 0156 0154 0152 0151 0151 0152 0152 0153 0154 0156 0159.
0159 0160 0160 0159 0161 0160 0161 0161 0161 0161 0161 0161
0158 0155 0153 0152 0152 0151 0152 0152 0153 0154 0156 0158.
0159 0159 0159 0160 0160 0160 0160 0160 0161 0160 0161 0160
0158 0155 0153 0152 0152 0152 0152 0152 0152 0154 0155 0156.
0158 0158 0159 0159 0159 0159 0159 0159 0159 0160 0160 0159
0157 0154 0152 0152 0151 0150 0150 0150 0151 0153 0154 0155.
0156 0156 0157 0157 0157 0158 0158 0158 0158 0158 0158 0158
0156 0155 0154 0153 0152 0152 0151 0152 0152 0154 0155 0155.
0156 0156 0156 0156 0156 0156 0156 0156 0156 0156 0156 0155
0155 0155 0155 0156 0156 0156 0156 0156 0157 0157 0158 0158.
0158 0158 0158 0159 0160 0160 0160 0160 0160 0160 0160 0160
0160 0159 0159 0159 0158 0158 0158 0158 0159 0159 0160 0160.
0160 0181 0160 0160 0160 0160 0160 0160 0160 0160 0160 0160
0160 0160 0160 0159 0160 0160 0159 0159 0159 0160 0160 0160.
0160 0160 0160 0160 0160 0160 0160 0160 0161 0161 0161 0160
0160 0159 0158 0157 0157 0157 0157 0159 0160 0159 0159 0160.
0160 0161 0161 0161 0162 0162 0163 0163 0163 0162 0162 0162
0159 0157 0156 0155 0156 0157 0155 0156 0158 0158 0159 0159.
0159 0160 0160 0160 0160 0160 0161 0161 0161 0161 0161 0161
0159 0156 0155 0154 0153 0152 0152 0153 0154 0155 0156 0157.
0158 0158 0158 0158 0158 0158 0159 0159 0159 0159 0159 0159
0158 0157 0157 0156 0156 0155 0154 0156 0157 0157 0157 0158.
0158 0158 0158 0158 0158 0158 0159 0159 0159 0159 0159 0159
0158 0158 0158 0158 0158 0157 0157 0156 0156 0157 0157 0158.
0158 0158 0158 0158 0158 0159 0159 0159 0159 0159 0159 0159
0158 0158 0158 0157 0156 0155 0154 0156 0156 0156 0157 0157.
0158 0158 0158 0158 0158 0158 0158 0158 0158 0158 0158 0158
0158 0158 0158 0158 0158 0158 0158 0158 0158 0158 0158 0158=
A=
SA
NN NN NN NN NN NN 00 00 00 00 00 00 00 00 00 00 00 00 NN NN NN NN NN NN 0618 1743 000
NN NN NN NN NN NN 00 00 00 00 00 00 00 00 00 00 00 00 NN NN NN NN NN NN 0617 1744 000
NN NN NN NN NN NN 00 00 00 00 00 00 00 00 00 00 00 00 NN NN NN NN NN NN 0616 1744 000
NN NN NN NN NN NN 00 00 00 00 00 00 00 00 00 00 00 00 NN NN NN NN NN NN 0615 1746 000
NN NN NN NN NN NN 00 00 00 00 00 00 00 00 00 00 00 00 NN NN NN NN NN NN 0614 1746 000
NN NN NN NN NN NN 00 00 00 00 00 00 00 00 00 00 00 00 NN NN NN NN NN NN 0613 1747 000
NN NN NN NN NN NN 00 00 00 00 00 00 00 00 00 00 00 00 NN NN NN NN NN NN 0612 1749 000
NN NN NN NN NN NN 00 00 00 00 00 00 00 00 00 00 00 00 NN NN NN NN NN NN 0611 1749 000
NN NN NN NN NN NN 00 00 00 00 00 00 00 00 00 00 00 00 NN NN NN NN NN NN 0610 1750 000
NN NN NN NN NN NN 00 00 00 00 00 00 00 00 00 00 00 00 NN NN NN NN NN NN 0609 1752 000
NN NN NN NN NN NN 00 00 00 00 00 00 00 00 00 00 00 00 NN NN NN NN NN NN 0608 1752 000
NN NN NN NN NN NN 00 00 00 00 00 00 00 00 00 00 00 00 NN NN NN NN NN NN 0607 1753 000
NN NN NN NN NN NN 00 00 00 00 00 00 00 00 00 00 00 00 NN NN NN NN NN NN 0606 1755 000
NN NN NN NN NN NN 00 00 00 00 00 00 00 00 00 00 00 00 NN NN NN NN NN NN 0605 1755 000
NN NN NN NN NN NN 00 00 00 00 00 00 00 00 00 00 00 00 NN NN NN NN NN NN 0604 1756 000
NN NN NN NN NN NN 00 00 00 00 00 00 00 00 00 00 00 00 NN NN NN NN NN NN 0603 1758 000
NN NN NN NN NN NN 00 00 00 00 00 00 00 00 00 00 00 00 NN NN NN NN NN NN 0602 1758 000
NN NN NN NN NN NN 00 00 00 00 00 00 00 00 00 00 00 00 NN NN NN NN NN NN 0601 1759 000
NN NN NN NN NN NN 00 00 00 00 00 00 00 00 00 00 00 00 NN NN NN NN NN NN 0600 1800 000
NN NN NN NN NN 00 00 00 00 00 00 00 00 00 00 00 00 00 00 NN NN NN NN NN 0559 1801 000
NN NN NN NN NN 00 00 00 00 00 00 00 00 00 00 00 00 00 00 NN NN NN NN NN 0558 1802 000
NN NN NN NN NN 00 00 00 00 00 00 00 00 00 00 00 00 00 00 NN NN NN NN NN 0557 1803 000
NN NN NN NN NN 00 00 00 00 00 00 00 00 00 00 00 00 00 00 NN NN NN NN NN 0556 1804 000
NN NN NN NN NN 00 00 00 00 00 00 00 00 00 00 00 00 00 00 NN NN NN NN NN 0555 1805 000
NN NN NN NN NN 00 00 00 00 00 00 00 00 00 00 00 00 00 00 NN NN NN NN NN 0554 1806 000
NN NN NN NN NN 00 00 00 00 00 00 00 00 00 00 00 00 00 00 NN NN NN NN NN 0553 1807 000
NN NN NN NN NN 00 00 00 00 00 00 00 00 00 00 00 00 00 00 NN NN NN NN NN 0552 1808 000
NN NN NN NN NN 00 00 00 00 00 00 00 00 00 00 00 00 00 00 NN NN NN NN NN 0551 1809 000
NN NN NN NN NN 00 00 00 00 00 00 00 00 00 00 00 00 00 00 NN NN NN NN NN 0550 1810 000
NN NN NN NN NN 00 00 00 00 00 00 00 00 00 00 00 00 00 00 NN NN NN NN NN 0549 1811 000
NN NN NN NN NN 00 00 00 00 00 00 00 00 00 00 00 00 00 00 NN NN NN NN NN 0548 1812 000=
BA
0149 0141 0126 0115 0117 0109 0098 0091 0090 0118 0117 0099
0153 0223 0298 0286 0336 0360 0348 0324 0276 0221 0183 0167 0376 1339 0088 0437.
0152 0146 0131 0147 0153 0153 0150 0148 0148 0147 0145 0143
0142 0151 0163 0190 0181 0176 0167 0177 0156 0140 0132 0129 0198 1232 0128 2322.
0123 0118 0113 0090 0088 0087 0087 0085 0084 0084 0083 0085
0105 0135 0146 0155 0188 0210 0201 0184 0162 0135 0118 0102 0249 1414 0078 0429.
0099 0094 0089 0089 0080 0057 0078 0077 0070 0056 0069 0082
0108 0140 0205 0182 0126 0159 0137 0131 0113 0096 0093 0091 0238 1124 0054 0546.
0088 0087 0087 0086 0085 0083 0082 0078 0076 0078 0078 0081
0102 0144 0216 0277 0213 0170 0203 0164 0139 0131 0118 0112 0307 1209 0071 0451.
0111 0098 0101 0091 0239 0092 0090 0089 0088 0087 0084 0102
0130 0142 0166 0228 0205 0226 0170 0156 0134 0117 0107 0101 0269 1211 0081 0727.
0098 0091 0092 0090 0088 0084 0081 0081 0079 0079 0073 0087
0136 0189 0219 0195 0189 0151 0135 0139 0127 0120 0105 0101 0253 1109 0072 0633.
0099 0097 0095 0093 0092 0079 0076 0074 0073 0074 0073 0074
0081 0093 0112 0101 0121 0148 0113 0115 0099 0077 0076 0070 0168 1337 0066 1753.
0049 0066 0068 0064 0066 0065 0064 0062 0059 0054 0051 0053
0071 0123 0132 0140 0147 0173 0170 0156 0156 0125 0088 0076 0177 1443 0049 2100.
0064 0062 0061 0057 0054 0052 0048 0049 0045 0040 0034 0035
0075 0150 0213 0269 0306 0327 0303 0288 0253 0197 0145 0133 0335 1356 0030 0730.
0123 0121 0114 0087 0082 0076 0063 0053 0046 0041 0035 0046
0094 0169 0237 0307 0340 0357 0350 0311 0269 0214 0167 0159 0362 1421 0034 0715.
0151 0141 0117 0102 0093 0084 0078 0072 0067 0061 0057 0066
0113 0175 0238 0297 0330 0338 0336 0312 0268 0227 0183 0163 0344 1349 0056 0722.
0156 0144 0126 0112 0103 0096 0090 0085 0080 0077 0074 0080
0118 0169 0225 0276 0306 0324 0322 0297 0251 0217 0179 0153 0336 1411 0073 0715.
0139 0131 0121 0114 0109 0106 0121 0127 0125 0118 0115 0115
0152 0183 0177 0161 0153 0147 0139 0135 0132 0124 0119 0116 0197 1025 0104 0216.
0114 0112 0111 0108 0106 0105 0105 0104 0099 0098 0098 0102
0117 0131 0136 0154 0148 0147 0142 0134 0131 0121 0114 0106 0158 1227 0097 0538.
0099 0091 0086 0084 0079 0076 0070 0064 0058 0054 0044 0054
0111 0167 0237 0281 0321 0337 0338 0322 0278 0220 0176 0146 0352 1429 0043 0717.
0128 0110 0106 0103 0117 0123 0124 0106 0090 0083 0084 0100
0137 0195 0266 0334 0376 0388 0381 0357 0317 0257 0208 0173 0395 1418 0080 0636.
0155 0142 0133 0126 0118 0109 0103 0098 0094 0090 0086 0101
0157 0222 0290 0349 0368 0390 0392 0367 0324 0270 0220 0185 0402 1424 0085 0712.
0166 0152 0142 0134 0126 0120 0115 0110 0105 0102 0097 0110
0160 0218 0286 0347 0349 0359 0378 0357 0323 0266 0227 0195 0379 1501 0088 0639.
0173 0164 0154 0147 0150 0143 0142 0131 0122 0119 0113 0126
0179 0236 0293 0329 0384 0404 0403 0385 0335 0281 0235 0208 0408 1452 0112 0712.
0195 0183 0173 0166 0159 0154 0163 0152 0146 0147 0145 0150
0194 0229 0288 0312 0368 0381 0375 0352 0318 0268 0229 0206 0383 1405 0143 0716.
0196 0189 0193 0194 0192 0191 0189 0185 0183 0181 0185 0190
0191 0195 0205 0194 0199 0194 0200 0205 0185 0176 0162 0155 0208 1529 0155 2000.
0150 0147 0144 0121 0109 0111 0113 0110 0108 0109 0106 0109
0116 0118 0122 0140 0148 0154 0159 0149 0132 0123 0115 0110 0162 1427 0106 0654.
0110 0111 0108 0105 0103 0100 0099 0097 0098 0097 0095 0094
0086 0100 0100 0114 0105 0105 0109 0119 0109 0108 0097 0090 0120 1216 0086 0545.
0085 0083 0082 0081 0080 0078 0077 0073 0071 0070 0070 0077
0096 0121 0134 0150 0153 0161 0147 0117 0111 0119 0100 0086 0166 1423 0070 0534.
0078 0072 0067 0060 0053 0047 0041 0037 0040 0045 0034 0049
0106 0156 0219 0246 0195 0197 0220 0191 0153 0133 0123 0116 0255 1205 0034 0435.
0109 0102 0098 0095 0089 0081 0073 0066 0064 0060 0059 0072
0111 0168 0216 0255 0287 0327 0328 0312 0267 0219 0185 0165 0338 1426 0058 0648.
0153 0144 0141 0138 0133 0131 0128 0126 0124 0122 0121 0123
0134 0144 0166 0178 0192 0241 0235 0194 0173 0163 0152 0142 0251 1441 0120 0724.
0137 0133 0130 0128 0125 0123 0122 0120 0119 0118 0117 0120
0130 0134 0132 0133 0154 0165 0183 0196 0183 0169 0149 0140 0205 1614 0116 0649.
0137 0134 0134 0131 0127 0124 0121 0120 0117 0117 0115 0120
0130 0148 0145 0156 0182 0222 0230 0198 0193 0170 0154 0148 0241 1421 0115 0659.
0143 0139 0135 0133 0130 0129 0127 0125 0124 0123 0123 0125
0128 0136 0138 0142 0134 0130 0136 0134 0129 0130 0124 0121 0148 2001 0121 2000=
=
??????
******
YF
13064
江苏省
吕泗国家基准气候站
启东市吕四港镇北门外滨海







=
JY
8888=
GK
01/
05/=
BZ
00/320400/1213600
10/24/逐时观测
10/24/24时连续观测
11/守班=
######
