58265 3204N 12136E 000055 000065 105 000 S11 11111999119199111911 0 2010 09
PC
9556 9560 9558 9558 9558 9557 9555 9556 9553 9556 9561 9565
9570 9576 9580 9577 9572 9570 9565 9559 9557 9558 9559 9563 9581 1050 9547 2001.
9573 9579 9582 9585 9584 9582 9580 9578 9578 9582 9585 9590
9593 9598 9596 9590 9582 9573 9561 9554 9553 9556 9557 9566 9599 1038 9552 1621.
9573 9574 9576 9576 9572 9567 9561 9558 9555 9556 9562 9567
9570 9571 9569 9561 9551 9541 9530 9523 9519 9518 9514 9520 9578 2315 9513 1844.
9526 9534 9533 9538 9535 9529 9528 9530 9524 9524 9526 9532
9533 9534 9535 9532 9525 9518 9513 9512 9513 9520 9521 9524 9538 2354 9511 1544.
9532 9537 9535 9535 9531 9529 9524 9521 9518 9517 9521 9525
9529 9531 9532 9528 9523 9518 9511 9503 9502 9500 9504 9508 9539 2241 9500 1800.
9516 9522 9520 9517 9512 9508 9501 9496 9493 9496 9498 9503
9505 9511 9512 9509 9501 9496 9489 9485 9488 9489 9495 9500 9523 2227 9485 1538.
9509 9515 9518 9516 9513 9510 9505 9503 9504 9512 9521 9526
9529 9534 9532 9524 9514 9504 9498 9494 9491 9491 9498 9504 9534 0955 9489 1720.
9519 9527 9530 0099 0099 0100 0098 0098 0098 0102 0105 0107
0109 0109 0104 0098 0090 0086 0082 0079 0081 0083 9516 9521 0110 0928 9504 2001.
9530 9535 9540 9543 9541 9541 9539 9534 9533 9536 0000 9547
9552 0000 0000 9559 9554 9548 9540 9536 9533 9533 9534 9542 0183 //// 9521 2012.
9551 9555 9554 9552 9549 9545 9543 9542 9543 9547 9551 9554
9558 9561 9561 9556 9551 9545 9539 9532 9528 9529 9530 9534 9562 1042 9527 1641.
9541 9550 9554 9555 9555 9550 9546 9546 9545 9548 9555 9559
9565 9571 9572 9567 9559 9552 9547 9540 9538 9538 9539 9543 9574 1025 9533 2001.
9553 9557 9558 9558 9557 9552 9549 9549 9548 9547 9551 9554
9557 9562 9560 9553 9545 9538 9529 9520 9517 9520 9522 9527 9562 0957 9517 1659.
9534 9539 9542 9542 9539 9535 9530 9527 9525 9527 9529 9533
9537 9542 9541 9536 9529 9521 9512 0000 9510 9506 9509 9514 0000 1600 9505 1808.
9525 9530 9534 9532 9530 9529 9527 9524 9523 9525 9531 9537
9541 9545 9545 9539 9532 9527 9520 9513 9509 9510 9513 9520 9545 0954 9509 1633.
9532 9535 9539 9536 9530 9529 9523 9521 9521 9525 9528 9534
9539 9543 9542 9536 9532 9522 9512 9505 9501 9501 9505 9509 9544 1010 9501 1641.
9516 9519 9520 9520 9519 9515 9512 9509 9506 9510 9511 9515
9521 9522 9520 9513 9505 9495 9487 9480 9473 9474 9483 9486 9523 0941 9473 1658.
9493 9495 9495 9493 9494 9492 9487 9485 9486 9486 9490 9494
9501 9503 9502 9493 9486 9477 9469 9462 9460 9462 9464 9470 9504 0950 9459 1639.
9481 9486 9490 9489 9492 9489 9487 9486 9486 9489 9501 9504
9514 9511 9512 9508 9500 9491 9484 9479 9476 9477 9483 9490 9515 0905 9471 2002.
9501 9507 9507 9509 9506 9504 9499 9496 9496 9498 9502 9509
9513 9513 9510 9503 9494 9485 9477 9470 9467 9466 9468 9474 9514 0918 9465 1819.
9478 9483 9482 9480 9478 9476 9472 9471 9471 9473 0000 9482
0000 0000 0000 9482 9473 9463 9455 9449 9445 9446 9448 9452 0253 //// 9444 1705.
9466 9477 9481 9478 9482 9483 9485 9496 9484 9499 9509 9517
9526 9534 9545 9546 9542 9547 9550 9552 9553 9552 9562 9568 9570 1945 9452 2001.
9579 9592 9601 9604 9601 9596 9595 9597 9598 9601 9605 9613
9622 9629 9632 9630 9625 9616 9608 9605 9603 9606 9611 9618 9632 1058 9568 2008.
9625 9628 9627 9624 9618 9612 9608 9604 9601 9599 9600 9604
9607 9607 9605 9599 9587 9577 9568 9560 9557 9552 9555 9560 9628 2200 9552 1754.
9565 9570 9569 9568 9563 9558 9551 9545 9538 9537 9536 9539
9543 9543 9541 9534 9530 9525 9522 9522 9527 9530 9533 9545 9571 2218 9521 1512.
9557 9565 9573 9576 9573 9567 9567 9565 9566 9567 9574 9582
9590 9598 9600 9598 9592 9586 9582 9581 9583 9588 9596 9600 9600 1053 9545 2001.
9606 9614 9615 9612 9610 9603 9599 9595 9595 9598 9601 9601
9610 9613 9613 9610 9601 9591 9584 9576 9572 9572 9578 9584 9615 2246 9571 1711.
9595 9599 9602 9598 9600 9592 9584 9589 9585 9588 9591 9595
9600 9605 9605 9601 9592 9586 9581 9574 9573 9578 9580 9587 9606 1009 9572 1634.
9597 9601 9606 9599 9597 9595 9593 9587 9536 9365 0000 ////
//// //// //// //// 9601 9593 9589 9587 9592 9598 9607 9617 0000 0700 9331 0559.
9628 9637 9641 9641 9642 9635 9633 9630 9630 9630 9634 9635
9636 9638 9634 9628 9619 9610 9602 9598 9599 9599 9600 9604 9643 2351 9597 1546.
9611 9617 9615 9616 9614 9608 9604 9602 9599 9600 9601 9610
9604 9610 9608 9604 9595 9587 9581 9576 9576 9581 9592 9598 9618 2207 9575 1648=
9564 9572 9577 9570
9589 9597 9580 9573
9574 9574 9548 9527
9536 9539 9525 9531
9536 9532 9525 9515
9515 9510 9503 9507
9517 9533 9511 9511
0107 0114 0093 9528
9548 9554 9555 9549
9552 9561 9552 9541
9557 9566 9559 9550
9559 9561 9545 9534
9542 9540 9528 9521
9536 9544 9534 9527
9536 9541 9529 9516
9522 9522 9502 9493
9499 9501 9484 9477
9496 9511 9498 9497
9511 9516 9492 9481
9483 9489 9470 9459
9490 9524 9554 9575
9603 9620 9623 9625
9619 9611 9584 9567
9565 9546 9532 9552
9574 9589 9593 9607
9610 9608 9598 9591
9599 9602 9593 9594
9602 //// 9600 ////
9642 9642 9617 9611
9615 9617 9594 9605=
TB
0216 0216 0211 0209 0205 0202 0199 0195 0195 0194 0195 0208
0218 0228 0233 0239 0237 0231 0223 0235 0238 0237 0230 0221 0247 1634 0192 0536.
0210 0208 0205 0204 0205 0203 0207 0202 0201 0205 0208 0211
0219 0236 0243 0257 0271 0273 0291 0291 0290 0267 0263 0243 0294 1514 0199 0429.
0222 0217 0221 0220 0215 0221 0216 0205 0201 0196 0198 0212
0228 0235 0243 0252 0264 0273 0274 0286 0273 0257 0256 0247 0290 1552 0195 0602.
0244 0239 0236 0235 0232 0228 0229 0231 0224 0225 0224 0230
0239 0242 0247 0250 0247 0243 0243 0237 0218 0206 0205 0202 0254 1139 0201 1932.
0202 0202 0198 0200 0200 0198 0197 0197 0197 0198 0198 0195
0196 0199 0203 0207 0212 0216 0219 0230 0223 0223 0221 0217 0230 1600 0194 0754.
0212 0207 0205 0206 0204 0206 0204 0204 0203 0204 0204 0209
0213 0229 0238 0263 0267 0273 0282 0276 0274 0270 0261 0242 0286 1531 0203 0448.
0224 0223 0228 0231 0224 0223 0221 0213 0210 0206 0207 0236
0266 0283 0276 0292 0302 0302 0305 0311 0308 0298 0273 0265 0316 1637 0205 0553.
0251 0242 0246 0273 0272 0273 0272 0273 0273 0273 0273 0268
0269 0273 0257 0255 0262 0269 0272 0267 0255 0267 0264 0259 0274 1535 0000 1812.
0255 0250 0235 0223 0218 0215 0209 0199 0198 0198 0199 0198
0207 0210 0218 0220 0220 0217 0219 0230 0230 0230 0227 0222 0259 2001 0197 0421.
0208 0206 0202 0197 0197 0199 0200 0196 0196 0197 0195 0201
0217 0246 0249 0256 0266 0274 0283 0279 0276 0268 0244 0233 0284 1501 0194 0417.
0226 0216 0216 0214 0216 0214 0210 0209 0208 0209 0209 0216
0233 0251 0270 0281 0290 0292 0297 0302 0299 0284 0269 0243 0311 1628 0207 0523.
0231 0225 0220 0220 0217 0213 0212 0208 0212 0214 0208 0221
0255 0258 0268 0291 0289 0293 0289 0301 0284 0275 0237 0237 0306 1435 0207 0418.
0242 0247 0241 0236 0237 0238 0233 0230 0229 0227 0227 0234
0247 0263 0263 0266 0271 0273 0262 0000 0237 0238 0239 0238 0279 1350 0000 1559.
0236 0231 0233 0230 0230 0220 0222 0217 0215 0214 0216 0228
0250 0257 0265 0276 0286 0293 0291 0305 0292 0283 0271 0265 0309 1556 0212 0626.
0245 0238 0234 0230 0235 0229 0226 0232 0230 0224 0223 0236
0247 0265 0271 0269 0266 0291 0300 0312 0295 0296 0266 0250 0312 1559 0220 0648.
0247 0244 0240 0238 0237 0233 0234 0231 0238 0232 0226 0246
0272 0282 0287 0306 0305 0318 0297 0303 0307 0294 0273 0260 0320 1401 0224 0642.
0258 0257 0255 0254 0235 0236 0236 0234 0236 0234 0236 0244
0260 0276 0291 0299 0306 0311 0318 0317 0316 0310 0281 0269 0332 1511 0233 0112.
0262 0262 0276 0272 0261 0264 0262 0261 0259 0256 0250 0225
0230 0237 0277 0294 0291 0309 0318 0328 0326 0315 0288 0274 0332 1615 0219 0733.
0266 0265 0258 0261 0251 0264 0259 0252 0255 0245 0248 0262
0285 0303 0315 0324 0338 0336 0335 0343 0338 0326 0304 0288 0344 1622 0245 0600.
0282 0280 0274 0266 0263 0270 0266 0263 0263 0264 0268 0272
0267 0271 0297 0318 0327 0332 0340 0342 0337 0324 0296 0287 0347 1538 0261 0450.
0285 0274 0272 0267 0271 0269 0277 0270 0267 0260 0265 0268
0266 0270 0251 0233 0241 0224 0222 0216 0215 0222 0220 0196 0298 2026 0195 1955.
0197 0201 0201 0197 0194 0190 0193 0197 0198 0197 0195 0197
0202 0207 0211 0211 0215 0223 0228 0231 0225 0217 0209 0202 0231 1600 0185 0133.
0202 0199 0203 0200 0204 0199 0201 0196 0194 0192 0194 0195
0209 0216 0216 0235 0228 0230 0230 0224 0216 0211 0209 0198 0237 1242 0190 0633.
0193 0197 0197 0195 0190 0191 0189 0186 0184 0185 0185 0187
0184 0187 0194 0197 0198 0202 0200 0200 0190 0188 0187 0178 0202 1400 0178 1940.
0181 0179 0180 0180 0180 0178 0181 0178 0179 0180 0180 0184
0190 0196 0203 0208 0208 0213 0211 0213 0210 0206 0198 0202 0217 1425 0178 2005.
0191 0195 0188 0183 0190 0186 0184 0179 0181 0175 0170 0180
0189 0201 0221 0239 0253 0255 0262 0263 0262 0236 0225 0226 0273 1633 0170 0642.
0216 0212 0208 0203 0199 0192 0194 0197 0193 0188 0187 0196
0203 0208 0211 0210 0197 0198 0190 0192 0198 0196 0191 0188 0226 2001 0186 0706.
0192 0191 0190 0182 0174 0173 0173 0174 0173 0173 0000 ////
//// //// //// //// 0208 0223 0220 0222 0218 0212 0206 0201 0229 1537 0000 0655.
0197 0195 0194 0191 0187 0177 0176 0166 0165 0159 0156 0172
0193 0208 0225 0234 0243 0251 0245 0249 0232 0229 0213 0216 0261 1451 0154 0646.
0210 0208 0204 0202 0197 0197 0198 0194 0188 0187 0183 0180
0181 0187 0189 0194 0203 0203 0208 0208 0207 0203 0200 0196 0216 2001 0178 0818=
IB
=
0197 0197 0194 0194 0192 0190 0187 0183 0185 0184 0185 0191
0194 0196 0195 0198 0204 0204 0209 0208 0205 0200 0202 0202.
0197 0198 0195 0194 0195 0193 0197 0192 0191 0195 0198 0199
0200 0207 0204 0203 0200 0194 0173 0197 0172 0201 0199 0210.
0196 0203 0207 0205 0203 0204 0199 0193 0191 0186 0188 0202
0200 0204 0204 0207 0203 0204 0192 0190 0191 0203 0202 0204.
0207 0208 0205 0202 0203 0200 0199 0199 0203 0204 0201 0202
0206 0201 0200 0196 0204 0200 0202 0198 0199 0189 0190 0185.
0187 0187 0186 0187 0187 0188 0187 0187 0187 0188 0188 0185
0186 0189 0191 0194 0193 0193 0195 0192 0191 0193 0195 0198.
0200 0197 0195 0196 0194 0196 0194 0194 0193 0194 0194 0199
0201 0202 0201 0189 0193 0194 0194 0194 0184 0194 0202 0209.
0209 0208 0211 0212 0210 0211 0209 0201 0200 0196 0197 0222
0202 0190 0186 0183 0186 0189 0195 0198 0175 0195 0204 0206.
0210 0217 0219 0163 0162 0166 0165 0169 0169 0169 0172 0167
0174 0172 0111 0102 0112 0129 0132 0116 0089 0112 0205 0207.
0203 0211 0218 0211 0208 0205 0194 0184 0185 0179 -800 -800
-800 -800 -800 0180 0182 0183 0177 0175 0170 0172 0176 0178.
0187 0189 0187 0185 0185 0187 0188 0184 0184 0184 0183 0188
0183 0185 0188 0188 0179 0170 0169 0180 0183 0187 0195 0203.
0203 0201 0201 0200 0201 0202 0198 0197 0196 0199 0199 0204
0204 0201 0194 0188 0190 0174 0175 0166 0177 0179 0179 0192.
0201 0199 0201 0203 0200 0198 0200 0196 0200 0202 0196 0209
0205 0201 0204 0191 0184 0193 0187 0185 0188 0206 0212 0221.
0215 0212 0214 0222 0221 0215 0217 0216 0217 0215 0213 0220
0214 0213 0208 0211 0212 0204 0218 -800 0220 0219 0222 0221.
0222 0217 0221 0216 0209 0208 0205 0203 0203 0200 0202 0209
0213 0216 0208 0209 0206 0199 0203 0195 0214 0211 0216 0219.
0218 0221 0220 0218 0223 0217 0216 0220 0218 0214 0213 0220
0224 0228 0223 0223 0224 0216 0217 0217 0217 0218 0227 0234.
0231 0230 0228 0226 0227 0223 0222 0221 0224 0220 0216 0234
0230 0227 0224 0219 0221 0222 0229 0227 0223 0226 0225 0219.
0223 0222 0218 0217 0219 0226 0226 0224 0224 0224 0226 0228
0225 0223 0221 0210 0217 0213 0204 0213 0218 0231 0235 0242.
0237 0241 0234 0226 0238 0229 0231 0232 0232 0231 0232 0202
0207 0212 0215 0224 0221 0222 0222 0207 0211 0222 0235 0236.
0243 0240 0238 0238 0235 0235 0236 0234 0234 0229 0232 0235
0234 0230 0233 0228 0235 0221 0229 0220 0222 0238 0248 0254.
0250 0252 0252 0244 0245 0246 0248 0247 0249 0248 -800 -800
-800 -800 -800 0244 0247 0241 0240 0245 0243 0265 0268 0271.
0253 0245 0243 0242 0246 0247 0241 0241 0240 0242 0238 0239
0241 0228 0222 0214 0185 0194 0199 0195 0187 0186 0178 0184.
0187 0184 0182 0184 0177 0168 0176 0177 0179 0173 0176 0178
0180 0181 0185 0189 0192 0191 0164 0152 0158 0167 0157 0166.
0168 0177 0173 0172 0164 0171 0169 0170 0168 0164 0162 0165
0159 0154 0154 0148 0164 0158 0158 0160 0166 0167 0163 0168.
0173 0175 0169 0176 0175 0172 0170 0171 0171 0168 0168 0169
0169 0170 0168 0165 0166 0170 0166 0168 0173 0175 0175 0163.
0168 0166 0167 0167 0167 0165 0166 0165 0168 0167 0165 0169
0170 0164 0153 0145 0154 0152 0161 0156 0151 0158 0170 0162.
0169 0162 0164 0166 0160 0164 0166 0164 0154 0153 0159 0160
0160 0153 0150 0154 0141 0134 0115 0116 0123 0143 0151 0144.
0157 0155 0158 0167 0165 0172 0170 0160 0163 0169 0172 0166
0157 0162 0167 0168 0173 0178 0173 0175 0179 0166 0171 0169.
0170 0161 0164 0165 0157 0156 0160 0159 0158 0160 -800 ////
//// //// //// //// 0149 0149 0144 0141 0142 0146 0149 0145.
0147 0152 0149 0150 0144 0148 0149 0148 0149 0144 0143 0147
0139 0128 0122 0127 0132 0130 0128 0135 0137 0139 0158 0150.
0153 0160 0164 0164 0169 0173 0170 0164 0168 0167 0166 0167
0166 0165 0167 0166 0165 0165 0162 0156 0157 0163 0166 0164=
EA
230 230 225 225 222 220 216 211 213 212 213 221
225 228 226 231 240 240 248 246 242 234 236 237.
229 231 227 225 227 224 229 222 221 227 231 233
234 245 240 238 233 225 197 230 196 235 233 249.
227 239 245 240 238 239 232 224 221 214 217 237
233 240 240 244 237 239 223 219 221 238 236 240.
244 246 242 237 239 233 232 232 238 240 236 236
243 235 233 228 240 234 237 231 232 218 219 213.
215 215 215 215 215 217 216 216 216 217 217 213
214 218 221 225 224 224 226 222 221 223 226 231.
234 229 227 228 225 228 225 225 224 225 225 232
235 237 236 219 224 225 226 225 212 225 237 248.
246 245 250 251 249 250 247 235 234 228 229 268
237 219 214 211 215 219 227 230 200 226 239 242.
248 260 263 185 184 189 188 192 192 192 196 190
198 196 132 124 133 149 151 137 114 133 241 244.
238 250 261 250 245 241 225 211 212 205 000 000
000 000 000 206 209 210 202 199 194 197 201 203.
216 218 215 213 213 216 217 212 212 211 211 216
210 213 217 217 205 193 192 207 210 215 226 237.
238 235 235 234 235 237 231 230 228 232 232 240
240 236 225 217 220 199 200 189 202 205 206 222.
235 232 235 238 234 230 234 228 234 237 228 247
241 236 240 222 211 224 215 213 217 242 252 267.
257 252 255 268 267 256 260 258 260 256 254 265
255 253 246 251 251 239 262 000 264 262 267 265.
268 260 266 258 247 246 241 239 238 234 237 247
253 258 246 247 243 232 238 227 255 250 258 263.
261 265 265 261 269 260 258 264 261 255 253 265
271 277 269 269 272 258 259 259 260 261 275 288.
283 281 277 274 275 269 268 266 271 264 258 288
281 275 272 263 266 268 279 276 269 275 272 262.
269 267 261 259 263 274 274 270 271 270 274 278
272 270 266 249 259 253 240 252 260 283 289 301.
292 299 288 274 294 279 282 284 284 282 285 237
244 252 256 271 266 268 268 244 251 268 289 292.
303 298 296 294 290 289 291 288 287 280 285 289
288 281 287 277 289 265 279 265 268 295 313 325.
317 321 321 306 308 310 313 311 315 313 000 000
000 000 000 306 312 300 298 307 303 345 352 358.
323 307 303 301 308 312 301 299 298 302 294 296
299 278 268 255 213 225 233 227 215 214 203 212.
216 212 209 211 203 191 201 202 205 197 202 204
206 207 213 218 223 221 186 172 180 189 178 189.
192 202 198 196 187 195 193 194 191 187 185 188
180 175 175 168 186 180 180 181 188 190 185 192.
197 200 193 202 200 197 194 195 195 192 192 192
192 194 191 188 189 194 189 192 198 200 200 185.
191 189 190 190 190 187 189 187 191 190 188 192
193 187 174 165 174 172 183 177 172 179 194 185.
192 184 187 189 182 186 188 187 174 174 180 182
181 174 170 175 161 153 136 137 143 163 172 164.
178 176 179 190 188 196 194 181 186 193 196 189
179 184 190 191 197 203 198 200 205 189 194 193.
193 183 187 188 179 178 182 181 180 182 000 ///
/// /// /// /// 169 170 164 161 162 166 170 165.
167 172 169 170 164 168 169 168 169 164 163 167
159 147 142 147 152 150 148 154 156 159 180 170.
174 182 187 187 193 197 194 187 191 190 189 190
189 188 190 189 188 188 184 177 178 186 189 187=
UB
89 89 90 91 92 93 93 93 94 94 94 90
86 82 79 78 82 85 92 85 82 80 84 89 76 1132.
92 94 94 94 94 94 94 94 94 94 94 93
89 84 79 72 65 62 49 57 49 67 68 82 48 1654.
85 92 92 91 93 90 90 93 94 94 94 94
84 83 79 76 69 66 61 56 61 72 72 77 53 1553.
80 83 83 82 84 84 83 82 88 88 87 84
82 78 75 72 77 77 78 79 89 90 91 90 70 1141.
91 91 93 92 92 94 94 94 94 94 94 94
94 94 93 92 89 87 86 79 82 83 85 89 78 1558.
93 94 94 94 94 94 94 94 94 94 94 94
93 85 80 64 64 62 59 61 58 63 70 82 54 1532.
91 91 90 89 92 93 93 93 94 94 94 92
68 57 58 52 50 51 52 51 45 54 66 70 42 1628.
78 86 85 51 51 52 52 53 53 53 54 54
56 54 40 38 39 42 42 39 35 38 70 73 00 1812.
73 79 90 93 94 94 91 91 92 89 00 00
00 00 00 78 79 81 77 71 69 70 73 76 67 1645.
88 90 91 93 93 93 93 93 93 92 93 92
81 69 69 66 59 53 50 55 57 61 74 83 49 1318.
87 91 91 92 91 93 93 93 93 94 94 93
84 74 63 57 55 49 48 44 48 53 58 73 38 1628.
83 85 89 90 90 91 93 93 93 93 93 93
74 71 68 55 53 55 54 50 56 66 86 91 46 1619.
85 81 85 92 91 87 91 92 93 93 92 92
82 74 72 72 70 66 77 00 90 89 90 90 00 1559.
92 92 93 92 88 93 90 92 93 92 92 89
80 78 71 67 62 57 59 52 63 65 72 76 51 1553.
85 90 92 93 93 93 94 93 93 94 94 91
87 80 75 76 78 64 61 57 63 63 79 91 55 1611.
91 92 93 93 94 94 93 94 92 93 94 93
78 72 69 60 61 57 67 64 61 67 75 78 54 1402.
81 81 80 80 91 94 94 94 93 94 94 91
81 73 66 59 59 56 51 54 56 63 76 85 48 1513.
86 88 78 76 87 81 83 84 85 86 90 87
87 86 69 66 66 60 57 49 51 58 73 80 49 1600.
87 86 89 87 91 84 87 90 88 91 91 85
74 65 62 57 55 51 54 49 51 60 72 82 48 1618.
83 85 88 88 90 87 90 91 92 91 00 00
00 00 00 65 63 59 56 57 58 71 85 91 52 1531.
83 84 84 86 86 88 81 84 85 90 85 84
86 78 84 89 71 83 87 88 84 80 77 93 71 1300.
94 90 89 92 90 87 90 88 89 86 89 89
87 85 85 87 87 82 67 61 66 73 72 80 59 1517.
81 87 83 84 78 84 82 85 85 84 82 83
73 68 68 58 67 64 64 67 73 76 75 83 58 1200.
88 87 84 89 91 89 89 91 92 90 90 89
91 90 85 82 82 82 81 82 90 92 93 91 80 1519.
92 92 92 92 92 92 91 92 93 92 91 91
88 82 73 67 71 68 73 70 69 74 84 78 65 1145.
87 81 86 90 83 87 89 91 84 87 93 88
83 74 64 59 50 47 40 40 42 56 63 60 37 1544.
69 70 73 80 81 88 86 79 83 89 91 83
75 75 76 77 86 88 90 90 89 83 88 89 59 2006.
87 83 85 90 90 90 92 91 91 92 00 //
// // // // 69 63 62 60 62 66 70 70 00 0655.
73 76 75 77 76 83 84 89 90 91 92 85
71 60 52 51 50 47 48 49 55 57 71 66 40 1452.
70 74 78 79 84 86 84 83 88 88 90 92
91 87 87 84 79 79 75 72 73 78 81 82 66 2004=
N=
H=
C=
VB
00000 00000 00000 00000 00000 00000 00000 00000 00000 00000 00000 00000
00000 00000 00000 00000 00000 00000 00000 00000 00000 00000 00000 00000 00000 2001.
00000 00000 00000 00000 00000 00000 00000 00000 00000 00000 00000 00000
00000 00000 00000 00000 00000 00000 00000 00000 00000 00000 00000 00000 00000 2001.
00000 00000 00000 00000 00000 00000 00000 00000 00000 00000 00000 00000
00000 00000 00000 00000 00000 00000 00000 00000 00000 00000 00000 00000 00000 2001.
00000 00000 00000 00000 00000 00000 00000 00000 00000 00000 00000 00000
00000 00000 00000 00000 00000 00000 00000 00000 00000 00000 00000 00000 00000 2001.
00000 00000 00000 00000 00000 00000 00000 00000 00000 00000 00000 00000
00000 00000 00000 00000 00000 00000 00000 00000 00000 00000 00000 00000 00000 2001.
00000 00000 00000 00000 00000 00000 00000 00000 00000 00000 00000 00000
00000 00000 00000 00000 00000 00000 00000 00000 00000 00000 00000 00000 00000 2001.
00000 00000 00000 00000 00000 00000 00000 00000 00000 00000 00000 00000
00000 00000 00000 00000 00000 00000 00000 00000 00000 00000 00000 00000 00000 2001.
00000 00000 00000 04480 04570 04540 04520 04490 04530 04400 04240 02310
02270 02780 03290 03850 04070 04280 04370 04350 04600 04440 00000 00000 00000 2001.
00000 00000 00000 00000 00000 00000 00000 00000 00000 00000 00877 00880
00878 00877 00875 00000 00000 00000 00000 00000 00000 00000 00000 00000 00000 2001.
00000 00000 00000 00000 00000 00000 00000 00000 00000 00000 00000 00000
00000 00000 00000 00000 00000 00000 00000 00000 00000 00000 00000 00000 00000 2001.
00000 00000 00000 00000 00000 00000 00000 00000 00000 00000 00000 00000
00000 00000 00000 00000 00000 00000 00000 00000 00000 00000 00000 00000 00000 2001.
00000 00000 00000 00000 00000 00000 00000 00000 00000 00000 00000 00000
00000 00000 00000 00000 00000 00000 00000 00000 00000 00000 00000 00000 00000 2001.
00000 00000 00000 00000 00000 00000 00000 00000 00000 00000 00000 00000
00000 00000 00000 00000 00000 00000 00000 00000 00000 00000 00000 00000 00000 2001.
00000 00000 00000 00000 00000 00000 00000 00000 00000 00000 00000 00000
00000 00000 00000 00000 00000 00000 00000 00000 00000 00000 00000 00000 00000 2001.
00000 00000 00000 00000 00000 00000 00000 00000 00000 00000 00000 00000
00000 00000 00000 00000 00000 00000 00000 00000 00000 00000 00000 00000 00000 2001.
00000 00000 00000 00000 00000 00000 00000 00000 00000 00000 00000 00000
00000 00000 00000 00000 00000 00000 00000 00000 00000 00000 00000 00000 00000 2001.
00000 00000 00000 00000 00000 00000 00000 00000 00000 00000 00000 00000
00000 00000 00000 00000 00000 00000 00000 00000 00000 00000 00000 00000 00000 2001.
00000 00000 00000 00000 00000 00000 00000 00000 00000 00000 00000 00000
00000 00000 00000 00000 00000 00000 00000 00000 00000 00000 00000 00000 00000 2001.
00000 00000 00000 00000 00000 00000 00000 00000 00000 00000 00000 00000
00000 00000 00000 00000 00000 00000 00000 00000 00000 00000 00000 00000 00000 2001.
00000 00000 00000 00000 00000 00000 00000 00000 00000 00000 00802 00800
00804 00806 00803 00000 00000 00000 00000 00000 00000 00000 00000 00000 00000 2001.
00000 00000 00000 00000 00000 00000 00000 00000 00000 00000 00000 00000
00000 00000 00000 00000 00000 00000 00000 00000 00000 00000 00000 00000 00000 2001.
00000 00000 00000 00000 00000 00000 00000 00000 00000 00000 00000 00000
00000 00000 00000 00000 00000 00000 00000 00000 00000 00000 00000 00000 00000 2001.
00000 00000 00000 00000 00000 00000 00000 00000 00000 00000 00000 00000
00000 00000 00000 00000 00000 00000 00000 00000 00000 00000 00000 00000 00000 2001.
00000 00000 00000 00000 00000 00000 00000 00000 00000 00000 00000 00000
00000 00000 00000 00000 00000 00000 00000 00000 00000 00000 00000 00000 00000 2001.
00000 00000 00000 00000 00000 00000 00000 00000 00000 00000 00000 00000
00000 00000 00000 00000 00000 00000 00000 00000 00000 00000 00000 00000 00000 2001.
00000 00000 00000 00000 00000 00000 00000 00000 00000 00000 00000 00000
00000 00000 00000 00000 00000 00000 00000 00000 00000 00000 00000 00000 00000 2001.
00000 00000 00000 00000 00000 00000 00000 00000 00000 00000 00000 00000
00000 00000 00000 00000 00000 00000 00000 00000 00000 00000 00000 00000 00000 2001.
00000 00000 00000 00000 00000 00000 00000 00000 00000 00000 00000 -----
----- ----- ----- ----- 00000 00000 00000 00000 00000 00000 00000 00000 00000 2001.
00000 00000 00000 00000 00000 00000 00000 00000 00000 00000 00000 00000
00000 00000 00000 00000 00000 00000 00000 00000 00000 00000 00000 00000 00000 2001.
00000 00000 00000 00000 00000 00000 00000 00000 00000 00000 00000 00000
00000 00000 00000 00000 00000 00000 00000 00000 00000 00000 00000 00000 00000 2001=
R6
0000 0020 0020
0000 0002 0002
0014 0001 0015
0000 0049 0049
0178 0022 0200
0143 0000 0143
0000 0000 0000
0000 0000 0000
0221 0001 0222
0001 0000 0001
0000 0000 0000
0000 0020 0020
0001 0010 0011
0000 0001 0001
0000 0000 0000
0000 0000 0000
0074 0000 0074
0071 0006 0077
0000 0000 0000
0000 0010 0010
0000 0178 0178
0096 0000 0096
0000 0000 0000
0006 0016 0022
0011 0000 0011
0010 0001 0011
0000 0006 0006
0014 //// 0014
0000 0000 0000
0003 0003 0006=
0000 0000 0000 0000 0000 0000 0000 0000 0000 0000 0000 0000
0000 0000 0000 0000 0000 0002 0015 0003 0000 0000 0000 0000.
0000 0000 0000 0000 0000 0000 0000 0000 0000 0000 0000 0000
0000 0000 0000 0000 0001 0000 0000 0000 0000 0000 0000 0001.
0008 0005 0001 0000 0000 0000 0000 0000 0000 0000 0000 0000
0000 0000 0001 0000 0000 0000 0000 0000 0000 0000 0000 0000.
0000 0000 0000 0000 0000 0000 0000 0000 0000 0000 0000 0000
0000 0000 0000 0000 0000 0000 0000 0000 0019 0016 0006 0008.
0011 0009 0028 0001 0007 0016 0022 0029 0016 0013 0014 0012
0006 0013 0001 0001 0000 0000 0000 0000 0000 0000 0000 0001.
0009 0033 0046 0019 0023 0006 0004 0002 0000 0000 0000 0001
0000 0000 0000 0000 0000 0000 0000 0000 0000 0000 0000 0000.
0000 0000 0000 0000 0000 0000 0000 0000 0000 0000 0000 0000
0000 0000 0000 0000 0000 0000 0000 0000 0000 0000 0000 0000.
0000 0000 0000 0000 0000 0000 0000 0000 0000 0000 0000 0000
0000 0000 0000 0000 0000 0000 0000 0000 0000 0000 0000 0000.
0000 0000 0006 0044 0070 0038 0045 0005 0010 0001 0000 0002
0001 0000 0000 0000 0000 0000 0000 0000 0000 0000 0000 0000.
0000 0001 0000 0000 0000 0000 0000 0000 0000 0000 0000 0000
0000 0000 0000 0000 0000 0000 0000 0000 0000 0000 0000 0000.
0000 0000 0000 0000 0000 0000 0000 0000 0000 0000 0000 0000
0000 0000 0000 0000 0000 0000 0000 0000 0000 0000 0000 0000.
0000 0000 0000 0000 0000 0000 0000 0000 0000 0000 0000 0000
0000 0000 0000 0000 0000 0000 0000 0000 0000 0000 0019 0001.
0000 0001 0000 0000 0000 0000 0000 0000 0000 0000 0000 0000
0000 0000 0000 0000 0000 0000 0000 0007 0001 0001 0001 0000.
0000 0000 0000 0000 0000 0000 0000 0000 0000 0000 0000 0000
0000 0000 0001 0000 0000 0000 0000 0000 0000 0000 0000 0000.
0000 0000 0000 0000 0000 0000 0000 0000 0000 0000 0000 0000
0000 0000 0000 0000 0000 0000 0000 0000 0000 0000 0000 0000.
0000 0000 0000 0000 0000 0000 0000 0000 0000 0000 0000 0000
0000 0000 0000 0000 0000 0000 0000 0000 0000 0000 0000 0000.
0000 0000 0000 0000 0033 0026 0011 0004 0000 0000 0000 0000
0000 0000 0000 0000 0000 0000 0000 0000 0000 0000 0000 0000.
0000 0000 0000 0000 0000 0000 0000 0000 0000 0000 0000 0071
0004 0001 0001 0000 0000 0000 0000 0000 0000 0000 0000 0000.
0000 0000 0000 0000 0000 0000 0000 0000 0000 0000 0000 0000
0000 0000 0000 0000 0000 0000 0000 0000 0000 0000 0000 0000.
0000 0000 0000 0000 0000 0000 0000 0000 0000 0000 0000 0000
0003 0002 0000 0000 0000 0000 0000 0000 0000 0000 0005 0000.
0000 0000 0000 0000 0000 0000 0000 0000 0000 0000 0000 0000
0000 0000 0015 0074 0001 0006 0003 0008 0009 0000 0000 0062.
0027 0000 0001 0020 0012 0025 0010 0000 0001 0000 0000 0000
0000 0000 0000 0000 0000 0000 0000 0000 0000 0000 0000 0000.
0000 0000 0000 0000 0000 0000 0000 0000 0000 0000 0000 0000
0000 0000 0000 0000 0000 0000 0000 0000 0000 0000 0000 0000.
0003 0000 0000 0000 0000 0000 0000 0001 0002 0000 0000 0000
0000 0000 0000 0000 0000 0001 0000 0000 0000 0002 0005 0008.
0002 0007 0001 0000 0001 0000 0000 0000 0000 0000 0000 0000
0000 0000 0000 0000 0000 0000 0000 0000 0000 0000 0000 0000.
0000 0000 0000 0000 0000 0000 0000 0000 0002 0007 0001 0000
0001 0000 0000 0000 0000 0000 0000 0000 0000 0000 0000 0000.
0000 0000 0000 0000 0000 0000 0000 0000 0000 0000 0000 0000
0000 0000 0000 0000 0001 0001 0002 0001 0000 0000 0001 0000.
0000 0000 0000 0005 0005 0002 0001 0000 0001 0000 0000 ////
//// //// //// //// 0000 0000 0000 0000 0000 0000 0000 0000.
0000 0000 0000 0000 0000 0000 0000 0000 0000 0000 0000 0000
0000 0000 0000 0000 0000 0000 0000 0000 0000 0000 0000 0000.
0000 0000 0000 0000 0000 0000 0000 0000 0000 0000 0000 0003
0003 0000 0000 0000 0000 0000 0000 0000 0000 0000 0000 0000=
0000 ////////// 00000=
W=
LA
=
000 000 000 002 000 001 000 002 000 000 000 001
002 002 001 000 000 000 000 002 002 000 000 000 015.
000 001 000 000 001 000 000 000 000 000 000 002
000 001 003 000 002 002 000 003 000 002 000 000 017.
002 000 001 001 000 000 000 000 000 000 000 002
002 002 000 002 002 000 002 000 002 000 000 000 018.
000 002 000 000 002 000 002 000 000 000 000 002
001 001 001 003 000 000 000 000 000 004 000 001 019.
002 002 002 003 001 003 001 003 002 002 002 002
001 002 000 001 000 000 000 002 000 000 000 000 031.
000 004 029 019 023 006 004 002 000 000 000 001
000 000 000 000 000 000 000 000 000 000 000 000 088.
000 000 000 000 000 000 000 000 000 000 000 000
000 000 000 000 000 000 000 000 000 000 000 000 000.
000 000 000 000 000 000 000 000 000 000 001 000
000 000 001 000 001 001 000 000 001 000 000 000 005.
001 000 000 003 008 004 007 002 003 003 /// ///
/// /// /// 000 001 000 000 001 003 000 000 000 ///.
000 007 000 000 /// 000 001 000 000 000 000 001
000 006 000 000 002 000 001 002 000 000 000 000 ///.
000 000 001 000 000 000 000 000 001 000 000 000
002 003 003 000 000 002 002 003 003 003 000 000 023.
001 000 000 001 000 000 000 001 000 000 000 002
003 001 003 000 000 000 004 000 002 000 001 001 020.
001 002 000 000 001 000 000 000 000 000 000 000
003 000 002 000 002 002 000 /// 000 002 002 000 ///.
000 000 000 000 000 000 001 000 000 000 000 000
003 000 004 001 001 002 000 002 000 002 000 000 016.
000 000 000 000 002 000 000 000 000 002 000 001
002 001 000 002 000 000 002 000 003 000 000 000 015.
000 000 000 000 002 000 001 000 000 001 000 001
002 004 000 000 002 000 003 000 003 002 000 002 023.
003 002 002 002 002 006 000 000 002 000 000 002
002 000 000 001 002 000 003 002 000 000 000 000 031.
000 000 001 002 000 000 002 001 000 000 000 011
002 001 006 001 000 002 002 001 003 001 000 000 036.
000 000 000 001 000 002 000 000 000 000 001 002
001 003 001 000 000 000 003 001 003 001 000 000 019.
000 000 000 000 000 000 000 001 000 000 /// ///
/// /// /// 002 000 000 002 002 000 002 000 000 ///.
000 001 002 000 000 002 001 002 000 002 001 000
003 000 000 012 004 001 002 000 004 003 000 006 046.
010 003 001 002 000 004 008 000 001 000 000 000
002 000 000 000 000 001 002 001 002 000 000 000 037.
000 000 000 000 001 000 000 000 001 002 000 001
002 004 000 000 002 002 000 000 000 000 002 000 017.
000 000 001 000 000 000 000 000 002 000 001 000
000 001 000 000 000 001 001 000 000 000 000 000 007.
000 001 001 000 002 000 000 000 000 000 001 000
000 001 002 000 001 002 000 000 000 000 000 000 011.
000 000 000 000 000 001 000 000 000 000 000 000
003 002 004 006 000 001 002 002 003 000 000 000 024.
001 000 001 000 000 000 000 000 000 000 000 000
001 001 000 000 000 000 000 /// 000 000 000 000 ///.
000 000 000 000 000 000 000 000 000 000 /// ///
/// /// /// /// 002 003 004 004 000 000 000 001 ///.
001 001 000 001 000 000 000 000 001 000 000 001
003 003 014 000 000 000 011 000 000 000 000 001 037.
001 000 001 000 000 000 000 000 000 000 000 000
002 000 000 002 000 005 000 006 000 000 000 000 017=
Z=
G=
FN
109010 109015 109017 109012 109011 109009
110012 110005 110006 110003 PPC002 109007
109004 108005 108005 108015 108011 109016
109015 109014 108012 109020 109019 109007.
PPC000 PPC002 109003 PPC000 PPC002 109003
109006 109003 109006 109011 109009 109005
109009 108008 108011 107015 107008 107008
107004 107022 107008 108030 108011 108008.
109017 PPC000 109011 109004 109008 109014
109010 109004 109006 109009 109005 PPC000
108007 108010 108014 108005 108026 107024
107025 107022 108013 108018 108011 108010.
109011 109007 109009 109014 109012 109011
109005 109018 109003 109004 109014 109010
109006 108013 108022 108025 108015 108022
108024 109029 109038 109012 110017 110020.
110007 110013 110029 110012 110008 PPC002
110004 110004 110012 110006 110009 110011
110009 110010 110012 109019 109015 109023
109016 109019 109023 109020 109007 109005.
109009 109015 109011 109014 109016 109010
109013 109006 109012 109008 109003 109007
109004 109007 108003 PPC002 107012 107010
107016 107012 108010 108011 108008 108007.
109003 PPC002 109003 PPC001 109004 PPC002
109003 PPC000 109007 109003 PPC002 PPC000
107007 107010 107017 107014 107022 107024
107030 106018 106006 107009 108027 108005.
108009 PPC001 108003 PPC000 PPC000 PPC000
PPC000 PPC000 PPC000 PPC000 PPC000 PPC000
PPC000 PPC000 PPC000 PPC000 PPC000 PPC000
PPC000 PPC000 PPC000 PPC000 109017 110014.
110015 110008 110005 110025 110032 110024
111034 111029 111022 111025 111021 111004
111010 110007 110012 110009 110012 110016
110029 110012 110012 110012 110009 110008.
110003 110007 PPC001 111003 111004 PPC002
111003 111012 111010 PPC002 111005 111006
110005 109006 109007 109008 109016 109005
PPC002 109006 109006 109007 PPC000 PPC002.
PPC002 110003 PPC001 PPC000 PPC000 PPC000
PPC000 PPC002 PPC002 PPC000 PPC000 110009
110013 109013 109009 108013 108023 108026
108024 108016 108016 109017 109016 109011.
PPC001 110005 110003 PPC000 110005 110003
PPC000 PPC000 110005 PPC000 110005 110005
PPC002 109011 108013 108014 108018 108016
108013 108028 109022 PPC002 110027 110005.
110007 110011 110011 110007 110006 110007
110005 PPC002 110007 110004 PPC002 110003
PPC002 109013 109009 109013 109011 109018
109011 PPC000 110016 110005 110009 110006.
110004 PPC002 110005 PPC001 110005 110004
110003 110005 110010 PPC002 110006 PPC000
109006 109004 109020 108018 108017 108020
108008 108009 109016 109011 109005 109012.
109006 110005 110004 110005 110009 PPC000
110008 110009 110007 PPC001 110009 110007
PPC001 PPC002 109005 109014 109009 108015
108013 108013 108019 108019 109006 109009.
109008 PPC000 PPC002 110006 110004 PPC000
110005 PPC002 110006 110006 PPC002 PPC001
109004 108010 108010 108007 108016 108009
108026 108024 108020 108007 109038 110019.
110014 110016 110013 110023 110006 110006
110009 110006 110013 PPC002 110009 110006
109006 108012 108006 108018 107014 108007
107022 108007 108009 108007 109006 PPC000.
109006 109007 109005 109011 109006 109008
109009 109006 109012 109014 110026 111019
110006 110010 108016 108009 108034 108019
107015 107003 PPC002 108003 109007 109005.
109006 109008 109003 109005 109003 109008
109011 110009 109004 110005 110009 109003
PPC000 108003 PPC001 107016 107018 107018
107027 107014 107014 108016 108006 108006.
PPC002 109004 109007 109005 109004 109007
109005 109007 PPC002 PPC002 109012 109009
110015 109019 108008 107010 107015 107008
107013 107006 108006 PPC000 109004 109009.
109013 109011 109012 109009 109009 109008
109015 109027 109010 109012 109013 PPC002
109013 109030 110026 110042 110060 111014
111013 111024 111027 110018 110011 111015.
111037 111017 111011 111005 111020 111018
111013 111008 111009 111013 111023 111020
111005 PPC002 110010 110014 110009 PPC002
110015 110009 110014 110013 110014 111003.
PPC000 111006 111005 111007 111014 111008
111009 111015 111019 111012 111010 111010
PPC002 110010 110011 110004 110024 110019
110013 110011 110028 111022 111021 111017.
PPC001 111008 111017 111005 111009 111007
111009 111008 111014 111008 111008 111008
111010 111008 111021 111023 111019 111007
111019 111011 111013 111011 111013 111013.
111022 111015 111014 111011 111011 111006
111008 111003 PPC000 111008 PPC001 111004
PPC002 111011 110012 110006 110012 110013
110010 110015 110008 111012 111003 111014.
111008 111008 PPC000 PPC001 111014 111013
111004 111004 111011 111011 111005 111014
111003 110007 110007 109008 109016 109028
109005 108011 108012 110031 110013 110013.
110015 110021 111015 111009 111005 111003
111011 111006 111005 111003 111004 111004
110011 110013 110008 110006 111010 111004
111005 111007 111006 111010 111005 111005.
111008 111006 111006 111007 111008 111006
PPC000 PPC000 111003 110005 PPC000 //////
////// ////// ////// ////// 109013 PPC002
109016 108020 109015 109015 109024 110015.
110022 110014 110006 110008 110004 110006
110010 110003 PPC000 PPC001 110006 PPC000
109004 109006 108014 108023 108018 108012
107016 108029 109017 109015 109011 109019.
109018 109018 PPC002 109011 PPC000 PPC000
110003 110010 110006 110011 110022 110013
110016 110012 110010 110016 109021 109013
109013 109016 109017 109017 110013 110015=
109010 109012 109015 109014 109013 109010
110011 PPC002 110004 110004 110003 109007
109004 108003 108007 108011 108011 109010
109012 109013 108014 109015 109015 109009.
109003 PPC001 109004 109003 109003 PPC002
109004 PPC001 109007 109007 109007 109008
109007 108006 108017 107009 107019 107007
107009 107021 107010 108026 108010 108010.
109021 109007 109009 109006 109006 109011
109010 109003 109005 109008 109005 PPC000
108005 108012 108014 108009 108026 107030
107025 107021 108011 108019 108013 108005.
109013 109008 109010 109020 109012 109010
109005 109015 109004 109005 109012 109012
109006 108012 108016 108023 108015 108021
108027 109029 109026 109019 110018 110020.
110007 110014 110028 110017 110007 PPC002
110007 110005 110011 110009 110007 110014
110011 110011 110016 109017 109016 109022
109022 109017 109017 109017 109006 109004.
109008 109015 109011 109012 109015 109013
109011 109004 110011 109006 109005 109006
109003 109005 108008 108006 107014 107008
107009 107013 108008 107012 108011 108006.
109005 109004 109005 109005 109003 109005
PPC002 PPC002 109005 109003 PPC000 PPC002
107006 107011 107017 107019 107015 107023
107026 106018 106010 107009 108024 108008.
108005 PPC000 108006 PPC000 PPC000 PPC000
PPC000 PPC000 PPC000 PPC000 PPC000 PPC000
PPC000 PPC000 PPC000 PPC000 PPC000 PPC000
PPC000 PPC000 PPC000 PPC000 109016 110014.
110013 110010 110004 110023 110025 110022
111036 111027 111020 111019 111020 111007
111009 110009 110010 110007 110012 110021
110019 110016 110014 110014 110011 110010.
110006 110008 110004 111003 111003 PPC002
111004 111011 111010 PPC002 111004 111005
110006 109005 109007 109009 109011 109010
108006 109008 109005 109009 109003 PPC002.
PPC002 110004 PPC000 PPC002 PPC000 PPC000
PPC000 110004 PPC002 110003 PPC002 110007
110012 109015 109012 108018 108015 108022
108021 108015 108014 109020 109015 109009.
110003 110005 110003 110005 110005 PPC001
PPC000 PPC000 110005 PPC000 110004 110004
PPC001 109011 108014 108016 108017 108020
108020 108015 109018 109006 110021 110003.
110007 110011 110008 110006 110005 110006
110004 110003 110003 110004 110003 110003
110003 109007 109009 109013 109011 109014
109012 PPC000 110017 110007 110008 110009.
PPC001 110004 110006 PPC000 110005 110006
PPC002 110005 110008 110003 110003 PPC002
109004 109006 109018 109020 108020 108016
108008 108008 109022 109014 109009 109012.
109006 PPC002 110003 110005 110007 PPC000
110007 110013 110007 PPC002 110003 110008
PPC001 109005 109004 109012 109012 108011
107013 108011 108022 108015 109005 109008.
109008 109003 110003 110005 PPC002 PPC000
110005 PPC002 110006 110006 PPC000 PPC001
109005 108008 108009 108008 108010 108007
108027 108022 108023 108006 109033 110026.
110012 110014 110013 110018 110007 110005
110007 110003 110011 PPC002 110011 110007
109009 108008 108004 108017 107014 108010
107018 108010 108011 108008 109007 PPC001.
109003 109004 109004 109006 109005 109007
109007 109004 109009 109012 110026 111015
110011 110010 109014 108012 108022 108012
107014 107006 107004 108008 108003 109005.
109007 109008 109005 109005 109004 109013
109010 110007 109003 110005 110007 109007
PPC002 PPC002 107008 107015 107011 107020
107022 107013 107011 108008 108005 108005.
PPC002 109004 109006 109006 109005 109008
109005 109004 109004 109005 109009 109010
110021 109014 108008 107005 107010 107010
107010 107006 108007 PPC002 109006 109003.
109014 109008 109007 109009 109011 109007
109021 109021 109014 109012 109014 109006
109016 109023 110027 110048 110049 111024
111026 111024 111022 110029 110016 111014.
111025 111020 111013 111005 111020 111012
111014 111010 111010 111015 111013 111016
111010 111005 110006 110010 110009 PPC002
110019 110010 110018 110012 110010 111003.
111004 111004 111007 111008 111009 111009
111006 111012 111019 111014 111010 111011
110003 110013 110013 110004 110022 110018
110010 110015 110024 111019 111023 111016.
111004 111011 111015 111005 111008 111008
111012 111008 111012 111012 111007 111012
111011 111009 111018 111019 111016 111009
111017 111011 111009 111013 111013 111014.
111018 111014 111013 111012 111009 111005
111009 PPC000 PPC000 111007 111003 111003
111005 111009 110008 110008 110013 110011
110011 110011 110012 111012 111003 111011.
111005 111004 PPC000 PPC002 111014 111013
111003 PPC001 111010 111007 111003 111011
PPC001 110004 110009 109008 109011 109021
109011 108010 108014 110029 110014 110013.
110015 110018 111020 111008 111007 111006
111011 111007 111005 111007 111005 111005
110008 110011 110010 110006 111011 PPC002
111004 111008 111004 111009 111006 111006.
111006 111006 111004 111007 111007 111004
PPC001 111005 111006 PPC001 PPC000 //////
////// ////// ////// ////// 109013 109005
109017 108019 109017 109014 109026 110019.
110021 110014 110011 110011 110007 110006
110007 110003 PPC002 PPC000 110004 110007
110006 109008 108016 108015 108014 108017
107013 108024 109022 109015 109008 109020.
109019 109018 109007 109012 PPC002 PPC000
110004 110009 110007 110013 110016 110018
110015 110014 110011 110014 109013 109023
109015 109021 109013 109011 109015 110016=
021109 2017 029109 1544
030108 1746 041108 1804
034108 1325 047108 1333
033109 1704 052109 1600
029109 1610 050109 1520
018107 1342 028108 1145
027107 1313 041107 1149
022110 1811 036110 1940
047111 0245 081111 0237
015109 1352 023109 1347
028108 1509 048108 1507
027108 1244 047108 1423
027110 1554 037110 1553
026109 1132 046109 1212
028108 1639 042109 1834
055108 1431 068108 1423
026110 2001 042110 2004
051111 0732 071111 0730
024107 1450 048107 1441
022110 0858 033110 0814
060111 1306 094111 1308
032111 2119 049111 2112
027110 1335 050111 1910
031111 1923 045111 1916
024111 2122 044111 2115
040110 1718 050110 1749
025110 2044 039111 2247
033109 1853 050110 1918
030109 1647 048110 2005
026109 1354 039109 1349=
DB
0218 0216 0211 0209 0207 0203 0199 0197 0200 0199 0203 0228
0253 0289 0285 0295 0268 0250 0248 0301 0275 0252 0231 0222 0343 1633 0194 0532.
0211 0211 0206 0205 0206 0209 0206 0201 0201 0211 0213 0221
0249 0304 0393 0387 0428 0333 0423 0371 0353 0274 0260 0246 0454 1303 0198 0444.
0229 0230 0232 0224 0220 0217 0212 0206 0201 0197 0200 0229
0255 0273 0309 0318 0403 0417 0346 0395 0297 0278 0256 0247 0423 1342 0196 0614.
0239 0237 0230 0224 0224 0223 0227 0225 0224 0223 0221 0239
0263 0283 0315 0301 0275 0267 0274 0248 0223 0219 0216 0210 0342 1141 0210 1955.
0214 0210 0206 0205 0207 0207 0206 0205 0204 0206 0206 0204
0208 0217 0224 0235 0250 0257 0259 0290 0240 0231 0225 0220 0292 1556 0203 0733.
0216 0213 0212 0213 0210 0210 0210 0208 0208 0208 0209 0229
0245 0276 0321 0418 0400 0396 0396 0343 0309 0289 0258 0242 0439 1319 0207 0425.
0231 0227 0231 0231 0229 0228 0223 0212 0205 0205 0211 0239
0347 0400 0355 0486 0464 0462 0430 0414 0370 0318 0274 0260 0495 1204 0203 0623.
0248 0247 0245 0267 0267 0267 0267 0267 0267 0267 0267 0265
0266 0267 0254 0251 0258 0264 0266 0264 0251 0263 0257 0250 0274 1809 0242 2229.
0246 0243 0242 0232 0227 0223 0215 0208 0207 0205 0213 0210
0215 0227 0230 0249 0251 0240 0238 0284 0261 0242 0225 0208 0739 //// 0203 0547.
0212 0209 0205 0203 0204 0205 0204 0194 0200 0199 0199 0216
0240 0317 0322 0328 0377 0352 0373 0351 0319 0285 0252 0241 0400 1309 0192 0411.
0234 0219 0221 0219 0220 0216 0214 0212 0210 0211 0212 0224
0257 0289 0371 0463 0477 0455 0443 0416 0382 0284 0257 0242 0483 1332 0210 0455.
0234 0228 0222 0222 0220 0214 0212 0208 0218 0210 0206 0236
0280 0316 0408 0462 0448 0429 0340 0400 0301 0267 0250 0251 0484 1411 0205 0649.
0248 0244 0244 0242 0240 0238 0236 0235 0234 0229 0227 0245
0272 0332 0306 0318 0343 0350 0275 0248 0243 0246 0243 0242 0392 1349 0226 0650.
0240 0235 0236 0234 0230 0225 0223 0224 0217 0211 0219 0238
0299 0340 0400 0425 0450 0432 0372 0428 0346 0291 0265 0252 0466 1324 0209 0613.
0245 0240 0235 0232 0235 0229 0225 0225 0226 0218 0219 0241
0261 0318 0321 0289 0316 0444 0400 0404 0324 0318 0269 0254 0448 1440 0215 0652.
0247 0242 0238 0235 0232 0228 0226 0225 0225 0222 0221 0253
0299 0380 0368 0451 0397 0452 0430 0391 0359 0293 0271 0256 0462 1204 0220 0648.
0255 0252 0249 0248 0239 0244 0243 0241 0241 0239 0241 0264
0325 0355 0432 0465 0436 0404 0463 0374 0355 0321 0285 0276 0497 1250 0238 0608.
0266 0268 0267 0263 0261 0260 0259 0258 0256 0252 0249 0238
0238 0275 0458 0496 0483 0496 0462 0429 0392 0333 0292 0280 0509 1153 0226 0733.
0271 0265 0260 0262 0252 0257 0252 0255 0255 0246 0250 0272
0328 0382 0419 0448 0477 0468 0437 0435 0390 0335 0298 0286 0482 1257 0245 0552.
0285 0280 0272 0267 0263 0264 0265 0265 0264 0264 0265 0266
0269 0279 0290 0457 0462 0484 0440 0405 0374 0336 0304 0296 0710 //// 0260 0545.
0285 0280 0276 0270 0267 0267 0265 0262 0259 0258 0258 0270
0273 0264 0256 0251 0226 0229 0231 0226 0229 0238 0226 0208 0299 2007 0208 1954.
0210 0208 0209 0208 0202 0201 0201 0202 0202 0199 0197 0203
0214 0223 0230 0232 0252 0266 0264 0268 0242 0226 0212 0210 0272 1555 0196 0546.
0208 0207 0205 0205 0200 0203 0201 0197 0194 0192 0193 0203
0242 0283 0251 0348 0341 0296 0268 0242 0243 0221 0211 0203 0405 1237 0190 0550.
0207 0203 0198 0205 0198 0201 0199 0198 0197 0196 0196 0198
0199 0210 0226 0239 0220 0226 0220 0212 0204 0202 0200 0191 0241 1213 0186 1925.
0192 0190 0189 0189 0188 0186 0186 0187 0187 0186 0187 0193
0201 0222 0240 0264 0254 0285 0249 0253 0232 0210 0203 0196 0299 1418 0186 0131.
0196 0194 0191 0190 0187 0184 0186 0184 0179 0178 0178 0199
0207 0257 0363 0443 0441 0427 0431 0404 0349 0234 0221 0217 0446 1159 0177 0603.
0210 0207 0203 0204 0204 0203 0200 0199 0198 0195 0196 0210
0222 0252 0254 0239 0210 0211 0209 0212 0210 0202 0199 0197 0291 1032 0193 0634.
0196 0193 0193 0188 0184 0181 0182 0182 0180 0180 0000 ////
//// //// //// //// 0296 0315 0301 0291 0256 0222 0206 0198 0361 1532 0000 0655.
0194 0192 0191 0189 0182 0178 0175 0170 0169 0160 0158 0178
0222 0264 0378 0443 0440 0440 0353 0381 0256 0237 0217 0207 0460 1153 0157 0647.
0204 0203 0203 0201 0201 0201 0198 0197 0193 0193 0191 0190
0207 0199 0204 0215 0242 0235 0247 0226 0222 0208 0200 0193 0267 1328 0189 0757=
0237 0233 0230 0227 0225 0222 0220 0217 0216 0214 0213 0215
0219 0228 0234 0240 0243 0244 0241 0244 0253 0252 0246 0240.
0235 0230 0227 0224 0222 0220 0219 0218 0216 0215 0216 0217
0220 0227 0240 0255 0272 0285 0288 0295 0293 0285 0273 0265.
0259 0252 0247 0244 0240 0237 0234 0230 0227 0224 0221 0221
0225 0233 0238 0245 0255 0274 0286 0287 0286 0277 0269 0262.
0256 0251 0247 0243 0240 0238 0236 0235 0233 0232 0231 0231
0233 0237 0242 0250 0252 0253 0253 0251 0247 0241 0237 0233.
0230 0227 0224 0222 0221 0219 0218 0216 0215 0214 0214 0213
0212 0213 0215 0217 0221 0225 0227 0230 0234 0231 0229 0227.
0225 0222 0218 0217 0216 0215 0215 0214 0213 0213 0212 0213
0216 0221 0229 0245 0264 0275 0281 0286 0280 0275 0267 0259.
0252 0246 0242 0239 0237 0235 0234 0231 0227 0224 0221 0221
0229 0244 0259 0272 0291 0305 0315 0314 0311 0302 0291 0280.
0272 0265 0260 0259 0259 0259 0259 0259 0259 0260 0259 0254
0257 0260 0234 0232 0249 0256 0260 0251 0235 0254 0269 0263.
0258 0254 0251 0248 0241 0237 0232 0230 0227 0225 0204 0205
0211 0223 0235 0233 0235 0236 0235 0236 0240 0240 0237 0233.
0228 0225 0223 0221 0219 0217 0216 0215 0213 0212 0211 0211
0214 0226 0239 0245 0254 0265 0271 0277 0276 0273 0266 0258.
0252 0246 0240 0236 0234 0231 0229 0227 0225 0224 0222 0222
0225 0232 0246 0264 0285 0301 0312 0316 0311 0302 0285 0273.
0264 0256 0250 0245 0241 0238 0235 0232 0230 0229 0226 0224
0231 0243 0256 0273 0291 0299 0308 0301 0296 0284 0274 0267.
0262 0258 0255 0252 0250 0248 0245 0244 0242 0240 0238 0237
0240 0247 0256 0259 0264 0271 0273 0266 0258 0254 0251 0249.
0247 0245 0242 0241 0239 0237 0235 0233 0231 0230 0228 0228
0233 0240 0253 0269 0283 0298 0301 0304 0302 0293 0283 0274.
0266 0260 0255 0252 0248 0245 0243 0240 0238 0236 0234 0234
0237 0243 0255 0261 0264 0275 0292 0297 0299 0290 0283 0275.
0267 0262 0257 0253 0250 0246 0244 0241 0239 0237 0235 0235
0241 0253 0267 0278 0290 0292 0300 0305 0304 0298 0288 0278.
0271 0266 0262 0258 0256 0252 0250 0249 0248 0247 0245 0245
0250 0260 0272 0289 0307 0316 0321 0324 0316 0309 0300 0291.
0284 0278 0274 0271 0268 0266 0264 0262 0261 0259 0257 0249
0248 0248 0263 0291 0312 0327 0336 0337 0332 0323 0311 0301.
0292 0285 0279 0274 0271 0267 0265 0263 0261 0260 0257 0257
0261 0271 0284 0298 0312 0322 0330 0332 0330 0321 0311 0302.
0295 0290 0285 0281 0277 0273 0271 0270 0268 0267 0262 0265
0266 0288 0300 0295 0310 0323 0331 0332 0326 0320 0312 0305.
0299 0294 0289 0284 0280 0277 0275 0272 0270 0268 0266 0265
0267 0267 0266 0259 0258 0253 0250 0248 0245 0246 0245 0241.
0232 0230 0229 0227 0226 0223 0221 0220 0219 0218 0217 0217
0217 0219 0222 0224 0227 0230 0234 0236 0238 0237 0233 0229.
0226 0224 0222 0220 0219 0218 0216 0215 0214 0212 0211 0210
0212 0220 0228 0230 0245 0256 0256 0250 0245 0240 0235 0230.
0227 0224 0222 0219 0218 0216 0215 0214 0213 0212 0211 0211
0210 0211 0213 0216 0219 0219 0218 0218 0216 0215 0213 0211.
0209 0207 0206 0205 0204 0203 0202 0201 0201 0200 0200 0200
0200 0203 0208 0214 0219 0223 0228 0228 0228 0224 0220 0216.
0213 0211 0208 0207 0205 0203 0202 0201 0199 0198 0197 0196
0199 0204 0214 0235 0258 0275 0285 0289 0285 0271 0256 0246.
0239 0234 0229 0225 0222 0219 0218 0216 0214 0213 0211 0210
0212 0215 0221 0224 0223 0220 0218 0217 0217 0216 0214 0212.
0210 0209 0207 0206 0204 0202 0201 0200 0199 0198 0000 ////
//// //// //// //// 0215 0224 0233 0239 0240 0235 0228 0222.
0217 0213 0210 0207 0205 0202 0200 0197 0195 0193 0190 0188
0191 0201 0221 0241 0262 0274 0281 0275 0265 0254 0244 0236.
0229 0225 0221 0218 0216 0215 0213 0211 0210 0209 0207 0206
0205 0209 0208 0209 0212 0219 0219 0224 0222 0219 0215 0212=
0247 0244 0242 0239 0237 0235 0233 0231 0230 0228 0227 0226
0227 0229 0233 0237 0240 0242 0243 0244 0247 0250 0249 0247.
0245 0242 0239 0237 0235 0233 0231 0230 0229 0228 0227 0227
0227 0229 0234 0241 0250 0261 0267 0273 0277 0278 0274 0269.
0266 0262 0258 0255 0252 0249 0246 0244 0241 0239 0236 0234
0234 0236 0239 0242 0246 0255 0264 0270 0274 0273 0271 0267.
0264 0260 0257 0254 0252 0249 0247 0245 0244 0243 0242 0241
0240 0241 0243 0247 0250 0252 0253 0253 0252 0250 0247 0245.
0242 0240 0237 0235 0233 0232 0230 0229 0227 0226 0225 0224
0222 0222 0222 0223 0225 0227 0229 0231 0234 0235 0234 0233.
0232 0231 0229 0226 0225 0224 0224 0223 0222 0222 0222 0221
0222 0224 0227 0232 0242 0252 0259 0265 0268 0267 0265 0262.
0258 0255 0251 0248 0246 0244 0243 0241 0239 0237 0234 0233
0233 0237 0245 0253 0263 0274 0284 0289 0292 0291 0288 0283.
0278 0273 0269 0267 0267 0267 0267 0267 0267 0267 0267 0262
0265 0268 0240 0239 0257 0263 0267 0260 0244 0262 0271 0268.
0265 0262 0260 0257 0253 0250 0245 0243 0241 0239 //// ////
//// //// //// 0237 0239 0240 0241 0241 0242 0243 0243 0242.
0239 0237 0235 0233 0231 0230 0229 0228 0226 0225 0224 0223
0223 0225 0232 0238 0243 0249 0255 0260 0264 0265 0265 0262.
0258 0255 0251 0248 0245 0243 0241 0239 0237 0235 0234 0233
0233 0234 0239 0246 0258 0270 0280 0288 0291 0295 0286 0279.
0273 0268 0263 0259 0255 0252 0249 0246 0243 0242 0240 0238
0238 0241 0247 0255 0265 0275 0282 0286 0287 0284 0279 0274.
0270 0266 0264 0261 0259 0257 0255 0254 0252 0251 0249 0248
0247 0249 0252 0256 0258 0262 0266 0266 0264 0261 0259 0257.
0255 0254 0252 0250 0249 0248 0246 0244 0243 0241 0239 0238
0239 0241 0246 0254 0263 0273 0281 0285 0289 0288 0284 0279.
0274 0270 0266 0263 0260 0257 0255 0252 0250 0248 0247 0245
0245 0246 0251 0256 0259 0263 0271 0279 0284 0284 0282 0279.
0274 0270 0267 0264 0261 0258 0255 0253 0251 0249 0248 0246
0246 0250 0257 0264 0272 0278 0283 0288 0291 0291 0288 0284.
0279 0275 0271 0268 0265 0262 0260 0259 0257 0256 0255 0254
0254 0257 0263 0271 0281 0291 0298 0304 0305 0303 0299 0295.
0290 0285 0282 0279 0276 0274 0272 0270 0269 0267 0266 0262
0259 0258 0259 0270 0284 0296 0307 0313 0315 0314 0310 0304.
0299 0293 0289 0284 0281 0278 0275 0273 0271 0269 0268 0266
0266 0269 0274 0282 0290 0299 0307 0312 0315 0314 0310 0305.
0301 0296 0293 0289 0286 0283 0281 0279 0277 0276 //// ////
//// //// //// 0282 0291 0300 0309 0314 0315 0314 0311 0307.
0304 0300 0296 0293 0290 0287 0284 0282 0280 0278 0276 0274
0274 0274 0274 0271 0269 0266 0264 0261 0259 0257 0257 0255.
0248 0245 0244 0242 0241 0239 0237 0235 0234 0233 0231 0231
0230 0230 0231 0233 0234 0235 0238 0240 0241 0242 0241 0240.
0238 0236 0234 0233 0232 0230 0229 0228 0227 0226 0225 0223
0223 0225 0229 0232 0236 0244 0249 0250 0249 0247 0244 0241.
0238 0236 0234 0232 0230 0229 0228 0226 0225 0225 0224 0223
0222 0222 0222 0223 0225 0225 0226 0226 0225 0224 0224 0223.
0221 0220 0219 0217 0216 0215 0215 0214 0213 0212 0212 0211
0211 0212 0213 0216 0220 0222 0226 0228 0229 0229 0228 0226.
0224 0222 0220 0219 0217 0216 0215 0213 0212 0211 0210 0209
0209 0210 0214 0221 0234 0247 0257 0265 0269 0268 0261 0255.
0249 0245 0240 0237 0234 0231 0230 0228 0226 0225 0223 0222
0221 0222 0224 0226 0228 0227 0226 0225 0225 0224 0223 0222.
0221 0220 0218 0217 0216 0215 0213 0212 0211 0210 0000 ////
//// //// //// //// 0215 0220 0225 0230 0234 0235 0233 0230.
0227 0224 0221 0219 0217 0215 0213 0211 0209 0207 0205 0203
0203 0205 0211 0222 0235 0247 0256 0260 0260 0255 0250 0245.
0240 0236 0232 0230 0227 0225 0224 0222 0221 0220 0219 0217
0216 0216 0217 0217 0217 0220 0222 0224 0225 0225 0223 0222=
0243 0243 0242 0242 0241 0240 0239 0238 0237 0236 0236 0235
0234 0234 0234 0234 0235 0235 0236 0237 0238 0239 0240 0240.
0241 0241 0240 0240 0239 0238 0237 0236 0236 0235 0234 0234
0233 0233 0233 0233 0234 0236 0239 0243 0246 0248 0251 0252.
0252 0252 0251 0251 0250 0249 0248 0247 0245 0244 0243 0242
0241 0240 0239 0239 0240 0241 0242 0245 0247 0250 0251 0252.
0253 0252 0252 0251 0250 0249 0248 0247 0246 0246 0245 0244
0243 0243 0242 0242 0243 0243 0244 0245 0245 0245 0245 0245.
0244 0243 0242 0241 0240 0239 0238 0237 0235 0233 0231 0229
0228 0227 0226 0226 0227 0228 0228 0229 0230 0230 0231 0231.
0232 0232 0231 0230 0229 0228 0226 0226 0225 0226 0226 0226
0225 0225 0226 0226 0227 0229 0232 0235 0238 0241 0243 0244.
0245 0245 0244 0244 0243 0242 0241 0241 0240 0239 0238 0237
0237 0236 0236 0237 0238 0241 0245 0248 0252 0255 0257 0258.
0259 0259 0258 0266 0266 0266 0266 0266 0266 0266 0266 0261
0265 0267 0240 0238 0256 0262 0266 0259 0243 0261 0255 0256.
0256 0255 0254 0254 0253 0252 0250 0248 0247 0245 0223 0222
0223 0226 0230 0240 0240 0240 0240 0240 0240 0240 0240 0240.
0240 0240 0239 0238 0238 0237 0236 0235 0234 0234 0233 0232
0231 0231 0231 0231 0232 0234 0236 0238 0240 0242 0244 0246.
0246 0246 0246 0245 0245 0244 0243 0242 0241 0240 0239 0238
0237 0237 0236 0237 0238 0240 0243 0247 0251 0247 0257 0258.
0258 0257 0256 0255 0254 0253 0251 0250 0248 0247 0246 0244
0243 0242 0242 0243 0244 0246 0250 0253 0255 0258 0259 0259.
0259 0258 0257 0256 0255 0255 0254 0253 0252 0251 0250 0249
0249 0248 0248 0248 0248 0249 0250 0251 0252 0253 0253 0252.
0252 0251 0251 0250 0249 0249 0248 0247 0246 0246 0245 0244
0243 0243 0242 0243 0244 0246 0249 0253 0255 0258 0260 0261.
0261 0260 0260 0259 0258 0256 0255 0254 0253 0252 0251 0250
0249 0248 0248 0248 0249 0249 0250 0253 0255 0257 0259 0260.
0261 0261 0260 0259 0258 0257 0256 0255 0254 0253 0252 0251
0250 0249 0249 0250 0251 0253 0256 0258 0260 0263 0264 0265.
0265 0265 0264 0263 0262 0261 0260 0259 0258 0257 0256 0255
0254 0254 0254 0254 0256 0258 0262 0265 0268 0270 0272 0273.
0273 0272 0271 0270 0269 0269 0267 0266 0265 0265 0264 0263
0262 0261 0260 0259 0260 0262 0266 0269 0273 0276 0278 0279.
0279 0279 0278 0277 0275 0274 0273 0271 0270 0269 0268 0267
0266 0265 0265 0265 0266 0269 0271 0274 0277 0280 0281 0282.
0282 0282 0281 0280 0279 0278 0277 0276 0275 0274 0266 0266
0266 0271 0279 0270 0270 0272 0274 0277 0280 0282 0284 0285.
0285 0285 0284 0283 0282 0281 0280 0279 0278 0277 0275 0274
0273 0272 0272 0271 0270 0269 0268 0267 0266 0265 0263 0262.
0260 0258 0257 0255 0254 0253 0250 0248 0246 0245 0244 0244
0243 0243 0242 0241 0241 0241 0241 0241 0242 0242 0243 0243.
0243 0242 0242 0241 0240 0240 0239 0238 0238 0237 0236 0235
0235 0234 0234 0234 0234 0235 0237 0239 0240 0241 0241 0241.
0241 0240 0240 0239 0238 0237 0236 0235 0235 0234 0233 0233
0232 0231 0231 0230 0230 0230 0230 0230 0230 0230 0230 0230.
0229 0229 0228 0227 0227 0226 0225 0225 0224 0224 0223 0223
0222 0222 0222 0222 0222 0222 0223 0224 0225 0226 0226 0227.
0227 0226 0226 0225 0225 0224 0224 0223 0222 0222 0221 0220
0220 0219 0219 0219 0220 0223 0226 0230 0234 0237 0239 0240.
0240 0240 0239 0238 0236 0235 0234 0233 0232 0231 0230 0229
0229 0228 0228 0227 0227 0228 0228 0228 0228 0227 0227 0227.
0226 0226 0225 0225 0224 0223 0223 0222 0221 0221 0000 ////
//// //// //// //// 0218 0218 0219 0220 0222 0224 0225 0226.
0226 0225 0225 0224 0224 0223 0222 0221 0220 0219 0218 0217
0216 0215 0215 0215 0217 0220 0223 0227 0230 0233 0234 0234.
0234 0233 0232 0231 0230 0229 0228 0227 0226 0226 0225 0224
0223 0223 0222 0221 0221 0221 0221 0222 0222 0223 0223 0223=
0243 0242 0240 0239 0237 0236 0235 0233 0232 0231 0229 0228
0228 0228 0229 0231 0233 0234 0236 0237 0238 0239 0241 0241.
0240 0239 0238 0236 0235 0234 0233 0231 0230 0229 0229 0228
0228 0228 0228 0231 0235 0240 0245 0250 0254 0257 0259 0258.
0257 0255 0253 0251 0249 0247 0245 0244 0242 0240 0238 0236
0235 0235 0235 0236 0238 0241 0245 0250 0254 0256 0257 0257.
0256 0254 0253 0251 0249 0247 0246 0244 0243 0242 0241 0240
0239 0239 0239 0240 0242 0243 0244 0245 0245 0245 0244 0243.
0241 0239 0238 0236 0235 0233 0232 0231 0229 0227 0225 0223
0222 0221 0221 0221 0222 0223 0225 0226 0227 0229 0229 0229.
0229 0229 0227 0225 0224 0223 0222 0221 0221 0221 0221 0221
0221 0221 0222 0224 0227 0232 0238 0243 0246 0249 0250 0250.
0249 0248 0246 0244 0243 0241 0240 0239 0237 0236 0234 0233
0232 0232 0235 0238 0242 0248 0255 0260 0265 0267 0268 0268.
0266 0264 0262 0267 0267 0267 0267 0267 0267 0267 0267 0264
0266 0268 0250 0248 0259 0264 0266 0262 0249 0263 0260 0259.
0258 0256 0255 0253 0251 0249 0245 0243 0242 0240 0237 0235
0234 0235 0236 0235 0236 0236 0237 0237 0237 0238 0238 0238.
0237 0236 0235 0234 0233 0231 0230 0229 0228 0227 0226 0226
0225 0226 0226 0229 0231 0235 0239 0242 0246 0248 0250 0250.
0250 0248 0247 0245 0243 0241 0240 0238 0237 0236 0234 0233
0233 0232 0233 0235 0239 0245 0252 0258 0263 0259 0267 0266.
0264 0261 0259 0256 0253 0251 0249 0246 0244 0243 0241 0240
0238 0238 0239 0242 0246 0252 0257 0262 0265 0266 0266 0264.
0262 0260 0259 0257 0255 0254 0252 0251 0250 0249 0247 0246
0245 0245 0245 0247 0249 0250 0253 0254 0255 0254 0253 0252.
0251 0250 0249 0248 0247 0246 0245 0244 0242 0241 0240 0239
0238 0238 0240 0242 0246 0251 0257 0261 0265 0267 0268 0267.
0265 0263 0261 0259 0257 0255 0253 0251 0250 0248 0247 0245
0244 0244 0244 0246 0249 0250 0254 0258 0262 0265 0266 0266.
0265 0263 0262 0260 0258 0256 0254 0252 0251 0249 0248 0246
0245 0245 0247 0250 0253 0259 0262 0266 0269 0271 0272 0271.
0270 0268 0266 0264 0262 0260 0258 0256 0255 0254 0253 0252
0251 0251 0253 0255 0260 0266 0271 0276 0280 0281 0282 0280.
0279 0277 0275 0273 0271 0269 0267 0266 0265 0264 0262 0261
0259 0257 0256 0258 0262 0269 0276 0282 0286 0289 0289 0288.
0286 0284 0281 0279 0276 0274 0272 0270 0268 0267 0265 0264
0263 0263 0264 0266 0270 0275 0280 0285 0289 0291 0291 0290.
0289 0287 0285 0283 0281 0279 0277 0275 0273 0272 0274 0273
0273 0274 0276 0270 0273 0277 0283 0287 0291 0293 0293 0293.
0291 0290 0288 0286 0284 0282 0280 0278 0276 0275 0273 0272
0271 0270 0270 0269 0267 0266 0264 0262 0260 0259 0258 0256.
0252 0250 0248 0247 0245 0244 0241 0239 0238 0236 0236 0235
0234 0234 0234 0234 0234 0235 0235 0236 0237 0238 0239 0238.
0238 0237 0236 0235 0234 0233 0232 0231 0230 0229 0228 0227
0226 0226 0227 0228 0230 0233 0237 0239 0240 0240 0240 0239.
0237 0236 0235 0233 0232 0231 0230 0229 0228 0227 0226 0225
0225 0224 0224 0224 0224 0224 0225 0225 0225 0224 0224 0224.
0223 0222 0221 0220 0219 0219 0218 0217 0216 0216 0215 0215
0214 0214 0214 0215 0216 0218 0219 0221 0223 0224 0224 0224.
0223 0222 0221 0220 0219 0218 0217 0216 0215 0214 0214 0213
0212 0212 0212 0214 0218 0225 0232 0238 0243 0246 0247 0245.
0243 0240 0238 0236 0234 0232 0230 0229 0227 0226 0225 0224
0223 0222 0222 0223 0224 0224 0224 0224 0223 0223 0223 0222.
0221 0220 0220 0219 0218 0217 0216 0215 0214 0213 0000 ////
//// //// //// //// 0212 0214 0216 0219 0222 0224 0225 0225.
0224 0223 0221 0220 0218 0217 0216 0214 0213 0211 0210 0209
0208 0207 0208 0211 0217 0224 0230 0236 0239 0240 0239 0237.
0235 0233 0231 0229 0227 0225 0224 0223 0222 0220 0220 0219
0218 0217 0217 0217 0216 0216 0217 0219 0220 0220 0220 0220=
0239 0240 0240 0240 0241 0241 0241 0240 0240 0240 0240 0239
0237 0235 0235 0234 0234 0235 0236 0235 0234 0235 0236 0237.
0238 0239 0239 0239 0239 0239 0239 0239 0238 0238 0237 0236
0235 0234 0232 0231 0229 0230 0230 0230 0232 0235 0237 0238.
0240 0241 0242 0242 0242 0243 0243 0243 0244 0244 0243 0243
0240 0239 0239 0237 0235 0235 0235 0235 0237 0239 0240 0241.
0242 0243 0244 0244 0244 0244 0244 0244 0244 0244 0244 0243
0242 0241 0240 0240 0240 0240 0240 0241 0242 0242 0243 0243.
0243 0243 0243 0242 0242 0241 0241 0240 0240 0239 0238 0238
0237 0236 0235 0234 0233 0233 0232 0231 0232 0232 0232 0232.
0232 0232 0233 0232 0232 0232 0231 0231 0231 0230 0230 0229
0229 0228 0226 0224 0223 0223 0223 0225 0227 0227 0230 0232.
0233 0234 0235 0235 0236 0236 0236 0237 0237 0237 0237 0235
0232 0230 0231 0229 0229 0228 0229 0231 0232 0235 0237 0240.
0241 0243 0243 0265 0265 0265 0265 0265 0265 0265 0265 0262
0264 0265 0249 0247 0256 0262 0264 0260 0247 0260 0243 0244.
0245 0245 0246 0246 0247 0247 0247 0247 0247 0246 0244 0243
0242 0241 0240 0241 0240 0240 0240 0239 0238 0238 0239 0239.
0239 0239 0239 0239 0239 0239 0238 0238 0238 0238 0237 0236
0235 0231 0231 0231 0230 0229 0229 0230 0231 0232 0234 0236.
0237 0238 0239 0239 0239 0239 0240 0240 0240 0239 0239 0239
0237 0235 0233 0231 0232 0230 0231 0232 0234 0237 0239 0242.
0243 0245 0246 0245 0247 0246 0246 0246 0246 0246 0246 0244
0241 0239 0238 0236 0236 0237 0237 0238 0240 0242 0245 0246.
0246 0247 0247 0248 0248 0248 0248 0248 0248 0247 0247 0247
0245 0244 0243 0243 0242 0241 0243 0245 0246 0246 0246 0246.
0246 0246 0246 0247 0246 0246 0246 0246 0246 0245 0245 0244
0242 0241 0239 0237 0237 0236 0238 0238 0240 0242 0244 0246.
0247 0248 0249 0249 0249 0250 0250 0250 0249 0249 0249 0248
0247 0245 0244 0244 0243 0241 0239 0240 0242 0244 0246 0248.
0249 0250 0250 0250 0251 0251 0251 0251 0249 0250 0250 0249
0246 0244 0243 0242 0242 0242 0243 0244 0244 0246 0249 0250.
0251 0252 0252 0253 0253 0253 0253 0253 0253 0252 0252 0251
0249 0247 0246 0244 0243 0245 0244 0246 0248 0249 0252 0254.
0255 0256 0256 0256 0257 0257 0257 0257 0257 0257 0257 0258
0257 0257 0251 0249 0249 0248 0249 0249 0251 0253 0256 0258.
0260 0261 0261 0262 0262 0262 0262 0262 0262 0262 0262 0261
0258 0256 0254 0253 0253 0253 0253 0254 0256 0258 0260 0262.
0264 0264 0265 0266 0266 0266 0266 0266 0266 0266 0272 0272
0271 0270 0270 0258 0257 0256 0257 0258 0260 0262 0264 0266.
0266 0268 0268 0269 0269 0269 0269 0269 0269 0269 0268 0268
0267 0267 0267 0267 0267 0267 0267 0267 0266 0265 0264 0264.
0262 0260 0260 0259 0259 0258 0257 0256 0255 0254 0253 0252
0251 0250 0249 0248 0247 0246 0245 0245 0245 0245 0246 0246.
0246 0246 0246 0245 0245 0245 0245 0245 0244 0244 0244 0243
0241 0239 0239 0238 0236 0237 0238 0239 0240 0240 0241 0241.
0242 0242 0242 0241 0242 0241 0241 0241 0240 0240 0240 0239
0239 0238 0238 0237 0236 0236 0236 0236 0236 0236 0236 0236.
0236 0236 0235 0235 0235 0234 0234 0233 0233 0233 0232 0232
0231 0230 0229 0226 0228 0227 0227 0227 0228 0228 0229 0229.
0230 0230 0230 0230 0230 0230 0229 0229 0229 0229 0229 0228
0227 0226 0223 0220 0219 0220 0220 0221 0223 0227 0229 0230.
0231 0232 0233 0233 0234 0234 0234 0234 0234 0233 0233 0233
0232 0231 0230 0230 0231 0231 0231 0230 0230 0230 0230 0230.
0230 0230 0230 0230 0230 0230 0229 0229 0229 0228 0000 ////
//// //// //// //// 0223 0222 0222 0221 0222 0223 0224 0225.
0225 0225 0226 0226 0226 0226 0226 0226 0226 0226 0226 0225
0223 0221 0217 0224 0215 0216 0216 0219 0221 0223 0224 0226.
0226 0227 0228 0228 0228 0228 0228 0228 0228 0228 0228 0228
0227 0227 0227 0226 0225 0224 0224 0223 0224 0224 0224 0225=
KB
0240 0241 0241 0241 0241 0241 0241 0241 0241 0241 0241 0240
0239 0238 0238 0237 0238 0238 0239 0238 0237 0238 0239 0239.
0240 0240 0240 0240 0239 0239 0239 0239 0240 0239 0239 0239
0238 0237 0235 0234 0232 0233 0233 0233 0234 0235 0236 0237.
0238 0238 0238 0238 0235 0238 0238 0238 0239 0239 0239 0236
0237 0236 0236 0235 0233 0233 0233 0233 0235 0236 0236 0237.
0237 0237 0238 0237 0238 0238 0238 0238 0238 0238 0238 0238
0237 0237 0236 0236 0237 0237 0237 0238 0238 0239 0239 0239.
0239 0239 0240 0240 0239 0239 0239 0239 0239 0239 0239 0239
0239 0239 0239 0238 0238 0238 0238 0237 0237 0238 0237 0238.
0238 0238 0238 0238 0238 0237 0237 0237 0237 0237 0237 0236
0236 0235 0234 0231 0230 0230 0230 0231 0232 0232 0233 0234.
0234 0234 0234 0234 0234 0234 0234 0234 0235 0235 0235 0234
0230 0228 0230 0227 0228 0227 0228 0229 0229 0230 0232 0230.
0233 0234 0234 0266 0266 0265 0265 0265 0265 0266 0265 0262
0264 0266 0241 0238 0256 0262 0266 0260 0248 0261 0234 0235.
0235 0235 0236 0236 0236 0237 0237 0238 0238 0238 0238 0237
0236 0235 0235 0236 0236 0236 0236 0236 0236 0236 0237 0237.
0238 0238 0238 0238 0238 0238 0238 0238 0238 0238 0238 0238
0237 0233 0233 0233 0232 0232 0231 0232 0233 0233 0234 0235.
0236 0236 0236 0236 0236 0236 0236 0236 0236 0236 0236 0236
0235 0233 0231 0229 0230 0229 0230 0230 0231 0232 0234 0235.
0236 0236 0236 0235 0236 0236 0236 0237 0236 0236 0237 0237
0234 0232 0231 0230 0230 0231 0231 0232 0233 0235 0236 0236.
0236 0236 0236 0236 0236 0236 0237 0237 0237 0238 0237 0237
0236 0235 0234 0235 0234 0234 0235 0237 0238 0238 0237 0237.
0237 0238 0238 0238 0238 0238 0238 0239 0239 0239 0239 0238
0236 0235 0234 0233 0233 0232 0233 0232 0234 0235 0236 0237.
0238 0238 0238 0238 0238 0238 0239 0239 0239 0239 0239 0238
0238 0236 0235 0236 0236 0234 0233 0234 0235 0236 0237 0238.
0239 0239 0239 0239 0239 0239 0239 0239 0239 0240 0240 0239
0237 0235 0235 0234 0234 0235 0235 0235 0235 0237 0238 0239.
0239 0239 0239 0239 0240 0240 0240 0240 0240 0240 0240 0240
0238 0236 0236 0234 0233 0235 0234 0235 0236 0237 0239 0240.
0240 0240 0240 0240 0240 0240 0240 0241 0241 0241 0241 0243
0242 0242 0237 0235 0236 0236 0236 0236 0237 0239 0240 0241.
0242 0242 0243 0243 0243 0243 0243 0243 0243 0243 0244 0242
0241 0239 0238 0237 0237 0237 0238 0238 0239 0241 0242 0243.
0244 0244 0244 0245 0245 0245 0245 0245 0245 0245 0271 0270
0269 0268 0269 0240 0239 0239 0240 0241 0242 0243 0244 0245.
0246 0246 0247 0247 0247 0247 0247 0247 0247 0248 0248 0248
0247 0248 0249 0250 0250 0250 0250 0251 0251 0250 0251 0251.
0252 0252 0252 0252 0252 0252 0252 0252 0252 0252 0252 0252
0251 0251 0250 0250 0250 0249 0249 0249 0249 0249 0250 0250.
0250 0250 0250 0250 0249 0249 0249 0249 0249 0249 0249 0248
0247 0244 0245 0245 0243 0244 0244 0245 0246 0248 0246 0246.
0246 0246 0246 0246 0246 0246 0246 0246 0246 0245 0245 0245
0245 0245 0244 0244 0244 0244 0244 0244 0244 0244 0244 0244.
0244 0244 0244 0244 0243 0243 0243 0243 0243 0243 0242 0242
0241 0241 0240 0243 0239 0239 0239 0239 0239 0239 0240 0240.
0240 0240 0239 0240 0239 0239 0239 0239 0239 0239 0239 0239
0238 0237 0234 0231 0231 0231 0231 0231 0232 0235 0236 0236.
0236 0236 0236 0236 0236 0236 0236 0236 0236 0236 0236 0236
0235 0235 0234 0234 0235 0235 0236 0235 0235 0235 0236 0236.
0236 0236 0235 0236 0236 0236 0236 0236 0236 0236 0000 ////
//// //// //// //// 0233 0232 0231 0231 0232 0233 0233 0233.
0233 0233 0233 0233 0234 0234 0234 0234 0234 0234 0234 0234
0232 0230 0226 0221 0226 0226 0226 0228 0230 0230 0231 0231.
0231 0231 0231 0231 0231 0231 0231 0231 0231 0231 0231 0231
0231 0231 0231 0230 0230 0229 0230 0229 0230 0230 0230 0231=
0233 0232 0233 0233 0233 0233 0233 0233 0233 0233 0233 0232
0231 0230 0230 0229 0231 0231 0231 0230 0230 0230 0231 0232.
0232 0232 0232 0233 0232 0233 0232 0232 0233 0232 0232 0232
0231 0230 0228 0227 0226 0227 0226 0226 0227 0229 0230 0230.
0231 0232 0232 0231 0232 0232 0232 0232 0232 0233 0233 0233
0230 0229 0229 0228 0227 0226 0227 0226 0228 0229 0230 0230.
0230 0230 0231 0231 0231 0231 0231 0231 0231 0231 0231 0230
0230 0230 0229 0228 0229 0229 0229 0230 0230 0231 0231 0232.
0232 0231 0232 0232 0232 0231 0231 0231 0231 0231 0231 0232
0231 0231 0231 0231 0230 0230 0230 0229 0230 0230 0230 0230.
0231 0231 0231 0231 0231 0231 0231 0231 0231 0231 0231 0231
0230 0229 0228 0225 0225 0225 0225 0226 0227 0227 0228 0229.
0230 0230 0230 0230 0230 0230 0230 0230 0231 0231 0231 0229
0226 0224 0225 0223 0224 0223 0224 0224 0225 0226 0227 0229.
0229 0229 0229 0266 0266 0266 0266 0266 0265 0265 0265 0262
0264 0266 0240 0238 0256 0261 0265 0261 0248 0261 0228 0228.
0228 0228 0229 0229 0229 0229 0230 0230 0230 0230 0245 0245
0244 0243 0241 0228 0228 0229 0228 0228 0228 0228 0229 0229.
0230 0230 0230 0230 0230 0230 0230 0230 0230 0230 0230 0230
0229 0225 0226 0226 0225 0224 0224 0225 0225 0226 0227 0228.
0228 0229 0229 0229 0229 0229 0229 0229 0229 0229 0229 0229
0228 0226 0224 0223 0223 0222 0223 0223 0224 0226 0227 0228.
0229 0229 0229 0229 0229 0229 0229 0230 0229 0229 0230 0229
0226 0225 0224 0222 0222 0223 0223 0224 0225 0226 0228 0228.
0228 0228 0228 0228 0228 0228 0228 0228 0228 0229 0228 0228
0227 0226 0225 0225 0225 0224 0226 0227 0228 0228 0228 0228.
0228 0228 0228 0228 0228 0228 0228 0228 0229 0228 0229 0228
0226 0225 0224 0223 0223 0222 0223 0222 0224 0225 0226 0227.
0228 0228 0228 0228 0228 0228 0228 0228 0228 0228 0229 0228
0227 0225 0225 0225 0225 0223 0221 0222 0224 0225 0226 0227.
0228 0228 0228 0228 0228 0228 0229 0228 0227 0228 0228 0227
0225 0223 0223 0222 0222 0223 0223 0223 0223 0224 0226 0227.
0227 0227 0227 0227 0228 0228 0228 0228 0228 0228 0228 0227
0226 0224 0223 0221 0221 0222 0221 0223 0223 0224 0226 0227.
0227 0227 0227 0227 0227 0227 0227 0227 0227 0227 0228 0229
0229 0228 0223 0221 0222 0221 0221 0222 0223 0224 0225 0227.
0227 0227 0228 0228 0228 0228 0228 0228 0228 0228 0228 0227
0225 0224 0222 0221 0221 0221 0221 0222 0223 0224 0226 0227.
0227 0227 0227 0228 0228 0228 0228 0228 0228 0228 0265 0265
0264 0263 0261 0222 0221 0221 0221 0222 0224 0224 0226 0227.
0227 0227 0228 0228 0228 0228 0228 0228 0228 0228 0228 0228
0227 0228 0228 0229 0229 0230 0230 0230 0230 0230 0230 0231.
0231 0231 0231 0231 0231 0232 0232 0232 0232 0232 0232 0232
0232 0231 0231 0231 0231 0230 0230 0230 0231 0231 0232 0232.
0232 0233 0233 0233 0233 0233 0233 0233 0233 0233 0233 0233
0232 0229 0230 0230 0228 0229 0230 0231 0232 0232 0233 0233.
0233 0233 0233 0233 0233 0233 0233 0233 0233 0233 0233 0233
0233 0233 0233 0233 0232 0233 0233 0233 0233 0233 0233 0234.
0234 0234 0234 0234 0234 0234 0234 0234 0234 0234 0234 0234
0233 0233 0232 0230 0231 0231 0231 0231 0232 0232 0233 0233.
0233 0233 0233 0234 0234 0234 0234 0234 0234 0234 0234 0234
0233 0232 0230 0226 0226 0227 0227 0227 0229 0231 0232 0232.
0232 0233 0233 0233 0233 0233 0233 0233 0233 0233 0233 0233
0232 0232 0231 0231 0232 0232 0233 0233 0232 0232 0233 0233.
0233 0233 0233 0233 0233 0233 0233 0233 0233 0233 0000 ////
//// //// //// //// 0230 0229 0229 0229 0230 0231 0231 0232.
0232 0232 0232 0232 0232 0233 0233 0233 0233 0233 0233 0233
0231 0230 0226 0227 0225 0226 0225 0227 0229 0230 0230 0231.
0231 0231 0231 0231 0231 0231 0231 0231 0231 0231 0231 0232
0231 0231 0231 0230 0230 0229 0230 0229 0230 0230 0230 0231=
0206 0206 0206 0206 0207 0207 0207 0207 0207 0207 0207 0206
0205 0204 0204 0204 0205 0205 0206 0205 0204 0205 0205 0206.
0207 0207 0207 0207 0207 0207 0207 0207 0207 0207 0206 0206
0205 0205 0203 0202 0200 0201 0201 0201 0202 0204 0204 0205.
0206 0207 0206 0206 0205 0207 0207 0207 0208 0208 0208 0206
0205 0205 0205 0204 0202 0201 0202 0202 0203 0205 0205 0206.
0206 0206 0206 0207 0206 0207 0206 0206 0207 0207 0207 0206
0206 0205 0205 0204 0205 0205 0205 0206 0207 0207 0208 0208.
0208 0208 0208 0208 0208 0208 0208 0208 0208 0208 0208 0208
0208 0208 0207 0207 0207 0207 0206 0206 0206 0207 0207 0207.
0207 0207 0208 0207 0208 0208 0208 0208 0208 0208 0208 0207
0207 0206 0205 0202 0202 0202 0202 0203 0204 0204 0205 0206.
0207 0207 0207 0207 0207 0207 0207 0208 0208 0208 0208 0207
0203 0202 0203 0201 0201 0200 0201 0202 0202 0203 0205 0206.
0206 0207 0207 0265 0265 0265 0265 0265 0265 0264 0264 0260
0263 0265 0240 0237 0255 0260 0264 0260 0245 0260 0206 0206.
0206 0207 0207 0208 0208 0208 0208 0209 0209 0209 0238 0238
0237 0237 0236 0207 0207 0207 0206 0207 0206 0207 0207 0208.
0209 0209 0209 0209 0209 0209 0209 0209 0209 0209 0209 0209
0208 0204 0205 0205 0204 0203 0203 0204 0204 0205 0206 0207.
0208 0208 0208 0208 0208 0208 0209 0209 0209 0209 0209 0208
0207 0206 0203 0202 0202 0201 0202 0202 0203 0205 0206 0208.
0208 0209 0209 0209 0209 0209 0209 0209 0209 0209 0209 0209
0206 0204 0203 0202 0202 0203 0203 0204 0205 0206 0208 0208.
0208 0208 0208 0208 0208 0208 0208 0208 0208 0209 0208 0208
0207 0206 0205 0205 0205 0204 0206 0207 0208 0208 0208 0208.
0208 0208 0208 0208 0208 0208 0208 0209 0209 0209 0209 0208
0206 0205 0204 0203 0202 0202 0203 0202 0204 0205 0206 0207.
0208 0208 0208 0208 0208 0208 0208 0209 0208 0209 0209 0208
0207 0205 0205 0205 0205 0203 0200 0203 0204 0205 0206 0207.
0208 0208 0208 0208 0208 0208 0209 0208 0208 0209 0209 0208
0206 0203 0204 0202 0202 0203 0203 0204 0204 0205 0206 0207.
0207 0207 0208 0208 0208 0208 0208 0208 0208 0208 0208 0208
0206 0204 0203 0202 0201 0202 0202 0203 0203 0204 0206 0207.
0207 0207 0207 0207 0207 0207 0207 0207 0207 0207 0208 0209
0209 0208 0203 0201 0202 0201 0201 0202 0203 0204 0206 0207.
0207 0207 0208 0208 0208 0208 0208 0208 0208 0208 0208 0207
0205 0203 0202 0201 0201 0201 0201 0202 0203 0204 0205 0206.
0206 0207 0207 0207 0207 0207 0207 0207 0207 0207 0245 0245
0245 0244 0242 0201 0201 0200 0201 0202 0203 0204 0205 0206.
0206 0207 0207 0207 0207 0207 0207 0207 0207 0207 0207 0207
0206 0207 0207 0208 0208 0209 0209 0209 0209 0209 0209 0209.
0210 0210 0210 0210 0210 0210 0210 0210 0210 0210 0210 0210
0210 0209 0209 0209 0209 0208 0208 0208 0208 0209 0209 0210.
0210 0210 0210 0210 0210 0210 0210 0210 0210 0210 0210 0210
0209 0206 0207 0207 0206 0206 0207 0208 0209 0210 0210 0210.
0210 0210 0210 0210 0210 0210 0210 0210 0210 0210 0210 0210
0210 0210 0210 0210 0209 0210 0210 0210 0210 0210 0210 0211.
0211 0211 0211 0211 0211 0211 0211 0211 0211 0211 0211 0210
0210 0210 0209 0204 0208 0208 0208 0208 0209 0210 0210 0210.
0210 0210 0210 0211 0211 0211 0211 0211 0211 0211 0211 0211
0210 0209 0207 0204 0204 0204 0204 0205 0205 0209 0209 0210.
0210 0210 0210 0210 0210 0210 0210 0211 0211 0211 0211 0210
0210 0209 0209 0209 0210 0210 0211 0210 0210 0210 0211 0211.
0211 0211 0211 0211 0211 0211 0211 0211 0211 0211 0000 ////
//// //// //// //// 0209 0208 0208 0207 0209 0210 0210 0210.
0211 0211 0211 0211 0211 0211 0212 0212 0212 0212 0213 0212
0210 0209 0205 0208 0205 0205 0205 0207 0209 0209 0210 0210.
0210 0211 0211 0211 0211 0211 0211 0211 0211 0211 0211 0212
0211 0211 0211 0211 0210 0210 0210 0209 0210 0210 0211 0211=
A=
SA
NN NN NN NN NN 00 00 00 00 00 00 00 00 00 00 00 00 00 00 NN NN NN NN NN 0535 1825 000
NN NN NN NN NN 00 00 00 00 00 00 00 00 00 00 00 00 00 00 NN NN NN NN NN 0537 1824 000
NN NN NN NN NN 00 00 00 00 00 00 00 00 00 00 00 00 00 00 NN NN NN NN NN 0537 1823 000
NN NN NN NN NN 00 00 00 00 00 00 00 00 00 00 00 00 00 00 NN NN NN NN NN 0538 1822 000
NN NN NN NN NN 00 00 00 00 00 00 00 00 00 00 00 00 00 00 NN NN NN NN NN 0539 1821 000
NN NN NN NN NN 00 00 00 00 00 00 00 00 00 00 00 00 00 00 NN NN NN NN NN 0540 1820 000
NN NN NN NN NN 00 00 00 00 00 00 00 00 00 00 00 00 00 00 NN NN NN NN NN 0541 1819 000
NN NN NN NN NN 00 00 00 00 00 00 00 00 00 00 00 00 00 00 NN NN NN NN NN 0542 1818 000
NN NN NN NN NN 00 00 00 00 00 00 00 01 00 00 00 00 00 00 NN NN NN NN NN 0543 1817 001
NN NN NN NN NN 00 00 00 00 00 00 00 00 00 00 00 00 00 00 NN NN NN NN NN 0544 1816 000
NN NN NN NN NN 00 00 00 00 00 00 00 00 00 00 00 00 00 00 NN NN NN NN NN 0545 1816 000
NN NN NN NN NN 00 00 00 00 00 00 00 00 00 00 00 00 00 00 NN NN NN NN NN 0546 1814 000
NN NN NN NN NN 00 00 00 00 00 00 00 00 00 00 00 00 00 00 NN NN NN NN NN 0547 1813 000
NN NN NN NN NN 00 00 00 00 00 00 00 00 00 00 00 00 00 00 NN NN NN NN NN 0548 1813 000
NN NN NN NN NN 00 00 00 00 00 00 00 00 00 00 00 00 00 00 NN NN NN NN NN 0549 1811 000
NN NN NN NN NN 00 00 00 00 00 00 00 00 00 00 00 00 00 00 NN NN NN NN NN 0550 1811 000
NN NN NN NN NN 00 00 00 00 00 00 00 00 00 00 00 00 00 00 NN NN NN NN NN 0550 1810 000
NN NN NN NN NN 00 00 00 00 00 00 00 00 00 00 00 00 00 00 NN NN NN NN NN 0552 1808 000
NN NN NN NN NN 00 00 00 00 00 00 00 00 00 00 00 00 00 00 NN NN NN NN NN 0553 1808 000
NN NN NN NN NN 00 00 00 00 00 00 00 00 00 00 00 00 00 00 NN NN NN NN NN 0553 1807 000
NN NN NN NN NN 00 00 00 00 00 00 00 00 00 00 00 00 00 00 NN NN NN NN NN 0555 1806 000
NN NN NN NN NN 00 00 00 00 00 00 00 00 00 00 00 00 00 00 NN NN NN NN NN 0556 1805 000
NN NN NN NN NN 00 00 00 00 00 00 00 00 00 00 00 00 00 00 NN NN NN NN NN 0556 1804 000
NN NN NN NN NN 00 00 00 00 00 00 00 00 00 00 00 00 00 00 NN NN NN NN NN 0558 1803 000
NN NN NN NN NN 00 00 00 00 00 00 00 00 00 00 00 00 00 00 NN NN NN NN NN 0558 1802 000
NN NN NN NN NN 00 00 00 00 00 00 00 00 00 00 00 00 00 00 NN NN NN NN NN 0559 1801 000
NN NN NN NN NN NN 00 00 00 00 00 00 00 00 00 00 00 00 NN NN NN NN NN NN 0601 1800 000
NN NN NN NN NN NN 00 00 00 00 00 // // // // // 00 00 NN NN NN NN NN NN 0601 1759 ///
NN NN NN NN NN NN 00 00 00 00 00 00 00 00 00 00 00 00 NN NN NN NN NN NN 0602 1758 000
NN NN NN NN NN NN 00 00 00 00 00 00 00 00 00 00 00 00 NN NN NN NN NN NN 0604 1757 000=
BA
0223 0220 0218 0215 0213 0210 0208 0206 0206 0205 0207 0221
0236 0255 0254 0261 0251 0245 0244 0270 0264 0248 0236 0228 0291 1632 0203 0533.
0220 0218 0215 0212 0213 0213 0212 0209 0208 0213 0214 0219
0236 0263 0309 0318 0361 0308 0365 0336 0314 0271 0259 0251 0379 1327 0207 0451.
0240 0237 0237 0232 0228 0226 0222 0217 0213 0210 0209 0224
0241 0250 0269 0273 0331 0356 0309 0338 0284 0271 0260 0252 0358 1411 0208 0636.
0245 0242 0237 0232 0231 0229 0230 0229 0228 0227 0226 0236
0248 0257 0274 0275 0266 0259 0262 0249 0233 0228 0225 0220 0288 1140 0220 2000.
0219 0217 0213 0213 0211 0211 0210 0209 0209 0209 0209 0208
0210 0216 0220 0228 0236 0239 0240 0255 0237 0230 0226 0222 0255 1556 0208 0540.
0219 0216 0214 0214 0213 0212 0212 0211 0211 0210 0210 0221
0228 0245 0268 0325 0332 0336 0337 0313 0285 0276 0258 0247 0359 1317 0210 0426.
0239 0234 0234 0234 0233 0231 0228 0221 0216 0214 0216 0229
0264 0302 0300 0374 0389 0397 0384 0365 0331 0301 0279 0266 0413 1426 0213 0626.
0257 0253 0250 0273 0273 0273 0273 0273 0272 0272 0272 0269
0271 0274 0259 0255 0261 0268 0271 0268 0252 0267 0261 0254 0274 0953 0250 2224.
0250 0247 0245 0237 0231 0228 0221 0216 0215 0213 //// ////
//// //// //// 0239 0239 0238 0236 0255 0245 0237 0228 0218 0703 //// 0212 0547.
0217 0216 0213 0210 0210 0210 0209 0205 0206 0205 0204 0213
0227 0273 0275 0280 0310 0303 0314 0310 0293 0277 0257 0247 0324 1309 0203 0418.
0240 0230 0228 0226 0225 0223 0220 0219 0217 0217 0217 0223
0242 0267 0302 0363 0392 0394 0393 0363 0332 0291 0265 0251 0407 1417 0217 0459.
0243 0237 0231 0230 0228 0224 0221 0218 0223 0218 0215 0228
0261 0278 0331 0371 0377 0376 0319 0347 0292 0271 0258 0256 0409 1411 0215 0648.
0253 0248 0248 0246 0244 0242 0240 0239 0238 0235 0233 0241
0256 0282 0276 0282 0300 0309 0275 0253 0247 0249 0247 0245 0329 1350 0232 0653.
0243 0240 0239 0238 0235 0230 0229 0227 0224 0220 0222 0234
0260 0284 0323 0344 0371 0368 0330 0366 0315 0285 0270 0259 0390 1356 0219 0620.
0252 0247 0243 0239 0240 0236 0233 0232 0231 0227 0226 0238
0250 0284 0286 0274 0290 0364 0347 0349 0306 0297 0273 0262 0378 1440 0224 0650.
0255 0250 0246 0243 0239 0237 0235 0233 0232 0230 0228 0244
0274 0313 0320 0368 0342 0374 0373 0347 0328 0293 0278 0265 0380 1412 0228 0653.
0261 0257 0254 0252 0243 0246 0246 0245 0244 0243 0244 0254
0283 0309 0358 0390 0387 0364 0412 0347 0333 0312 0292 0280 0422 1250 0242 0107.
0272 0271 0269 0266 0264 0263 0262 0260 0258 0256 0254 0241
0241 0262 0375 0416 0425 0444 0420 0388 0355 0321 0299 0287 0448 1350 0233 0734.
0279 0272 0267 0267 0260 0261 0258 0258 0258 0253 0253 0266
0291 0324 0352 0375 0404 0404 0387 0382 0349 0321 0301 0291 0409 1407 0252 0608.
0288 0283 0277 0273 0269 0268 0268 0268 0266 0265 //// ////
//// //// //// 0379 0397 0416 0390 0367 0344 0326 0308 0301 0706 //// 0264 0547.
0294 0287 0282 0277 0273 0272 0270 0269 0265 0263 0262 0268
0273 0268 0261 0256 0242 0238 0238 0235 0237 0243 0234 0217 0301 2007 0217 2000.
0217 0216 0217 0215 0213 0210 0209 0209 0208 0207 0205 0207
0213 0220 0225 0226 0235 0243 0248 0249 0238 0230 0220 0217 0250 1556 0204 0642.
0215 0213 0212 0211 0209 0209 0208 0205 0202 0199 0199 0204
0221 0248 0238 0281 0299 0279 0263 0247 0241 0230 0222 0215 0333 1324 0199 0559.
0214 0212 0208 0210 0207 0207 0207 0205 0205 0204 0204 0204
0205 0210 0220 0225 0220 0220 0218 0214 0210 0208 0206 0201 0227 1214 0199 1926.
0200 0198 0197 0197 0196 0194 0194 0194 0194 0193 0193 0196
0201 0212 0224 0234 0234 0247 0235 0236 0226 0215 0209 0204 0254 1419 0193 0559.
0203 0201 0198 0197 0195 0193 0193 0191 0188 0187 0187 0195
0202 0225 0292 0351 0377 0372 0376 0345 0308 0242 0232 0226 0380 1308 0186 0602.
0220 0215 0210 0210 0210 0209 0207 0206 0205 0203 0202 0208
0217 0229 0236 0232 0218 0215 0214 0215 0214 0210 0206 0204 0248 1031 0201 0630.
0203 0200 0200 0196 0194 0191 0191 0191 0189 0189 0000 ////
//// //// //// //// 0251 0266 0265 0269 0249 0228 0216 0208 0296 1532 0000 0655.
0203 0201 0198 0196 0192 0188 0186 0182 0180 0175 0172 0182
0207 0237 0322 0374 0394 0380 0333 0324 0251 0237 0225 0215 0401 1257 0171 0659.
0212 0209 0208 0206 0206 0206 0204 0204 0201 0201 0199 0198
0207 0206 0207 0214 0230 0232 0234 0230 0222 0213 0207 0202 0247 1330 0197 0804=
=
??????
******
YF
13064
江苏省
吕泗国家基准气候站
启东市吕四港镇北门外滨海







=
JY
8888=
GK
01/
05/=
BZ
00/320400/1213600
10/24/逐时观测
10/24/24时连续观测
11/守班=
######
