58265 3204N 12136E 000055 000065 105 000 S11 11111999119199111911 0 2011 05
PC
9468 9476 9483 9486 9487 9484 9483 9488 9492 9499 9504 9512
9510 9509 9511 9509 9508 9503 9498 9491 9490 9491 9496 9508 9515 0849 9462 2002.
9521 9530 9536 9555 9552 9550 9552 9551 9560 9568 9577 9586
9596 9600 9603 9602 9594 9587 9578 9567 9562 9561 9563 9568 9606 1040 9508 2001.
9576 9585 9585 9581 9578 9575 9571 9571 9572 9573 9580 9587
9589 9592 9587 9584 9573 9568 9559 9551 9550 9554 9559 9568 9592 0950 9548 1629.
9578 9582 9576 9578 9573 9566 9561 9556 9550 9551 9550 9553
9561 9561 9558 9549 9538 9530 9517 9508 9503 9502 9504 9508 9583 2205 9501 1711.
9511 9518 9519 9516 9511 9506 9500 9496 9493 9494 9495 9500
9498 9496 9491 9482 9472 9464 9454 9447 9446 9446 9450 9460 9520 2221 9444 1644.
9473 9481 9483 9481 9479 9472 9465 9463 9465 9467 9472 9477
9481 9482 9479 9472 9463 9453 9445 9440 9440 9440 9438 9443 9483 2224 9437 1858.
9450 9462 9463 9459 9451 9443 9438 9438 9439 9441 9444 9450
9452 9451 9449 9442 9434 9424 9414 9407 9401 9399 9404 9410 9464 2249 9399 1800.
9417 9422 9424 9424 9423 9421 9416 9413 9494 9419 9422 9426
9426 9424 9421 9417 9408 9399 9393 9385 9384 9383 9388 9391 9497 0410 9382 1809.
9395 9403 9397 9401 9393 9393 9394 9387 9385 9385 9389 9391
9392 9391 9390 9387 9382 9376 9374 9374 9380 9384 9392 9401 9403 2200 9373 1450.
9410 9412 9421 9422 9428 9436 9437 9440 9448 9455 9462 9474
9484 9489 9490 9490 9485 9483 9478 9474 9470 9471 9474 9477 9491 1015 9402 2001.
9482 9492 9499 9499 9495 9495 9490 9490 9487 9489 9494 9502
9507 9512 9511 9506 9496 9491 9484 9480 9483 9489 9495 9507 9513 0955 9477 2001.
9518 9533 9542 9547 9551 9553 9554 9557 9559 9565 9576 9584
9587 9593 9593 9591 9585 9578 9571 9564 9561 9560 9563 9571 9593 1000 9507 2002.
9578 9582 9586 9587 9580 9577 9571 9569 9568 9570 9574 9578
9581 9587 9585 9580 9573 9565 9558 9550 9545 9544 9549 9558 9588 0950 9543 1750.
9567 9579 9589 9597 9601 9598 9598 9597 9604 9605 9612 9619
9622 9621 9619 9613 9602 9593 9584 9576 9570 9568 9574 9583 9623 0853 9558 2001.
9594 9603 9609 9610 9610 9605 9601 9602 9602 9607 9617 9628
9632 9636 9634 9629 9620 9614 9604 9596 9594 9602 9603 9611 9637 1010 9584 2002.
9612 9626 9632 9634 9629 9625 9621 9619 9616 9618 9622 9631
9631 9636 9635 9631 9625 9614 9604 9593 9584 9579 9576 9578 9637 2321 9575 1842.
9581 9587 9590 9586 9579 9573 9566 9561 9556 9558 9559 9563
9564 9560 9557 9551 9539 9528 9519 9508 9503 9499 9498 9499 9590 2255 9498 1852.
9501 9504 9509 9507 9501 9495 9491 9490 9488 9491 9495 9498
9500 9494 9490 9485 9476 9466 9457 9448 9446 9445 9451 9460 9509 2245 9444 1741.
9469 9477 9484 9486 9487 9489 9487 9485 9488 9492 9496 9498
9497 9495 9490 9485 9473 9462 9451 9443 9433 9429 9427 9434 9500 0822 9426 1852.
9441 9450 9457 9458 9457 9454 9450 9451 9448 9448 9451 9453
9457 9456 9456 9454 9448 9440 9432 9430 9429 9429 9439 9446 9459 2315 9427 1730.
9455 9462 9467 9478 9479 9473 9474 9478 9482 9488 9495 9512
9520 9522 9528 9528 9529 9530 9528 9531 9533 9538 9545 9553 9553 1957 9446 2001.
9564 9572 9578 9581 9578 9581 9578 9579 9585 9584 9590 9592
9596 9595 9595 9591 9585 9577 9571 9562 9564 9560 9567 9571 9597 1017 9553 2002.
9576 9583 9587 9593 9593 9589 9586 9582 9582 9586 9590 9592
9599 9596 9595 9592 9587 9579 9571 9562 9560 9559 9563 9571 9600 0920 9558 1717.
9571 9576 9578 9577 9574 9567 9566 9565 9566 9572 9576 9584
9590 9592 9590 9587 9581 9575 9568 9560 9564 9569 9571 9576 9593 0952 9560 1556.
9582 9587 9590 9586 9584 9577 9571 9567 9568 9571 9575 9581
9585 9582 9580 9573 9567 9555 9545 9538 9531 9528 9532 9544 9590 2241 9528 1800.
9557 9559 9570 9572 9570 9572 9571 9572 9569 9568 9575 9576
9575 9572 9569 9561 9556 9545 9539 9534 9537 9533 9532 9537 9576 0715 9525 1745.
9541 9544 9547 9542 9539 9538 9533 9533 9537 9539 9542 9542
9542 9540 9538 9530 9524 9519 9510 9502 9499 9494 9493 9503 9552 2228 9492 1855.
9507 9511 9515 9517 9516 9511 9505 9504 9505 9507 9510 9515
9519 9520 9518 9512 9509 9506 9502 9496 9491 9490 9497 9509 9521 0930 9489 1729.
9506 9517 9528 9524 9525 9524 9521 9519 9525 9530 9534 9542
9548 9551 9551 9552 9553 9549 9547 9542 9538 9538 9540 9545 9553 1259 9506 2052.
9551 9558 9565 9563 9560 9555 9548 9546 9544 9548 9551 9554
9568 9573 9571 9570 9568 9563 9560 9562 9562 9564 9568 9580 9580 1957 9544 2008.
9588 9598 9605 9602 9600 9592 9588 9581 9579 9581 9583 9588
9584 9587 9586 9581 9575 9568 9563 9556 9551 9549 9551 9556 9605 2257 9548 1732=
9491 9519 9510 9515
9557 9593 9594 9575
9582 9594 9575 9575
9573 9560 9537 9515
9513 9507 9471 9467
9479 9484 9460 9450
9450 9457 9431 9417
9428 9433 9406 9398
9400 9398 9383 9408
9443 9481 9490 9484
9502 9509 9498 9514
9560 9591 9585 9578
9584 9585 9572 9565
9605 9626 9600 9590
9612 9635 9621 9618
9632 9638 9621 9585
9580 9570 9535 9506
9502 9505 9473 9467
9496 9505 9469 9441
9461 9460 9447 9453
9480 9519 9537 9560
9588 9599 9584 9578
9596 9599 9586 9578
9574 9591 9582 9583
9584 9588 9562 9551
9579 9583 9552 9544
9545 9549 9526 9510
9518 9522 9513 9516
9531 9549 9556 9552
9562 9561 9570 9587
9599 9595 9575 9563=
TB
0276 0275 0270 0264 0265 0262 0254 0213 0184 0176 0178 0180
0185 0213 0214 0215 0216 0222 0215 0197 0199 0192 0192 0177 0282 2009 0172 0526.
0169 0153 0156 0136 0123 0124 0123 0122 0124 0125 0124 0123
0128 0138 0149 0159 0176 0172 0177 0188 0186 0181 0178 0174 0196 1608 0122 0046.
0169 0172 0164 0152 0157 0149 0144 0147 0150 0138 0138 0171
0180 0188 0204 0207 0216 0220 0217 0215 0212 0207 0204 0196 0228 1339 0133 0641.
0191 0188 0172 0172 0175 0169 0164 0162 0150 0154 0155 0171
0180 0197 0216 0222 0235 0244 0255 0252 0258 0256 0244 0223 0265 1526 0149 0535.
0213 0206 0189 0175 0165 0159 0151 0151 0145 0139 0149 0202
0218 0229 0242 0254 0262 0277 0279 0284 0282 0271 0262 0240 0286 1652 0000 0936.
0240 0235 0201 0191 0187 0180 0181 0179 0174 0172 0181 0215
0237 0248 0265 0276 0276 0281 0279 0285 0278 0275 0261 0241 0294 1536 0172 0554.
0239 0227 0224 0232 0212 0210 0213 0203 0197 0198 0209 0221
0238 0250 0264 0277 0291 0299 0306 0304 0304 0299 0287 0273 0309 1528 0197 0438.
0246 0256 0246 0241 0237 0238 0237 0239 0172 0227 0230 0247
0263 0274 0292 0304 0313 0325 0320 0319 0320 0313 0275 0282 0325 1400 0172 0428.
0286 0273 0264 0244 0224 0212 0208 0214 0221 0226 0230 0237
0242 0246 0260 0268 0278 0280 0278 0275 0265 0257 0249 0244 0289 2028 0205 0234.
0245 0241 0228 0215 0207 0205 0188 0188 0181 0181 0183 0183
0186 0200 0205 0217 0228 0239 0254 0260 0269 0266 0259 0242 0276 1647 0179 0609.
0227 0210 0212 0214 0207 0206 0210 0202 0200 0198 0199 0223
0242 0270 0274 0280 0293 0299 0298 0296 0262 0256 0261 0260 0304 1534 0196 0624.
0257 0253 0253 0243 0208 0200 0191 0179 0182 0180 0184 0186
0195 0206 0208 0209 0215 0230 0242 0250 0250 0247 0238 0228 0261 2017 0178 0412.
0222 0215 0216 0217 0209 0203 0202 0194 0192 0189 0187 0187
0188 0171 0165 0169 0170 0170 0175 0180 0184 0179 0177 0167 0228 2001 0164 1052.
0164 0164 0161 0153 0147 0141 0131 0134 0136 0136 0139 0145
0158 0171 0185 0201 0213 0220 0231 0232 0233 0225 0216 0205 0237 1454 0130 0313.
0190 0186 0182 0178 0174 0172 0167 0163 0162 0162 0162 0165
0171 0179 0180 0195 0200 0208 0220 0222 0214 0210 0203 0200 0222 1600 0161 0439.
0207 0199 0202 0196 0189 0181 0183 0173 0155 0148 0157 0195
0214 0232 0248 0259 0272 0279 0282 0291 0292 0286 0274 0224 0297 1656 0147 0617.
0210 0202 0194 0196 0182 0175 0167 0164 0160 0157 0166 0204
0228 0259 0267 0282 0293 0306 0308 0310 0313 0313 0289 0242 0318 1722 0155 0615.
0230 0218 0205 0197 0192 0191 0186 0182 0179 0177 0181 0215
0241 0265 0286 0301 0310 0318 0329 0332 0340 0317 0283 0256 0341 1659 0176 0551.
0249 0239 0232 0228 0223 0214 0212 0206 0201 0200 0204 0236
0261 0292 0316 0315 0320 0328 0322 0319 0321 0326 0291 0261 0341 1719 0196 0625.
0245 0234 0234 0235 0261 0262 0260 0259 0243 0232 0239 0239
0263 0277 0288 0291 0300 0300 0305 0299 0280 0251 0245 0239 0311 1429 0229 0622.
0223 0207 0188 0174 0166 0161 0168 0165 0159 0156 0157 0148
0144 0147 0153 0158 0165 0157 0158 0157 0154 0153 0154 0150 0238 2001 0143 0853.
0154 0147 0142 0141 0138 0131 0127 0129 0128 0128 0132 0137
0147 0160 0182 0192 0209 0215 0229 0223 0220 0225 0211 0189 0230 1459 0127 0235.
0168 0180 0179 0176 0172 0164 0162 0161 0158 0160 0162 0167
0170 0177 0179 0182 0192 0198 0198 0200 0197 0190 0186 0181 0209 1443 0158 0500.
0178 0176 0175 0173 0170 0170 0168 0168 0168 0165 0165 0170
0170 0172 0179 0215 0201 0226 0226 0227 0213 0208 0202 0186 0237 1426 0164 0647.
0176 0175 0175 0175 0168 0165 0155 0155 0145 0144 0152 0178
0192 0207 0228 0240 0247 0257 0262 0269 0274 0265 0259 0227 0278 1634 0141 0546.
0204 0207 0205 0195 0186 0178 0175 0178 0171 0169 0182 0208
0231 0249 0258 0272 0278 0288 0289 0286 0277 0267 0263 0243 0294 1437 0168 0530.
0243 0227 0211 0199 0194 0192 0184 0180 0180 0179 0190 0220
0247 0263 0275 0281 0282 0293 0290 0291 0290 0282 0276 0264 0297 1423 0177 0610.
0250 0226 0233 0229 0231 0223 0221 0224 0227 0225 0219 0222
0232 0237 0252 0261 0271 0263 0261 0258 0254 0247 0244 0241 0274 1309 0219 0651.
0232 0201 0197 0191 0192 0194 0193 0191 0191 0193 0193 0194
0196 0197 0198 0202 0207 0212 0218 0228 0233 0232 0229 0220 0242 2002 0190 0005.
0216 0210 0208 0205 0204 0202 0199 0199 0197 0196 0194 0192
0197 0187 0195 0204 0216 0235 0223 0219 0219 0214 0209 0205 0236 1412 0185 1011.
0193 0187 0178 0173 0171 0169 0170 0171 0172 0169 0169 0179
0190 0208 0217 0228 0232 0245 0240 0247 0239 0233 0227 0219 0252 1411 0167 0623=
IB
=
0094 0103 0115 0113 0106 0087 0080 0122 0149 -800 -800 -800
-800 0137 0125 0115 0122 0127 0121 0125 0103 0102 0079 0098.
0083 0090 0084 0136 -800 -800 -800 -800 -800 0125 -800 -800
-800 0132 0122 0115 0105 0108 0101 0098 0097 0095 0097 0103.
0103 0099 0107 0134 0115 0126 0141 0118 0120 0138 0138 0109
0109 0085 0090 0087 0092 0078 0075 0070 0098 0099 0093 0098.
0112 0111 0129 0131 0128 0120 0128 0131 0150 0154 0155 0142
0125 0125 0107 0100 0072 0088 0076 0082 0083 0072 0071 0084.
0099 0095 0102 0109 0110 0115 0136 0138 0145 0139 0149 0132
0100 0097 0098 0088 0082 0091 0092 0092 0095 0099 0104 0117.
0113 0122 0136 0144 0154 0158 0157 0171 0174 0172 0181 0142
0141 0137 0139 0128 0132 0129 0127 0128 0130 0127 0146 0159.
0154 0155 0160 0150 0151 0162 0154 0161 0173 0181 0179 0170
0139 0139 0142 0154 0141 0148 0143 0137 0145 0148 0153 0157.
0178 0167 0168 0174 0186 0185 0181 0174 0135 0197 0188 0182
0174 0173 0180 0178 0176 0179 0171 0170 0179 0172 0215 0200.
0190 0189 0183 0199 0224 -800 -800 -800 -800 -800 -800 -800
0242 0232 0227 0218 0230 0258 0275 0273 0265 0257 0244 0241.
0236 0232 0228 0215 0207 0205 0188 0188 -800 -800 -800 -800
0186 0162 0167 0160 0201 0225 0247 0250 0240 0250 0243 0242.
0227 0210 0212 0214 0207 0199 0174 0174 0180 0179 0179 0172
0197 0228 0224 0232 0244 0245 0253 0245 0246 0246 0226 0223.
0220 0224 0222 0212 0208 0200 0191 0179 0182 0180 0178 0179
0176 0184 0208 0209 0215 0218 0193 0207 0221 0222 0217 0228.
0222 0215 0214 0214 0209 0203 0202 0194 0192 0189 0187 0175
0171 0171 0165 0164 0170 0170 0157 0156 0153 0155 0155 0167.
-800 0164 -800 -800 0147 0141 -800 0134 0136 0136 0139 0145
0158 0171 0185 -800 -800 -800 -800 -800 -800 -800 -800 -800.
-800 -800 -800 -800 -800 0172 0167 0163 0162 0162 0162 0163
0171 0179 0180 0195 0200 0208 0220 0222 0214 0210 0203 0200.
0207 0199 0202 0196 -800 -800 0183 -800 -800 -800 0157 0195
-800 -800 -800 -800 0272 0279 0282 0291 0292 0277 0274 -800.
-800 -800 -800 -800 -800 0175 0167 0164 0160 0157 0166 0185
-800 -800 -800 -800 -800 0106 0308 0194 0313 0313 -800 -800.
-800 -800 -800 -800 -800 0052 -800 0182 0179 0177 0181 0215
-800 -800 -800 -800 -800 -800 -800 -800 -800 -800 -800 -800.
-800 -800 -800 -800 -800 -800 -800 -800 -800 -800 -800 -800
-800 -800 -800 -800 -800 -800 -800 -800 -800 -800 -800 -800.
-800 -800 -800 -800 -800 -800 -800 -800 -800 -800 -800 -800
-800 -800 -800 -800 -800 -800 -800 -800 -800 -800 -800 -800.
-800 -800 -800 -800 -800 -800 -800 -800 -800 -800 -800 -800
-800 -800 -800 -800 -800 -800 -800 -800 -800 -800 -800 -800.
-800 -800 -800 -800 -800 -800 -800 -800 -800 -800 -800 -800
-800 -800 0108 0094 0104 0084 0075 0088 0082 0082 0106 0124.
0146 0125 0124 0121 0119 0118 0120 0119 0122 0122 0133 0116
0115 0117 0124 0118 0107 0105 0100 0110 0110 0113 0112 0114.
0114 0112 0109 0116 0113 0113 0106 0106 0106 0114 0114 0113
0123 0123 0124 0115 0116 0114 0120 0123 0127 0125 0129 0141.
0145 0146 0148 0146 0144 0145 0139 0140 0134 0134 0142 0141
0138 0139 0130 0141 0126 0129 0119 0114 0118 0122 0127 0148.
0158 0150 0159 0156 0155 0151 0153 0154 0153 0151 0160 0158
0149 0150 0149 0142 0137 0142 0128 0121 0125 0145 0147 0166.
0166 0170 0167 0169 0168 0166 0166 0165 0163 0166 0171 0176
0172 0160 0162 0164 0151 0143 0152 0145 0137 0151 0149 0161.
0156 0164 0164 0178 0182 0181 0175 0180 0176 0181 0187 0188
0183 0190 0169 0161 0161 0157 0158 0158 0157 0156 0151 0153.
0163 0179 0180 0181 0184 0186 0185 0183 0183 0185 0185 0186
0186 0184 0185 0185 0183 0182 0184 0186 0184 0181 0182 0186.
0186 0191 0193 0192 0191 0190 0189 0189 0185 0186 0184 0180
0173 0161 0158 0147 0147 0148 0134 0150 0150 0166 0167 0167.
0169 0169 0160 0151 0147 0142 0137 0126 0121 0122 0134 0134
0143 0142 0128 0121 0128 0128 0123 0113 0116 0126 0135 0143=
EA
118 125 135 134 128 112 107 142 169 000 000 000
000 157 145 136 142 147 141 145 125 125 107 121.
110 115 110 156 000 000 000 000 000 145 000 000
000 151 142 135 127 129 123 121 120 118 120 125.
125 122 129 154 135 146 161 139 140 158 158 131
130 111 115 112 116 106 104 100 121 122 117 121.
133 132 149 151 148 140 147 151 170 175 176 162
144 145 129 123 101 113 104 109 110 102 101 110.
122 119 124 130 131 135 156 158 165 159 169 151
123 120 121 114 109 115 116 116 119 122 126 137.
134 142 155 164 175 179 179 195 199 196 208 161
161 156 159 148 151 148 147 148 149 147 166 180.
175 176 181 171 171 184 175 183 197 208 205 194
159 158 162 175 161 169 162 156 165 169 173 178.
204 190 192 198 214 212 208 199 155 229 216 208
198 197 207 204 201 205 195 194 204 197 257 233.
219 218 210 232 271 000 000 000 000 000 000 000
302 284 276 261 280 333 366 363 346 330 305 299.
292 285 277 256 244 241 217 217 000 000 000 000
214 185 190 182 236 273 311 316 298 317 304 302.
276 249 252 255 244 233 199 199 206 205 204 196
229 278 270 283 306 308 323 307 309 308 274 269.
264 271 268 252 246 234 221 205 209 206 203 206
202 211 246 247 256 261 223 244 266 268 259 277.
268 256 255 254 247 238 237 225 222 218 216 200
195 195 188 187 194 194 178 177 173 176 176 190.
000 186 000 000 167 161 000 154 156 156 159 165
179 195 213 000 000 000 000 000 000 000 000 000.
000 000 000 000 000 196 190 185 184 184 184 186
195 205 206 227 234 246 264 268 255 249 238 234.
244 232 237 228 000 000 210 000 000 000 178 227
000 000 000 000 361 376 382 403 405 372 365 000.
000 000 000 000 000 200 190 186 182 178 189 213
000 000 000 000 000 127 444 225 457 457 000 000.
000 000 000 000 000 088 000 209 205 202 208 256
000 000 000 000 000 000 000 000 000 000 000 000.
000 000 000 000 000 000 000 000 000 000 000 000
000 000 000 000 000 000 000 000 000 000 000 000.
000 000 000 000 000 000 000 000 000 000 000 000
000 000 000 000 000 000 000 000 000 000 000 000.
000 000 000 000 000 000 000 000 000 000 000 000
000 000 000 000 000 000 000 000 000 000 000 000.
000 000 000 000 000 000 000 000 000 000 000 000
000 000 130 118 126 110 103 113 108 109 128 144.
166 144 143 141 139 138 140 139 142 142 153 137
136 138 143 138 129 127 122 131 131 134 133 135.
134 133 130 136 134 134 128 128 128 135 135 134
143 143 143 136 136 134 140 143 147 145 149 161.
165 166 168 166 164 165 158 160 153 154 162 161
158 159 150 161 146 149 139 135 139 142 147 168.
180 171 181 177 176 171 174 175 173 171 182 179
170 170 169 162 157 162 147 141 145 165 168 188.
188 193 190 193 191 189 188 188 186 189 195 201
196 181 184 186 172 163 172 165 156 172 170 182.
177 186 186 204 209 207 199 206 201 207 215 217
210 220 192 183 183 178 179 179 178 177 171 174.
185 205 206 208 211 214 213 210 210 213 213 214
214 211 212 213 210 209 211 214 212 208 209 214.
214 221 223 222 220 220 218 218 213 214 212 207
197 183 179 168 168 168 153 171 171 189 190 190.
192 192 181 172 168 162 157 146 141 142 154 154
163 162 148 142 148 148 143 134 136 146 154 163=
UB
32 34 38 39 37 33 33 56 80 00 00 00
00 62 57 53 55 55 55 63 54 56 48 60 00 0505.
57 66 62 %% 00 00 00 00 00 %% 00 00
00 96 84 75 63 66 61 56 56 57 59 63 00 0019.
65 62 69 89 76 86 98 83 82 %% %% 67
63 51 48 46 45 40 40 39 48 50 49 53 36 1340.
60 61 76 77 74 73 79 82 %% %% %% 83
70 63 50 46 35 37 32 34 33 31 33 41 29 1825.
48 49 57 65 70 75 91 92 %% %% %% 64
47 43 40 35 32 31 31 30 31 34 37 46 00 0936.
45 49 66 74 81 87 86 95 %% %% %% 63
55 50 46 40 41 39 39 38 40 40 49 60 33 1535.
59 64 67 60 68 74 69 77 86 90 83 73
54 50 47 47 40 40 37 36 38 40 44 49 35 1552.
66 58 62 66 73 72 71 67 79 83 77 67
58 54 51 47 44 42 41 41 43 43 70 61 40 1650.
56 60 61 76 %% 00 00 00 00 00 00 00
%% 92 82 74 75 88 98 99 %% %% 97 98 00 0151.
95 95 %% %% %% %% %% %% 00 00 00 00
%% 79 79 70 85 92 96 94 84 91 91 %% 00 0231.
%% %% %% %% %% 96 80 84 88 89 88 73
76 78 74 75 75 73 77 74 91 94 81 80 65 0813.
80 84 83 83 %% %% %% %% %% %% 96 96
89 87 %% %% %% 93 74 77 84 86 88 %% 73 1551.
%% %% 99 98 %% %% %% %% %% %% %% 93
90 %% %% 97 %% %% 89 86 82 86 87 %% 81 1707.
00 %% 00 00 %% %% 00 %% %% %% %% %%
%% %% %% 00 00 00 00 00 00 00 00 00 00 2039.
00 00 00 00 00 %% %% %% %% %% %% 99
%% %% %% %% %% %% %% %% %% %% %% %% 00 2001.
%% %% %% %% 00 00 %% 00 00 00 %% %%
00 00 00 00 %% %% %% %% %% 95 %% 00 00 2212.
00 00 00 00 00 %% %% %% %% %% %% 89
00 00 00 00 00 29 %% 50 %% %% 00 00 00 2001.
00 00 00 00 00 40 00 %% %% %% %% %%
00 00 00 00 00 00 00 00 00 00 00 00 00 2001.
00 00 00 00 00 00 00 00 00 00 00 00
00 00 00 00 00 00 00 00 00 00 00 00 00 2001.
00 00 00 00 00 00 00 00 00 00 00 00
00 00 00 00 00 00 00 00 00 00 00 00 00 2001.
00 00 00 00 00 00 00 00 00 00 00 00
00 00 00 00 00 00 00 00 00 00 00 00 00 2001.
00 00 00 00 00 00 00 00 00 00 00 00
00 00 62 53 51 43 37 42 41 40 51 66 00 2001.
87 70 70 70 71 74 76 76 79 78 83 72
70 68 70 66 58 55 53 56 57 61 62 65 49 1445.
66 66 65 69 69 69 67 67 67 72 72 69
74 73 70 53 58 49 51 52 58 59 63 75 46 1434.
82 83 84 83 86 88 90 91 93 94 94 79
71 65 54 54 47 45 41 38 38 41 44 61 33 1634.
75 70 75 78 82 84 87 86 89 89 87 73
60 54 51 45 42 41 37 36 39 47 49 62 33 1552.
62 70 76 83 85 85 89 91 90 92 89 76
63 53 50 49 45 40 43 41 39 45 46 53 38 1404.
56 68 65 73 74 77 75 76 73 76 82 81
74 75 60 54 51 52 53 54 55 57 56 58 49 1311.
65 87 90 94 95 95 95 95 95 95 95 95
94 92 92 90 86 83 81 77 74 73 75 81 58 2001.
83 89 91 92 92 93 94 94 93 94 94 93
86 85 79 70 65 58 57 65 65 74 77 79 54 1414.
86 89 89 87 86 84 81 75 72 74 80 75
74 66 57 51 52 48 48 43 46 51 56 62 40 1556=
N=
H=
C=
VB
00000 00000 00000 00000 00000 00000 00000 00000 00000 00000 00000 00000
00000 00000 00000 00000 00000 00000 00000 00000 00000 00000 00000 00000 00000 2001.
00000 00000 00000 00000 00000 00000 00000 00000 00000 00000 00000 00000
00000 00000 00000 00000 00000 00000 00000 00000 00000 00000 00000 00000 00000 2001.
00000 00000 00000 00000 00000 00000 00000 00000 00000 00000 00000 00000
00000 00000 00000 00000 00000 00000 00000 00000 00000 00000 00000 00000 00000 2001.
00000 00000 00000 00000 00000 00000 00000 00000 00000 00000 00000 00000
00000 00000 00000 00000 00000 00000 00000 00000 00000 00000 00000 00000 00000 2001.
00000 00000 00000 00000 00000 00000 00000 00000 00000 00000 00000 00000
00000 15100 15100 15100 15100 15100 15100 15100 15100 15100 15100 15100 00000 2001.
15100 15100 15100 07860 05320 04290 03370 03100 02330 01880 02190 03480
15100 15100 15100 15100 15100 15100 15100 11600 15100 15100 14000 12900 01760 0646.
07960 06290 04420 05410 03970 03190 03510 01880 01340 01750 02340 02670
07130 06740 15100 15100 15100 15100 15100 15100 15100 15100 15100 15100 01140 0627.
07400 07500 08590 05000 04430 03770 03250 03410 15100 02350 02310 03080
03880 15100 15100 15100 15100 15100 15100 15100 15100 15100 05730 13800 02060 0638.
15100 15100 15100 08240 04860 00753 00379 00427 00475 00542 00657 01660
04350 03130 15100 15100 15100 15100 10600 15100 15100 15100 15100 15100 00249 0242.
15100 15100 15100 15100 10800 15100 00619 01180 00980 01140 02170 02250
06540 14700 12100 15100 15100 15100 15100 12200 15100 12600 10900 09040 00425 0228.
09630 08770 08320 07040 05240 04950 05620 03700 00980 00759 02280 00766
03080 15100 15100 15100 15100 15100 15100 15100 13200 12500 13500 15100 00570 0408.
15100 15100 13600 09860 06810 05160 06710 00707 03870 07250 07490 06080
07900 08710 09150 08820 08260 10600 15100 15100 11800 09820 09040 08210 00614 0345.
08240 07500 08420 06500 03780 03000 04240 04900 07420 05650 05190 05730
06110 01770 01680 04720 02230 03870 04350 05570 06680 05360 04570 01930 01320 1015.
02730 02940 02160 00813 01980 03200 00980 02240 03370 03260 04860 05110
06440 07140 15100 15100 15100 15100 15100 15100 15100 08030 08270 08980 00634 0006.
06810 06330 04990 03680 03000 02720 02000 01350 02300 02080 02470 02780
02700 03530 04830 15100 15100 15100 15100 06200 05810 05360 05180 04380 01300 0401.
04430 03500 04650 05290 02740 02210 05570 03870 05190 01830 01750 03020
15100 15100 15100 15100 15100 15100 15100 15100 15100 07830 06870 05970 01350 0646.
04440 04230 03480 03570 02660 01780 00920 00530 00377 00259 00225 01630
15100 15100 15100 15100 15100 15100 15100 15100 15100 02260 06390 04560 00209 0647.
04900 04620 04010 03590 02840 02190 01430 00863 00469 00494 00673 01120
15100 15100 15100 15100 15100 15100 15100 15100 15100 05900 04720 04390 00458 0625.
04380 03970 02780 01780 00990 00758 00746 00798 00808 00960 01120 02270
15100 15100 15100 15100 15100 15100 05370 05430 05240 05220 05090 03350 00633 0236.
03520 02890 02560 02800 00944 00910 01340 01770 02410 02850 02820 02360
02770 04080 05180 15100 15100 15100 15100 05100 05520 02600 02900 01810 00885 0152.
02200 01990 00828 00113 00317 00165 00629 01120 02110 02950 02570 01070
00752 01990 03680 05150 05700 05630 05900 05900 05860 05700 05780 04510 00099 0003.
05800 02950 03570 02810 02630 02000 03130 04460 04790 04920 04840 05010
04890 15100 15100 15100 15100 15100 15100 05220 05340 05460 05740 04650 01700 0209.
02700 03560 03780 04450 04630 04740 04710 04960 04530 04850 04530 05150
05130 04980 04610 04860 15100 15100 06010 05510 05500 05080 04830 04370 02420 2102.
04520 04350 02280 01280 01310 01550 01800 02030 01430 01720 02230 02780
03070 04360 05840 15100 15100 15100 15100 15100 15100 15100 13000 04200 01230 2345.
02210 04010 03820 04540 03060 02100 00789 00253 00183 00169 00186 01970
15100 15100 15100 15100 15100 15100 15100 15100 15100 15100 15100 15100 00162 0612.
08540 06360 06270 04840 03780 03340 02840 02230 01710 01930 02180 04700
06910 15100 15100 15100 15100 15100 15100 15100 15100 13800 09460 06610 01340 0612.
06080 04380 03290 02640 02310 02120 01230 00901 01140 00553 01410 02140
15100 15100 15100 15100 06260 15100 05560 07010 07680 06060 05350 04140 00486 0629.
04050 03470 04430 03340 02630 02300 01830 02140 02230 02120 01710 01870
02140 02220 03250 15100 15100 05530 05650 05110 05090 05680 06040 05860 01500 0719.
04700 01020 00550 00163 00191 00174 00164 00182 00184 00195 00199 00226
00309 00452 00509 00836 01470 03010 03160 02780 03020 03230 03240 02960 00135 2343.
02510 02220 00678 01060 00834 00289 00276 00367 00463 00524 00587 01290
01770 02390 03240 03640 04160 15100 03980 14300 13000 09370 08810 06730 00266 0237.
02960 00681 00891 01030 06650 09220 10900 11000 14600 15100 15100 15100
15100 15100 15100 15100 15100 15100 15100 15100 15100 15100 11700 09010 00588 2148=
R6
0062 0002 0064
0106 0002 0108
0000 0000 0000
0000 0004 0004
0000 0000 0000
0000 0000 0000
0000 0000 0000
0000 0000 0000
0232 0000 0232
0004 0002 0006
0002 0000 0002
0001 0089 0090
0003 0025 0028
0129 0001 0130
0010 0001 0011
0000 0000 0000
0000 0000 0000
0000 0000 0000
0000 0000 0000
0000 0002 0002
0396 0050 0446
0014 0000 0014
0000 0000 0000
0000 0000 0000
0005 0000 0005
0000 0000 0000
0000 0000 0000
0000 0000 0000
0422 0014 0436
0066 0005 0071
0048 0000 0048=
0000 0000 0000 0000 0000 0000 0000 0000 0013 0032 0008 0009
0002 0000 0000 0000 0000 0000 0000 0000 0000 0000 0000 0000.
0000 0002 0001 0018 0061 0005 0008 0007 0001 0001 0000 0002
0001 0000 0000 0000 0000 0000 0000 0001 0000 0000 0000 0000.
0000 0000 0000 0000 0000 0000 0000 0000 0000 0000 0000 0000
0000 0000 0000 0000 0000 0000 0000 0000 0000 0000 0000 0000.
0000 0000 0000 0000 0000 0000 0000 0000 0000 0000 0000 0000
0000 0004 0000 0000 0000 0000 0000 0000 0000 0000 0000 0000.
0000 0000 0000 0000 0000 0000 0000 0000 0000 0000 0000 0000
0000 0000 0000 0000 0000 0000 0000 0000 0000 0000 0000 0000.
0000 0000 0000 0000 0000 0000 0000 0000 0000 0000 0000 0000
0000 0000 0000 0000 0000 0000 0000 0000 0000 0000 0000 0000.
0000 0000 0000 0000 0000 0000 0000 0000 0000 0000 0000 0000
0000 0000 0000 0000 0000 0000 0000 0000 0000 0000 0000 0000.
0000 0000 0000 0000 0000 0000 0000 0000 0000 0000 0000 0000
0000 0000 0000 0000 0000 0000 0000 0000 0000 0000 0000 0000.
0000 0000 0000 0000 0011 0059 0074 0087 0001 0000 0000 0000
0000 0000 0000 0000 0000 0000 0000 0000 0000 0000 0000 0000.
0000 0000 0000 0001 0001 0000 0000 0001 0000 0000 0001 0000
0000 0000 0001 0000 0000 0000 0000 0001 0000 0000 0000 0000.
0001 0000 0000 0000 0000 0000 0000 0000 0000 0000 0000 0001
0000 0000 0000 0000 0000 0000 0000 0000 0000 0000 0000 0000.
0001 0000 0000 0000 0000 0000 0000 0000 0000 0000 0000 0000
0000 0088 0001 0000 0000 0000 0000 0000 0000 0000 0000 0000.
0000 0000 0000 0000 0000 0000 0000 0000 0000 0000 0002 0001
0000 0002 0015 0002 0000 0000 0000 0000 0000 0000 0000 0006.
0012 0001 0008 0018 0028 0015 0030 0015 0002 0000 0000 0000
0000 0000 0000 0000 0000 0001 0000 0000 0000 0000 0000 0000.
0000 0000 0000 0000 0000 0001 0002 0005 0001 0001 0000 0000
0000 0001 0000 0000 0000 0000 0000 0000 0000 0000 0000 0000.
0000 0000 0000 0000 0000 0000 0000 0000 0000 0000 0000 0000
0000 0000 0000 0000 0000 0000 0000 0000 0000 0000 0000 0000.
0000 0000 0000 0000 0000 0000 0000 0000 0000 0000 0000 0000
0000 0000 0000 0000 0000 0000 0000 0000 0000 0000 0000 0000.
0000 0000 0000 0000 0000 0000 0000 0000 0000 0000 0000 0000
0000 0000 0000 0000 0000 0000 0000 0000 0000 0000 0000 0000.
0000 0000 0000 0000 0000 0000 0000 0000 0000 0000 0000 0000
0000 0000 0000 0000 0000 0000 0000 0000 0000 0000 0000 0000.
0000 0000 0000 0000 0000 0000 0000 0000 0000 0000 0000 0000
0000 0000 0000 0000 0000 0000 0000 0000 0000 0000 0002 0000.
0000 0000 0027 0141 0126 0041 0026 0013 0003 0003 0000 0016
0041 0009 0000 0000 0000 0000 0000 0000 0000 0000 0000 0000.
0001 0000 0000 0000 0002 0004 0006 0000 0001 0000 0000 0000
0000 0000 0000 0000 0000 0000 0000 0000 0000 0000 0000 0000.
0000 0000 0000 0000 0000 0000 0000 0000 0000 0000 0000 0000
0000 0000 0000 0000 0000 0000 0000 0000 0000 0000 0000 0000.
0000 0000 0000 0000 0000 0000 0000 0000 0000 0000 0000 0000
0000 0000 0000 0000 0000 0000 0000 0000 0000 0000 0000 0000.
0005 0000 0000 0000 0000 0000 0000 0000 0000 0000 0000 0000
0000 0000 0000 0000 0000 0000 0000 0000 0000 0000 0000 0000.
0000 0000 0000 0000 0000 0000 0000 0000 0000 0000 0000 0000
0000 0000 0000 0000 0000 0000 0000 0000 0000 0000 0000 0000.
0000 0000 0000 0000 0000 0000 0000 0000 0000 0000 0000 0000
0000 0000 0000 0000 0000 0000 0000 0000 0000 0000 0000 0000.
0000 0000 0000 0000 0000 0000 0000 0000 0000 0000 0000 0000
0000 0000 0000 0000 0000 0000 0000 0000 0000 0000 0000 0000.
0000 0030 0034 0165 0095 0040 0009 0011 0004 0014 0017 0003
0001 0000 0009 0004 0000 0000 0000 0000 0000 0000 0000 0000.
0000 0000 0006 0005 0002 0017 0010 0001 0004 0007 0008 0006
0001 0004 0000 0000 0000 0000 0000 0000 0000 0000 0000 0000.
0005 0013 0016 0013 0001 0000 0000 0000 0000 0000 0000 0000
0000 0000 0000 0000 0000 0000 0000 0000 0000 0000 0000 0000=
0000 ////////// 00000=
W=
LA
=
000 003 000 000 001 003 003 001 000 005 002 001
002 003 002 002 001 002 000 001 002 002 003 002 041.
000 000 004 000 007 000 002 001 002 002 000 000
001 002 004 000 003 000 002 005 000 000 000 001 036.
000 001 000 000 001 000 000 000 001 001 001 001
002 002 005 002 001 002 000 000 000 001 001 000 022.
000 001 000 000 000 000 001 001 000 000 000 000
003 006 004 002 002 002 003 005 001 002 000 000 033.
001 000 000 000 000 002 001 000 000 000 000 002
002 005 004 000 001 003 003 002 003 002 000 000 031.
000 002 000 001 000 000 000 000 000 001 000 001
002 003 005 000 002 002 000 002 000 001 000 000 022.
000 000 000 000 000 000 001 000 000 000 000 000
002 003 004 002 002 002 000 003 003 000 000 000 022.
000 000 000 000 000 000 000 000 001 000 000 000
001 002 004 001 002 001 001 002 000 000 000 002 017.
002 002 002 000 000 003 000 047 002 000 000 000
002 000 005 002 002 000 000 000 001 002 002 002 076.
003 002 000 000 000 000 000 002 000 000 000 000
000 002 002 000 004 001 003 004 001 000 000 000 024.
001 000 000 000 001 000 000 000 000 000 000 002
003 000 004 001 000 003 003 001 001 003 003 002 028.
003 002 002 002 000 000 000 000 000 002 002 001
001 /// 002 000 004 002 002 003 002 000 000 000 ///.
000 000 000 001 000 001 000 000 000 000 000 001
000 000 001 000 000 000 000 001 000 001 001 000 007.
000 001 000 000 005 003 002 011 002 000 000 000
000 000 002 002 002 002 002 003 001 001 000 001 040.
001 002 001 001 000 000 000 001 000 002 000 000
000 002 002 000 000 004 000 002 000 000 001 000 019.
001 001 000 000 001 000 000 000 000 000 000 003
003 004 008 000 000 003 003 002 002 003 000 000 034.
000 002 000 000 000 000 001 000 000 000 000 002
002 003 006 002 001 003 000 002 005 002 000 000 031.
000 001 000 001 000 000 001 000 001 000 000 002
002 000 010 003 002 001 004 004 000 000 000 000 032.
000 000 000 000 002 000 000 001 000 000 000 002
002 001 009 001 001 000 000 000 001 008 000 000 028.
000 000 000 002 002 004 001 000 000 000 000 001
003 003 006 002 000 003 003 002 000 002 000 002 036.
003 000 001 005 019 004 005 004 001 001 000 001
004 003 000 001 002 002 001 001 002 001 001 000 062.
003 000 000 000 001 000 001 001 001 000 001 002
002 003 004 002 002 002 003 000 000 007 000 000 035.
000 000 000 002 001 001 000 000 000 000 001 000
002 000 002 001 005 002 003 000 000 000 001 000 021.
001 000 001 001 000 001 000 000 000 000 000 001
001 000 003 006 002 002 001 000 000 000 002 000 022.
000 001 000 000 000 000 000 000 000 000 000 002
002 001 007 000 002 000 003 004 002 003 000 000 027.
000 000 000 000 000 000 001 000 000 000 000 003
003 002 004 002 002 002 002 003 000 000 002 002 028.
000 000 000 000 000 000 000 000 001 000 000 002
002 002 004 002 000 000 003 000 003 000 000 001 020.
000 000 001 000 000 000 000 000 000 000 000 000
001 000 003 004 002 000 001 001 000 001 000 001 015.
000 000 000 010 009 003 000 002 000 000 000 000
002 000 000 001 000 000 001 002 000 000 000 000 030.
000 000 000 000 000 002 000 000 000 000 000 002
000 001 001 002 002 004 000 000 000 000 000 000 014.
000 000 003 002 002 002 001 002 002 002 001 001
002 002 002 003 000 002 000 004 002 000 000 002 037=
Z=
G=
FN
108016 108011 108008 108009 108017 108018
108012 109051 110012 110024 110023 110020
110021 109031 109034 109032 109028 109033
109017 109020 109037 109027 110028 110025.
110035 111028 110022 111008 111005 111030
111012 111013 111005 111011 111012 111010
111006 110009 110020 110026 109020 109021
109017 109022 109018 110017 110016 110017.
110007 110019 110005 110006 110005 PPC000
110005 110004 110011 111004 PPC000 109004
109010 108012 108012 108011 108016 108006
108010 108007 109012 109017 109016 109013.
110005 110012 PPC002 110003 110010 110008
110014 110011 110003 110009 110006 PPC002
109012 108006 108020 108026 108028 108037
107028 107030 108017 108010 108009 109015.
109007 109018 109013 110006 PPC002 110005
PPC001 PPC000 PPC000 PPC000 110003 PPC002
108004 108012 107009 107010 107013 107023
107016 107009 107013 107025 108012 108009.
108011 109005 109003 109005 109006 PPC000
110005 109003 PPC002 110006 PPC002 109009
108009 107017 107017 107013 107010 107009
107009 107011 107019 107005 108008 108007.
108012 109006 109006 109008 PPC000 PPC000
109010 109007 109004 109007 109004 109004
108014 108006 107007 107013 107009 106009
106011 106014 106017 107011 107010 108004.
108008 108009 108006 PPC000 108005 108010
108005 108009 110005 108007 108007 PPC002
107009 107012 106017 106006 106013 106008
106007 106019 106017 107015 107011 108009.
107026 108017 108017 108032 109042 109016
109010 109012 109010 109009 109018 109020
108014 108015 108020 107026 107024 107036
107035 108036 108042 108055 108037 109024.
109047 109037 109026 110009 109013 109017
110004 110006 110004 110011 110009 110006
110017 110004 109015 109012 109020 108019
108026 108023 108013 108023 108011 109006.
109005 109005 PPC002 109003 109009 PPC002
109011 109004 109004 109008 109004 109005
108010 107006 107011 107011 107014 106023
107024 107015 108034 108017 108022 108018.
108017 108020 108031 109034 110020 110003
110009 110018 110024 110020 110014 110022
109008 109012 109014 109010 109014 108007
108032 107013 108006 108005 109009 109019.
109015 109005 109005 109014 109018 109008
109009 110009 110009 110003 110004 110012
110009 110010 110015 110011 110016 110017
110019 110013 110022 110013 110023 110016.
110024 110025 110026 111056 111051 111050
111034 111011 111003 111009 111008 111018
110006 110009 109003 108009 108029 108026
108023 108021 108026 109009 109014 109017.
110034 110024 110018 110020 110015 110015
110003 110008 110011 110013 110007 110005
110007 110009 110030 109024 109028 109039
109017 109017 109021 109016 109021 109014.
109041 109008 109008 109010 110011 110010
110007 110005 110003 110004 110005 109005
108011 108011 108013 107008 107026 107024
107017 107018 106017 107013 107011 108007.
109007 PPC002 109007 109004 PPC000 PPC000
PPC000 PPC002 PPC000 PPC001 PPC001 PPC001
108004 107008 107010 107028 107010 106015
106004 106010 106022 106011 PPC002 PPC002.
108006 109006 PPC000 PPC000 PPC000 109006
109006 109006 110007 110008 PPC000 PPC001
108005 107007 107014 107019 106017 106032
106019 106008 105005 106012 PPC000 107006.
108006 108003 PPC002 PPC000 PPC000 109004
109006 109003 109004 109005 109010 108008
107007 107006 106005 106012 106015 106008
106013 106007 PPC002 106012 107004 107006.
PPC000 PPC000 108003 108005 108013 108011
108009 108009 108007 108005 108011 108006
108008 107019 107015 107024 107015 107040
107025 107034 108038 108042 108044 108042.
109063 109028 110015 110060 110031 110040
110049 110009 111024 111021 111032 111020
111020 111022 111027 110025 110027 110027
110029 110017 110016 110018 110027 110010.
110020 111021 111010 111016 111013 111019
111006 111009 111008 111007 111025 111020
110015 110015 109017 109012 109018 108009
108010 108007 109014 108020 109024 110008.
110003 110008 110026 110008 110017 110014
110008 110005 PPC002 110003 110003 110006
110003 110003 110011 110020 109012 109015
109008 109007 109007 110028 110017 110008.
110009 110008 110015 110007 110010 110004
110005 110012 110011 110007 110009 PPC002
110012 110011 PPC000 PPC000 PPC000 PPC000
PPC000 PPC000 PPC000 PPC000 PPC000 PPC000.
PPC000 PPC000 PPC000 PPC000 PPC000 PPC000
PPC000 PPC000 PPC000 PPC000 PPC000 PPC000
PPC000 PPC000 238015 144019 245019 165017
170011 178022 275011 178018 198012 PPC001.
PPC000 164009 127003 PPC000 279009 024003
099006 266010 320005 172004 334004 178015
PPC001 133008 176026 154012 170027 181020
080012 212010 273005 020007 290007 182014.
117007 009007 214003 196004 330004 322006
PPC001 PPC000 209003 352007 312003 116005
082003 211005 132005 323004 213009 049005
087020 073011 360015 024023 045016 020009.
064005 003009 083003 300005 293003 PPC000
PPC002 PPC001 306006 356006 314004 PPC002
PPC000 PPC002 082009 069012 031021 032019
044012 047017 053022 046018 072018 028022.
062009 346022 012021 077014 333007 336009
337013 342013 347016 001005 039010 025008
049009 063024 042026 036020 049015 072016
023016 354015 011010 016011 343007 325003.
337004 190005 234007 188018 229007 272008
333011 316008 347008 301006 320014 321005
035034 061035 075020 058019 023023 085027
093022 296014 352009 276013 252022 297005.
267018 290011 271017 274018 265030 261025
258036 201030 227020 226027 192022 208014
155013 198016 208018 218026 175028 202032
179038 196032 190028 174018 188018 187016=
108012 108008 108007 108010 108013 108012
108011 109054 110015 110027 110020 110025
110015 109025 109030 109024 109030 109027
109022 109022 109033 109035 110028 110024.
110034 111027 110022 111008 111004 111020
111023 111015 111003 111010 111010 111008
111010 110011 110019 110026 109022 109019
109022 109018 109015 110015 110016 110015.
110009 110016 110005 110004 110007 PPC002
110005 110005 110010 111004 PPC001 109006
109011 108015 108009 108011 108014 108009
108012 108007 109014 109019 109012 109010.
110007 110010 PPC002 PPC002 110012 110009
110013 110010 PPC001 110008 110007 PPC001
109010 108007 108011 108023 108028 108030
107022 107024 108012 108009 108015 109012.
109010 109017 109011 110005 PPC002 110003
PPC000 110005 PPC000 PPC000 110003 109004
108004 108014 107011 107014 107013 107014
107021 107010 107012 107021 108013 108007.
108010 108006 PPC002 109004 109007 PPC000
109003 109004 PPC001 110005 PPC002 109008
108006 107014 107011 107012 107010 107008
107015 107012 107016 107007 108008 108007.
108008 109008 109004 109006 PPC002 PPC001
109006 109007 109006 109006 109006 109004
108009 108007 107006 107014 107012 106010
106015 106015 106013 107014 107011 108006.
108008 108009 108006 PPC000 108005 108008
PPC002 108007 110005 108003 108007 108005
107008 107014 106010 106006 106011 106009
106013 106016 106014 107014 107007 108010.
107020 108023 108025 108035 109039 109019
109018 109011 109009 109012 109018 109022
108014 108023 108022 107023 107023 107033
107028 108035 108037 108053 108034 109022.
109036 109027 109017 110013 109012 109017
110010 110006 PPC002 110015 110008 110006
110008 110004 109012 109009 109027 108014
108027 108020 107019 108022 108012 109009.
109008 PPC002 PPC001 109004 109004 109003
109011 109004 109005 109006 PPC002 109009
108012 107005 107007 107014 107014 106014
107017 107012 108036 108018 108026 108018.
108013 108021 108027 109030 110028 109008
110010 110018 110020 110019 110012 110013
109009 109011 109012 109010 109012 108011
108018 107010 107013 108011 108006 109021.
109015 109005 109008 109015 109015 109007
109011 110008 110011 PPC002 110006 110007
110011 110013 110015 110011 110014 110016
110017 110018 110023 110020 110019 110016.
110025 110022 110025 111040 111053 111040
111036 111012 111005 111009 111011 111011
110009 110012 109009 108011 108025 108023
108012 108015 108020 109015 109013 109021.
110036 110024 110021 110018 110017 110014
110005 110007 110009 110016 110008 110006
110005 110010 110023 109021 109023 109032
109020 109018 109019 109014 109021 109014.
109025 109009 109010 109016 110013 110013
110011 110007 PPC002 110004 110004 109005
108010 108006 108014 107014 107016 107017
107013 107015 107011 107016 107011 108007.
109007 109004 109005 109004 PPC000 PPC002
PPC001 PPC002 PPC000 PPC002 PPC002 109003
108007 107005 107014 107019 107013 106012
106014 106015 106016 106005 PPC002 108003.
108006 108004 PPC002 PPC000 PPC000 109005
109006 109005 110005 110004 PPC001 PPC000
108003 107004 107008 107014 106016 106022
106015 106017 105007 106010 PPC002 107006.
108006 PPC002 108005 PPC002 PPC001 PPC001
109007 109004 PPC002 109006 109008 108008
107009 107004 106004 106013 106015 106012
106009 106007 106003 106007 107005 107008.
PPC000 PPC000 108003 PPC002 108013 108015
108009 108009 108006 108005 108008 108007
108009 107019 107020 107018 107015 107029
107039 107029 107030 108042 108041 108035.
109045 109032 110022 110050 110044 110045
110040 110021 111032 111020 111033 111016
111028 111020 111028 110024 110027 110040
110026 110020 110022 110015 110024 110010.
110018 111012 111011 111017 111012 111017
111008 111013 111007 111008 111018 111020
110008 110012 109013 109013 109014 109008
108013 108003 109010 108010 109018 110007.
110003 110009 110016 110010 110016 110012
110007 110004 PPC001 PPC002 PPC002 110008
110003 PPC001 110011 110018 109013 109016
109010 109008 109006 110020 110013 110011.
110010 110007 110013 110011 110007 110008
110009 110012 110012 110005 110009 110007
110010 110012 PPC000 PPC000 PPC000 PPC000
PPC000 PPC000 PPC000 PPC000 PPC000 PPC000.
PPC000 PPC000 PPC000 PPC000 PPC000 PPC000
PPC000 PPC000 PPC000 PPC000 PPC000 PPC000
PPC000 PPC000 262015 134020 191022 171025
173018 181017 256010 182021 191015 200004.
PPC000 091005 105004 PPC000 282009 019004
088005 274010 PPC002 141006 PPC002 178015
197003 163013 187026 167019 164017 149019
104011 241006 240006 033010 326010 204007.
220013 358008 178005 193007 PPC002 321006
PPC001 PPC000 PPC002 PPC002 319006 080004
PPC002 275003 144005 239008 187009 030005
039012 063012 011012 012016 032017 030014.
071006 006006 097003 317006 293003 PPC000
PPC001 309003 309005 354005 352003 PPC001
PPC002 PPC002 050008 061018 026028 034018
056019 053017 041020 039022 049026 053016.
066011 350021 016025 078017 332009 340009
332013 338014 344017 359008 038012 032011
052014 050017 041020 039023 055017 070019
037015 008015 017017 018018 352007 315004.
324005 199003 229007 180012 234008 281010
329012 311008 322006 300007 336008 332004
040030 058033 076026 067019 015018 071022
081019 318010 343010 288009 264014 289009.
274018 283017 273017 265021 266028 262027
260028 214028 215019 234024 187025 208013
165017 220013 212017 227022 176028 202031
198026 201034 192031 173023 194022 189014=
054109 0357 089109 0354
042111 2111 057111 2104
025109 1032 040108 1217
034108 1402 052108 1309
027107 1755 066107 1746
024107 1440 037107 1436
023106 1348 040107 1346
024108 1927 038106 1542
053108 1800 077108 1834
051109 2135 076109 2128
042108 1628 066108 1622
039110 0049 072110 0041
032110 1646 048110 1640
054111 0102 095111 0054
038110 2034 054109 1246
044109 2044 065109 2045
029106 1442 048106 1439
024106 1342 040106 1340
020106 1316 029106 1313
044108 1757 090109 1810
055109 2103 087110 0134
034110 2047 063110 2046
024110 2313 040110 1759
016110 2305 029110 2313
027278 1229 041310 1223
031182 1340 043323 1335
020034 1807 034038 1758
033049 1853 058355 1836
033070 1316 055161 1304
040077 1014 093356 0906
042202 1546 066321 0232=
DB
0261 0250 0244 0241 0248 0249 0243 0218 0177 0176 0177 0177
0192 0270 0233 0243 0245 0258 0234 0221 0205 0196 0191 0155 0292 1115 0155 2000.
0156 0139 0143 0139 0139 0131 0128 0131 0134 0131 0129 0135
0149 0185 0262 0299 0359 0281 0322 0340 0241 0220 0192 0176 0377 1250 0127 0257.
0165 0168 0159 0153 0153 0143 0144 0143 0142 0132 0148 0250
0295 0348 0376 0380 0353 0349 0331 0285 0266 0238 0213 0192 0391 1339 0130 0619.
0185 0184 0173 0168 0166 0160 0159 0156 0149 0149 0163 0206
0242 0327 0373 0358 0411 0405 0424 0369 0351 0324 0254 0209 0443 1523 0147 0529.
0194 0187 0169 0159 0152 0149 0142 0136 0131 0126 0147 0252
0328 0372 0407 0452 0446 0453 0440 0428 0377 0329 0274 0229 0484 1337 0000 0936.
0229 0213 0190 0180 0176 0173 0172 0175 0166 0164 0186 0255
0316 0346 0386 0444 0392 0413 0369 0362 0319 0295 0260 0234 0464 1342 0162 0554.
0219 0217 0222 0226 0198 0213 0202 0185 0187 0197 0214 0238
0269 0319 0358 0424 0458 0436 0452 0430 0380 0336 0292 0266 0472 1241 0184 0354.
0238 0242 0241 0241 0241 0237 0238 0235 0171 0230 0229 0276
0337 0372 0423 0436 0460 0476 0431 0412 0381 0331 0280 0277 0484 1326 0170 0449.
0279 0270 0264 0251 0224 0225 0218 0220 0222 0223 0228 0249
0254 0272 0330 0343 0338 0372 0305 0292 0265 0260 0241 0229 0399 1341 0216 0441.
0231 0226 0205 0196 0196 0192 0191 0191 0187 0183 0187 0189
0196 0221 0227 0246 0310 0305 0386 0311 0299 0276 0252 0223 0408 1446 0182 0621.
0213 0203 0204 0203 0201 0200 0196 0194 0191 0190 0198 0243
0300 0406 0402 0463 0467 0407 0398 0349 0302 0287 0254 0240 0476 1255 0189 0626.
0232 0231 0228 0202 0183 0188 0185 0177 0175 0175 0180 0191
0218 0259 0226 0227 0261 0306 0338 0320 0307 0281 0237 0216 0361 1540 0173 0520.
0210 0205 0204 0203 0197 0196 0191 0188 0181 0183 0183 0186
0184 0180 0180 0188 0188 0198 0190 0198 0214 0181 0176 0171 0217 2002 0171 1954.
0168 0167 0164 0156 0146 0141 0134 0134 0139 0139 0147 0156
0190 0231 0294 0346 0388 0370 0410 0355 0346 0270 0224 0202 0423 1317 0133 0334.
0189 0184 0180 0174 0166 0165 0168 0165 0163 0162 0165 0174
0190 0208 0226 0255 0266 0275 0313 0282 0237 0222 0201 0191 0313 1500 0161 0555.
0194 0180 0178 0172 0168 0160 0153 0148 0140 0136 0165 0217
0296 0356 0431 0444 0428 0400 0371 0422 0402 0298 0255 0209 0472 1243 0135 0524.
0194 0186 0180 0176 0167 0158 0151 0146 0142 0139 0163 0241
0314 0355 0417 0447 0456 0468 0470 0438 0408 0333 0279 0228 0482 1432 0138 0604.
0209 0198 0191 0183 0178 0173 0170 0168 0163 0160 0180 0247
0316 0376 0430 0460 0482 0463 0480 0445 0434 0314 0283 0246 0505 1332 0160 0556.
0230 0221 0218 0213 0206 0200 0196 0190 0185 0182 0204 0267
0353 0405 0437 0479 0415 0449 0359 0357 0354 0336 0285 0245 0484 1206 0181 0606.
0231 0223 0221 0220 0232 0238 0229 0234 0229 0218 0224 0250
0292 0319 0335 0365 0364 0364 0399 0338 0282 0211 0222 0226 0425 1227 0208 1812.
0196 0197 0193 0180 0175 0167 0166 0166 0160 0157 0153 0154
0152 0165 0167 0177 0181 0169 0174 0169 0164 0160 0149 0146 0225 2001 0145 1956.
0143 0147 0144 0142 0140 0138 0136 0131 0130 0127 0141 0164
0186 0238 0347 0331 0379 0377 0375 0276 0271 0258 0215 0173 0407 1422 0125 0605.
0162 0157 0160 0160 0158 0153 0152 0153 0154 0156 0161 0166
0177 0209 0204 0224 0285 0281 0275 0242 0222 0197 0184 0174 0315 1324 0147 0243.
0167 0164 0161 0160 0158 0156 0156 0155 0155 0155 0158 0175
0172 0183 0209 0362 0274 0378 0321 0304 0219 0205 0195 0172 0403 1353 0154 0516.
0165 0165 0164 0162 0156 0149 0137 0137 0125 0124 0153 0226
0279 0352 0412 0387 0393 0406 0389 0383 0361 0288 0245 0207 0438 1405 0123 0518.
0191 0184 0191 0179 0168 0164 0160 0157 0156 0152 0185 0223
0278 0350 0392 0429 0425 0429 0397 0343 0281 0258 0258 0223 0458 1233 0151 0608.
0214 0197 0190 0182 0176 0172 0167 0163 0164 0160 0187 0251
0329 0360 0379 0361 0320 0380 0350 0334 0323 0281 0275 0235 0399 1123 0160 0600.
0214 0201 0217 0218 0217 0216 0215 0214 0212 0211 0214 0223
0227 0244 0262 0312 0343 0288 0278 0265 0261 0235 0229 0225 0351 1253 0200 2207.
0205 0199 0196 0191 0193 0194 0195 0194 0193 0195 0195 0198
0199 0201 0210 0212 0209 0234 0234 0275 0261 0230 0223 0213 0290 1605 0191 0000.
0209 0207 0206 0203 0201 0201 0199 0199 0198 0197 0198 0200
0193 0184 0191 0208 0259 0307 0224 0223 0223 0209 0200 0193 0319 1326 0183 1006.
0186 0183 0175 0169 0165 0161 0159 0155 0153 0150 0171 0201
0243 0298 0273 0292 0292 0304 0267 0332 0258 0241 0217 0200 0344 1411 0147 0617=
0265 0259 0253 0248 0244 0240 0237 0234 0229 0220 0213 0208
0205 0211 0219 0220 0219 0221 0218 0214 0209 0203 0197 0192.
0188 0182 0178 0175 0165 0166 0164 0163 0162 0161 0160 0159
0161 0168 0178 0198 0221 0231 0237 0244 0240 0230 0219 0209.
0200 0194 0188 0184 0181 0177 0174 0172 0169 0166 0164 0167
0184 0204 0226 0240 0249 0257 0259 0253 0244 0235 0226 0217.
0210 0204 0200 0196 0191 0187 0183 0180 0177 0175 0173 0176
0185 0200 0225 0246 0266 0283 0295 0299 0291 0279 0264 0249.
0236 0226 0217 0209 0203 0197 0192 0187 0182 0178 0175 0179
0197 0221 0248 0274 0292 0307 0315 0316 0310 0298 0283 0268.
0257 0248 0239 0230 0223 0217 0212 0208 0205 0201 0199 0203
0214 0231 0250 0268 0282 0287 0287 0287 0282 0274 0265 0256.
0247 0239 0236 0233 0229 0225 0223 0218 0214 0213 0212 0214
0220 0227 0238 0258 0280 0292 0299 0305 0303 0296 0285 0274.
0265 0259 0253 0249 0246 0243 0240 0238 0177 0233 0232 0233
0241 0255 0271 0286 0297 0309 0312 0311 0309 0303 0292 0282.
0274 0268 0262 0258 0252 0244 0233 0229 0228 0228 0228 0229
0234 0237 0247 0263 0270 0274 0278 0270 0261 0254 0245 0236.
0229 0224 0220 0217 0216 0215 0211 0210 0206 0204 0203 0202
0202 0205 0213 0216 0226 0238 0257 0266 0264 0257 0249 0240.
0233 0226 0222 0219 0216 0214 0212 0210 0208 0206 0204 0208
0220 0235 0257 0278 0294 0305 0296 0295 0281 0274 0263 0250.
0242 0235 0229 0223 0218 0214 0212 0208 0205 0201 0200 0200
0204 0213 0218 0218 0222 0232 0240 0248 0251 0247 0240 0231.
0223 0218 0215 0212 0209 0207 0205 0204 0202 0200 0199 0198
0198 0197 0196 0196 0199 0200 0201 0202 0202 0200 0196 0192.
0189 0187 0185 0182 0176 0172 0167 0162 0162 0162 0162 0164
0169 0178 0197 0228 0246 0261 0269 0267 0262 0252 0239 0227.
0216 0208 0202 0197 0194 0192 0190 0188 0186 0184 0182 0182
0184 0190 0196 0205 0212 0221 0228 0232 0227 0220 0214 0207.
0201 0196 0194 0191 0187 0184 0181 0178 0174 0171 0170 0177
0192 0213 0236 0257 0276 0286 0287 0283 0281 0271 0259 0248.
0236 0227 0219 0213 0207 0202 0196 0191 0187 0183 0180 0186
0203 0224 0241 0265 0285 0300 0310 0312 0306 0295 0283 0269.
0256 0245 0235 0228 0221 0215 0210 0206 0202 0198 0196 0200
0214 0234 0254 0279 0301 0318 0328 0328 0322 0309 0294 0281.
0269 0259 0251 0244 0239 0233 0228 0223 0219 0215 0213 0217
0232 0253 0273 0293 0305 0309 0309 0301 0297 0294 0285 0274.
0264 0255 0249 0244 0240 0238 0236 0234 0233 0231 0229 0229
0235 0244 0254 0262 0275 0279 0290 0295 0284 0271 0256 0245.
0238 0231 0224 0206 0191 0192 0188 0188 0188 0186 0184 0182
0178 0179 0181 0185 0188 0188 0187 0186 0184 0182 0180 0176.
0173 0170 0169 0168 0166 0165 0163 0163 0161 0159 0157 0160
0169 0180 0200 0219 0236 0246 0260 0250 0243 0238 0230 0218.
0207 0199 0192 0187 0184 0180 0177 0175 0174 0174 0174 0174
0176 0179 0184 0189 0199 0212 0219 0217 0212 0206 0200 0194.
0189 0185 0182 0179 0177 0175 0174 0172 0171 0169 0169 0170
0172 0173 0178 0194 0217 0239 0249 0242 0233 0219 0210 0201.
0195 0190 0187 0184 0181 0177 0172 0168 0165 0162 0160 0167
0188 0211 0237 0256 0270 0280 0285 0286 0280 0269 0256 0244.
0232 0223 0216 0212 0206 0200 0196 0192 0188 0185 0183 0191
0208 0224 0242 0268 0288 0301 0307 0301 0286 0270 0260 0251.
0241 0233 0226 0219 0213 0208 0204 0200 0196 0193 0191 0197
0213 0232 0250 0262 0266 0263 0271 0270 0268 0264 0256 0248.
0238 0230 0226 0224 0222 0221 0219 0218 0217 0215 0214 0214
0216 0218 0223 0230 0244 0248 0246 0244 0240 0235 0229 0224.
0220 0216 0212 0202 0197 0197 0198 0199 0199 0199 0198 0199
0199 0200 0202 0206 0209 0210 0215 0222 0231 0230 0225 0220.
0216 0213 0211 0209 0207 0206 0204 0203 0202 0201 0201 0200
0200 0199 0198 0199 0204 0224 0229 0223 0220 0217 0212 0207.
0204 0199 0196 0192 0189 0186 0182 0179 0175 0173 0171 0176
0187 0200 0213 0226 0238 0247 0245 0243 0241 0233 0224 0217=
0268 0263 0259 0255 0251 0248 0245 0242 0239 0235 0230 0225
0221 0220 0223 0225 0225 0225 0225 0223 0221 0218 0214 0210.
0206 0203 0199 0196 0186 0185 0183 0181 0179 0178 0177 0175
0175 0176 0180 0188 0200 0213 0220 0226 0231 0229 0225 0219.
0213 0208 0204 0200 0197 0194 0191 0188 0185 0183 0181 0179
0183 0192 0203 0216 0225 0243 0240 0242 0240 0237 0232 0226.
0221 0216 0212 0209 0205 0202 0198 0195 0193 0190 0188 0187
0189 0194 0203 0218 0230 0245 0257 0267 0270 0268 0263 0256.
0247 0239 0232 0226 0220 0215 0210 0206 0202 0198 0194 0192
0195 0204 0218 0234 0250 0264 0275 0283 0286 0285 0280 0272.
0264 0257 0251 0244 0238 0233 0228 0224 0220 0217 0214 0212
0214 0220 0230 0240 0253 0260 0267 0269 0270 0268 0265 0260.
0254 0250 0244 0241 0238 0235 0232 0229 0226 0224 0222 0221
0222 0225 0230 0237 0250 0262 0271 0278 0283 0283 0280 0275.
0269 0264 0259 0255 0252 0250 0247 0245 0189 0241 0239 0238
0239 0244 0251 0261 0270 0279 0286 0290 0292 0291 0288 0283.
0277 0273 0268 0265 0261 0256 0245 0240 0239 0238 0237 0237
0237 0239 0242 0249 0256 0261 0265 0266 0263 0259 0255 0249.
0244 0239 0235 0232 0229 0227 0225 0223 0220 0218 0216 0214
0214 0214 0216 0219 0222 0228 0236 0247 0252 0253 0250 0246.
0241 0237 0233 0230 0228 0225 0223 0221 0220 0218 0216 0215
0218 0224 0236 0248 0261 0272 0277 0278 0276 0272 0267 0260.
0253 0248 0243 0238 0234 0230 0226 0224 0220 0217 0215 0213
0213 0215 0219 0221 0222 0226 0231 0237 0242 0244 0242 0238.
0234 0230 0226 0224 0221 0219 0217 0215 0214 0212 0211 0210
0209 0208 0207 0206 0206 0207 0208 0208 0208 0209 0207 0205.
0202 0200 0198 0196 0193 0190 0186 0181 0179 0178 0178 0177
0179 0182 0189 0201 0216 0230 0240 0247 0249 0248 0242 0236.
0229 0223 0217 0213 0209 0206 0204 0202 0200 0198 0196 0195
0194 0196 0199 0202 0207 0212 0218 0223 0224 0223 0220 0216.
0213 0209 0206 0204 0201 0199 0196 0193 0193 0188 0186 0186
0190 0199 0211 0225 0239 0251 0259 0263 0265 0264 0259 0253.
0246 0239 0233 0227 0223 0218 0214 0209 0205 0202 0199 0197
0201 0210 0220 0233 0248 0262 0274 0282 0285 0284 0279 0273.
0264 0256 0249 0243 0237 0232 0227 0223 0219 0215 0212 0211
0214 0221 0232 0245 0261 0276 0289 0297 0300 0298 0291 0284.
0276 0268 0262 0256 0251 0246 0242 0238 0234 0230 0227 0226
0229 0237 0248 0261 0273 0281 0287 0287 0285 0285 0282 0277.
0271 0265 0259 0255 0251 0248 0245 0243 0241 0240 0238 0237
0237 0240 0245 0251 0258 0264 0269 0276 0277 0273 0266 0258.
0252 0246 0241 0220 0206 0209 0206 0206 0205 0204 0202 0200
0196 0195 0195 0196 0198 0198 0198 0198 0197 0196 0194 0192.
0190 0188 0186 0184 0183 0181 0180 0179 0177 0176 0174 0174
0176 0180 0188 0200 0211 0223 0232 0237 0236 0235 0232 0227.
0220 0214 0209 0204 0201 0198 0194 0192 0190 0188 0187 0187
0187 0187 0190 0192 0196 0203 0209 0213 0213 0211 0208 0205.
0201 0198 0195 0193 0191 0189 0187 0186 0184 0183 0182 0182
0182 0183 0184 0187 0199 0211 0224 0229 0229 0224 0218 0213.
0208 0204 0200 0198 0195 0192 0189 0186 0183 0180 0178 0177
0183 0193 0206 0221 0234 0245 0254 0261 0263 0262 0257 0250.
0242 0235 0229 0225 0220 0216 0212 0208 0205 0202 0199 0199
0203 0210 0220 0234 0249 0263 0273 0278 0276 0270 0262 0256.
0250 0244 0238 0233 0228 0224 0219 0216 0212 0209 0207 0206
0210 0218 0229 0239 0246 0249 0253 0256 0257 0257 0255 0251.
0246 0240 0236 0233 0231 0229 0227 0226 0224 0223 0222 0221
0221 0221 0223 0226 0231 0238 0240 0240 0240 0238 0235 0232.
0229 0226 0223 0214 0211 0209 0209 0209 0208 0208 0207 0207
0207 0207 0207 0209 0211 0212 0214 0217 0222 0226 0225 0224.
0222 0220 0218 0216 0215 0214 0212 0211 0210 0209 0209 0208
0208 0207 0206 0206 0207 0213 0221 0222 0221 0220 0218 0215.
0213 0210 0208 0205 0202 0200 0197 0195 0192 0190 0188 0187
0190 0195 0203 0210 0219 0227 0232 0233 0235 0233 0229 0225=
0245 0244 0243 0241 0240 0238 0237 0235 0234 0232 0230 0229
0226 0225 0223 0222 0221 0221 0220 0220 0219 0218 0217 0216.
0215 0213 0211 0209 0207 0204 0202 0200 0198 0196 0195 0193
0192 0191 0190 0190 0190 0192 0195 0198 0202 0205 0207 0208.
0208 0207 0206 0205 0203 0202 0200 0198 0197 0195 0194 0193
0191 0191 0191 0193 0196 0207 0203 0206 0209 0211 0212 0213.
0212 0211 0210 0209 0207 0206 0204 0203 0201 0199 0198 0196
0195 0194 0194 0195 0198 0201 0206 0211 0216 0221 0224 0226.
0226 0225 0224 0222 0220 0218 0215 0213 0211 0209 0206 0204
0203 0201 0201 0203 0206 0211 0216 0222 0227 0231 0235 0237.
0237 0237 0235 0234 0232 0230 0228 0225 0223 0221 0219 0217
0216 0215 0214 0215 0217 0220 0224 0227 0230 0233 0234 0235.
0235 0234 0233 0232 0231 0229 0228 0226 0225 0224 0222 0221
0220 0219 0219 0219 0220 0223 0226 0230 0234 0238 0240 0242.
0243 0243 0242 0241 0240 0239 0237 0236 0193 0234 0233 0232
0231 0230 0230 0231 0233 0236 0239 0243 0246 0249 0251 0252.
0252 0252 0251 0250 0248 0247 0246 0243 0241 0239 0237 0236
0235 0234 0234 0233 0234 0235 0237 0239 0240 0241 0241 0241.
0240 0238 0236 0234 0233 0231 0229 0228 0226 0225 0223 0222
0220 0219 0219 0218 0218 0218 0219 0221 0223 0226 0228 0230.
0230 0230 0229 0228 0227 0226 0225 0224 0222 0221 0220 0219
0218 0218 0218 0220 0223 0226 0230 0234 0238 0240 0241 0241.
0241 0240 0238 0236 0234 0233 0231 0229 0227 0225 0224 0222
0220 0219 0218 0218 0218 0219 0219 0220 0221 0223 0225 0225.
0226 0225 0225 0224 0223 0221 0220 0219 0218 0217 0216 0215
0214 0213 0212 0212 0211 0210 0210 0210 0210 0209 0209 0209.
0208 0207 0206 0205 0204 0203 0201 0199 0197 0196 0194 0193
0192 0192 0192 0192 0194 0197 0201 0206 0210 0214 0216 0217.
0218 0217 0216 0215 0213 0211 0210 0208 0207 0206 0205 0203
0202 0201 0201 0201 0201 0202 0203 0205 0206 0208 0209 0209.
0209 0209 0208 0207 0206 0205 0204 0202 0201 0200 0199 0198
0197 0196 0197 0199 0202 0206 0210 0215 0219 0222 0225 0226.
0226 0226 0225 0223 0222 0220 0218 0216 0214 0212 0210 0209
0207 0206 0206 0208 0210 0214 0219 0224 0229 0233 0236 0238.
0239 0238 0237 0235 0233 0231 0229 0227 0225 0223 0221 0219
0217 0218 0216 0218 0220 0224 0229 0234 0239 0244 0247 0249.
0249 0248 0247 0245 0243 0241 0239 0237 0235 0233 0231 0230
0228 0227 0227 0229 0231 0235 0239 0242 0245 0247 0248 0249.
0250 0249 0248 0246 0245 0243 0241 0240 0238 0237 0236 0235
0234 0233 0233 0233 0234 0236 0238 0240 0242 0244 0245 0245.
0244 0242 0240 0238 0233 0229 0227 0224 0221 0220 0218 0216
0214 0212 0211 0210 0209 0208 0208 0207 0206 0206 0205 0204.
0204 0202 0201 0200 0199 0198 0197 0195 0195 0193 0192 0191
0191 0190 0190 0191 0193 0196 0199 0203 0207 0210 0211 0212.
0212 0212 0211 0210 0208 0206 0205 0203 0202 0200 0199 0198
0197 0196 0196 0196 0196 0196 0197 0199 0200 0202 0202 0203.
0202 0202 0201 0200 0199 0198 0197 0196 0195 0194 0193 0192
0192 0191 0191 0191 0191 0192 0195 0198 0201 0204 0205 0205.
0205 0204 0203 0202 0201 0200 0198 0197 0196 0194 0193 0192
0191 0190 0191 0193 0197 0201 0205 0210 0214 0218 0221 0223.
0223 0223 0221 0220 0218 0217 0215 0213 0211 0210 0208 0207
0205 0205 0205 0207 0209 0213 0218 0223 0227 0230 0232 0232.
0232 0231 0230 0228 0226 0224 0223 0221 0219 0217 0215 0214
0212 0212 0212 0214 0216 0219 0221 0223 0225 0227 0229 0229.
0230 0229 0228 0227 0226 0225 0224 0223 0222 0221 0221 0220
0219 0218 0218 0218 0218 0219 0220 0221 0223 0223 0223 0223.
0223 0222 0221 0220 0217 0216 0215 0214 0213 0212 0211 0210
0210 0209 0209 0209 0208 0208 0209 0209 0210 0211 0212 0213.
0213 0214 0213 0213 0213 0212 0211 0211 0211 0210 0210 0209
0209 0208 0208 0208 0207 0207 0207 0209 0210 0210 0211 0211.
0211 0210 0210 0209 0208 0207 0206 0204 0203 0202 0201 0200
0198 0198 0198 0199 0200 0203 0205 0208 0210 0211 0213 0213=
0254 0251 0248 0245 0243 0240 0238 0236 0234 0231 0229 0225
0223 0220 0219 0219 0219 0219 0219 0218 0217 0216 0214 0211.
0209 0206 0204 0201 0197 0193 0191 0189 0187 0185 0184 0182
0181 0180 0180 0182 0186 0192 0198 0204 0209 0212 0212 0211.
0209 0206 0204 0201 0198 0196 0194 0192 0190 0188 0186 0184
0183 0185 0188 0194 0200 0203 0212 0217 0219 0220 0219 0217.
0215 0212 0210 0207 0205 0202 0200 0197 0195 0193 0191 0190
0189 0189 0191 0196 0203 0211 0219 0227 0234 0238 0239 0238.
0235 0231 0227 0223 0219 0216 0212 0209 0205 0202 0199 0197
0195 0196 0200 0206 0215 0224 0233 0241 0247 0251 0253 0251.
0249 0245 0241 0238 0234 0230 0227 0223 0220 0218 0215 0213
0211 0212 0214 0219 0224 0231 0236 0240 0243 0245 0245 0244.
0242 0239 0237 0234 0232 0230 0227 0226 0224 0221 0220 0218
0217 0217 0218 0221 0225 0231 0238 0244 0250 0253 0255 0255.
0253 0251 0248 0246 0243 0241 0239 0238 0191 0235 0233 0232
0231 0231 0233 0237 0242 0248 0253 0258 0262 0264 0265 0264.
0262 0259 0257 0254 0252 0249 0245 0240 0238 0236 0235 0233
0233 0232 0233 0234 0237 0241 0244 0246 0247 0246 0245 0243.
0240 0237 0234 0231 0229 0227 0225 0223 0221 0219 0217 0215
0214 0213 0213 0214 0214 0216 0220 0224 0229 0233 0234 0234.
0233 0231 0229 0227 0225 0223 0221 0220 0218 0217 0216 0214
0214 0215 0218 0223 0230 0237 0244 0248 0251 0251 0250 0249.
0245 0242 0239 0236 0232 0230 0227 0224 0222 0220 0217 0215
0214 0213 0214 0215 0215 0216 0219 0221 0224 0227 0228 0228.
0227 0225 0223 0221 0219 0218 0216 0214 0213 0212 0210 0209
0208 0208 0207 0206 0205 0205 0205 0205 0205 0205 0205 0204.
0203 0201 0200 0198 0197 0194 0192 0189 0186 0185 0184 0183
0182 0182 0184 0187 0194 0201 0209 0216 0221 0224 0225 0224.
0221 0219 0215 0212 0210 0207 0205 0203 0201 0200 0198 0197
0195 0195 0195 0196 0198 0200 0203 0206 0209 0210 0210 0210.
0208 0206 0205 0203 0201 0200 0198 0196 0195 0192 0191 0189
0189 0190 0194 0200 0208 0216 0223 0229 0233 0236 0237 0236.
0234 0231 0227 0224 0221 0218 0215 0212 0209 0206 0203 0201
0200 0201 0205 0210 0217 0225 0233 0241 0247 0251 0253 0252.
0249 0246 0242 0238 0234 0230 0227 0224 0220 0218 0215 0213
0212 0211 0215 0220 0228 0236 0245 0254 0260 0263 0264 0263.
0260 0256 0253 0249 0245 0242 0239 0236 0233 0230 0228 0225
0224 0225 0228 0234 0240 0247 0253 0257 0259 0260 0260 0259.
0257 0255 0251 0248 0245 0243 0240 0239 0237 0235 0234 0233
0232 0232 0233 0235 0238 0241 0245 0249 0252 0254 0252 0250.
0246 0243 0239 0230 0216 0217 0214 0213 0211 0210 0208 0206
0203 0201 0200 0200 0199 0200 0199 0199 0199 0198 0197 0196.
0195 0193 0191 0190 0189 0187 0186 0185 0184 0182 0181 0180
0180 0180 0182 0186 0192 0198 0205 0211 0215 0216 0217 0216.
0214 0211 0209 0206 0203 0200 0198 0196 0194 0192 0191 0190
0189 0189 0189 0189 0190 0193 0196 0199 0201 0202 0202 0201.
0199 0198 0196 0194 0193 0191 0190 0189 0187 0186 0185 0184
0184 0183 0183 0184 0187 0192 0198 0204 0208 0210 0209 0207.
0204 0202 0200 0198 0196 0194 0192 0190 0188 0186 0184 0182
0182 0184 0189 0195 0203 0211 0218 0224 0230 0233 0234 0233.
0230 0227 0224 0221 0218 0215 0212 0209 0206 0204 0202 0200
0200 0201 0204 0209 0216 0225 0233 0240 0244 0245 0244 0241.
0239 0235 0232 0229 0226 0223 0219 0217 0214 0211 0209 0207
0207 0208 0211 0216 0221 0226 0229 0232 0234 0236 0236 0236.
0235 0232 0230 0227 0225 0224 0222 0221 0220 0219 0218 0217
0216 0216 0216 0216 0218 0221 0223 0225 0226 0226 0226 0224.
0223 0221 0219 0215 0212 0210 0209 0208 0207 0207 0206 0205
0205 0204 0204 0204 0205 0205 0206 0208 0209 0212 0213 0214.
0214 0213 0212 0211 0210 0209 0209 0208 0207 0206 0206 0205
0205 0204 0204 0203 0203 0204 0206 0209 0210 0211 0210 0210.
0209 0207 0206 0204 0203 0201 0199 0198 0196 0194 0192 0191
0190 0191 0193 0197 0201 0205 0210 0213 0215 0217 0217 0216=
0217 0218 0219 0220 0219 0218 0219 0220 0220 0221 0220 0220
0219 0215 0215 0214 0214 0213 0213 0213 0213 0213 0213 0213.
0213 0214 0213 0212 0212 0211 0210 0209 0208 0207 0206 0205
0203 0201 0199 0197 0194 0195 0194 0195 0196 0198 0199 0200.
0202 0202 0203 0203 0203 0203 0203 0202 0202 0201 0201 0199
0196 0194 0192 0192 0191 0191 0192 0193 0195 0197 0198 0199.
0201 0201 0202 0202 0202 0202 0202 0202 0202 0201 0200 0199
0197 0195 0192 0192 0191 0191 0191 0193 0194 0196 0199 0202.
0204 0206 0207 0208 0208 0209 0209 0209 0208 0208 0207 0204
0200 0198 0196 0195 0194 0194 0195 0196 0198 0200 0203 0206.
0208 0210 0212 0213 0214 0214 0214 0214 0213 0213 0212 0210
0207 0205 0204 0202 0202 0202 0204 0204 0206 0207 0209 0212.
0213 0214 0214 0215 0215 0215 0215 0215 0215 0215 0214 0213
0211 0210 0208 0206 0205 0205 0206 0206 0208 0210 0213 0215.
0217 0218 0219 0220 0220 0220 0220 0220 0195 0220 0220 0219
0217 0216 0214 0213 0213 0213 0214 0215 0216 0219 0221 0223.
0224 0225 0226 0227 0224 0228 0231 0229 0229 0228 0227 0226
0225 0224 0223 0221 0220 0220 0221 0222 0223 0224 0225 0226.
0226 0226 0227 0227 0227 0226 0227 0226 0226 0225 0224 0223
0223 0221 0219 0218 0216 0215 0214 0214 0214 0215 0216 0218.
0219 0221 0221 0221 0221 0221 0221 0221 0221 0220 0220 0218
0216 0214 0212 0211 0211 0210 0212 0213 0216 0219 0220 0221.
0223 0223 0224 0224 0225 0226 0226 0226 0225 0225 0224 0223
0222 0220 0219 0218 0217 0215 0214 0214 0214 0215 0216 0218.
0218 0219 0219 0219 0219 0219 0219 0219 0219 0218 0218 0217
0217 0216 0216 0216 0215 0214 0214 0213 0213 0213 0212 0213.
0212 0212 0212 0212 0211 0211 0211 0210 0209 0208 0207 0206
0204 0202 0200 0197 0196 0196 0196 0197 0199 0201 0203 0205.
0207 0208 0209 0209 0210 0210 0210 0210 0210 0209 0209 0208
0207 0206 0205 0203 0203 0201 0201 0201 0203 0203 0204 0205.
0205 0206 0206 0206 0206 0206 0207 0206 0206 0206 0205 0203
0200 0199 0197 0196 0195 0194 0195 0197 0198 0200 0202 0206.
0209 0210 0212 0212 0213 0214 0214 0214 0214 0213 0213 0210
0207 0205 0203 0201 0200 0200 0201 0202 0204 0205 0208 0212.
0215 0217 0218 0219 0220 0220 0220 0220 0220 0219 0218 0216
0213 0211 0209 0207 0207 0204 0207 0208 0209 0212 0216 0219.
0221 0222 0224 0224 0225 0225 0225 0225 0225 0225 0224 0222
0220 0217 0215 0216 0214 0215 0215 0216 0217 0218 0224 0224.
0226 0227 0228 0228 0228 0227 0227 0227 0227 0227 0227 0226
0224 0223 0221 0221 0221 0221 0220 0221 0223 0225 0226 0227.
0228 0229 0230 0230 0229 0228 0227 0226 0225 0224 0223 0222
0221 0220 0219 0217 0216 0216 0215 0214 0214 0213 0213 0212.
0212 0211 0211 0210 0210 0210 0209 0208 0208 0207 0206 0204
0203 0201 0199 0198 0197 0197 0197 0198 0199 0200 0202 0204.
0207 0207 0208 0208 0208 0208 0208 0208 0208 0207 0206 0205
0205 0204 0203 0202 0200 0199 0199 0200 0201 0201 0202 0203.
0203 0203 0203 0203 0203 0203 0203 0203 0202 0202 0201 0200
0200 0199 0199 0195 0195 0193 0194 0194 0196 0198 0199 0200.
0201 0202 0202 0202 0203 0203 0203 0203 0203 0202 0201 0199
0197 0195 0193 0192 0191 0192 0193 0193 0194 0197 0199 0203.
0205 0207 0208 0209 0210 0210 0210 0210 0210 0210 0209 0207
0204 0202 0201 0200 0199 0199 0200 0201 0204 0207 0208 0210.
0212 0213 0214 0215 0215 0216 0216 0215 0215 0215 0214 0212
0209 0207 0205 0205 0205 0210 0205 0206 0207 0209 0210 0211.
0213 0215 0215 0215 0215 0215 0215 0215 0215 0215 0214 0214
0213 0213 0212 0210 0210 0210 0211 0211 0212 0213 0213 0214.
0214 0215 0215 0215 0215 0214 0213 0213 0212 0212 0211 0210
0210 0210 0209 0208 0208 0207 0207 0205 0205 0206 0207 0207.
0208 0208 0208 0209 0209 0209 0209 0209 0209 0209 0209 0209
0208 0209 0208 0207 0206 0204 0205 0205 0206 0206 0207 0207.
0208 0208 0209 0209 0209 0208 0208 0207 0207 0207 0206 0204
0203 0201 0200 0199 0198 0198 0199 0199 0200 0202 0203 0205=
KB
0186 0186 0187 0188 0187 0184 0188 0189 0190 0191 0191 0191
0191 0189 0190 0190 0190 0190 0190 0191 0191 0192 0192 0193.
0193 0194 0194 0194 0195 0195 0195 0195 0195 0195 0195 0195
0195 0193 0192 0191 0189 0190 0189 0190 0190 0191 0191 0192.
0193 0192 0192 0192 0192 0192 0193 0192 0192 0193 0193 0191
0189 0188 0186 0186 0185 0185 0186 0188 0188 0188 0189 0189.
0190 0189 0190 0190 0190 0190 0190 0190 0190 0190 0190 0189
0188 0186 0184 0184 0184 0184 0183 0184 0184 0185 0186 0187.
0188 0189 0189 0189 0190 0190 0190 0191 0191 0191 0191 0189
0187 0185 0184 0183 0183 0183 0183 0183 0184 0185 0186 0187.
0188 0188 0190 0190 0190 0191 0191 0191 0191 0191 0191 0190
0188 0186 0185 0185 0185 0185 0186 0185 0187 0188 0189 0190.
0191 0191 0191 0192 0191 0192 0192 0193 0193 0193 0192 0192
0191 0190 0189 0187 0186 0187 0187 0187 0188 0189 0190 0191.
0192 0192 0192 0193 0193 0193 0193 0193 0183 0194 0194 0193
0192 0191 0189 0189 0189 0188 0189 0190 0190 0191 0193 0194.
0194 0194 0195 0195 0202 0197 0197 0198 0198 0198 0198 0197
0197 0197 0196 0195 0195 0195 0195 0196 0197 0198 0199 0199.
0199 0199 0200 0201 0201 0201 0202 0202 0202 0203 0203 0203
0203 0202 0201 0201 0199 0199 0198 0198 0198 0199 0200 0201.
0201 0202 0202 0202 0202 0202 0202 0202 0202 0203 0203 0201
0199 0198 0197 0196 0196 0195 0196 0196 0199 0199 0200 0200.
0200 0200 0201 0201 0202 0203 0203 0204 0204 0204 0204 0204
0203 0202 0202 0200 0202 0200 0200 0199 0199 0200 0201 0202.
0203 0203 0203 0203 0203 0203 0204 0204 0204 0204 0204 0204
0204 0204 0205 0204 0204 0204 0204 0204 0203 0204 0204 0204.
0204 0204 0204 0205 0205 0205 0205 0205 0205 0204 0205 0204
0203 0202 0200 0198 0197 0197 0197 0197 0198 0198 0199 0200.
0200 0200 0200 0201 0201 0201 0201 0201 0201 0201 0201 0201
0200 0199 0199 0198 0197 0196 0196 0196 0198 0198 0199 0199.
0199 0199 0199 0199 0199 0200 0200 0200 0200 0201 0200 0198
0196 0195 0194 0193 0192 0191 0192 0192 0192 0193 0194 0196.
0198 0198 0198 0198 0199 0199 0199 0200 0200 0200 0200 0198
0196 0194 0193 0192 0191 0191 0192 0192 0192 0193 0194 0196.
0198 0198 0199 0199 0199 0200 0200 0200 0200 0200 0200 0199
0197 0195 0194 0193 0193 0195 0193 0193 0193 0195 0197 0198.
0199 0199 0200 0200 0200 0201 0201 0201 0202 0202 0202 0200
0199 0197 0195 0195 0195 0201 0197 0197 0197 0197 0201 0201.
0202 0203 0203 0203 0203 0202 0202 0202 0203 0204 0204 0204
0202 0201 0201 0201 0200 0201 0200 0201 0202 0204 0205 0205.
0205 0206 0207 0208 0208 0209 0209 0209 0209 0210 0209 0210
0210 0210 0210 0209 0209 0209 0209 0209 0209 0209 0210 0210.
0209 0210 0210 0210 0210 0210 0210 0210 0209 0209 0209 0208
0207 0206 0204 0204 0202 0202 0202 0202 0202 0202 0203 0204.
0205 0205 0205 0205 0204 0205 0205 0205 0204 0204 0204 0204
0203 0203 0202 0202 0200 0200 0200 0201 0201 0202 0202 0202.
0202 0202 0202 0202 0202 0202 0202 0202 0202 0202 0201 0202
0201 0201 0201 0198 0198 0196 0196 0197 0198 0199 0199 0200.
0200 0200 0200 0200 0200 0200 0201 0201 0201 0201 0200 0199
0197 0196 0194 0193 0193 0193 0193 0193 0193 0194 0195 0197.
0198 0198 0198 0198 0198 0199 0199 0199 0199 0199 0199 0199
0195 0194 0193 0192 0192 0192 0192 0193 0195 0196 0196 0196.
0198 0198 0199 0199 0199 0200 0201 0200 0200 0200 0200 0199
0197 0195 0195 0194 0195 0191 0195 0196 0196 0196 0197 0198.
0199 0200 0200 0200 0200 0200 0200 0200 0200 0200 0200 0200
0200 0200 0198 0198 0197 0198 0199 0199 0199 0200 0200 0200.
0201 0202 0202 0202 0203 0202 0203 0203 0203 0203 0203 0203
0202 0202 0202 0202 0202 0201 0201 0200 0200 0200 0201 0201.
0201 0202 0202 0202 0202 0202 0202 0202 0202 0202 0202 0202
0202 0202 0202 0201 0200 0198 0200 0200 0200 0201 0201 0201.
0202 0202 0202 0203 0203 0203 0203 0203 0203 0203 0203 0202
0200 0199 0199 0198 0198 0197 0198 0198 0198 0199 0200 0200=
0154 0154 0154 0155 0155 0156 0155 0156 0157 0158 0158 0158
0158 0157 0156 0156 0156 0156 0157 0157 0158 0158 0158 0159.
0160 0160 0160 0161 0161 0161 0162 0162 0162 0162 0162 0162
0162 0160 0159 0158 0156 0158 0157 0158 0159 0160 0160 0161.
0161 0161 0162 0162 0162 0163 0163 0163 0163 0163 0164 0162
0160 0159 0158 0158 0157 0157 0158 0160 0160 0161 0161 0162.
0163 0163 0163 0163 0164 0164 0164 0164 0164 0165 0165 0164
0162 0161 0159 0159 0158 0159 0158 0158 0159 0160 0161 0163.
0163 0164 0164 0165 0166 0166 0166 0166 0166 0167 0167 0165
0162 0160 0159 0158 0158 0158 0158 0159 0159 0160 0162 0163.
0164 0164 0165 0165 0166 0166 0166 0166 0166 0166 0166 0165
0163 0161 0160 0159 0160 0159 0160 0160 0161 0162 0163 0164.
0164 0165 0165 0164 0165 0166 0165 0166 0166 0166 0166 0165
0164 0163 0162 0160 0159 0159 0159 0160 0160 0161 0162 0164.
0165 0165 0165 0165 0165 0165 0165 0165 0161 0166 0166 0165
0164 0162 0161 0160 0160 0160 0160 0161 0161 0162 0164 0164.
0164 0165 0165 0166 0164 0167 0168 0168 0167 0167 0167 0167
0166 0166 0165 0164 0163 0163 0164 0165 0166 0166 0167 0167.
0167 0167 0168 0169 0169 0169 0170 0170 0170 0170 0170 0170
0170 0169 0168 0168 0167 0166 0165 0166 0166 0167 0168 0169.
0169 0170 0170 0170 0170 0170 0171 0171 0171 0171 0171 0170
0168 0167 0166 0165 0165 0164 0165 0166 0168 0169 0169 0170.
0170 0170 0170 0171 0172 0172 0173 0173 0174 0174 0174 0173
0173 0171 0171 0172 0171 0170 0169 0169 0169 0170 0171 0172.
0173 0173 0173 0173 0173 0174 0174 0174 0174 0174 0174 0174
0174 0175 0175 0175 0175 0175 0175 0175 0175 0175 0175 0176.
0176 0176 0176 0176 0177 0177 0177 0178 0177 0177 0177 0177
0176 0175 0173 0171 0171 0171 0171 0172 0172 0173 0174 0175.
0176 0176 0176 0177 0177 0177 0177 0177 0178 0178 0178 0177
0177 0176 0176 0175 0175 0174 0174 0174 0175 0176 0176 0177.
0176 0177 0177 0177 0177 0178 0178 0179 0179 0179 0179 0177
0175 0174 0172 0172 0171 0171 0171 0172 0172 0173 0174 0176.
0178 0178 0178 0178 0179 0179 0179 0180 0180 0180 0180 0178
0176 0174 0173 0171 0171 0171 0171 0172 0172 0172 0174 0176.
0177 0178 0178 0179 0179 0179 0179 0179 0179 0179 0179 0178
0176 0174 0173 0171 0171 0170 0171 0171 0171 0173 0175 0176.
0177 0177 0178 0178 0178 0178 0179 0179 0179 0179 0179 0177
0175 0173 0172 0172 0171 0171 0172 0173 0173 0172 0174 0176.
0177 0178 0178 0178 0178 0177 0177 0177 0177 0178 0178 0178
0176 0175 0175 0174 0174 0174 0174 0174 0176 0177 0178 0178.
0178 0179 0180 0181 0181 0181 0182 0182 0183 0183 0184 0184
0184 0184 0184 0184 0184 0184 0184 0184 0184 0185 0185 0185.
0185 0185 0185 0185 0185 0185 0185 0185 0185 0186 0185 0185
0184 0183 0181 0181 0179 0180 0179 0180 0180 0181 0181 0183.
0185 0185 0185 0184 0184 0185 0185 0185 0185 0185 0185 0184
0184 0184 0183 0183 0181 0181 0181 0182 0183 0183 0184 0184.
0184 0184 0185 0185 0185 0185 0185 0185 0185 0185 0184 0185
0185 0184 0184 0181 0181 0180 0180 0181 0182 0183 0184 0184.
0185 0185 0185 0185 0185 0185 0186 0186 0186 0186 0186 0184
0183 0181 0180 0179 0179 0179 0180 0179 0179 0180 0181 0183.
0184 0184 0184 0184 0185 0185 0185 0185 0186 0186 0185 0183
0181 0180 0179 0178 0178 0178 0178 0179 0180 0181 0181 0182.
0183 0184 0184 0185 0185 0185 0185 0185 0185 0185 0185 0183
0181 0180 0179 0179 0179 0176 0179 0179 0179 0180 0181 0182.
0182 0184 0183 0183 0183 0183 0183 0183 0183 0183 0183 0183
0183 0182 0182 0181 0180 0181 0181 0181 0182 0182 0183 0183.
0183 0184 0184 0185 0185 0185 0185 0185 0185 0185 0185 0186
0186 0186 0186 0185 0185 0185 0185 0184 0184 0185 0185 0185.
0186 0186 0186 0186 0186 0186 0186 0186 0186 0186 0186 0187
0187 0187 0187 0186 0186 0184 0185 0185 0186 0186 0187 0187.
0187 0188 0188 0188 0188 0190 0189 0189 0189 0189 0188 0188
0186 0185 0185 0184 0184 0183 0184 0184 0184 0185 0187 0186=
0150 0150 0150 0151 0151 0151 0151 0152 0153 0154 0154 0154
0153 0152 0151 0151 0151 0151 0152 0152 0153 0153 0153 0153.
0154 0155 0155 0155 0156 0156 0156 0156 0156 0156 0156 0156
0155 0154 0153 0152 0150 0151 0151 0151 0152 0153 0153 0154.
0154 0154 0154 0155 0155 0155 0155 0155 0155 0156 0156 0154
0152 0151 0150 0150 0149 0149 0150 0150 0152 0152 0153 0153.
0154 0154 0154 0155 0155 0155 0155 0155 0155 0156 0155 0154
0153 0151 0150 0149 0149 0149 0149 0149 0150 0150 0151 0153.
0153 0154 0155 0155 0156 0156 0156 0156 0156 0157 0156 0154
0152 0150 0149 0148 0148 0148 0148 0148 0149 0150 0151 0152.
0153 0153 0154 0155 0155 0155 0155 0155 0156 0156 0155 0154
0152 0150 0149 0148 0149 0148 0149 0149 0150 0151 0152 0153.
0153 0154 0153 0154 0154 0154 0154 0155 0155 0155 0154 0153
0153 0151 0150 0148 0148 0148 0148 0148 0148 0149 0151 0152.
0153 0153 0153 0153 0153 0153 0153 0153 0159 0154 0154 0153
0151 0150 0149 0148 0147 0147 0148 0148 0149 0150 0151 0152.
0152 0152 0152 0153 0154 0154 0155 0155 0154 0154 0154 0154
0153 0153 0152 0150 0150 0150 0151 0151 0152 0153 0153 0154.
0154 0154 0154 0155 0155 0155 0156 0156 0156 0156 0156 0156
0156 0155 0154 0154 0153 0152 0151 0152 0152 0152 0153 0154.
0155 0155 0156 0156 0156 0156 0156 0156 0156 0156 0156 0155
0153 0151 0151 0149 0149 0149 0150 0150 0153 0153 0154 0154.
0154 0154 0155 0155 0156 0156 0157 0158 0158 0157 0157 0157
0156 0155 0155 0154 0155 0154 0153 0152 0152 0154 0155 0156.
0156 0156 0156 0156 0156 0157 0157 0157 0157 0157 0157 0157
0157 0158 0158 0158 0158 0158 0157 0157 0157 0158 0158 0158.
0158 0158 0159 0159 0159 0160 0160 0160 0160 0160 0160 0159
0158 0157 0155 0153 0153 0154 0153 0154 0154 0155 0156 0157.
0158 0158 0158 0158 0159 0159 0159 0159 0159 0159 0159 0159
0159 0158 0157 0156 0156 0155 0155 0155 0156 0157 0158 0158.
0158 0158 0158 0159 0159 0160 0159 0160 0160 0160 0160 0158
0156 0155 0154 0153 0152 0152 0152 0153 0153 0154 0155 0157.
0159 0159 0159 0159 0160 0160 0160 0161 0161 0161 0161 0159
0157 0155 0154 0153 0152 0152 0153 0153 0153 0153 0154 0157.
0159 0159 0159 0160 0160 0160 0160 0160 0160 0161 0160 0159
0157 0155 0154 0153 0152 0152 0152 0152 0153 0154 0156 0157.
0158 0159 0159 0159 0159 0159 0160 0160 0160 0160 0160 0158
0156 0154 0153 0153 0152 0152 0153 0154 0154 0154 0157 0158.
0159 0159 0159 0159 0159 0158 0158 0158 0159 0159 0159 0159
0157 0156 0155 0155 0155 0155 0155 0155 0157 0158 0159 0159.
0159 0160 0161 0161 0162 0162 0162 0162 0162 0163 0163 0163
0163 0163 0162 0162 0162 0162 0162 0162 0162 0163 0163 0163.
0163 0163 0163 0163 0163 0163 0164 0164 0164 0164 0164 0163
0162 0161 0160 0159 0158 0158 0158 0159 0159 0159 0160 0162.
0163 0163 0163 0163 0163 0163 0163 0163 0163 0163 0163 0163
0163 0162 0162 0161 0160 0160 0159 0161 0161 0162 0162 0163.
0163 0163 0163 0163 0163 0163 0163 0163 0164 0163 0163 0163
0163 0163 0163 0160 0160 0158 0159 0160 0161 0162 0162 0163.
0164 0164 0164 0164 0164 0164 0165 0165 0165 0165 0165 0163
0161 0160 0159 0158 0158 0158 0157 0159 0158 0159 0160 0162.
0163 0163 0163 0163 0164 0164 0164 0165 0164 0165 0164 0162
0160 0159 0159 0158 0157 0157 0157 0158 0160 0161 0161 0161.
0163 0163 0164 0164 0164 0164 0165 0165 0165 0165 0165 0163
0161 0159 0158 0158 0159 0161 0158 0159 0159 0160 0161 0161.
0162 0163 0163 0163 0163 0163 0163 0163 0163 0163 0163 0163
0163 0162 0161 0161 0160 0161 0161 0161 0162 0162 0163 0163.
0163 0164 0165 0165 0165 0165 0165 0165 0165 0165 0165 0165
0165 0165 0164 0164 0164 0164 0163 0162 0162 0163 0163 0164.
0164 0164 0164 0164 0165 0165 0165 0165 0165 0165 0165 0165
0165 0165 0165 0165 0164 0162 0163 0164 0164 0164 0165 0165.
0165 0166 0166 0167 0167 0168 0167 0167 0167 0167 0167 0166
0165 0164 0163 0162 0162 0162 0163 0162 0163 0164 0165 0165=
A=
SA
NN NN NN NN NN 00 00 00 00 00 00 00 00 00 00 00 00 00 00 NN NN NN NN NN 0520 1841 000
NN NN NN NN NN 00 00 00 00 00 00 00 00 00 00 00 00 00 00 NN NN NN NN NN 0519 1841 000
NN NN NN NN NN 00 00 00 00 00 00 00 00 00 00 00 00 00 00 NN NN NN NN NN 0518 1842 000
NN NN NN NN NN 00 00 00 00 00 00 00 00 00 00 00 00 00 00 NN NN NN NN NN 0517 1843 000
NN NN NN NN NN 00 00 00 00 00 00 00 00 00 00 00 00 00 00 NN NN NN NN NN 0516 1844 000
NN NN NN NN NN 00 00 00 00 00 00 00 00 00 00 00 00 00 00 NN NN NN NN NN 0516 1845 000
NN NN NN NN NN 00 00 00 00 00 00 00 00 00 00 00 00 00 00 NN NN NN NN NN 0515 1846 000
NN NN NN NN NN 00 00 00 00 00 00 00 00 00 00 00 00 00 00 NN NN NN NN NN 0514 1846 000
NN NN NN NN NN 00 00 00 00 00 00 00 00 00 00 00 00 00 00 NN NN NN NN NN 0513 1847 000
NN NN NN NN NN 00 00 00 00 00 00 00 00 00 00 00 00 00 00 NN NN NN NN NN 0513 1848 000
NN NN NN NN NN 00 00 00 00 00 00 00 00 00 00 00 00 00 00 NN NN NN NN NN 0511 1849 000
NN NN NN NN NN 00 00 00 00 00 00 00 00 00 00 00 00 00 00 NN NN NN NN NN 0511 1849 000
NN NN NN NN NN 00 00 00 00 00 00 00 00 00 00 00 00 00 00 NN NN NN NN NN 0510 1850 000
NN NN NN NN NN 00 00 00 00 00 00 00 00 00 00 00 00 00 00 NN NN NN NN NN 0510 1851 000
NN NN NN NN NN 00 00 00 00 00 00 00 00 00 00 00 00 00 00 NN NN NN NN NN 0509 1852 000
NN NN NN NN NN 00 00 00 00 00 00 00 00 00 00 00 00 00 00 NN NN NN NN NN 0508 1852 000
NN NN NN NN NN 00 00 00 00 00 00 00 00 00 00 00 00 00 00 NN NN NN NN NN 0507 1853 000
NN NN NN NN NN 00 00 00 00 00 00 00 00 00 00 00 00 00 00 NN NN NN NN NN 0507 1853 000
NN NN NN NN NN 00 00 00 00 00 00 00 00 00 00 00 00 00 00 NN NN NN NN NN 0506 1854 000
NN NN NN NN NN 00 00 00 00 00 00 00 00 00 00 00 00 00 00 NN NN NN NN NN 0505 1855 000
NN NN NN NN NN 00 00 00 00 00 00 00 00 00 00 00 00 00 00 NN NN NN NN NN 0505 1855 000
NN NN NN NN NN 00 00 00 00 00 00 00 00 00 00 00 00 00 00 NN NN NN NN NN 0504 1856 000
NN NN NN NN NN 00 00 00 00 00 00 00 00 00 00 00 00 00 00 NN NN NN NN NN 0504 1856 000
NN NN NN NN NN 00 00 00 00 00 00 00 00 00 00 04 09 10 09 NN NN NN NN NN 0503 1857 032
NN NN NN NN NN 00 00 00 00 00 00 09 10 10 10 10 10 10 10 NN NN NN NN NN 0502 1858 079
NN NN NN NN NN 00 00 00 00 00 00 05 07 08 10 10 10 10 10 NN NN NN NN NN 0502 1858 070
NN NN NN NN NN 00 00 00 00 00 00 02 10 10 10 09 07 00 00 NN NN NN NN NN 0501 1859 048
NN NN NN NN NN 00 00 00 00 00 00 00 00 00 00 00 01 00 00 NN NN NN NN NN 0501 1859 001
NN NN NN NN NN 00 00 00 00 00 00 00 00 00 00 00 00 00 00 NN NN NN NN NN 0501 1900 000
NN NN NN NN NN 00 00 00 00 00 00 00 00 00 00 00 00 01 01 00 NN NN NN NN 0500 1901 002
NN NN NN NN 00 00 00 00 00 00 02 07 09 06 09 10 09 08 03 05 NN NN NN NN 0459 1901 068=
BA
0256 0251 0245 0238 0236 0235 0235 0222 0197 0195 0193 0191
0199 0242 0226 0232 0231 0242 0223 0216 0198 0188 0181 0174 0275 2001 0173 1955.
0166 0160 0157 0155 0153 0149 0145 0147 0148 0146 0145 0149
0159 0186 0238 0266 0328 0273 0298 0316 0250 0226 0203 0187 0335 1258 0144 0257.
0180 0173 0170 0168 0164 0159 0157 0156 0152 0147 0150 0187
0230 0274 0308 0320 0330 0328 0317 0280 0263 0240 0219 0204 0359 1340 0146 0621.
0197 0190 0187 0182 0174 0169 0165 0163 0162 0159 0164 0187
0218 0332 0391 0381 0443 0436 0457 0388 0373 0339 0253 0210 0472 1523 0159 0600.
0194 0182 0169 0160 0156 0153 0148 0142 0137 0133 0153 0238
0335 0388 0432 0479 0482 0488 0473 0454 0403 0342 0279 0235 0512 1337 0000 0936.
0230 0215 0196 0186 0180 0177 0174 0177 0169 0166 0188 0251
0319 0360 0402 0457 0410 0436 0390 0379 0334 0303 0266 0238 0482 1341 0166 0554.
0223 0218 0224 0227 0202 0214 0204 0187 0190 0198 0213 0236
0274 0323 0370 0444 0479 0466 0479 0459 0405 0356 0299 0270 0493 1240 0187 0400.
0244 0246 0243 0243 0243 0237 0239 0236 0169 0230 0230 0277
0343 0393 0435 0457 0487 0498 0458 0437 0399 0343 0291 0279 0508 1326 0168 0449.
0278 0268 0263 0251 0225 0228 0221 0222 0223 0225 0228 0249
0255 0273 0332 0343 0337 0359 0307 0287 0260 0253 0233 0221 0377 1341 0220 0243.
0218 0213 0207 0205 0203 0200 0198 0197 0192 0189 0192 0193
0200 0228 0238 0251 0320 0309 0385 0318 0297 0275 0251 0229 0410 1448 0188 0609.
0220 0210 0210 0208 0206 0204 0201 0199 0196 0195 0199 0235
0283 0362 0367 0418 0442 0401 0394 0346 0304 0289 0253 0233 0449 1351 0194 0627.
0228 0224 0220 0202 0190 0195 0192 0183 0183 0182 0186 0197
0222 0261 0236 0235 0267 0305 0331 0318 0303 0280 0238 0215 0348 1540 0182 0435.
0210 0207 0205 0201 0198 0198 0194 0192 0188 0188 0188 0192
0192 0185 0185 0200 0196 0207 0202 0207 0221 0190 0183 0176 0221 1700 0176 1953.
0172 0170 0168 0159 0150 0145 0139 0140 0145 0146 0152 0162
0193 0234 0298 0348 0382 0366 0396 0345 0326 0274 0227 0204 0404 1319 0138 0334.
0191 0185 0181 0176 0173 0173 0175 0172 0171 0168 0171 0177
0191 0219 0237 0266 0275 0288 0307 0281 0242 0224 0204 0193 0309 1519 0168 0555.
0188 0182 0180 0175 0170 0165 0160 0156 0151 0146 0164 0206
0269 0324 0387 0410 0424 0411 0387 0420 0380 0314 0261 0223 0456 1335 0146 0549.
0208 0199 0192 0187 0180 0172 0165 0159 0155 0152 0166 0232
0299 0335 0395 0450 0476 0498 0502 0458 0412 0368 0292 0244 0510 1432 0151 0610.
0223 0211 0203 0195 0190 0184 0180 0176 0173 0170 0183 0241
0306 0363 0430 0489 0522 0526 0530 0477 0441 0335 0296 0260 0547 1333 0170 0559.
0242 0232 0227 0221 0214 0208 0202 0196 0192 0189 0205 0265
0346 0404 0452 0490 0448 0479 0389 0371 0366 0362 0296 0257 0501 1220 0189 0600.
0242 0232 0228 0226 0233 0236 0228 0233 0230 0222 0226 0248
0289 0324 0347 0380 0388 0391 0441 0368 0295 0223 0229 0225 0452 1430 0219 1802.
0198 0200 0198 0182 0178 0170 0170 0171 0167 0164 0160 0161
0159 0171 0178 0194 0193 0183 0184 0181 0176 0171 0160 0157 0225 2001 0157 1955.
0152 0153 0151 0148 0146 0145 0146 0144 0142 0139 0148 0173
0198 0244 0323 0323 0366 0364 0364 0277 0269 0260 0224 0192 0384 1421 0138 0605.
0178 0171 0169 0167 0165 0158 0158 0158 0160 0162 0164 0169
0176 0200 0203 0221 0272 0276 0268 0242 0220 0200 0188 0178 0295 1328 0156 0238.
0171 0168 0165 0163 0163 0161 0160 0158 0157 0158 0160 0171
0172 0180 0201 0320 0269 0363 0319 0304 0223 0205 0194 0178 0379 1353 0157 0459.
0175 0172 0172 0168 0162 0154 0148 0142 0138 0135 0152 0213
0273 0325 0370 0387 0404 0424 0421 0398 0363 0319 0256 0221 0437 1405 0135 0559.
0205 0197 0199 0189 0179 0174 0171 0167 0165 0161 0182 0223
0270 0342 0394 0450 0475 0487 0438 0374 0298 0269 0265 0235 0505 1436 0160 0609.
0222 0208 0200 0192 0185 0180 0176 0173 0170 0168 0186 0243
0312 0358 0377 0376 0338 0384 0362 0347 0335 0289 0280 0240 0404 1422 0168 0600.
0221 0210 0219 0220 0219 0218 0216 0215 0214 0212 0214 0221
0226 0240 0260 0315 0355 0298 0289 0274 0266 0238 0228 0222 0361 1253 0209 2210.
0207 0204 0200 0192 0193 0195 0196 0196 0195 0195 0196 0198
0201 0203 0212 0219 0218 0237 0238 0276 0268 0240 0228 0218 0288 1613 0192 2359.
0213 0210 0207 0205 0203 0202 0200 0199 0199 0198 0198 0200
0196 0190 0200 0215 0255 0313 0240 0232 0228 0216 0205 0199 0318 1358 0189 1006.
0190 0187 0179 0175 0172 0167 0164 0161 0157 0154 0171 0200
0241 0285 0284 0305 0307 0316 0277 0317 0266 0245 0221 0207 0355 1335 0152 0621=
=
??????
******
YF
13064
江苏省
吕泗国家基准气候站
启东市吕四港镇北门外滨海







=
JY
8888=
GK
01/
05/=
BZ
00/320400/1213600
10/24/逐时观测
10/24/24时连续观测
11/守班=
######
