58265 3204N 12136E 000055 000065 105 000 S11 11111999119199111911 0 2010 11
PC
9647 9650 9652 9651 9646 9644 9642 9640 9638 9644 9651 9656
9660 9666 9663 9658 9652 9644 9639 9638 9639 9644 9650 9662 9666 0959 9637 1606.
9667 9668 9675 9673 9676 9678 9683 9685 9690 9692 9698 9706
9716 9720 9717 9713 9702 9692 9683 9685 9682 9687 9695 9702 9721 1008 9662 2002.
9708 9709 9708 9705 9699 9698 9695 9693 9692 9692 9698 9704
9711 9712 9710 9702 9690 9682 9675 9671 9670 9671 9678 9687 9715 0931 9668 1640.
9691 9693 9693 9692 9687 9684 9681 9676 9674 9675 9678 9679
9687 9690 9689 9677 9665 9652 9642 9639 9643 9647 9653 9664 9693 2143 9638 1546.
9667 9671 9674 9675 9671 9667 9665 9656 9653 9652 9655 9658
9667 9670 9667 9658 9647 9630 9621 9617 9616 9618 9623 9631 9675 2339 9615 1651.
9635 9637 9637 9636 9630 9624 9621 9615 9610 9604 9606 9607
9616 9619 9618 9614 9605 9598 9594 9595 9600 9608 9618 9628 9637 2159 9594 1439.
9634 9645 9647 9651 9649 9646 9645 9645 9646 9653 9654 9655
9664 9666 9666 9659 9649 9637 9630 9627 9629 9633 9642 9648 9667 0950 9627 1558.
9654 9657 9666 9666 9663 9660 9658 9658 9657 9660 9664 9672
9678 9683 9682 9675 9666 9655 9649 9650 9654 9661 9670 9681 9685 1027 9648 2001.
9691 9693 9695 9696 9690 9688 9687 9682 9678 9678 9682 9685
9690 9689 9684 9671 9653 9638 9627 9622 9619 9621 9626 9633 9697 2331 9618 1642.
9638 9640 9642 9640 9636 9633 9629 9623 9623 9624 9625 9630
9635 9638 9636 9626 9611 9598 9590 9585 9583 9585 9594 9602 9642 2249 9582 1718.
9613 9626 9634 9638 9644 9647 9645 9646 9647 9648 9653 9656
9664 9667 9662 9652 9634 9618 9608 9602 9599 9599 9603 9608 9668 0943 9598 1736.
9608 9606 9603 9597 9591 9585 9577 9571 9563 9556 9554 9554
9556 9555 9552 9543 9534 9523 9521 9524 9534 9543 9547 9561 9609 2017 9521 1448.
9573 9577 9578 9582 9584 9586 9585 9584 9589 9593 9599 9608
9616 9621 9621 9615 9604 9593 9587 9586 9588 9595 9602 9611 9623 1044 9561 2001.
9620 9626 9630 9634 9633 9632 9635 9635 9638 9645 9655 9663
9675 9683 9686 9683 9679 9681 9682 9685 9694 9702 9712 9722 9722 2000 9612 2002.
9728 9728 9727 9728 9718 9716 9714 9710 9708 9707 9709 9714
9717 9717 9711 9703 9689 9674 9664 9660 9662 9666 9671 9680 9730 2212 9660 1554.
9683 9688 9692 9692 9691 9688 9684 9681 9679 9675 9678 9681
9688 9689 9686 9676 9662 9648 9639 9635 9633 9636 9640 9645 9694 2332 9631 1644.
9651 9657 9657 9654 9654 9644 9643 9640 9636 9636 9642 9645
9650 9655 9653 9648 9638 9626 9619 9617 9624 9629 9639 9645 9658 2159 9617 1520.
9651 9657 9657 9656 9653 9648 9644 9641 9640 9640 9642 9648
9655 9653 9649 9642 9636 9638 9643 9651 9663 9676 9682 9688 9688 1954 9634 1314.
9691 9690 9687 9683 9678 9672 9665 9660 9655 9651 9652 9653
9657 9658 9655 9644 9624 9608 9596 9588 9584 9587 9589 9596 9691 2053 9582 1714.
9596 9596 9594 9589 9582 9576 9569 9563 9560 9559 9560 9560
9567 9568 9564 9553 9536 9527 9522 9523 9523 9529 9540 9547 9597 2049 9521 1515.
9549 9558 9559 9558 9562 9563 9565 9566 9569 9576 9583 9595
9605 9613 9618 9616 9607 9600 9594 9591 9593 9599 9605 9611 9619 1106 9546 2013.
9615 9621 9622 9620 9613 9608 9604 9597 9591 9588 9590 9589
9595 9598 9596 9584 9571 9556 9546 9538 9543 9550 9561 9575 9623 2220 9537 1557.
9584 9590 9594 9593 9589 9585 9582 9577 9571 9568 9573 9576
9581 9588 9586 9581 9570 9560 9558 9556 9562 9570 9580 9593 9595 2311 9555 1555.
9601 9607 9613 9619 9621 9621 9624 9622 9626 9625 9637 9642
9651 9658 9659 9649 9635 9625 9618 9616 9618 9624 9633 9639 9659 0955 9593 2001.
9645 9649 9652 9653 9650 9649 9647 9648 9645 9649 9652 9656
9664 9666 9665 9656 9645 9633 9624 9621 9622 9625 9634 9640 9667 0957 9620 1553.
9642 9642 9646 9645 9644 9645 9640 9637 9635 9641 9638 9644
9643 9647 9646 9639 9625 9616 9607 9605 9606 9608 9615 9621 9648 1036 9604 1614.
9623 9625 9624 9623 9620 9614 9611 9608 9609 //// 9611 9614
9618 9623 9623 9617 9603 9596 9592 9594 9599 9610 9620 9635 9635 1959 9591 1512.
9645 9654 9658 9662 9661 9663 9662 9663 9662 9661 9664 9666
9671 9676 9673 9664 9651 9644 9636 9634 9634 9641 9649 9655 9676 0959 9632 1636.
9657 9660 9660 9660 9653 9644 9642 9636 9631 9629 9632 9636
9643 9649 9649 9641 9628 9620 9615 9617 9623 9631 9642 9650 9662 2220 9614 1518.
9659 9663 9664 9664 9664 9661 9658 9654 9651 9651 9655 9659
9662 9668 9662 9651 9640 9626 9617 9614 9615 9618 9624 9628 9668 1000 9613 1645=
9651 9664 9651 9670
9686 9714 9700 9710
9706 9712 9689 9695
9691 9687 9659 9672
9674 9665 9637 9638
9631 9614 9605 9635
9653 9662 9644 9655
9667 9679 9662 9688
9695 9692 9645 9640
9640 9637 9605 9609
9654 9663 9625 9615
9592 9561 9530 9568
9593 9615 9600 9618
9639 9670 9688 9730
9724 9722 9681 9688
9695 9689 9655 9653
9652 9653 9634 9653
9656 9656 9645 9696
9680 9661 9615 9604
9583 9567 9534 9554
9570 9602 9607 9619
9615 9597 9563 9583
9592 9583 9567 9600
9628 9650 9632 9647
9656 9664 9641 9648
9652 9652 9623 9629
9621 9621 9603 9643
9671 9674 9651 9663
9652 9644 9628 9658
9669 9667 9633 9636=
TB
0128 0127 0125 0124 0123 0123 0121 0124 0124 0124 0123 0126
0132 0134 0136 0139 0140 0141 0145 0145 0144 0143 0136 0134 0146 1608 0120 0310.
0130 0129 0131 0128 0127 0128 0128 0129 0131 0134 0132 0132
0134 0141 0145 0148 0154 0149 0148 0145 0142 0139 0137 0133 0158 1240 0127 0014.
0131 0131 0131 0128 0129 0123 0120 0112 0114 0116 0108 0108
0136 0157 0159 0178 0190 0199 0203 0205 0197 0168 0148 0141 0211 1556 0101 0723.
0145 0132 0151 0150 0143 0121 0112 0109 0102 0111 0104 0108
0138 0159 0171 0184 0190 0195 0202 0197 0188 0178 0166 0150 0229 1514 0100 0510.
0145 0150 0139 0140 0140 0141 0146 0141 0139 0127 0120 0123
0152 0164 0174 0181 0191 0203 0201 0209 0192 0185 0173 0164 0210 1556 0120 0648.
0160 0164 0161 0148 0151 0145 0142 0139 0144 0143 0137 0140
0151 0164 0172 0181 0185 0184 0178 0170 0165 0160 0159 0158 0190 1250 0137 0700.
0154 0154 0152 0145 0147 0145 0138 0145 0138 0139 0137 0118
0148 0172 0177 0192 0194 0199 0201 0192 0187 0176 0167 0160 0202 1356 0117 0801.
0157 0154 0152 0156 0158 0153 0133 0119 0114 0109 0104 0110
0141 0175 0191 0207 0216 0219 0229 0228 0211 0199 0191 0173 0231 1505 0101 0729.
0164 0149 0143 0136 0126 0115 0120 0114 0113 0111 0110 0110
0136 0167 0186 0197 0210 0217 0223 0223 0211 0188 0164 0146 0225 1513 0104 0728.
0135 0131 0128 0127 0123 0127 0139 0142 0144 0145 0144 0146
0157 0161 0166 0175 0182 0190 0192 0192 0187 0179 0158 0145 0196 1436 0122 0107.
0137 0154 0169 0159 0153 0145 0139 0145 0142 0125 0114 0124
0149 0167 0186 0209 0221 0229 0233 0232 0227 0181 0152 0138 0236 1422 0113 0704.
0137 0135 0130 0124 0124 0124 0132 0128 0128 0127 0117 0120
0150 0172 0187 0195 0192 0196 0191 0188 0184 0180 0176 0173 0199 1326 0114 0721.
0168 0169 0162 0135 0144 0127 0140 0142 0138 0141 0137 0147
0155 0166 0186 0198 0200 0201 0199 0196 0193 0184 0167 0182 0207 1325 0126 0159.
0179 0174 0170 0165 0162 0156 0151 0143 0134 0131 0127 0124
0126 0126 0128 0129 0135 0134 0137 0143 0142 0138 0140 0135 0182 2022 0124 0755.
0139 0140 0136 0135 0134 0130 0121 0113 0112 0103 0110 0100
0115 0157 0158 0178 0183 0182 0187 0183 0173 0160 0148 0139 0191 1538 0100 0800.
0110 0103 0098 0106 0109 0115 0118 0120 0118 0120 0120 0116
0119 0126 0133 0137 0142 0144 0148 0152 0149 0137 0131 0125 0152 1549 0098 2257.
0116 0105 0110 0095 0093 0092 0082 0078 0075 0074 0087 0082
0109 0130 0134 0140 0143 0143 0149 0152 0148 0142 0135 0129 0153 1545 0071 0550.
0135 0117 0103 0095 0094 0101 0097 0097 0092 0104 0107 0109
0115 0138 0149 0152 0158 0158 0154 0152 0151 0137 0116 0105 0165 1227 0090 0433.
0105 0091 0084 0082 0082 0081 0073 0069 0068 0087 0080 0081
0084 0091 0108 0135 0159 0169 0165 0166 0160 0139 0117 0102 0171 1549 0065 0453.
0109 0104 0109 0106 0108 0109 0105 0105 0100 0102 0101 0102
0105 0110 0120 0126 0135 0136 0145 0140 0139 0132 0130 0126 0145 1459 0099 0501.
0123 0118 0115 0109 0114 0114 0116 0113 0112 0115 0115 0116
0123 0132 0148 0175 0188 0187 0193 0183 0176 0150 0127 0114 0200 1339 0109 2358.
0107 0112 0110 0109 0107 0105 0106 0106 0101 0099 0085 0074
0085 0116 0156 0173 0183 0184 0195 0191 0184 0144 0119 0126 0197 1509 0074 0756.
0113 0116 0128 0125 0122 0126 0106 0096 0103 0096 0107 0116
0125 0132 0139 0142 0142 0137 0136 0132 0129 0127 0124 0124 0143 1207 0095 0343.
0126 0127 0125 0120 0118 0116 0123 0121 0117 0109 0116 0115
0124 0141 0161 0188 0193 0197 0191 0193 0183 0139 0123 0110 0202 1422 0108 0605.
0103 0105 0100 0091 0088 0096 0111 0112 0105 0108 0108 0109
0116 0135 0148 0149 0146 0145 0142 0139 0137 0133 0131 0128 0151 1131 0087 0109.
0126 0121 0123 0119 0118 0117 0115 0111 0112 0113 0111 0112
0121 0131 0142 0150 0152 0157 0162 0163 0157 0143 0122 0118 0164 1533 0110 0703.
0113 0117 0120 0121 0120 0119 0119 0117 0118 //// 0118 0118
0120 0126 0132 0132 0132 0132 0128 0127 0126 0122 0117 0119 0134 1242 0110 2044.
0118 0119 0122 0117 0115 0115 0110 0107 0103 0102 0103 0103
0105 0120 0127 0137 0141 0142 0140 0137 0134 0123 0117 0116 0144 1329 0101 0515.
0113 0110 0107 0104 0100 0096 0102 0109 0103 0106 0103 0105
0109 0119 0127 0130 0131 0131 0133 0133 0131 0129 0127 0123 0135 1451 0092 0214.
0119 0116 0113 0110 0112 0110 0110 0108 0106 0099 0091 0099
0106 0126 0140 0162 0177 0180 0176 0181 0170 0140 0117 0112 0220 1625 0087 0636=
IB
=
0091 0090 0091 0092 0093 0097 0098 0098 0100 0103 0104 0105
0102 0102 0100 0099 0102 0107 0107 0109 0110 0109 0115 0113.
0112 0116 0113 0114 0121 0114 0115 0121 0122 0118 0118 0111
0108 0107 0107 0108 0102 0101 0104 0103 0100 0093 0092 0097.
0099 0094 0086 0083 0076 0088 0092 0093 0100 0097 0094 0103
0084 0089 0077 0072 0062 0055 0055 0037 0050 0080 0102 0085.
0087 0096 0095 0094 0095 0093 0095 0103 0097 0106 0099 0105
0120 0096 0093 0092 0084 0082 0079 0084 0076 0084 0075 0087.
0093 0094 0107 0108 0112 0114 0108 0099 0099 0099 0099 0104
0106 0098 0098 0097 0101 0098 0081 0082 0091 0090 0090 0098.
0097 0084 0076 0098 0109 0107 0100 0105 0094 0085 0097 0096
0099 0093 0086 0084 0082 0087 0099 0094 0106 0103 0098 0097.
0097 0091 0096 0103 0101 0103 0111 0107 0110 0109 0109 0104
0114 0112 0103 0100 0090 0098 0091 0100 0100 0112 0118 0120.
0125 0114 0122 0122 0116 0119 0114 0114 0111 0106 0101 0108
0141 0120 0114 0108 0055 0058 0053 0074 0084 0089 0090 0109.
0124 0120 0113 0108 0107 0102 0106 0109 0110 0108 0108 0108
0134 0114 0107 0099 0099 0096 0088 0095 0087 0104 0111 0117.
0116 0115 0119 0121 0117 0124 0130 0128 0126 0125 0126 0130
0128 0123 0122 0120 0120 0118 0118 0115 0120 0121 0127 0125.
0124 0129 0122 0123 0122 0122 0123 0137 0122 0116 0111 0121
0141 0125 0126 0110 0093 0078 0090 0089 0056 0102 0104 0106.
0110 0110 0105 0108 0105 0108 0109 0109 0110 0119 0109 0115
0129 0119 0120 0120 0120 0119 0124 0121 0119 0116 0114 0109.
0113 0110 0107 0110 0114 0108 0115 0115 0117 0116 0119 0122
0123 0117 0109 0085 0064 0054 0059 0064 0071 0084 0101 0073.
0067 0066 0076 0082 0079 0081 0088 0097 0106 0108 0108 0103
0096 0094 0096 0099 0101 0102 0101 0101 0102 0108 0104 0105.
0103 0098 0098 0097 0100 0098 0095 0097 0088 0091 0086 0086
0102 0072 0068 0057 0055 0051 0041 0041 0043 0059 0064 0060.
0075 0072 0074 0075 0078 0087 0085 0075 0083 0079 0079 0085
0089 0079 0080 0085 0084 0077 0061 0070 0067 0079 0078 0080.
0086 0086 0086 0083 0085 0087 0078 0075 0072 0071 0086 0081
0109 0081 0074 0075 0089 0087 0079 0075 0071 0073 0090 0092.
0075 0082 0082 0078 0086 0095 0091 0091 0087 0101 0101 0103
0106 0098 0093 0087 0088 0085 0084 0065 0076 0085 0086 0093.
0086 0085 0080 0079 0079 0078 0070 0066 0065 0086 0079 0080
0084 0091 0108 0092 0089 0078 0066 0083 0067 0081 0080 0083.
0087 0087 0090 0085 0086 0083 0081 0083 0081 0081 0079 0078
0081 0082 0079 0077 0077 0078 0080 0078 0081 0083 0085 0087.
0088 0088 0091 0092 0095 0095 0093 0096 0098 0098 0096 0093
0099 0100 0098 0092 0013 0012 -001 -021 -002 0041 0061 0059.
0070 0071 0077 0080 0081 0081 0084 0071 0070 0064 0066 0063
0079 0081 0052 0021 0034 0019 0024 0025 0042 0057 0060 0073.
0072 0083 0091 0095 0089 0083 0080 0082 0086 0084 0101 0088
0088 0091 0091 0086 0088 0083 0082 0085 0082 0082 0079 0075.
0073 0076 0078 0083 0085 0090 0086 0086 0091 0088 0090 0089
0091 0087 0086 0060 0026 0034 0020 0022 0038 0081 0070 0075.
0075 0072 0069 0071 0071 0079 0083 0077 0077 0082 0086 0088
0090 0084 0081 0077 0076 0078 0079 0083 0085 0088 0084 0085.
0085 0089 0088 0089 0088 0089 0089 0092 0095 0092 0094 0095
0093 0092 0096 0091 0091 0089 0079 0075 0082 0091 0090 0090.
0089 0096 0099 0095 0099 0098 0100 0103 0104 //// 0104 0105
0109 0112 0098 0093 0091 0089 0089 0090 0089 0090 0098 0095.
0102 0098 0094 0099 0096 0094 0094 0098 0095 0094 0095 0092
0097 0088 0080 0081 0074 0073 0080 0079 0083 0090 0094 0088.
0092 0089 0090 0093 0083 0087 0093 0092 0095 0092 0095 0097
0101 0100 0095 0087 0082 0080 0073 0075 0086 0082 0086 0084.
0086 0083 0080 0079 0079 0077 0075 0067 0066 0068 0077 0090
0090 0077 0073 0074 0072 0015 0003 0020 0037 0061 0074 0069=
EA
115 114 116 117 117 120 121 121 122 125 126 127
124 124 123 122 125 129 129 130 131 130 135 134.
133 137 134 134 141 134 136 141 142 138 138 132
129 129 129 130 124 124 126 125 123 117 116 121.
122 118 111 109 104 113 116 117 123 120 118 126
111 114 105 102 094 091 090 080 087 107 124 111.
112 120 118 118 119 117 118 125 121 128 122 127
140 119 117 116 110 109 106 110 104 110 104 112.
117 118 129 129 133 135 130 122 122 122 122 126
128 121 121 120 124 121 108 109 116 115 114 121.
120 110 104 121 130 129 123 127 118 111 121 120
122 117 112 110 109 112 122 118 128 125 121 120.
121 115 119 125 124 125 132 129 131 130 130 126
135 133 125 122 115 121 115 122 123 133 139 140.
144 135 142 142 136 139 134 135 132 128 124 130
161 140 135 129 090 092 089 103 110 114 115 130.
144 141 134 129 128 125 128 131 131 129 130 130
154 135 129 122 122 119 113 118 113 126 132 138.
136 136 139 141 137 144 149 147 146 145 146 149
148 143 142 140 140 138 138 136 140 141 147 145.
144 149 142 143 142 142 143 157 142 136 132 141
161 144 146 131 117 106 114 114 091 125 126 128.
132 131 127 130 127 130 130 130 131 139 131 136
148 139 140 140 140 139 144 141 140 136 135 130.
134 131 129 131 134 129 136 136 137 137 139 142
143 138 131 111 096 089 093 096 101 110 124 102.
098 097 105 109 107 108 113 121 128 130 129 125
120 118 120 122 124 124 124 124 125 129 126 127.
125 121 121 121 123 121 119 120 113 115 112 112
125 102 099 092 090 088 082 082 083 093 096 094.
104 101 103 103 106 113 111 104 109 107 107 111
114 106 107 111 110 105 094 100 098 107 105 107.
112 112 112 109 111 113 105 104 102 101 111 108
130 108 103 104 114 112 107 104 101 102 114 116.
104 109 109 106 112 119 115 115 113 124 123 125
127 121 117 112 113 111 110 097 105 111 112 117.
112 111 107 106 106 106 100 097 097 111 106 107
110 116 129 116 114 106 098 110 098 108 107 109.
112 112 115 111 111 109 108 109 108 108 106 106
108 109 107 105 105 106 107 105 108 109 111 112.
113 113 115 116 119 119 117 119 121 121 119 117
122 123 121 116 067 067 060 053 060 082 094 093.
100 101 105 107 108 108 110 101 100 096 098 096
106 108 089 071 078 070 073 073 082 092 093 102.
102 109 115 119 114 109 107 109 111 110 123 113
113 115 116 112 113 110 109 111 109 109 106 104.
102 104 106 109 111 115 112 111 115 113 115 114
115 113 112 093 074 078 071 072 080 108 100 104.
104 102 099 100 101 106 110 105 105 109 111 113
115 110 108 105 105 106 107 110 111 113 110 111.
111 114 113 114 113 114 114 116 118 116 118 118
117 116 120 116 116 114 107 104 109 116 115 115.
114 120 122 119 122 121 123 125 126 /// 126 127
130 133 121 117 115 114 114 114 114 115 121 118.
124 121 118 122 119 118 118 121 119 118 119 116
121 114 107 108 103 102 107 107 109 114 118 113.
116 114 114 117 109 112 117 116 119 116 119 121
124 123 119 112 108 107 102 104 111 109 112 110.
111 109 107 106 106 105 104 098 097 099 105 115
115 105 102 103 101 068 062 071 079 094 103 100=
UB
78 78 80 81 82 84 86 84 85 87 88 87
82 81 79 77 78 80 78 79 80 80 87 87 77 2110.
89 92 89 91 96 91 92 95 94 90 91 87
84 80 78 77 71 73 75 76 76 74 74 79 67 1255.
81 78 74 74 70 79 83 88 91 88 91 97
71 64 58 50 43 39 38 33 38 56 74 69 32 1554.
68 79 69 69 73 83 89 96 97 97 97 98
89 66 60 55 50 48 45 48 48 54 55 66 37 1515.
71 69 81 81 83 84 78 76 77 83 87 88
74 65 61 58 56 51 46 44 52 54 58 65 40 1525.
66 59 57 72 76 78 76 80 72 68 77 75
71 63 57 53 51 53 60 61 68 69 67 67 48 1246.
69 66 69 76 74 76 84 78 83 82 83 91
80 68 62 55 51 52 49 55 57 66 73 77 47 1442.
81 77 82 80 76 80 88 97 98 98 98 99
%% 70 61 53 35 35 32 37 44 49 52 66 32 1325.
77 83 82 83 88 92 91 97 98 98 99 99
99 71 60 53 49 46 42 44 45 58 71 83 39 1532.
88 90 94 96 96 98 94 91 89 88 89 90
83 78 75 70 67 63 62 61 65 69 82 88 61 1434.
92 85 74 79 82 86 90 95 88 94 98 98
95 76 68 53 44 38 40 40 33 60 73 81 32 1409.
84 85 85 90 88 90 86 88 89 95 95 97
87 71 65 62 63 61 65 65 66 66 67 66 60 1320.
70 68 70 85 82 88 85 84 87 85 89 85
81 73 61 48 41 38 40 42 45 52 65 49 36 1406.
48 49 54 58 58 61 66 74 83 86 88 87
82 81 81 82 80 81 79 76 77 82 79 82 46 2129.
79 76 78 78 80 81 84 90 85 92 85 91
92 57 55 45 43 42 38 39 42 51 57 59 37 1534.
79 81 85 81 81 83 80 74 79 76 76 81
82 73 70 71 68 64 56 58 58 68 70 74 52 1457.
82 88 85 92 95 97 97 98 98 98 99 99
%% 72 67 65 70 69 63 60 60 63 74 78 59 1556.
67 79 87 89 95 96 96 96 97 98 96 96
94 77 69 65 63 62 63 56 61 71 82 92 55 1542.
88 96 97 98 98 98 98 98 98 99 99 99
%% %% %% 75 63 55 52 58 54 68 78 88 49 1443.
86 89 88 87 86 84 85 86 88 87 86 85
85 83 76 72 68 68 65 66 68 72 74 77 63 1501.
79 82 85 89 88 88 86 89 91 89 88 86
85 81 72 58 31 31 27 25 30 48 64 69 25 1600.
78 76 80 82 84 85 86 79 81 79 88 93
96 79 50 36 37 33 32 33 39 56 67 70 31 1423.
76 80 78 82 80 75 84 91 89 92 96 83
78 76 73 69 70 70 70 73 73 74 74 72 62 2007.
70 71 73 78 80 84 78 79 84 87 84 84
80 70 61 43 33 34 32 32 38 68 70 79 30 1550.
83 80 81 87 89 89 83 79 83 84 86 87
84 71 64 62 63 64 66 69 71 74 73 75 60 1133.
76 81 79 82 82 83 84 88 89 87 89 89
83 77 74 68 67 64 58 56 61 71 81 83 55 1529.
85 87 87 84 87 87 88 91 91 // 91 92
93 91 80 77 76 75 77 78 78 81 88 85 74 1415.
90 87 83 89 88 87 90 94 95 95 95 93
95 81 73 69 64 63 67 68 71 80 86 83 61 1311.
87 87 89 93 89 94 94 89 95 91 95 95
95 88 81 75 72 71 67 68 74 73 76 77 66 1452.
80 80 80 81 80 80 79 76 76 81 91 94
90 72 64 56 50 33 31 34 41 59 75 75 26 1419=
N=
H=
C=
VB
00000 00000 00000 00000 00000 00000 00000 00000 00000 00000 00000 00000
00000 00000 00000 00000 00000 00000 00000 00000 00000 00000 00000 00000 00000 2001.
00000 00000 00000 00000 00000 00000 00000 00000 00000 00000 00000 00000
00000 00000 00000 00000 00000 00000 00000 00000 00000 00000 00000 00000 00000 2001.
00000 00000 00000 00000 00000 00000 00000 00000 00000 00000 00000 00000
00000 00000 00000 00000 00000 00000 00000 00000 00000 00000 00000 00000 00000 2001.
00000 00000 00000 00000 00000 00000 00000 00000 00000 00000 00000 00000
00000 00000 00000 00000 00000 00000 00000 00000 00000 00000 00000 00000 00000 2001.
00000 00000 00000 00000 00000 00000 00000 00000 00000 00000 00000 00000
00000 00000 00000 00000 00000 00000 00000 00000 00000 00000 00000 00000 00000 2001.
00000 00000 00000 00000 00000 00000 00000 00000 00000 00000 00000 00000
00000 00000 00000 00000 00000 00000 00000 00000 00000 00000 00000 00000 00000 2001.
00000 00000 00000 00000 00000 00000 00000 00000 00000 00000 00000 00000
00000 00000 00000 00000 00000 00000 00000 00000 00000 00000 00000 00000 00000 2001.
00000 00000 00000 00000 00000 00000 00000 00000 00000 00000 00000 00000
00000 00000 00000 00000 00000 00000 00000 00000 00000 00000 00000 00000 00000 2001.
00000 00000 00000 00000 00000 00000 00000 00000 00000 00000 00000 00000
00000 00000 00000 00000 00000 00000 00000 00000 00000 00000 00000 00000 00000 2001.
00000 00000 00000 00000 00000 00000 00000 00000 00000 00000 00000 00000
00000 00000 00000 00000 00000 00000 00000 00000 00000 00000 00000 00000 00000 2001.
00000 00000 00000 00000 00000 00000 00000 00000 00000 00000 00000 00000
00000 00000 00000 00000 00000 00000 00000 00000 00000 00000 00000 00000 00000 2001.
00000 00000 00000 00000 00000 00000 00000 00000 00000 00000 00000 00000
00000 00000 00000 00000 00000 00000 00000 00000 00000 00000 00000 00000 00000 2001.
00000 00000 00000 00000 00000 00000 00000 00000 00000 00000 00000 00000
00000 00000 00000 00000 00000 00000 00000 00000 00000 00000 00000 00000 00000 2001.
00000 00000 00000 00000 00000 00000 00000 00000 00000 00000 00000 00000
00000 00000 00000 00000 00000 00000 00000 00000 00000 00000 00000 00000 00000 2001.
00000 00000 00000 00000 00000 00000 00000 00000 00000 00000 00000 00000
00000 00000 00000 00000 00000 00000 00000 00000 00000 00000 00000 00000 00000 2001.
00000 00000 00000 00000 00000 00000 00000 00000 00000 00000 00000 00000
00000 00000 00000 00000 00000 00000 00000 00000 00000 00000 00000 00000 00000 2001.
00000 00000 00000 00000 00000 00000 00000 00000 00000 00000 00000 00000
00000 00000 00000 00000 00000 00000 00000 00000 00000 00000 00000 00000 00000 2001.
00000 00000 00000 00000 00000 00000 00000 00000 00000 00000 00000 00000
00000 00000 00000 00000 00000 00000 00000 00000 00000 00000 00000 00000 00000 2001.
00000 00000 00000 00000 00000 00000 00000 00000 00000 00000 00000 00000
00000 00000 00000 00000 00000 00000 00000 00000 00000 00000 00000 00000 00000 2001.
00000 00000 00000 00000 00000 00000 00000 00000 00000 00000 00000 00000
00000 00000 00000 00000 00000 00000 00000 00000 00000 00000 00000 00000 00000 2001.
00000 00000 00000 00000 00000 00000 00000 00000 00000 00000 00000 00000
00000 00000 00000 00000 00000 00000 00000 00000 00000 00000 00000 00000 00000 2001.
00000 00000 00000 00000 00000 00000 00000 00000 00000 00000 00000 00000
00000 00000 00000 00000 00000 00000 00000 00000 00000 00000 00000 00000 00000 2001.
00000 00000 00000 00000 00000 00000 00000 00000 00000 00000 00000 00000
00000 00000 00000 00000 00000 00000 00000 00000 00000 00000 00000 00000 00000 2001.
00000 00000 00000 00000 00000 00000 00000 00000 00000 00000 00000 00000
00000 00000 00000 00000 00000 00000 00000 00000 00000 00000 00000 00000 00000 2001.
00000 00000 00000 00000 00000 00000 00000 00000 00000 00000 00000 00000
00000 00000 00000 00000 00000 00000 00000 00000 00000 00000 00000 00000 00000 2001.
00000 00000 00000 00000 00000 00000 00000 00000 00000 00000 00000 00000
00000 00000 00000 00000 00000 00000 00000 00000 00000 00000 00000 00000 00000 2001.
00000 00000 00000 00000 00000 00000 00000 00000 00000 ///// 00000 00000
00000 00000 00000 00000 00000 00000 00000 00000 00000 00000 00000 00000 00000 2001.
00000 00000 00000 00000 00000 00000 00000 00000 00000 00000 00000 00000
00000 00000 00000 00000 00000 00000 00000 00000 00000 00000 00000 00000 00000 2001.
00000 00000 00000 00000 00000 00000 00000 00000 00000 00000 00000 00000
00000 00000 00000 00000 00000 00000 00000 00000 00000 00000 00000 00000 00000 2001.
00000 00000 00000 00000 00000 00000 00000 00000 00000 00000 00000 00000
00000 00000 00000 00000 00000 00000 00000 00000 00000 00000 00000 00000 00000 2001=
R6
0000 0000 0000
0000 0000 0000
0000 0000 0000
0000 0000 0000
0000 0000 0000
0000 0000 0000
0000 0000 0000
0000 0000 0000
0000 0000 0000
0000 0000 0000
0000 0000 0000
0000 0000 0000
0000 0000 0000
0033 0011 0044
0000 0000 0000
0000 0000 0000
0000 0000 0000
0000 0000 0000
0000 0000 0000
0000 0000 0000
0000 0000 0000
0000 0000 0000
0000 0000 0000
0000 0000 0000
0000 0000 0000
0000 0000 0000
//// 0000 ////
0001 0001 0002
0000 0000 0000
0000 0000 0000=
0000 0000 0000 0000 0000 0000 0000 0000 0000 0000 0000 0000
0000 0000 0000 0000 0000 0000 0000 0000 0000 0000 0000 0000.
0000 0000 0000 0000 0000 0000 0000 0000 0000 0000 0000 0000
0000 0000 0000 0000 0000 0000 0000 0000 0000 0000 0000 0000.
0000 0000 0000 0000 0000 0000 0000 0000 0000 0000 0000 0000
0000 0000 0000 0000 0000 0000 0000 0000 0000 0000 0000 0000.
0000 0000 0000 0000 0000 0000 0000 0000 0000 0000 0000 0000
0000 0000 0000 0000 0000 0000 0000 0000 0000 0000 0000 0000.
0000 0000 0000 0000 0000 0000 0000 0000 0000 0000 0000 0000
0000 0000 0000 0000 0000 0000 0000 0000 0000 0000 0000 0000.
0000 0000 0000 0000 0000 0000 0000 0000 0000 0000 0000 0000
0000 0000 0000 0000 0000 0000 0000 0000 0000 0000 0000 0000.
0000 0000 0000 0000 0000 0000 0000 0000 0000 0000 0000 0000
0000 0000 0000 0000 0000 0000 0000 0000 0000 0000 0000 0000.
0000 0000 0000 0000 0000 0000 0000 0000 0000 0000 0000 0000
0000 0000 0000 0000 0000 0000 0000 0000 0000 0000 0000 0000.
0000 0000 0000 0000 0000 0000 0000 0000 0000 0000 0000 0000
0000 0000 0000 0000 0000 0000 0000 0000 0000 0000 0000 0000.
0000 0000 0000 0000 0000 0000 0000 0000 0000 0000 0000 0000
0000 0000 0000 0000 0000 0000 0000 0000 0000 0000 0000 0000.
0000 0000 0000 0000 0000 0000 0000 0000 0000 0000 0000 0000
0000 0000 0000 0000 0000 0000 0000 0000 0000 0000 0000 0000.
0000 0000 0000 0000 0000 0000 0000 0000 0000 0000 0000 0000
0000 0000 0000 0000 0000 0000 0000 0000 0000 0000 0000 0000.
0000 0000 0000 0000 0000 0000 0000 0000 0000 0000 0000 0000
0000 0000 0000 0000 0000 0000 0000 0000 0000 0000 0000 0000.
0000 0000 0000 0000 0000 0000 0000 0000 0004 0006 0014 0009
0007 0003 0000 0000 0001 0000 0000 0000 0000 0000 0000 0000.
0000 0000 0000 0000 0000 0000 0000 0000 0000 0000 0000 0000
0000 0000 0000 0000 0000 0000 0000 0000 0000 0000 0000 0000.
0000 0000 0000 0000 0000 0000 0000 0000 0000 0000 0000 0000
0000 0000 0000 0000 0000 0000 0000 0000 0000 0000 0000 0000.
0000 0000 0000 0000 0000 0000 0000 0000 0000 0000 0000 0000
0000 0000 0000 0000 0000 0000 0000 0000 0000 0000 0000 0000.
0000 0000 0000 0000 0000 0000 0000 0000 0000 0000 0000 0000
0000 0000 0000 0000 0000 0000 0000 0000 0000 0000 0000 0000.
0000 0000 0000 0000 0000 0000 0000 0000 0000 0000 0000 0000
0000 0000 0000 0000 0000 0000 0000 0000 0000 0000 0000 0000.
0000 0000 0000 0000 0000 0000 0000 0000 0000 0000 0000 0000
0000 0000 0000 0000 0000 0000 0000 0000 0000 0000 0000 0000.
0000 0000 0000 0000 0000 0000 0000 0000 0000 0000 0000 0000
0000 0000 0000 0000 0000 0000 0000 0000 0000 0000 0000 0000.
0000 0000 0000 0000 0000 0000 0000 0000 0000 0000 0000 0000
0000 0000 0000 0000 0000 0000 0000 0000 0000 0000 0000 0000.
0000 0000 0000 0000 0000 0000 0000 0000 0000 0000 0000 0000
0000 0000 0000 0000 0000 0000 0000 0000 0000 0000 0000 0000.
0000 0000 0000 0000 0000 0000 0000 0000 0000 0000 0000 0000
0000 0000 0000 0000 0000 0000 0000 0000 0000 0000 0000 0000.
0000 0000 0000 0000 0000 0000 0000 0000 0000 0000 0000 0000
0000 0000 0000 0000 0000 0000 0000 0000 0000 0000 0000 0000.
0000 0000 0000 0000 0000 0000 0000 0000 0000 0000 0000 0000
0000 0000 0000 0000 0000 0000 0000 0000 0000 0000 0000 0000.
0000 0000 0000 0000 0000 0000 0000 0000 0000 //// 0000 0000
0000 0000 0000 0000 0000 0000 0000 0000 0000 0000 0000 0000.
0001 0000 0000 0000 0000 0000 0000 0000 0000 0000 0000 0000
0000 0000 0000 0000 0000 0000 0000 0000 0000 0000 0001 0000.
0000 0000 0000 0000 0000 0000 0000 0000 0000 0000 0000 0000
0000 0000 0000 0000 0000 0000 0000 0000 0000 0000 0000 0000.
0000 0000 0000 0000 0000 0000 0000 0000 0000 0000 0000 0000
0000 0000 0000 0000 0000 0000 0000 0000 0000 0000 0000 0000=
0000 ////////// 00000=
W=
LA
=
000 000 000 000 000 000 000 000 000 000 000 000
000 000 001 000 000 001 000 000 000 000 000 000 002.
000 000 000 000 000 000 000 000 000 000 000 000
000 000 001 000 002 000 000 000 000 000 000 000 003.
000 000 000 000 000 000 000 000 000 000 000 000
004 004 001 001 002 000 001 001 000 000 000 000 014.
000 000 000 000 000 000 000 000 000 001 000 000
002 004 000 002 000 000 000 001 000 000 000 000 010.
001 000 000 002 000 000 000 000 001 000 000 000
003 003 002 001 002 000 001 002 000 000 000 000 018.
000 000 000 000 000 000 000 000 000 000 000 000
000 001 002 002 002 000 001 000 000 002 002 001 013.
000 000 002 000 000 000 000 000 000 000 000 000
003 004 003 000 002 000 000 000 000 000 000 000 014.
000 000 000 000 000 000 000 000 000 000 000 000
003 003 002 003 000 003 000 002 000 000 000 000 016.
000 000 000 000 000 000 000 000 000 000 000 000
002 003 002 002 000 000 002 000 000 000 000 000 011.
000 000 000 000 000 000 001 000 000 000 000 000
001 000 000 000 001 001 000 000 000 000 000 000 004.
000 001 000 000 000 000 000 000 000 000 000 000
002 004 002 003 002 000 001 000 002 000 000 000 017.
000 000 000 000 000 000 001 000 000 000 000 000
001 003 001 002 000 000 000 002 000 000 000 001 011.
000 000 000 000 000 000 000 002 000 000 000 000
000 001 000 005 001 002 000 000 000 000 000 000 011.
000 000 001 000 002 000 000 000 000 000 002 000
000 000 000 000 002 000 000 000 000 000 000 000 007.
000 000 000 000 000 000 000 000 000 000 001 000
002 004 000 005 000 000 000 002 000 000 000 000 014.
000 000 000 000 000 001 000 000 001 000 000 000
000 000 001 000 001 000 001 000 000 000 000 000 005.
000 000 000 000 000 000 000 000 000 000 001 000
004 002 000 001 000 002 000 002 000 000 000 000 012.
000 000 000 000 000 000 000 000 000 001 000 000
000 003 002 000 002 000 000 000 000 000 000 000 008.
000 000 000 000 000 000 000 000 000 009 002 000
001 001 004 001 000 004 000 000 000 000 000 000 022.
000 000 000 000 000 000 000 000 000 000 000 000
001 001 002 000 002 000 000 000 000 000 000 000 006.
000 000 000 000 000 000 000 000 000 000 000 000
000 001 002 003 002 003 003 000 000 000 000 000 014.
000 000 000 000 000 000 000 000 000 000 000 000
001 004 005 003 002 002 002 000 000 000 000 000 019.
000 001 000 002 000 000 000 000 013 000 001 000
000 001 002 001 000 001 000 000 000 000 000 001 023.
000 000 000 000 000 000 002 000 000 000 000 000
002 006 003 002 000 000 002 000 000 000 000 000 017.
000 000 000 000 000 001 001 000 000 000 000 000
000 002 002 000 000 000 000 000 000 000 000 000 006.
000 000 000 000 000 000 000 000 000 000 000 000
001 000 002 001 001 000 002 000 000 000 000 000 007.
000 000 000 000 001 000 000 000 001 /// 000 000
000 000 000 000 000 000 000 000 000 000 000 000 ///.
001 000 000 000 000 000 000 000 000 000 000 000
001 000 002 002 000 000 000 000 000 000 000 000 006.
000 000 000 000 000 000 000 000 000 000 000 000
000 000 001 000 000 000 000 000 000 000 000 000 001.
000 000 000 000 000 000 001 000 000 000 000 000
000 007 002 002 001 002 002 000 000 000 000 000 017=
Z=
G=
FN
111015 111003 111010 111007 111009 111007
PPC000 111010 PPC002 111008 PPC001 111011
111009 111006 111009 111010 111011 111011
111007 111005 111008 111011 111012 111005.
111004 111009 111006 111005 111009 111006
111007 PPC000 111011 111015 111008 111007
111007 111008 111010 111010 110013 111014
111008 111017 111009 111014 111018 111007.
111011 111008 111008 111006 111018 111003
111013 111005 111009 111014 112009 PPC002
110011 109009 110005 109009 109021 109021
109020 109015 109004 110011 110011 110010.
111008 111005 111024 111009 111016 111003
PPC000 PPC000 PPC002 111008 111008 PPC002
PPC000 110009 110019 109026 109018 109026
109024 109028 110015 110011 110019 110011.
111005 111008 111004 111005 PPC002 111003
111007 111013 111016 PPC000 111006 111005
110005 110021 110013 109027 109025 109020
109012 109012 110012 110009 110012 110007.
110005 110006 110008 110005 111006 PPC000
PPC002 PPC000 111009 111014 PPC000 PPC002
111007 110003 110012 109013 109014 110018
110025 110033 110023 110022 111026 111009.
111012 111017 111007 PPC000 111017 PPC002
111004 111007 111005 111005 111005 111007
110013 109008 109007 109009 109005 109007
109004 PPC002 110010 110008 110007 110006.
110003 PPC000 110003 110003 110006 111007
111009 111007 PPC002 PPC000 PPC001 111005
111003 109005 109014 109018 109019 108013
108007 109003 109009 109010 110010 PPC002.
PPC000 110003 PPC002 111007 PPC002 111010
111005 111004 111004 111005 111006 PPC000
PPC000 110012 109006 109016 109021 109018
108009 109008 109015 110009 110011 110005.
PPC000 PPC001 PPC002 111012 PPC002 PPC002
PPC000 111006 PPC000 111004 PPC002 111005
110008 110009 110011 PPC002 110017 109009
109006 109003 110006 110013 110004 111007.
111007 110005 110009 110014 111003 PPC002
111003 111008 111013 111004 111011 111009
111008 110012 109007 108014 108027 108017
108020 108017 109017 109005 PPC002 PPC002.
110004 111006 111004 111006 PPC000 PPC001
111004 PPC002 PPC000 111006 PPC000 111005
PPC002 110010 109009 109020 109012 109017
110034 110027 110017 110015 110023 110013.
110006 110008 110003 111009 111009 111009
111004 111006 111007 PPC000 111003 111011
110006 110007 110006 109016 109028 109030
109017 110013 110019 110006 110006 110013.
110012 110025 110020 110027 110026 110021
111016 111019 111018 111018 111029 111029
111057 111049 111021 111016 111016 111012
111014 111016 111012 111013 111013 111005.
111010 111012 111012 111013 111036 111009
111013 111010 111005 112003 111005 112007
PPC002 110007 110008 109014 109022 109018
109020 109014 110018 110017 111012 111015.
111009 111007 111008 111007 PPC001 111003
111007 111006 PPC000 111007 111006 PPC002
111007 111005 PPC002 111016 110015 110018
110017 110005 111011 111023 111015 111014.
PPC000 PPC002 111008 112011 112005 112008
112003 112003 PPC002 112003 112005 112009
111005 110005 111004 110007 110016 110013
110019 110018 111013 111011 111005 PPC001.
111009 111007 111007 PPC002 PPC001 PPC001
112004 PPC002 PPC000 112004 PPC000 PPC000
111003 111008 110008 110007 110017 110019
110018 111029 111018 111012 111005 111008.
111007 112003 PPC002 PPC001 112013 PPC000
PPC002 112004 112003 112013 PPC002 112004
112007 112003 PPC000 110004 110010 109022
110018 110016 110008 111011 111009 111006.
112013 112016 112008 112026 112009 112010
112003 112010 112011 PPC000 112008 112005
112003 PPC000 PPC001 111011 111014 111012
110005 111008 111007 111015 111010 111012.
111003 111009 111005 PPC002 111009 111005
111011 111004 111009 111010 111009 111006
111006 111012 110006 109009 109015 109012
109019 110038 110011 110006 111004 111004.
111006 111008 111005 111004 PPC000 PPC002
111005 111006 111004 112010 PPC001 PPC000
112007 PPC002 110007 109015 109017 109019
109006 109013 109009 110011 PPC000 111011.
111009 111010 111005 PPC000 PPC000 111006
PPC000 PPC001 PPC001 112004 111003 111004
111007 111006 111009 111017 111017 111023
111022 111021 111021 111014 111023 111029.
111020 111005 111011 111004 111003 PPC002
111013 111011 111003 111008 111012 111013
111006 110008 110007 109012 109008 109011
109019 109017 110007 PPC002 111004 PPC001.
111003 111007 PPC002 112004 112005 111008
111008 111009 111003 PPC000 PPC002 PPC000
111006 PPC000 PPC000 110005 110009 111013
111019 111011 111009 111010 111013 111010.
111006 111004 111010 111004 111007 111008
111004 111003 111003 PPC002 111004 PPC002
PPC000 111003 110005 110015 110017 110012
110013 110010 110010 111004 111010 111004.
111005 PPC000 111004 PPC000 PPC002 111004
111003 111004 PPC001 ////// 111004 PPC000
PPC002 PPC000 111011 111016 111012 111015
111017 111015 111013 111015 111015 111012.
111012 111012 111005 111009 111010 111010
111004 111003 PPC001 PPC002 111006 PPC000
PPC002 111005 111007 111008 111010 111003
111011 111007 111005 111007 111004 PPC000.
111003 PPC002 PPC002 111010 PPC000 112004
PPC000 PPC001 112008 112004 PPC000 112005
PPC002 PPC002 111004 111010 111010 111006
PPC002 111006 111009 111007 111009 111010.
111006 111011 111011 111007 111010 111014
112007 112008 PPC000 112004 112009 112009
112009 110008 110006 109011 109014 109019
109014 109020 110012 111013 111013 111009=
111012 111005 111008 111006 111007 111008
PPC002 111008 111003 111006 111004 111008
111011 111005 111007 111009 111008 111011
111008 111009 111008 111011 111011 111006.
111005 111008 111004 111003 111005 111006
111004 111004 111011 111015 111008 111006
111006 111007 111006 111007 110012 111011
111008 111014 111008 111008 111014 111007.
111008 111004 111014 111006 111017 111007
111014 111008 111009 111013 112009 PPC002
111009 110006 110010 109011 109017 109028
109020 109011 PPC002 110008 110007 110011.
111007 111006 111022 111012 111013 PPC001
PPC000 111003 111006 111003 111008 PPC000
PPC000 110011 110019 109024 109026 109023
109023 109030 110016 110012 110016 110012.
PPC002 111009 PPC001 111004 PPC002 111006
111008 111011 111013 PPC001 111003 111004
110006 110016 110017 109021 109020 109010
109014 109007 109018 110012 110013 110009.
110006 110007 110009 110005 111005 111004
PPC000 PPC000 111005 111015 PPC001 PPC000
111003 110005 110011 109011 109020 110024
110031 110029 110027 110029 111024 111010.
111012 111013 111006 PPC002 111012 111005
111004 111006 111005 111003 111007 111004
110010 109007 109008 109007 109010 109006
PPC002 110004 110010 110006 110008 110006.
110004 PPC001 110007 110005 110007 111009
111006 111004 111004 PPC002 111004 111005
111004 109005 109014 109014 109017 108019
108009 109007 109009 109011 110009 PPC001.
PPC000 110005 110004 111005 111003 111010
111006 PPC002 PPC002 111003 111006 PPC001
PPC000 110012 109008 109014 109023 109026
109011 109013 109014 110009 110011 110004.
PPC001 PPC001 PPC002 111010 111004 111003
111003 111007 PPC000 111005 PPC002 111003
110006 110009 110010 110008 110012 109005
109007 109004 110007 110013 110005 111006.
111005 110003 110013 110012 111007 PPC002
111006 111010 111010 111006 111006 111008
111007 110012 109010 108010 108022 108018
108021 108016 109017 109005 110003 PPC001.
111004 111005 111003 111004 PPC000 111003
111005 111003 PPC000 PPC002 111003 111004
111003 110009 109012 109017 109020 109022
110029 110033 110023 110016 110023 110009.
110006 110011 110006 111007 111007 111009
111007 111008 111007 PPC002 111004 111010
111007 110008 110005 109016 109028 109022
109016 110016 110015 110007 110006 110013.
110011 110019 110020 110018 110024 111025
111020 111023 111016 111017 111022 111029
111046 111041 111018 111018 111015 111013
111016 111012 111011 111014 111015 111005.
111011 111009 111014 111015 111025 111013
111012 111005 111009 112003 111005 112005
PPC002 110004 110011 109010 109015 109016
109022 109014 110016 110019 111014 111013.
111008 111009 111008 111009 PPC000 PPC002
111007 111006 PPC000 111007 111007 111007
111004 111006 PPC002 111010 110012 110016
110016 110007 110010 111018 111017 111012.
PPC001 111004 111011 112008 112006 112006
PPC002 112003 PPC002 PPC002 112005 112007
111006 110004 111006 110004 110015 110018
110016 110018 111013 111010 111005 PPC002.
111009 111005 111006 PPC001 112003 112003
PPC002 PPC002 PPC002 112004 PPC001 111003
111004 111007 110013 110010 110019 110023
110025 110021 111015 111012 111006 111009.
111007 112004 PPC002 112003 112012 PPC002
PPC000 112004 PPC002 112012 112006 112003
112009 112003 111005 110007 110008 109015
110014 110016 110010 111010 111011 111006.
112016 112013 112011 112022 112011 112011
112004 112012 112013 112004 112012 112007
112007 111003 111007 111007 111016 110013
110005 111010 111006 111013 111014 111010.
111009 111009 111006 PPC001 111007 111005
111009 PPC002 111010 111011 111011 111006
111007 111010 110011 109009 109017 109015
109021 110023 110017 110008 111005 PPC002.
111003 111008 111006 111006 PPC001 111003
111006 111005 111004 112012 112005 112003
112007 PPC000 110008 109018 109021 109021
109014 109018 109011 110009 PPC002 111011.
111003 111009 111008 PPC000 PPC002 111006
PPC000 PPC000 PPC002 112003 111005 111005
111007 111005 111008 111017 111020 111028
111021 111024 111023 111018 111021 111027.
111020 111012 111012 111006 111003 111004
111011 111012 PPC002 111005 111013 111013
111008 110009 109009 109009 109015 109018
109022 109012 110010 110003 111003 111004.
111007 111008 111003 112003 112004 111007
111008 111009 111003 PPC002 111003 PPC000
111003 PPC000 PPC002 110003 110009 111012
111014 111012 111008 111011 111013 111010.
111006 111005 111006 111005 111006 111008
111004 PPC002 PPC002 PPC000 PPC002 111003
PPC000 PPC002 110007 110013 110014 110007
110013 110010 110010 111005 111008 111004.
111008 111003 111003 PPC002 111003 111006
PPC001 111004 PPC000 ////// 111004 PPC000
PPC000 PPC000 111012 111019 111014 111014
111019 111013 111014 111015 111016 111018.
111012 111012 111010 111010 111010 111009
111004 PPC002 PPC000 PPC002 111006 PPC000
111003 111005 111005 111007 111008 111006
111008 111010 111006 111006 111004 PPC000.
PPC001 111003 PPC001 111008 111003 112003
PPC001 111007 112006 112003 PPC000 112004
PPC002 PPC000 111003 111008 111011 111008
PPC001 111005 111004 111009 111012 111007.
111006 111009 111011 111006 111013 111011
112010 112007 112005 112005 112010 112008
112010 110007 110009 109009 109012 109021
109014 109017 110014 111011 111012 111010=
015111 1141 025111 2007
018111 0554 030111 0546
029109 1401 041109 1356
031109 1554 044109 1303
025110 1029 040109 1520
035110 1525 057110 1523
026111 2124 035111 2121
021109 1226 034108 1409
029109 1419 044109 1351
015110 1240 024110 1214
026108 1509 034108 1257
039110 1554 052110 1630
028109 1259 046109 1255
052111 0919 075112 0908
027111 0104 043111 0100
021111 1734 033111 1725
022110 1331 035111 1329
032110 1437 048111 1612
022110 1532 035110 1609
023112 2046 036111 1255
029110 1608 041110 1520
026109 1305 053110 1301
033111 1719 050111 1718
031111 2014 052111 2014
019111 1507 025111 1833
018110 1544 022110 1256
022111 1949 033111 1951
019111 2137 037111 2136
016111 1729 022111 1722
023110 1617 037109 1548=
DB
0129 0129 0127 0127 0126 0126 0126 0126 0127 0126 0127 0129
0136 0141 0143 0158 0152 0153 0168 0154 0150 0140 0134 0133 0168 1500 0125 0256.
0131 0129 0130 0129 0129 0129 0129 0129 0129 0130 0128 0128
0136 0148 0166 0172 0183 0160 0156 0146 0141 0134 0128 0128 0224 1242 0127 1942.
0125 0124 0121 0120 0117 0120 0117 0110 0113 0111 0093 0117
0149 0263 0260 0355 0272 0344 0329 0291 0210 0167 0148 0135 0374 1212 0083 0717.
0136 0135 0136 0131 0121 0109 0108 0106 0096 0101 0100 0114
0150 0224 0278 0328 0289 0310 0298 0276 0196 0170 0140 0143 0345 1336 0090 0704.
0145 0138 0140 0141 0143 0143 0142 0135 0131 0124 0123 0130
0162 0233 0273 0282 0296 0345 0317 0284 0204 0183 0155 0160 0350 1346 0120 0638.
0161 0156 0151 0149 0151 0146 0145 0143 0141 0137 0139 0143
0159 0196 0233 0259 0258 0252 0213 0193 0173 0158 0152 0150 0285 1248 0136 0553.
0147 0144 0144 0142 0141 0141 0139 0138 0136 0135 0131 0114
0158 0250 0230 0284 0267 0256 0224 0200 0188 0168 0159 0155 0298 1047 0112 0747.
0154 0153 0151 0148 0146 0141 0120 0108 0101 0096 0093 0103
0151 0231 0299 0339 0298 0332 0328 0282 0215 0189 0180 0172 0364 1233 0092 0711.
0163 0145 0135 0125 0119 0114 0111 0106 0102 0101 0098 0106
0147 0213 0275 0312 0328 0317 0308 0270 0210 0164 0144 0134 0340 1323 0096 0621.
0128 0122 0119 0116 0112 0131 0138 0141 0143 0142 0142 0147
0155 0157 0173 0204 0234 0244 0229 0217 0190 0166 0150 0131 0245 1413 0111 0120.
0126 0147 0149 0142 0140 0137 0129 0127 0123 0108 0098 0109
0155 0227 0293 0341 0346 0346 0316 0280 0229 0161 0136 0128 0364 1313 0096 0714.
0125 0122 0117 0113 0111 0123 0126 0122 0118 0117 0103 0113
0156 0217 0265 0282 0253 0244 0243 0211 0183 0168 0161 0152 0297 1319 0101 0724.
0154 0152 0136 0119 0133 0113 0132 0132 0133 0132 0132 0134
0155 0175 0267 0268 0251 0260 0220 0209 0194 0170 0156 0159 0309 1335 0112 0154.
0156 0156 0153 0151 0149 0145 0137 0131 0128 0128 0126 0124
0122 0124 0131 0135 0153 0144 0147 0158 0141 0134 0131 0128 0161 2027 0121 0931.
0127 0126 0124 0124 0123 0117 0108 0105 0097 0095 0102 0100
0129 0220 0235 0330 0338 0324 0295 0241 0180 0143 0132 0115 0340 1256 0074 0559.
0103 0095 0097 0093 0110 0116 0118 0118 0119 0118 0118 0116
0122 0136 0143 0150 0159 0165 0169 0171 0168 0161 0153 0147 0171 1555 0093 2357.
0143 0137 0132 0127 0123 0120 0116 0112 0108 0104 0106 0106
0110 0126 0136 0144 0152 0160 0163 0164 0160 0154 0150 0146 0164 1553 0104 0558.
0144 0140 0134 0128 0124 0123 0121 0120 0117 0119 0120 0121
0124 0134 0149 0156 0165 0167 0163 0161 0157 0152 0142 0134 0167 1334 0110 0346.
0128 0122 0117 0112 0108 0105 0101 0098 0095 0095 0100 0103
0108 0114 0126 0141 0158 0177 0180 0180 0171 0160 0147 0138 0182 1426 0094 0546.
0133 0128 0127 0127 0127 0127 0126 0125 0123 0123 0123 0123
0124 0126 0133 0140 0149 0154 0157 0158 0155 0149 0143 0139 0158 1540 0123 0500.
0136 0132 0130 0128 0128 0128 0128 0127 0126 0126 0125 0124
0127 0135 0146 0164 0181 0194 0201 0194 0183 0173 0162 0152 0202 1457 0124 0758.
0144 0141 0138 0135 0133 0131 0130 0128 0126 0122 0116 0110
0109 0114 0135 0156 0174 0187 0193 0194 0186 0171 0158 0149 0195 1523 0109 0839.
0143 0139 0138 0137 0137 0136 0132 0126 0125 0122 0121 0123
0126 0130 0139 0146 0151 0151 0150 0148 0145 0140 0136 0133 0152 1342 0120 0545.
0131 0130 0129 0128 0127 0126 0126 0126 0125 0123 0121 0119
0123 0138 0158 0182 0197 0206 0204 0199 0187 0169 0156 0145 0209 1423 0119 0748.
0136 0129 0124 0119 0114 0115 0118 0119 0118 0119 0120 0121
0123 0130 0141 0149 0150 0151 0151 0148 0144 0140 0137 0135 0160 2003 0106 0231.
0133 0131 0130 0129 0128 0127 0126 0125 0125 0124 0124 0123
0126 0134 0144 0156 0163 0165 0170 0170 0164 0154 0144 0138 0170 1457 0123 0740.
0131 0131 0132 0132 0131 0131 0130 0129 0129 //// 0128 0128
0129 0131 0133 0134 0137 0138 0137 0135 0134 0131 0130 0129 0138 2001 0128 0649.
0128 0128 0127 0126 0124 0123 0121 0120 0119 0117 0117 0116
0117 0121 0128 0138 0144 0146 0144 0142 0139 0135 0131 0129 0146 1330 0116 0757.
0127 0124 0123 0121 0118 0114 0114 0115 0115 0115 0114 0114
0116 0120 0125 0129 0132 0134 0135 0135 0134 0130 0128 0126 0136 0141 0113 0143.
0124 0122 0120 0118 0117 0116 0115 0114 0112 0110 0105 0107
0112 0129 0146 0171 0191 0201 0196 0199 0174 0114 0089 0085 0205 1418 0083 1922=
0145 0143 0142 0141 0140 0139 0138 0137 0137 0137 0136 0136
0137 0138 0139 0141 0142 0145 0146 0148 0148 0147 0145 0143.
0142 0141 0140 0139 0138 0138 0137 0137 0137 0137 0136 0136
0136 0138 0141 0144 0151 0152 0151 0150 0149 0147 0144 0142.
0140 0139 0138 0136 0135 0134 0133 0131 0130 0129 0127 0123
0127 0138 0149 0166 0188 0198 0206 0208 0205 0195 0184 0174.
0166 0161 0158 0155 0151 0146 0142 0139 0136 0132 0129 0128
0130 0139 0152 0169 0185 0197 0202 0202 0198 0190 0180 0170.
0165 0162 0159 0156 0155 0154 0153 0152 0149 0147 0144 0142
0143 0150 0162 0175 0188 0199 0209 0212 0209 0200 0190 0183.
0178 0174 0170 0167 0164 0162 0160 0159 0157 0155 0153 0152
0152 0155 0162 0172 0181 0186 0187 0185 0181 0176 0170 0166.
0164 0161 0158 0157 0155 0154 0153 0151 0150 0149 0148 0145
0144 0151 0165 0173 0183 0189 0191 0189 0185 0181 0176 0171.
0168 0166 0164 0162 0160 0158 0155 0150 0144 0140 0136 0132
0133 0143 0157 0175 0192 0204 0211 0214 0210 0201 0194 0188.
0183 0177 0171 0165 0160 0154 0150 0146 0142 0139 0136 0133
0134 0143 0156 0172 0188 0198 0205 0208 0204 0196 0186 0177.
0170 0164 0159 0154 0150 0147 0148 0149 0149 0150 0150 0150
0151 0152 0154 0158 0165 0173 0178 0180 0180 0176 0171 0166.
0160 0157 0157 0156 0154 0153 0151 0149 0146 0143 0139 0135
0136 0144 0159 0177 0194 0205 0212 0214 0209 0200 0189 0179.
0171 0165 0160 0156 0152 0149 0148 0146 0145 0143 0141 0138
0138 0146 0158 0170 0179 0185 0185 0186 0184 0178 0174 0169.
0166 0164 0161 0157 0154 0151 0149 0148 0147 0147 0146 0146
0146 0151 0156 0168 0178 0184 0187 0184 0180 0177 0173 0169.
0166 0163 0161 0159 0157 0155 0153 0151 0149 0148 0146 0144
0141 0140 0140 0141 0143 0145 0145 0147 0147 0145 0143 0141.
0140 0139 0137 0136 0135 0134 0132 0129 0126 0152 0122 0121
0120 0130 0141 0156 0175 0186 0193 0196 0189 0179 0167 0159.
0151 0144 0138 0134 0130 0130 0131 0131 0131 0131 0131 0130
0130 0131 0134 0140 0147 0153 0158 0160 0160 0156 0149 0144.
0140 0136 0129 0127 0123 0120 0117 0113 0109 0106 0105 0105
0106 0117 0126 0134 0140 0148 0151 0153 0152 0148 0144 0141.
0139 0136 0132 0127 0123 0121 0120 0118 0115 0115 0117 0118
0119 0124 0136 0145 0152 0156 0154 0152 0150 0147 0140 0133.
0127 0122 0117 0113 0109 0106 0103 0100 0097 0094 0097 0100
0103 0108 0116 0128 0142 0157 0166 0166 0162 0155 0145 0137.
0131 0127 0124 0124 0123 0123 0123 0121 0120 0119 0119 0119
0119 0121 0125 0131 0137 0144 0146 0148 0147 0143 0139 0135.
0132 0129 0127 0125 0125 0124 0124 0123 0123 0122 0121 0121
0121 0126 0134 0146 0163 0175 0182 0182 0174 0167 0158 0150.
0142 0138 0135 0133 0130 0128 0127 0125 0124 0121 0117 0111
0108 0109 0123 0140 0157 0168 0176 0181 0176 0167 0156 0148.
0142 0137 0135 0134 0133 0132 0130 0125 0123 0120 0118 0119
0121 0124 0128 0134 0139 0142 0142 0141 0139 0137 0134 0131.
0129 0128 0127 0126 0125 0124 0124 0124 0123 0122 0120 0118
0118 0125 0138 0154 0168 0178 0183 0181 0177 0168 0158 0149.
0142 0135 0130 0125 0120 0118 0118 0119 0119 0119 0119 0119
0120 0123 0129 0136 0139 0142 0142 0141 0139 0137 0134 0132.
0131 0129 0128 0127 0126 0125 0124 0124 0123 0123 0122 0121
0122 0125 0131 0140 0148 0151 0154 0156 0155 0151 0144 0139.
0134 0131 0130 0130 0129 0128 0128 0127 0127 //// 0126 0126
0126 0126 0128 0129 0130 0132 0132 0131 0130 0129 0127 0126.
0126 0125 0125 0124 0123 0121 0121 0119 0118 0117 0116 0115
0115 0117 0120 0126 0131 0136 0136 0135 0134 0132 0129 0127.
0125 0124 0122 0120 0119 0116 0114 0114 0114 0114 0113 0113
0114 0115 0118 0121 0124 0126 0127 0128 0128 0127 0125 0123.
0122 0121 0119 0117 0116 0115 0114 0113 0112 0111 0108 0107
0108 0116 0128 0144 0161 0173 0179 0179 0174 0163 0152 0142=
0157 0156 0155 0153 0152 0151 0151 0150 0149 0149 0148 0148
0148 0148 0149 0149 0150 0151 0153 0154 0154 0155 0154 0154.
0153 0152 0151 0150 0150 0149 0149 0148 0148 0148 0148 0147
0147 0147 0148 0150 0152 0155 0156 0154 0156 0156 0155 0153.
0152 0151 0150 0149 0148 0146 0146 0145 0144 0143 0142 0140
0139 0141 0147 0154 0165 0177 0185 0191 0194 0193 0189 0183.
0178 0174 0170 0167 0165 0162 0158 0155 0153 0150 0148 0145
0144 0146 0151 0158 0168 0178 0186 0190 0192 0190 0186 0181.
0177 0174 0171 0168 0166 0165 0164 0163 0161 0160 0158 0156
0155 0156 0160 0166 0174 0183 0191 0197 0200 0199 0195 0191.
0187 0184 0181 0178 0175 0174 0172 0170 0168 0167 0165 0164
0163 0163 0165 0169 0175 0180 0183 0184 0184 0182 0179 0177.
0174 0172 0170 0168 0167 0165 0164 0163 0162 0161 0160 0159
0157 0157 0161 0168 0174 0180 0184 0186 0186 0184 0182 0180.
0178 0175 0174 0172 0171 0169 0167 0165 0162 0158 0155 0152
0150 0151 0156 0164 0174 0185 0193 0199 0201 0200 0197 0193.
0190 0187 0183 0179 0175 0171 0168 0164 0161 0158 0155 0152
0151 0151 0156 0163 0172 0182 0189 0195 0197 0196 0193 0188.
0183 0178 0174 0170 0167 0164 0162 0161 0161 0161 0160 0160
0160 0161 0161 0163 0165 0170 0174 0177 0179 0179 0178 0175.
0172 0169 0168 0167 0165 0164 0163 0162 0160 0158 0156 0153
0151 0152 0156 0165 0175 0185 0193 0199 0201 0200 0195 0190.
0185 0180 0175 0172 0168 0165 0163 0161 0160 0158 0156 0154
0153 0154 0158 0164 0171 0176 0180 0182 0183 0182 0180 0178.
0175 0173 0172 0170 0167 0165 0162 0161 0160 0159 0158 0158
0157 0158 0160 0164 0170 0176 0180 0182 0182 0181 0179 0177.
0175 0173 0171 0169 0168 0166 0165 0163 0162 0160 0159 0158
0156 0154 0153 0153 0153 0154 0154 0155 0156 0156 0155 0154.
0152 0151 0150 0149 0148 0147 0146 0145 0143 0141 0139 0138
0136 0137 0142 0149 0158 0169 0176 0182 0184 0182 0177 0172.
0167 0162 0157 0153 0149 0147 0146 0145 0145 0144 0144 0143
0143 0143 0143 0145 0149 0153 0156 0159 0161 0161 0159 0156.
0154 0151 0147 0145 0142 0139 0136 0134 0131 0128 0126 0125
0124 0125 0130 0135 0139 0144 0149 0151 0153 0153 0152 0150.
0149 0147 0145 0143 0140 0137 0136 0134 0132 0131 0131 0131
0131 0132 0136 0141 0147 0151 0154 0155 0154 0153 0151 0148.
0144 0140 0137 0133 0130 0127 0124 0121 0119 0117 0115 0116
0117 0118 0121 0126 0134 0143 0151 0157 0159 0158 0155 0150.
0146 0142 0139 0138 0136 0136 0135 0134 0133 0132 0132 0131
0131 0131 0132 0135 0138 0142 0145 0148 0149 0149 0147 0145.
0143 0142 0140 0138 0137 0136 0135 0135 0134 0134 0133 0133
0132 0133 0136 0141 0149 0158 0165 0171 0171 0169 0166 0161.
0157 0152 0149 0147 0144 0142 0141 0139 0138 0136 0134 0131
0128 0126 0128 0134 0143 0153 0160 0167 0170 0169 0165 0160.
0155 0151 0148 0146 0145 0144 0143 0140 0138 0136 0134 0133
0133 0133 0135 0137 0140 0143 0145 0145 0146 0145 0144 0142.
0141 0139 0138 0137 0136 0136 0135 0135 0134 0133 0133 0131
0131 0131 0135 0142 0151 0160 0167 0171 0172 0170 0166 0162.
0156 0151 0147 0143 0139 0136 0134 0133 0133 0132 0131 0131
0131 0132 0134 0137 0140 0143 0144 0145 0145 0144 0143 0142.
0141 0140 0139 0138 0137 0136 0135 0135 0134 0134 0133 0133
0132 0133 0135 0138 0143 0147 0150 0153 0155 0154 0152 0149.
0146 0144 0142 0141 0140 0139 0138 0138 0137 //// 0136 0136
0135 0135 0136 0136 0137 0138 0139 0139 0138 0138 0137 0136.
0136 0135 0135 0134 0134 0133 0132 0131 0130 0129 0129 0128
0127 0127 0128 0130 0133 0136 0138 0139 0140 0138 0138 0137.
0136 0135 0133 0132 0131 0130 0128 0127 0127 0126 0125 0125
0125 0125 0126 0128 0129 0131 0132 0133 0134 0134 0133 0133.
0132 0131 0130 0129 0128 0127 0126 0125 0124 0123 0122 0121
0120 0122 0126 0133 0142 0153 0160 0165 0167 0165 0160 0154=
0164 0164 0164 0163 0163 0162 0161 0161 0160 0160 0159 0159
0159 0159 0158 0158 0158 0158 0158 0159 0159 0159 0159 0159.
0159 0159 0159 0159 0159 0158 0158 0158 0157 0157 0157 0157
0156 0156 0156 0156 0157 0157 0157 0159 0159 0159 0159 0159.
0159 0159 0158 0158 0158 0157 0157 0156 0156 0155 0155 0154
0154 0153 0153 0153 0155 0157 0160 0163 0166 0169 0171 0172.
0173 0172 0171 0171 0170 0168 0167 0166 0165 0163 0165 0161
0160 0159 0158 0158 0159 0161 0164 0166 0169 0171 0173 0174.
0174 0173 0172 0172 0171 0170 0169 0168 0168 0167 0166 0165
0165 0164 0164 0164 0165 0166 0169 0171 0174 0176 0178 0179.
0179 0179 0178 0178 0177 0176 0175 0174 0174 0173 0172 0171
0170 0170 0169 0169 0169 0170 0171 0173 0174 0175 0175 0175.
0175 0174 0174 0173 0172 0172 0171 0170 0169 0169 0168 0167
0168 0167 0166 0166 0167 0168 0170 0172 0173 0174 0175 0175.
0175 0175 0175 0175 0174 0173 0173 0172 0171 0170 0169 0167
0166 0165 0164 0164 0165 0166 0169 0172 0175 0178 0180 0181.
0181 0181 0180 0180 0179 0178 0176 0175 0173 0172 0170 0169
0167 0166 0165 0165 0165 0167 0169 0172 0175 0177 0178 0179.
0179 0179 0178 0177 0175 0174 0173 0171 0170 0169 0169 0168
0168 0167 0167 0167 0167 0167 0168 0169 0170 0171 0172 0173.
0173 0173 0172 0171 0171 0170 0170 0169 0168 0168 0167 0166
0165 0164 0164 0163 0164 0166 0169 0172 0175 0178 0179 0180.
0180 0179 0179 0177 0176 0174 0173 0172 0170 0169 0168 0167
0166 0165 0165 0165 0165 0166 0168 0170 0171 0173 0174 0174.
0174 0174 0173 0173 0172 0171 0170 0170 0169 0168 0167 0166
0166 0165 0166 0165 0166 0167 0168 0170 0171 0172 0173 0173.
0174 0173 0173 0172 0172 0171 0170 0170 0169 0168 0167 0167
0166 0165 0164 0164 0163 0163 0162 0162 0162 0162 0162 0162.
0161 0161 0160 0160 0159 0159 0158 0158 0157 0148 0155 0154
0154 0153 0153 0153 0154 0155 0158 0161 0163 0166 0167 0168.
0168 0167 0166 0165 0163 0162 0160 0159 0158 0157 0156 0156
0155 0155 0154 0154 0154 0154 0155 0156 0157 0158 0159 0159.
0159 0158 0158 0157 0156 0155 0153 0152 0151 0149 0148 0147
0146 0145 0144 0144 0144 0145 0146 0148 0149 0150 0151 0152.
0152 0152 0152 0152 0151 0150 0149 0148 0148 0147 0146 0145
0145 0144 0145 0144 0145 0146 0148 0149 0151 0151 0152 0152.
0152 0151 0150 0149 0148 0146 0145 0143 0142 0141 0139 0138
0137 0136 0136 0136 0137 0138 0140 0142 0145 0147 0149 0149.
0150 0149 0148 0148 0147 0146 0145 0145 0144 0144 0143 0143
0142 0142 0142 0141 0142 0142 0143 0144 0145 0146 0147 0147.
0147 0147 0147 0146 0146 0145 0145 0144 0144 0143 0143 0143
0142 0142 0142 0142 0143 0144 0147 0149 0152 0154 0155 0156.
0156 0155 0155 0153 0152 0151 0150 0149 0148 0148 0147 0146
0145 0144 0143 0142 0142 0143 0145 0148 0150 0153 0154 0155.
0155 0154 0154 0153 0152 0151 0150 0149 0148 0147 0146 0146
0145 0144 0144 0143 0144 0144 0145 0145 0146 0146 0146 0146.
0146 0146 0146 0145 0145 0144 0144 0143 0143 0143 0142 0142
0141 0141 0141 0141 0142 0144 0146 0149 0152 0154 0155 0155.
0156 0155 0154 0153 0151 0150 0148 0147 0146 0145 0144 0143
0143 0142 0142 0142 0142 0142 0143 0144 0145 0145 0145 0145.
0145 0145 0145 0144 0144 0144 0143 0143 0142 0142 0141 0141
0141 0141 0140 0141 0141 0142 0143 0144 0146 0147 0148 0148.
0148 0148 0147 0147 0146 0145 0145 0144 0144 //// 0143 0143
0143 0142 0142 0142 0142 0142 0142 0142 0142 0142 0142 0142.
0142 0142 0141 0141 0141 0140 0140 0140 0139 0139 0139 0138
0138 0137 0137 0137 0137 0137 0138 0139 0139 0140 0140 0140.
0140 0140 0140 0140 0139 0139 0138 0138 0137 0137 0136 0136
0135 0135 0135 0135 0135 0135 0135 0136 0136 0136 0137 0137.
0137 0137 0136 0136 0136 0136 0135 0135 0134 0134 0133 0133
0133 0132 0132 0132 0133 0135 0138 0141 0144 0146 0148 0148=
0159 0158 0157 0156 0156 0155 0154 0154 0153 0152 0152 0152
0151 0151 0151 0151 0151 0152 0152 0153 0154 0154 0154 0154.
0154 0154 0153 0153 0152 0152 0151 0151 0151 0150 0150 0150
0150 0149 0150 0150 0151 0152 0153 0155 0155 0155 0155 0154.
0154 0153 0152 0152 0151 0150 0149 0149 0148 0147 0146 0145
0145 0145 0146 0148 0152 0158 0164 0169 0174 0176 0177 0176.
0174 0172 0170 0168 0166 0164 0162 0160 0158 0156 0153 0152
0151 0150 0151 0153 0156 0161 0167 0171 0175 0176 0177 0176.
0174 0172 0170 0169 0167 0166 0165 0164 0163 0162 0161 0159
0158 0158 0158 0160 0163 0167 0172 0177 0180 0183 0184 0183.
0181 0180 0178 0176 0175 0173 0172 0170 0169 0168 0167 0166
0165 0164 0164 0165 0167 0169 0172 0174 0175 0175 0175 0174.
0173 0171 0170 0169 0168 0167 0166 0165 0164 0163 0162 0161
0160 0160 0160 0162 0165 0168 0171 0174 0175 0176 0176 0175.
0174 0173 0172 0171 0170 0169 0168 0167 0165 0163 0161 0159
0157 0156 0156 0158 0162 0167 0173 0178 0182 0184 0185 0184.
0183 0184 0180 0178 0176 0174 0171 0169 0167 0164 0162 0160
0158 0157 0157 0159 0162 0167 0172 0176 0180 0182 0182 0181.
0180 0178 0175 0173 0170 0168 0166 0165 0164 0163 0162 0162
0162 0161 0161 0162 0162 0164 0166 0168 0170 0171 0172 0172.
0171 0170 0168 0167 0168 0165 0165 0164 0163 0161 0160 0159
0157 0156 0156 0158 0162 0167 0173 0178 0182 0184 0185 0183.
0181 0179 0176 0174 0171 0169 0167 0165 0164 0162 0161 0160
0158 0158 0158 0159 0162 0165 0169 0171 0173 0174 0174 0174.
0173 0172 0170 0169 0168 0166 0165 0164 0163 0162 0161 0160
0159 0159 0160 0160 0163 0166 0169 0171 0172 0173 0173 0173.
0172 0171 0170 0169 0168 0167 0166 0165 0164 0163 0162 0161
0159 0158 0158 0156 0156 0156 0156 0156 0156 0156 0156 0156.
0155 0154 0154 0153 0152 0151 0151 0150 0149 0160 0146 0145
0144 0143 0144 0146 0149 0154 0159 0164 0168 0170 0170 0169.
0166 0164 0161 0159 0156 0154 0152 0151 0150 0149 0148 0148
0147 0146 0146 0147 0148 0149 0151 0153 0155 0156 0156 0156.
0155 0153 0150 0150 0148 0146 0144 0143 0141 0139 0137 0135
0134 0133 0134 0135 0137 0140 0142 0145 0147 0148 0149 0149.
0148 0148 0147 0146 0144 0143 0141 0139 0139 0138 0137 0136
0136 0136 0136 0138 0141 0144 0146 0148 0149 0149 0149 0148.
0147 0145 0143 0141 0139 0136 0134 0132 0130 0129 0127 0126
0125 0125 0126 0127 0130 0133 0138 0143 0146 0149 0149 0148.
0147 0145 0143 0141 0140 0139 0138 0138 0137 0136 0136 0135
0135 0134 0134 0135 0136 0138 0140 0141 0143 0144 0145 0144.
0144 0143 0142 0141 0140 0139 0138 0138 0137 0137 0136 0136
0135 0135 0136 0137 0140 0144 0149 0153 0156 0158 0158 0157.
0155 0153 0151 0149 0148 0146 0144 0143 0142 0140 0139 0138
0136 0134 0133 0134 0136 0141 0146 0150 0154 0156 0157 0156.
0154 0152 0150 0148 0147 0146 0145 0143 0142 0140 0139 0138
0137 0136 0136 0137 0138 0140 0141 0142 0143 0143 0143 0142.
0141 0141 0140 0139 0139 0138 0138 0137 0136 0136 0136 0135
0134 0134 0135 0136 0140 0144 0149 0154 0157 0158 0158 0157.
0155 0153 0150 0148 0145 0143 0141 0139 0138 0137 0136 0135
0135 0135 0135 0136 0137 0139 0140 0141 0142 0142 0142 0142.
0141 0140 0140 0139 0139 0138 0138 0137 0136 0136 0136 0135
0135 0134 0135 0136 0138 0140 0142 0144 0146 0147 0148 0147.
0146 0145 0143 0142 0141 0141 0140 0139 0139 //// 0138 0137
0137 0137 0137 0137 0137 0137 0138 0138 0138 0138 0138 0137.
0137 0136 0136 0136 0135 0135 0134 0134 0133 0133 0132 0131
0131 0130 0130 0131 0132 0133 0134 0136 0136 0137 0137 0137.
0136 0136 0135 0134 0134 0133 0132 0131 0130 0130 0129 0129
0128 0128 0128 0128 0129 0130 0131 0131 0132 0133 0133 0133.
0132 0132 0131 0131 0130 0130 0129 0128 0128 0127 0126 0126
0125 0125 0125 0128 0131 0136 0141 0146 0150 0152 0152 0150=
0172 0172 0172 0172 0171 0171 0171 0171 0171 0170 0170 0170
0169 0169 0169 0168 0168 0168 0167 0167 0167 0167 0168 0168.
0168 0168 0168 0168 0168 0168 0168 0168 0168 0167 0167 0167
0167 0166 0165 0165 0164 0165 0165 0165 0166 0166 0167 0167.
0167 0167 0167 0167 0167 0167 0167 0167 0167 0167 0167 0167
0164 0160 0160 0157 0156 0158 0158 0159 0161 0165 0167 0169.
0170 0170 0171 0171 0171 0172 0172 0172 0173 0172 0172 0171
0169 0166 0164 0162 0162 0162 0163 0164 0166 0168 0170 0171.
0172 0172 0172 0173 0173 0172 0172 0172 0173 0173 0173 0172
0171 0168 0167 0166 0165 0164 0165 0166 0168 0170 0172 0173.
0174 0174 0175 0176 0176 0176 0176 0176 0176 0176 0175 0175
0175 0174 0172 0171 0170 0171 0172 0172 0173 0174 0174 0175.
0175 0175 0175 0175 0176 0175 0176 0175 0175 0175 0175 0175
0173 0170 0168 0169 0168 0169 0169 0170 0171 0172 0174 0174.
0175 0175 0175 0175 0175 0175 0176 0177 0177 0177 0177 0177
0174 0170 0168 0166 0166 0163 0166 0167 0170 0172 0173 0174.
0175 0176 0178 0178 0179 0179 0179 0179 0179 0179 0179 0178
0176 0172 0170 0168 0167 0167 0167 0168 0170 0173 0175 0176.
0177 0178 0178 0179 0179 0178 0177 0177 0176 0176 0175 0175
0174 0174 0173 0172 0171 0170 0170 0171 0171 0172 0173 0175.
0175 0175 0175 0175 0175 0175 0175 0175 0175 0175 0176 0175
0173 0170 0167 0165 0165 0164 0165 0167 0169 0172 0175 0176.
0177 0178 0178 0178 0179 0178 0177 0177 0177 0177 0177 0171
0174 0172 0170 0169 0169 0169 0170 0170 0171 0172 0173 0173.
0174 0174 0174 0175 0175 0176 0175 0175 0175 0174 0174 0174
0173 0172 0170 0168 0168 0168 0169 0170 0171 0171 0173 0173.
0173 0174 0174 0174 0174 0174 0175 0175 0175 0175 0175 0174
0174 0174 0173 0173 0172 0171 0171 0170 0170 0171 0170 0170.
0170 0170 0170 0170 0169 0169 0169 0169 0169 0169 0169 0168
0167 0163 0163 0159 0158 0158 0159 0160 0163 0165 0167 0168.
0169 0170 0170 0170 0170 0169 0169 0168 0168 0167 0167 0167
0166 0165 0164 0164 0163 0162 0162 0162 0163 0164 0165 0165.
0166 0166 0166 0167 0167 0166 0166 0166 0166 0166 0164 0164
0161 0159 0159 0158 0157 0156 0156 0156 0157 0158 0159 0159.
0160 0160 0161 0162 0162 0161 0161 0161 0161 0160 0160 0159
0158 0156 0154 0154 0154 0155 0155 0156 0156 0157 0159 0160.
0160 0160 0161 0161 0161 0160 0160 0160 0159 0159 0157 0156
0155 0154 0152 0149 0148 0146 0148 0148 0150 0152 0155 0155.
0155 0156 0156 0154 0156 0156 0156 0155 0155 0155 0154 0154
0153 0153 0152 0151 0151 0150 0150 0151 0151 0152 0153 0153.
0154 0154 0154 0155 0154 0154 0154 0154 0154 0153 0153 0153
0152 0151 0150 0147 0146 0146 0146 0149 0151 0153 0155 0156.
0157 0157 0157 0157 0158 0157 0157 0157 0157 0157 0157 0158
0157 0155 0150 0148 0147 0146 0146 0148 0149 0153 0155 0156.
0157 0157 0157 0157 0156 0156 0157 0157 0157 0157 0156 0155
0155 0154 0153 0152 0152 0152 0152 0152 0153 0153 0153 0153.
0153 0153 0153 0153 0153 0153 0153 0153 0153 0152 0153 0152
0151 0148 0146 0144 0144 0145 0146 0147 0149 0152 0154 0155.
0156 0157 0157 0158 0158 0157 0156 0155 0155 0155 0155 0154
0153 0152 0150 0150 0150 0150 0150 0150 0150 0151 0151 0151.
0152 0152 0152 0152 0152 0152 0152 0152 0152 0151 0151 0151
0151 0149 0148 0147 0147 0147 0147 0148 0149 0150 0151 0152.
0153 0152 0152 0152 0152 0152 0152 0152 0152 //// 0151 0151
0151 0151 0150 0150 0150 0149 0150 0150 0150 0150 0150 0150.
0150 0150 0150 0150 0150 0150 0149 0149 0149 0149 0149 0149
0149 0148 0147 0146 0145 0145 0146 0146 0146 0147 0147 0148.
0148 0148 0148 0148 0148 0149 0148 0147 0148 0147 0147 0147
0146 0146 0145 0145 0144 0144 0144 0144 0144 0144 0145 0145.
0145 0145 0146 0146 0146 0143 0145 0145 0145 0145 0146 0145
0144 0141 0139 0136 0136 0136 0138 0139 0141 0144 0147 0148=
KB
0190 0189 0189 0189 0189 0189 0189 0189 0189 0189 0189 0189
0189 0188 0188 0188 0188 0187 0187 0187 0187 0187 0188 0188.
0188 0188 0188 0188 0187 0187 0187 0187 0187 0187 0187 0187
0186 0186 0185 0185 0184 0185 0185 0185 0185 0186 0186 0186.
0186 0186 0186 0185 0186 0185 0186 0186 0186 0186 0186 0186
0184 0180 0180 0177 0176 0178 0178 0179 0180 0182 0184 0184.
0184 0184 0184 0183 0184 0184 0185 0185 0185 0185 0185 0185
0184 0180 0179 0178 0177 0178 0179 0179 0181 0182 0183 0184.
0183 0183 0183 0183 0183 0183 0183 0183 0184 0184 0184 0184
0183 0180 0179 0179 0178 0177 0177 0178 0180 0181 0182 0183.
0183 0183 0183 0183 0183 0183 0183 0183 0184 0183 0184 0184
0183 0182 0181 0180 0180 0181 0181 0182 0183 0183 0183 0183.
0184 0184 0184 0184 0184 0184 0182 0184 0184 0184 0184 0185
0184 0180 0179 0180 0180 0180 0181 0181 0182 0182 0183 0183.
0184 0184 0184 0184 0184 0184 0184 0185 0186 0186 0186 0186
0184 0180 0179 0177 0177 0177 0177 0179 0180 0182 0182 0183.
0183 0184 0184 0185 0185 0185 0185 0186 0186 0186 0186 0186
0184 0181 0180 0178 0178 0178 0178 0179 0181 0182 0184 0185.
0185 0185 0185 0185 0185 0185 0184 0184 0184 0184 0184 0184
0184 0183 0183 0182 0181 0181 0181 0181 0182 0182 0183 0184.
0185 0184 0183 0183 0184 0184 0184 0184 0184 0185 0185 0185
0183 0181 0178 0176 0177 0177 0177 0178 0179 0181 0184 0184.
0184 0184 0184 0184 0184 0184 0184 0184 0184 0184 0184 0174
0183 0181 0180 0179 0180 0180 0181 0181 0181 0182 0182 0182.
0182 0182 0183 0184 0184 0184 0184 0183 0183 0183 0183 0183
0183 0182 0180 0179 0179 0179 0180 0180 0181 0181 0182 0182.
0181 0182 0182 0182 0182 0182 0182 0183 0183 0183 0183 0184
0184 0184 0183 0183 0183 0183 0183 0182 0183 0182 0183 0183.
0183 0183 0183 0183 0183 0183 0183 0184 0184 0184 0184 0184
0182 0179 0179 0176 0175 0175 0176 0177 0179 0180 0181 0182.
0182 0183 0183 0183 0182 0182 0181 0181 0181 0181 0181 0181
0181 0180 0180 0179 0178 0178 0178 0178 0179 0179 0180 0180.
0180 0181 0181 0181 0181 0181 0182 0182 0182 0182 0181 0181
0179 0177 0178 0177 0177 0177 0177 0176 0177 0178 0178 0178.
0178 0178 0179 0179 0179 0178 0178 0178 0179 0178 0181 0177
0177 0175 0173 0174 0173 0174 0175 0174 0175 0175 0176 0177.
0177 0178 0178 0178 0178 0178 0178 0178 0178 0178 0177 0176
0176 0176 0174 0172 0171 0169 0170 0171 0172 0173 0174 0175.
0174 0174 0174 0172 0173 0174 0172 0173 0174 0173 0173 0173
0173 0173 0172 0171 0170 0170 0170 0170 0171 0171 0171 0172.
0172 0172 0172 0172 0171 0171 0171 0171 0171 0171 0171 0171
0171 0170 0168 0166 0164 0164 0165 0167 0168 0169 0170 0171.
0171 0171 0171 0171 0171 0171 0171 0171 0171 0171 0172 0172
0172 0170 0166 0164 0164 0164 0164 0165 0167 0169 0170 0170.
0171 0170 0170 0170 0170 0170 0171 0171 0171 0171 0170 0170
0170 0169 0168 0168 0168 0168 0168 0169 0169 0169 0169 0169.
0169 0169 0169 0169 0169 0169 0169 0169 0169 0169 0169 0169
0168 0165 0163 0161 0162 0162 0163 0164 0165 0167 0168 0169.
0169 0169 0169 0170 0170 0169 0169 0168 0169 0168 0168 0168
0168 0167 0166 0166 0166 0166 0166 0167 0167 0167 0167 0167.
0167 0167 0167 0167 0167 0167 0167 0167 0167 0167 0167 0167
0167 0166 0165 0164 0164 0164 0164 0164 0165 0165 0166 0166.
0167 0167 0166 0166 0166 0166 0166 0166 0166 //// 0166 0166
0166 0165 0165 0165 0165 0165 0165 0165 0165 0165 0166 0166.
0165 0165 0165 0165 0165 0166 0166 0166 0166 0166 0166 0166
0166 0165 0164 0163 0163 0163 0163 0164 0164 0164 0164 0164.
0164 0165 0165 0165 0165 0165 0165 0164 0164 0164 0164 0164
0164 0164 0163 0163 0163 0162 0162 0162 0162 0163 0163 0163.
0163 0163 0163 0163 0163 0160 0163 0163 0163 0163 0164 0163
0161 0159 0158 0155 0155 0155 0156 0157 0159 0161 0162 0163=
0210 0210 0210 0210 0210 0210 0210 0210 0210 0210 0210 0210
0210 0209 0209 0209 0209 0208 0208 0208 0208 0209 0209 0209.
0209 0209 0209 0209 0209 0209 0209 0209 0208 0208 0208 0208
0208 0207 0207 0207 0205 0207 0207 0207 0207 0207 0208 0208.
0208 0207 0208 0207 0208 0207 0208 0208 0208 0208 0208 0208
0206 0202 0202 0200 0198 0200 0200 0201 0202 0204 0206 0207.
0206 0206 0206 0206 0206 0207 0207 0207 0207 0207 0207 0207
0205 0202 0201 0200 0199 0200 0200 0201 0202 0203 0204 0205.
0205 0205 0205 0205 0205 0204 0204 0204 0205 0205 0205 0205
0204 0201 0200 0199 0199 0197 0198 0199 0201 0202 0202 0203.
0203 0203 0203 0203 0203 0203 0203 0203 0203 0203 0203 0203
0203 0201 0200 0199 0199 0200 0200 0201 0201 0202 0202 0202.
0202 0202 0202 0202 0202 0202 0202 0202 0202 0202 0202 0203
0201 0198 0196 0197 0197 0198 0198 0199 0199 0200 0200 0201.
0201 0201 0201 0201 0201 0201 0201 0203 0203 0203 0203 0203
0200 0197 0195 0194 0194 0183 0194 0195 0197 0198 0199 0199.
0199 0200 0201 0201 0202 0203 0201 0202 0202 0202 0202 0202
0200 0197 0196 0194 0193 0194 0194 0195 0196 0198 0200 0200.
0200 0201 0201 0201 0201 0201 0200 0200 0199 0199 0199 0199
0199 0199 0198 0197 0197 0196 0196 0196 0197 0197 0198 0199.
0200 0199 0198 0198 0199 0199 0199 0199 0199 0200 0200 0200
0198 0196 0193 0191 0193 0191 0192 0193 0194 0196 0199 0199.
0199 0199 0199 0199 0199 0199 0199 0199 0199 0199 0199 0194
0198 0196 0194 0194 0194 0195 0195 0195 0196 0196 0197 0197.
0197 0197 0197 0198 0198 0199 0198 0198 0198 0198 0198 0198
0197 0196 0195 0193 0193 0193 0194 0195 0195 0195 0196 0196.
0196 0196 0196 0196 0196 0197 0197 0197 0197 0198 0198 0198
0198 0198 0198 0197 0197 0197 0197 0196 0197 0197 0197 0197.
0197 0197 0197 0197 0197 0197 0197 0198 0198 0198 0198 0198
0198 0194 0194 0190 0190 0190 0191 0192 0194 0195 0196 0197.
0198 0198 0198 0198 0198 0197 0197 0197 0197 0197 0197 0197
0197 0196 0196 0195 0194 0194 0194 0194 0195 0196 0196 0197.
0197 0197 0197 0198 0198 0198 0198 0198 0199 0199 0198 0198
0196 0194 0195 0194 0194 0194 0194 0194 0194 0195 0195 0195.
0195 0196 0196 0197 0197 0197 0197 0197 0197 0196 0195 0196
0196 0194 0192 0193 0192 0193 0194 0194 0194 0194 0196 0196.
0196 0197 0197 0197 0197 0197 0197 0198 0198 0197 0196 0196
0196 0195 0193 0192 0191 0189 0190 0191 0192 0194 0195 0196.
0195 0195 0195 0194 0194 0194 0194 0194 0195 0195 0194 0195
0194 0194 0193 0192 0192 0192 0191 0192 0192 0193 0193 0193.
0193 0193 0193 0194 0193 0193 0193 0193 0193 0193 0193 0193
0193 0191 0190 0188 0186 0186 0186 0189 0190 0191 0192 0193.
0194 0193 0193 0193 0193 0193 0193 0193 0193 0193 0194 0194
0194 0192 0188 0186 0185 0185 0185 0186 0188 0190 0193 0192.
0192 0192 0192 0191 0191 0191 0192 0193 0192 0192 0192 0191
0191 0190 0190 0189 0189 0190 0190 0190 0190 0190 0190 0190.
0190 0190 0190 0190 0190 0190 0190 0190 0190 0190 0190 0191
0190 0187 0184 0183 0183 0183 0184 0185 0186 0189 0190 0191.
0191 0191 0191 0191 0191 0191 0190 0190 0190 0190 0190 0190
0189 0188 0187 0187 0187 0188 0187 0188 0188 0188 0188 0188.
0189 0189 0189 0189 0189 0189 0189 0189 0189 0189 0189 0189
0188 0187 0186 0185 0185 0185 0185 0185 0186 0187 0188 0188.
0188 0188 0188 0188 0188 0188 0187 0187 0187 //// 0187 0187
0187 0187 0186 0186 0186 0186 0186 0186 0186 0187 0187 0187.
0187 0187 0187 0187 0187 0187 0187 0187 0187 0187 0187 0187
0187 0186 0185 0185 0184 0185 0185 0185 0185 0186 0186 0186.
0186 0186 0186 0186 0186 0187 0186 0186 0186 0186 0186 0186
0185 0185 0185 0185 0184 0184 0184 0184 0184 0185 0185 0185.
0185 0185 0185 0185 0185 0184 0185 0185 0185 0185 0186 0186
0185 0182 0180 0178 0177 0178 0179 0179 0181 0184 0185 0185=
0211 0211 0211 0211 0211 0211 0211 0211 0211 0211 0211 0211
0211 0211 0210 0210 0210 0210 0210 0210 0210 0210 0210 0210.
0211 0211 0211 0211 0211 0211 0211 0211 0211 0211 0210 0211
0210 0210 0209 0209 0208 0209 0209 0210 0210 0210 0210 0210.
0211 0210 0210 0210 0211 0211 0211 0211 0211 0211 0211 0212
0209 0206 0206 0203 0202 0204 0204 0205 0206 0208 0210 0211.
0210 0211 0210 0210 0210 0211 0211 0211 0212 0212 0212 0211
0210 0207 0206 0204 0204 0204 0205 0206 0207 0208 0209 0210.
0210 0210 0210 0210 0210 0210 0210 0210 0210 0210 0211 0210
0210 0207 0206 0205 0205 0203 0204 0204 0207 0208 0209 0209.
0209 0209 0209 0209 0209 0210 0210 0210 0210 0210 0209 0210
0209 0208 0207 0206 0206 0207 0207 0208 0208 0209 0209 0209.
0209 0209 0209 0209 0209 0209 0210 0209 0209 0209 0210 0210
0209 0206 0204 0205 0205 0205 0206 0206 0207 0207 0208 0208.
0209 0209 0209 0209 0209 0209 0209 0211 0211 0211 0211 0211
0209 0205 0203 0202 0202 0201 0202 0203 0205 0206 0207 0207.
0208 0209 0209 0210 0210 0210 0210 0210 0210 0210 0211 0211
0209 0206 0204 0202 0202 0202 0203 0203 0205 0206 0208 0209.
0209 0209 0209 0210 0210 0209 0209 0208 0208 0208 0208 0208
0208 0208 0207 0206 0205 0205 0205 0205 0206 0206 0207 0208.
0209 0208 0207 0207 0208 0208 0208 0208 0208 0209 0209 0209
0208 0205 0202 0201 0201 0200 0201 0202 0203 0206 0208 0208.
0209 0209 0209 0209 0209 0209 0208 0208 0208 0209 0209 0201
0208 0205 0204 0203 0204 0204 0205 0205 0205 0206 0206 0206.
0206 0206 0207 0208 0208 0208 0208 0208 0207 0207 0207 0207
0207 0206 0204 0203 0203 0203 0204 0204 0205 0205 0206 0206.
0206 0206 0206 0206 0206 0206 0206 0207 0207 0207 0207 0208
0208 0208 0207 0207 0207 0207 0207 0206 0206 0207 0207 0207.
0207 0207 0207 0207 0207 0207 0207 0208 0208 0208 0208 0208
0208 0204 0204 0200 0200 0200 0201 0202 0204 0205 0206 0207.
0208 0208 0209 0208 0208 0208 0207 0207 0207 0207 0207 0207
0207 0207 0206 0205 0205 0205 0204 0204 0205 0206 0207 0207.
0207 0208 0208 0208 0208 0208 0209 0209 0209 0209 0208 0208
0207 0204 0205 0205 0204 0204 0204 0204 0205 0205 0206 0206.
0206 0206 0207 0208 0208 0207 0207 0207 0208 0207 0205 0207
0206 0204 0203 0203 0203 0204 0204 0205 0205 0205 0207 0207.
0207 0208 0208 0208 0209 0208 0209 0209 0209 0209 0207 0207
0207 0206 0205 0203 0202 0200 0202 0202 0203 0205 0206 0207.
0206 0207 0206 0205 0207 0207 0206 0206 0206 0206 0206 0207
0206 0206 0205 0204 0204 0204 0203 0204 0204 0205 0205 0205.
0205 0206 0205 0206 0205 0205 0205 0205 0205 0205 0205 0206
0205 0204 0203 0200 0199 0199 0199 0201 0203 0203 0205 0206.
0206 0206 0206 0205 0206 0206 0206 0206 0206 0206 0207 0207
0207 0205 0201 0199 0199 0198 0198 0200 0201 0204 0205 0206.
0206 0206 0205 0205 0205 0205 0206 0206 0206 0206 0206 0205
0205 0204 0203 0203 0203 0203 0204 0204 0204 0204 0204 0204.
0204 0204 0204 0204 0205 0205 0204 0204 0204 0205 0205 0205
0204 0201 0199 0197 0197 0198 0199 0200 0201 0203 0204 0205.
0205 0206 0206 0206 0206 0206 0205 0205 0205 0204 0205 0204
0204 0203 0202 0202 0202 0202 0202 0203 0203 0203 0203 0204.
0204 0204 0204 0204 0204 0204 0204 0204 0204 0204 0204 0204
0204 0203 0201 0201 0201 0201 0200 0201 0201 0202 0203 0204.
0204 0204 0203 0203 0203 0203 0203 0203 0203 //// 0203 0203
0203 0203 0202 0202 0202 0202 0202 0203 0203 0203 0203 0203.
0203 0203 0203 0203 0203 0203 0203 0204 0203 0203 0203 0203
0203 0203 0202 0201 0201 0201 0201 0201 0202 0202 0203 0203.
0203 0203 0202 0203 0203 0204 0203 0203 0203 0203 0203 0203
0203 0202 0202 0201 0201 0201 0201 0201 0201 0202 0202 0202.
0202 0202 0202 0203 0202 0199 0202 0203 0203 0203 0203 0203
0203 0199 0198 0195 0195 0195 0196 0197 0199 0201 0203 0203=
A=
SA
NN NN NN NN NN NN 00 00 00 00 00 00 00 00 00 00 00 00 NN NN NN NN NN NN 0634 1727 000
NN NN NN NN NN NN 00 00 00 00 00 00 00 00 00 00 00 00 NN NN NN NN NN NN 0634 1726 000
NN NN NN NN NN NN 00 00 00 00 00 00 00 00 00 00 00 00 NN NN NN NN NN NN 0635 1725 000
NN NN NN NN NN NN 00 00 00 00 00 00 00 00 00 00 00 00 NN NN NN NN NN NN 0636 1724 000
NN NN NN NN NN NN 00 00 00 00 00 00 00 00 00 00 00 00 NN NN NN NN NN NN 0637 1723 000
NN NN NN NN NN NN 00 00 00 00 00 00 00 00 00 00 00 00 NN NN NN NN NN NN 0638 1723 000
NN NN NN NN NN NN 00 00 00 00 00 00 00 00 00 00 00 00 NN NN NN NN NN NN 0638 1722 000
NN NN NN NN NN NN 00 00 00 00 00 00 00 00 00 00 00 00 NN NN NN NN NN NN 0640 1721 000
NN NN NN NN NN NN 00 00 00 00 00 00 00 00 00 00 00 00 NN NN NN NN NN NN 0640 1720 000
NN NN NN NN NN NN 00 00 00 00 00 00 00 00 00 00 00 00 NN NN NN NN NN NN 0641 1719 000
NN NN NN NN NN NN 00 00 00 00 00 00 00 00 00 00 00 00 NN NN NN NN NN NN 0642 1719 000
NN NN NN NN NN NN 00 00 00 00 00 00 00 00 00 00 00 00 NN NN NN NN NN NN 0643 1718 000
NN NN NN NN NN NN 00 00 00 00 00 00 00 00 00 00 00 00 NN NN NN NN NN NN 0643 1717 000
NN NN NN NN NN NN 00 00 00 00 00 00 00 00 00 00 00 00 NN NN NN NN NN NN 0644 1716 000
NN NN NN NN NN NN 00 00 00 00 00 00 00 00 00 00 00 00 NN NN NN NN NN NN 0645 1716 000
NN NN NN NN NN NN 00 00 00 00 00 00 00 00 00 00 00 00 NN NN NN NN NN NN 0646 1715 000
NN NN NN NN NN NN 00 00 00 00 00 00 00 00 00 00 00 00 NN NN NN NN NN NN 0646 1714 000
NN NN NN NN NN NN 00 00 00 00 00 00 00 00 00 00 00 00 NN NN NN NN NN NN 0647 1713 000
NN NN NN NN NN NN 00 00 00 00 00 00 00 00 00 00 00 00 NN NN NN NN NN NN 0647 1713 000
NN NN NN NN NN NN 00 00 00 00 00 00 00 00 00 00 00 00 NN NN NN NN NN NN 0649 1712 000
NN NN NN NN NN NN 00 00 00 00 00 00 00 00 00 00 00 00 NN NN NN NN NN NN 0649 1711 000
NN NN NN NN NN NN 00 00 00 00 00 00 00 00 00 00 00 00 NN NN NN NN NN NN 0650 1711 000
NN NN NN NN NN NN 00 00 00 00 00 00 00 00 00 00 00 00 NN NN NN NN NN NN 0650 1710 000
NN NN NN NN NN NN 00 00 00 00 00 00 00 00 00 00 00 00 NN NN NN NN NN NN 0651 1710 000
NN NN NN NN NN NN 00 00 00 00 00 00 00 00 00 00 00 00 NN NN NN NN NN NN 0652 1709 000
NN NN NN NN NN NN 00 00 00 00 00 00 00 00 00 00 00 00 NN NN NN NN NN NN 0652 1708 000
NN NN NN NN NN NN 00 00 00 // 00 00 00 00 00 00 00 00 NN NN NN NN NN NN 0653 1708 ///
NN NN NN NN NN NN 00 00 00 00 00 00 00 00 00 00 00 00 NN NN NN NN NN NN 0653 1707 000
NN NN NN NN NN NN 00 00 00 00 00 00 00 00 00 00 00 00 NN NN NN NN NN NN 0654 1707 000
NN NN NN NN NN NN 00 00 00 00 00 00 00 00 00 00 00 00 NN NN NN NN NN NN 0654 1706 000=
BA
0128 0128 0127 0126 0125 0125 0125 0125 0125 0125 0125 0128
0134 0137 0141 0152 0148 0151 0161 0151 0149 0139 0134 0132 0161 1500 0124 0336.
0130 0128 0129 0128 0127 0127 0127 0128 0128 0128 0127 0127
0133 0145 0160 0165 0182 0158 0154 0145 0141 0134 0128 0127 0205 1242 0126 0728.
0125 0124 0122 0121 0118 0119 0116 0111 0113 0111 0097 0110
0154 0193 0231 0325 0319 0325 0334 0286 0220 0177 0154 0140 0369 1253 0091 0727.
0139 0137 0137 0132 0121 0111 0109 0107 0099 0100 0100 0111
0146 0197 0252 0313 0341 0311 0311 0274 0207 0178 0146 0145 0349 1318 0091 0626.
0147 0141 0141 0141 0143 0143 0141 0136 0130 0124 0122 0127
0160 0208 0260 0279 0321 0328 0338 0294 0218 0192 0163 0165 0354 1339 0120 0730.
0165 0159 0153 0151 0151 0147 0145 0143 0141 0137 0139 0142
0157 0187 0226 0254 0266 0260 0226 0203 0181 0163 0156 0153 0281 1249 0137 0600.
0150 0146 0145 0144 0142 0141 0139 0138 0136 0135 0131 0114
0155 0210 0232 0275 0274 0263 0230 0208 0193 0174 0163 0158 0282 1229 0113 0753.
0156 0154 0152 0149 0146 0141 0122 0110 0103 0098 0094 0101
0150 0195 0266 0322 0354 0323 0340 0300 0226 0198 0186 0178 0370 1330 0093 0725.
0167 0149 0138 0127 0120 0114 0111 0106 0103 0100 0097 0103
0145 0187 0254 0310 0340 0310 0321 0280 0220 0177 0153 0141 0347 1322 0091 0624.
0133 0126 0122 0118 0115 0130 0138 0141 0142 0142 0141 0145
0154 0158 0171 0202 0232 0241 0233 0219 0194 0171 0154 0135 0243 1414 0113 0121.
0129 0147 0149 0142 0140 0137 0130 0126 0122 0110 0101 0108
0152 0195 0274 0331 0362 0328 0333 0288 0232 0176 0148 0137 0372 1314 0099 0718.
0131 0128 0123 0119 0116 0123 0128 0123 0121 0119 0108 0113
0151 0199 0249 0277 0256 0249 0244 0218 0190 0174 0164 0156 0292 1320 0106 0726.
0157 0154 0141 0125 0135 0119 0133 0133 0134 0133 0133 0134
0154 0175 0246 0268 0262 0269 0232 0216 0198 0177 0164 0161 0304 1335 0118 0155.
0158 0155 0153 0151 0150 0146 0140 0134 0130 0130 0129 0125
0125 0127 0133 0137 0151 0143 0146 0154 0141 0134 0130 0129 0161 2027 0124 0809.
0127 0126 0123 0122 0121 0117 0110 0107 0099 0099 0103 0099
0121 0182 0194 0268 0291 0255 0267 0232 0182 0153 0138 0125 0295 1306 0085 0613.
0113 0105 0102 0099 0109 0116 0118 0119 0119 0119 0118 0118
0122 0133 0163 0184 0206 0200 0211 0194 0164 0132 0119 0113 0218 1448 0098 0029.
0109 0093 0088 0078 0081 0084 0065 0061 0056 0056 0081 0065
0122 0153 0170 0176 0192 0179 0189 0178 0149 0133 0131 0122 0214 1318 0054 0547.
0123 0107 0091 0082 0084 0096 0088 0082 0090 0101 0104 0107
0118 0186 0218 0203 0201 0179 0168 0153 0153 0116 0095 0083 0238 1048 0070 0354.
0080 0072 0065 0061 0057 0056 0051 0048 0046 0075 0084 0089
0104 0118 0164 0219 0278 0301 0231 0215 0164 0118 0096 0087 0311 1309 0044 0527.
0095 0093 0104 0104 0108 0107 0093 0104 0095 0105 0103 0106
0114 0122 0151 0187 0200 0181 0205 0166 0151 0124 0119 0114 0205 1459 0087 2007.
0113 0102 0106 0107 0109 0110 0109 0109 0108 0108 0106 0106
0134 0175 0211 0298 0290 0265 0262 0205 0174 0137 0118 0096 0355 1339 0096 2000.
0102 0104 0105 0105 0103 0102 0103 0100 0094 0081 0063 0060
0081 0125 0237 0281 0276 0301 0290 0224 0179 0123 0102 0106 0316 1345 0057 0740.
0103 0103 0116 0116 0117 0117 0087 0093 0096 0078 0101 0107
0118 0135 0138 0144 0149 0148 0147 0145 0141 0137 0133 0131 0160 1055 0078 0600.
0129 0128 0127 0126 0125 0124 0124 0124 0123 0121 0118 0117
0121 0135 0156 0181 0199 0206 0203 0198 0185 0167 0154 0143 0207 1443 0117 0757.
0134 0128 0122 0117 0112 0113 0116 0117 0117 0118 0118 0119
0121 0128 0139 0146 0148 0149 0148 0145 0142 0138 0135 0132 0149 1336 0112 0100.
0131 0129 0128 0127 0126 0125 0124 0123 0123 0122 0122 0121
0124 0131 0142 0154 0160 0163 0168 0167 0161 0151 0141 0136 0168 1457 0121 0746.
0129 0129 0130 0130 0129 0128 0128 0127 0127 //// 0126 0126
0127 0128 0131 0132 0135 0136 0134 0133 0131 0129 0127 0126 0136 2001 0126 0621.
0126 0125 0125 0124 0122 0121 0119 0118 0117 0116 0115 0114
0115 0119 0126 0136 0141 0143 0142 0139 0136 0132 0129 0126 0144 1331 0114 0758.
0124 0122 0120 0119 0116 0112 0113 0113 0113 0113 0112 0113
0114 0118 0123 0126 0129 0131 0133 0132 0131 0128 0125 0123 0133 1458 0109 0142.
0122 0120 0118 0116 0115 0114 0113 0112 0110 0109 0103 0105
0111 0127 0143 0170 0193 0203 0198 0199 0175 0115 0090 0087 0205 1445 0087 2000=
=
??????
******
YF
13064
江苏省
吕泗国家基准气候站
启东市吕四港镇北门外滨海







=
JY
8888=
GK
01/
05/=
BZ
00/320400/1213600
10/24/逐时观测
10/24/24时连续观测
11/守班=
######
