58265 3204N 12136E 000055 000065 105 000 S11 11111999119199111911 0 2012 01
PC
9690 9690 9689 9690 9690 9689 9689 9684 9683 9683 9685 9689
9696 9701 9704 9692 9677 9667 9660 9659 9666 9673 9679 9684 9705 1026 9658 1549.
9688 9688 9687 9682 9677 9673 9670 9667 9663 9662 9663 9669
9673 9680 9679 9664 9648 9634 9629 9627 9629 9636 9642 9652 9689 2133 9625 1535.
9661 9668 9668 9671 9670 9671 9674 9673 9676 9681 9686 9699
9713 9723 9728 9719 9708 9700 9693 9692 9643 9709 9720 9727 9730 1037 9638 1618.
9731 9734 9735 9732 9728 9728 9725 9722 9720 9720 9722 9727
9729 9735 9733 9716 9700 9685 9677 9672 9673 9676 9682 9687 9737 2231 9670 1614.
9693 9693 9690 9687 9680 9676 9673 9668 9662 9660 9661 9662
9668 9675 9677 9665 9651 9638 9632 9632 9636 9642 9649 9657 9694 2144 9630 1531.
9666 9673 9674 9671 9673 9674 9673 9672 9668 9669 9673 9677
9685 9694 9698 9691 9680 9669 9665 9667 9672 9676 9681 9688 9699 1040 9657 2001.
9694 9697 9701 9704 9703 9704 9704 9703 9701 9701 0000 9709
0022 0023 9723 0272 0269 0271 0262 0256 0252 9693 0268 0271 0272 1200 9686 1559.
0255 0251 0267 9722 9719 9716 9715 9712 9708 9710 9708 9709
9710 9717 9718 9703 9683 9668 9662 9662 9665 9671 9681 9688 0267 2300 9657 1544.
9694 9697 9700 9697 9696 9691 9694 9690 9689 9685 9692 9694
9706 9714 9714 9705 9689 9677 9674 9669 9674 9681 9686 9694 9715 0959 9666 1545.
9701 9704 9706 9704 9701 9694 9690 9684 9679 9677 9679 9683
9690 9696 9698 9692 9680 9671 9667 9669 9677 9687 9698 9711 9711 2000 9667 1451.
9718 9723 9727 9729 9728 9727 9726 9724 9722 9719 9720 9727
9730 9735 9735 9724 9708 9690 9680 9673 9675 9679 9685 9686 9737 1038 9673 1559.
9686 9687 9683 //// //// //// //// //// //// //// //// ////
//// //// //// //// //// //// //// //// //// //// //// //// 9688 2146 9683 2253.
//// //// //// 9658 9656 9653 9651 9646 9644 9645 9646 9651
9657 9661 9661 9650 9633 9617 9610 9607 9606 9613 9621 9625 9663 1033 9606 1700.
9629 9635 9632 9632 9629 9629 9627 9623 9619 9617 9622 9625
9630 9638 9640 9631 9615 9603 9591 9586 9591 9599 9608 9613 9641 1104 9586 1546.
9616 9619 9620 9616 9614 9612 9608 9605 9601 9601 9600 9603
9602 9603 9598 9588 9571 9558 9551 9548 9553 9560 9566 9568 9621 2318 9548 1600.
9573 9576 9575 9572 9569 9566 9561 9552 9547 9548 9551 9554
9558 9560 9563 9553 9542 9532 9531 9533 9546 9555 9567 9576 9578 2227 9530 1432.
9581 9584 9584 9581 9577 9574 9570 9568 9565 9565 9568 9571
9576 9582 9583 9572 9560 9547 9540 9541 9545 9551 9559 9568 9585 2241 9538 1530.
9576 9582 9583 9583 9582 9581 9577 9576 9573 9572 9574 9581
9588 9593 9592 9583 9570 9563 9561 9562 9565 9569 9575 9582 9594 1021 9559 1532.
9590 9595 9600 9601 9603 9601 9601 9598 9598 9599 9601 9607
9614 9618 9619 9611 9597 9586 9578 9576 9579 9583 9590 9596 9621 1034 9576 1539.
9605 9611 9613 9611 9609 9607 9606 9603 9600 9600 9602 9606
9612 9619 9621 9615 9603 9595 9592 9592 9595 9601 9606 9612 9623 1038 9591 1443.
9616 9620 9622 9620 9617 9614 9609 9605 9601 9602 9607 9612
9619 9627 9630 9623 9613 9607 9607 9610 9618 9624 9635 9644 9644 1959 9600 0517.
9651 9657 9662 9667 9668 9666 9666 9667 9666 9667 9671 9678
9681 9685 9687 9677 9661 9650 9645 9647 9651 9657 9664 9671 9688 1041 9645 2001.
9677 9682 9685 9685 9685 9679 9675 9666 9655 9649 9643 9642
9643 9641 9638 9628 9612 9599 9592 9594 9601 9610 9623 9635 9686 2311 9591 1457.
9642 9650 9656 9656 9660 9661 9666 9665 9666 9670 9676 9680
9686 9693 9698 9688 9673 9658 9650 9647 9650 9658 9664 9673 9698 1059 9635 2001.
9677 9681 9684 9681 9678 9677 9675 9671 9666 9664 9668 9672
9672 9675 9675 9663 9647 9630 9618 9612 9610 9613 9615 9621 9685 2248 9609 1654.
9627 9629 9630 9629 9628 9626 9626 9622 9621 9623 9627 9631
9633 9632 9634 9627 9612 9600 9594 9593 9597 9599 9606 9614 9635 1115 9592 1532.
9617 9618 9618 9616 9613 9608 9606 9604 9597 9593 9596 9600
9603 9606 9606 9598 9586 9575 9573 9573 9577 9586 9596 9606 9620 2236 9571 1448.
9615 9620 9625 9629 9632 9635 9640 9641 9640 9644 9650 9658
9663 9664 9664 9655 9637 9617 9605 9599 9597 9598 9607 9615 9665 1011 9596 1735.
9622 9625 9631 9632 9634 9636 9639 9641 9640 9639 9644 9650
9656 9659 9661 9655 9642 9628 9622 9620 9620 9628 9639 9651 9661 1027 9616 2001.
9662 9665 9669 9673 9676 9673 9672 9671 9670 9673 9680 9688
9694 9698 9696 9691 9679 9662 9653 9651 9652 9655 9660 9669 9699 1006 9651 2001.
9675 9680 9682 9683 9683 9677 9671 9667 9663 9660 9658 9661
9661 9662 9661 9651 9636 9620 9608 9599 9599 9599 9605 9611 9685 2346 9597 1649=
9697 9697 9675 9692
9681 9677 9642 9660
9679 9707 9708 9735
9736 9735 9693 9695
9684 9670 9646 9665
9682 9685 9677 9696
9712 9717 0279 0279
9724 9717 9676 9696
9699 9702 9685 9702
9702 9691 9679 9719
9735 9735 9698 9694
//// //// //// ////
//// //// 9625 9633
9637 9633 9611 9621
9620 9611 9566 9576
9574 9562 9540 9584
9582 9579 9555 9576
9589 9589 9571 9590
9609 9615 9594 9604
9615 9614 9603 9620
9622 9620 9615 9652
9674 9686 9658 9679
9687 9650 9607 9643
9669 9688 9666 9681
9685 9680 9638 9629
9634 9639 9608 9622
9616 9608 9583 9614
9643 9666 9625 9623
9644 9658 9636 9659
9681 9696 9670 9677
9685 9669 9628 9619=
TB
0082 0079 0077 0076 0076 0073 0072 0071 0071 0071 0071 0072
0072 0075 0075 0076 0073 0073 0075 0076 0072 0070 0067 0068 0083 2001 0067 1857.
0067 0064 0064 0061 0059 0060 0058 0056 0055 0056 0056 0056
0058 0065 0071 0079 0087 0092 0091 0091 0090 0084 0076 0079 0094 1349 0055 0500.
0068 0072 0078 0067 0062 0061 0063 0064 0061 0060 0062 0059
0066 0069 0067 0073 0070 0075 0072 0073 0039 0059 0052 0051 0080 2002 0038 1633.
0053 0051 0048 0048 0047 0044 0041 0039 0031 0023 0031 0037
0043 0061 0062 0062 0055 0059 0064 0067 0063 0058 0055 0053 0069 1118 0022 0536.
0050 0048 0045 0043 0041 0041 0041 0040 0040 0039 0040 0039
0040 0041 0048 0048 0051 0051 0055 0055 0053 0046 0044 0045 0056 1449 0039 0431.
0045 0043 0041 0041 0042 0042 0042 0042 0043 0043 0044 0044
0046 0049 0051 0053 0058 0061 0065 0059 0057 0054 0053 0051 0065 1432 0040 2316.
0052 0049 0049 0048 0047 0046 0045 0044 0043 0044 0044 0045
0047 0051 0052 0056 0058 0062 0062 0063 0059 0057 0056 0054 0065 1343 0042 0438.
0054 0053 0053 0051 0045 0042 0043 0043 0043 0041 0040 0041
0045 0050 0060 0067 0077 0081 0086 0087 0088 0081 0078 0073 0091 1637 0039 0541.
0068 0069 0070 0064 0062 0060 0059 0056 0055 0057 0055 0055
0058 0064 0072 0073 0076 0079 0074 0072 0069 0066 0063 0062 0080 1343 0054 0447.
0060 0060 0058 0057 0057 0054 0058 0056 0055 0054 0054 0053
0055 0058 0062 0063 0061 0060 0059 0064 0062 0059 0059 0058 0064 1140 0052 0618.
0057 0056 0053 0053 0052 0052 0051 0049 0047 0048 0047 0048
0052 0060 0070 0072 0073 0077 0077 0074 0073 0069 0066 0064 0080 1441 0046 0432.
0061 0061 0059 //// //// //// //// //// //// //// //// ////
//// //// //// //// //// //// //// //// //// //// //// //// 0064 2001 0059 2300.
//// //// //// 0056 0055 0055 0051 0050 0046 0046 0047 0046
0051 0060 0072 0077 0086 0092 0091 0087 0088 0082 0075 0072 0096 1335 0046 0448.
0070 0069 0061 0062 0059 0064 0060 0061 0059 0055 0054 0052
0059 0069 0082 0098 0100 0108 0106 0103 0100 0090 0073 0067 0115 1419 0052 0800.
0076 0075 0072 0070 0062 0054 0063 0064 0064 0061 0059 0060
0061 0064 0066 0076 0090 0093 0092 0084 0081 0077 0076 0075 0095 1349 0054 0157.
0074 0075 0072 0070 0069 0069 0066 0064 0064 0064 0062 0060
0064 0070 0074 0080 0087 0090 0090 0084 0080 0077 0073 0071 0093 1338 0060 0728.
0070 0069 0068 0063 0061 0056 0055 0055 0056 0059 0056 0056
0058 0070 0088 0097 0100 0103 0104 0103 0098 0092 0085 0083 0106 1350 0054 0319.
0078 0073 0069 0071 0070 0066 0064 0063 0062 0058 0053 0056
0061 0072 0076 0080 0081 0083 0082 0080 0077 0072 0069 0067 0087 1230 0052 0704.
0065 0063 0064 0065 0064 0061 0058 0059 0057 0058 0058 0057
0059 0067 0066 0073 0078 0079 0080 0078 0076 0072 0070 0065 0083 1455 0057 0447.
0062 0060 0058 0055 0052 0052 0051 0050 0050 0050 0048 0046
0046 0048 0049 0052 0052 0051 0053 0054 0054 0052 0050 0051 0065 2002 0046 0758.
0050 0049 0045 0043 0042 0041 0040 0037 0034 0033 0031 0031
0029 0032 0038 0041 0045 0046 0047 0049 0049 0049 0047 0045 0051 2007 0029 0853.
0045 0045 0044 0043 0042 0042 0041 0039 0037 0036 0036 0036
0038 0040 0043 0047 0049 0048 0054 0053 0051 0050 0045 0043 0054 1434 0036 0554.
0023 0020 0015 0011 0017 0019 0022 0024 0025 0026 0027 0028
0030 0035 0042 0041 0047 0045 0043 0039 0036 0035 0033 0032 0049 1306 0010 2333.
0032 0031 0029 0029 0027 0026 0029 0028 0028 0023 0019 0020
0024 0032 0042 0048 0057 0061 0065 0068 0063 0057 0053 0047 0073 1453 0017 0647.
0026 0036 0033 0034 0023 0025 0019 0004 -003 -009 -013 -012
0006 0025 0039 0057 0070 0077 0071 0072 0067 0064 0059 0053 0079 1351 -014 0742.
0050 0051 0045 0044 0043 0041 0039 0037 0037 0037 0033 0034
0037 0043 0050 0055 0063 0071 0072 0068 0062 0063 0054 0053 0076 1417 0033 0646.
0052 0051 0049 0048 0047 0044 0046 0044 0041 0041 0038 0039
0040 0050 0063 0069 0058 0053 0055 0060 0060 0058 0057 0056 0076 1232 0038 0658.
0054 0051 0051 0050 0045 0042 0043 0042 0041 0041 0040 0038
0045 0058 0074 0086 0101 0111 0114 0112 0111 0101 0091 0087 0116 1458 0038 0737.
0080 0081 0072 0073 0064 0063 0061 0060 0062 0057 0054 0055
0062 0071 0082 0085 0099 0084 0060 0063 0067 0071 0053 0059 0101 1256 0051 1915.
0057 0056 0054 0052 0054 0056 0054 0051 0051 0053 0053 0053
0055 0062 0085 0088 0086 0094 0095 0097 0098 0092 0088 0079 0100 1430 0050 0404.
0077 0071 0069 0066 0070 0066 0063 0063 0061 0057 0052 0047
0055 0070 0085 0102 0114 0129 0122 0127 0119 0114 0102 0096 0131 1358 0043 0816=
IB
=
0046 0048 0053 0054 0047 0043 0042 0041 0041 0042 0042 0040
0040 0030 0026 0027 0024 0022 0018 0014 0038 0031 0035 0034.
0033 0027 0027 0027 0031 0032 0033 0033 0033 0034 0034 0036
0038 0038 0035 0032 0031 0004 -002 0005 -003 -001 0010 0002.
0017 0011 0008 -001 0003 0002 0000 -006 -008 -021 -027 -013
-048 -064 -050 -041 -022 -025 -034 -030 -011 -024 -026 -020.
-023 -018 -010 -010 -013 -006 -005 -005 -002 -001 0002 -003
-003 0002 -001 -012 -014 -020 -025 -030 -009 -007 -003 -003.
-002 0002 0005 0006 0003 0006 0006 0007 0007 0008 0002 0001
0002 0003 0007 0000 0005 0005 0003 0007 0007 0013 0018 0022.
0022 0022 0020 0016 0019 0017 0017 0017 0015 0015 0013 0018
0016 0017 0016 0007 0015 0014 0012 0016 0011 0013 0010 0009.
0011 0017 0023 0025 0027 0026 0025 0024 0022 0019 -800 0020
-017 0023 0008 -009 -007 -003 -003 -002 -006 -008 -009 -011.
-011 -012 -012 0021 0022 0022 0023 0025 0023 0023 0022 0025
0027 0027 0021 0016 0015 0017 0010 -003 0000 0015 0010 0018.
0019 0020 0019 0025 0028 0030 0029 0031 0032 0030 0025 0027
0026 0028 0027 0022 0014 0013 0017 0023 0028 0034 0033 0034.
0033 0030 0033 0032 0032 0032 0033 0031 0032 0032 0034 0032
0033 0036 0037 0036 0034 0038 0039 0041 0037 0039 0041 0038.
0037 0036 0035 0030 0031 0032 0033 0031 0030 0031 0030 0031
0035 0035 -005 0002 -002 0000 0002 -001 -004 0010 0011 0011.
0014 0016 0022 //// //// //// //// //// //// //// //// ////
//// //// //// //// //// //// //// //// //// //// //// ////.
//// //// //// 0024 0027 0025 0023 0022 0021 0021 0021 0021
0023 0017 0017 0011 0003 0006 -005 -003 0000 0007 0018 0019.
0019 0018 0024 0027 0029 0017 0023 0022 0025 0025 0027 0027
0034 0026 0029 0012 0001 -010 -024 -014 0001 0017 0022 0028.
0029 0024 0025 0025 0027 0027 0029 0028 0030 0034 0032 0035
0034 0036 0034 0036 0026 0022 0028 0026 0028 0032 0027 0034.
0035 0032 0034 0032 0033 0032 0036 0032 0030 0028 0032 0035
0034 0032 0027 0029 0021 0019 0021 0024 0029 0028 0030 0028.
0027 0024 0027 0028 0029 0029 0030 0028 0029 0027 0028 0026
0028 0027 0022 0003 0006 0001 0002 0001 -007 -001 0007 0005.
0031 0032 0037 0032 0013 0013 0015 0014 0013 0015 0021 0017
0020 0015 0012 0007 0008 0003 0009 0009 0022 0023 0028 0030.
0033 0036 0037 0029 0034 0034 0030 0032 0032 0035 0036 0037
0039 0035 0023 0022 0016 0015 0012 0016 0012 0015 0019 0016.
0017 0017 0015 0014 0013 0015 0018 0018 0020 0022 0022 0021
0020 0022 0021 0019 0017 0018 0018 0015 0015 0011 0013 0012.
0011 0016 0015 0018 0017 0013 0009 0006 0006 0005 0005 0008
0008 0008 0013 0011 0012 0009 0008 0008 0007 0005 0008 0006.
0008 0006 0002 0003 0002 0000 0001 -001 0000 0000 -004 -006
-006 -008 -005 -009 -009 -008 -006 -010 -009 -006 -009 0001.
-003 -001 -004 -007 -001 0001 0004 0006 0007 0008 0006 0004
0004 0002 -002 -001 -011 -009 -003 -001 0000 0009 0009 0008.
0008 0008 0005 0006 0003 0000 -007 -014 -017 -006 -002 -001
0000 -027 -036 -061 -072 -065 -065 -049 -054 -034 -025 -017.
-010 -012 -007 -019 -006 -003 -005 -015 -020 -025 -029 -028
-010 0007 -001 -008 -038 -035 -034 -028 -030 -022 -020 -001.
0004 -011 -007 -004 0004 0008 0009 0011 0007 0000 0004 0006
0006 0004 0002 0001 0004 -004 -005 -002 -003 -004 0011 0018.
0019 0021 0021 0016 0014 0018 0013 0014 0016 0016 0017 0016
0017 0017 0014 0014 0010 0023 0014 0017 0019 0017 0023 0024.
0026 0021 0025 0025 0024 0022 0023 0021 0021 0023 0022 0020
0028 0026 0023 0006 0010 -007 -014 -026 -030 -016 0003 0002.
0007 0008 0019 0007 0021 0026 0027 0026 0023 0027 0027 0028
0027 0028 0027 0025 0020 0026 0035 0038 0035 0048 0035 0042.
0040 0036 0034 0034 0037 0039 0034 0033 0034 0036 0036 0036
0038 0044 0035 0032 0032 0027 0026 0028 0026 0028 0030 0036.
0039 0044 0046 0044 0043 0044 0043 0043 0041 0037 0034 0029
0038 0045 0045 0033 0034 0027 0018 0008 -003 0024 0033 0040=
EA
085 086 089 090 086 083 082 082 082 083 083 081
081 076 074 074 073 072 069 068 080 076 078 078.
077 074 074 074 076 077 077 077 078 078 078 079
080 080 079 077 076 063 060 064 060 061 066 062.
069 066 065 061 063 062 061 059 057 052 050 056
043 038 042 045 052 051 048 049 057 051 050 053.
052 054 057 057 055 059 059 059 060 061 062 060
060 062 061 056 055 053 051 049 057 058 060 060.
060 062 063 064 062 064 064 064 064 065 062 061
062 062 064 061 063 063 062 064 064 067 069 072.
072 071 070 069 070 069 069 069 068 068 067 069
069 069 068 064 068 068 067 069 066 067 066 065.
066 069 072 073 074 074 073 073 071 070 000 071
054 072 065 057 058 060 060 060 058 058 057 056.
056 056 056 071 072 072 072 073 072 072 072 073
074 074 071 069 068 069 066 060 061 068 066 069.
070 071 070 073 075 076 075 076 077 076 073 074
074 075 074 072 068 067 069 072 075 078 077 078.
078 076 077 077 077 077 077 076 077 077 078 077
078 079 080 079 078 080 081 082 080 081 082 080.
080 079 078 076 076 077 077 076 076 077 076 077
079 079 059 062 060 061 062 061 059 066 066 066.
068 069 071 /// /// /// /// /// /// /// /// ///
/// /// /// /// /// /// /// /// /// /// /// ///.
/// /// /// 073 074 073 072 071 071 071 071 071
072 069 069 066 063 064 059 060 061 064 069 070.
070 070 072 074 075 069 072 072 073 073 074 074
078 074 075 067 061 057 051 055 061 069 072 075.
075 073 073 073 074 074 075 075 076 078 077 079
078 079 078 079 073 071 074 074 074 077 074 078.
078 077 078 077 078 077 079 077 076 075 077 079
078 077 074 075 071 070 071 073 075 075 076 075.
074 073 074 074 075 075 076 075 075 074 075 074
075 074 071 063 064 061 062 061 058 060 064 063.
076 077 080 077 067 067 068 068 067 068 071 069
071 068 067 064 065 062 065 065 071 072 075 076.
077 079 080 075 078 078 076 077 077 078 079 080
081 078 072 072 069 068 066 069 067 068 070 069.
069 069 068 068 067 068 069 070 071 071 071 071
070 071 071 070 069 069 069 068 068 066 067 067.
066 068 068 070 069 067 065 064 064 063 063 065
065 065 067 066 067 065 065 065 064 063 065 064.
065 064 062 062 062 061 061 061 061 061 059 058
059 058 059 057 057 058 058 057 057 058 057 061.
060 061 059 058 061 062 063 064 064 065 064 063
063 062 060 061 056 057 060 061 061 065 065 065.
065 065 063 064 062 061 058 055 054 058 060 061
061 050 047 039 036 038 038 042 041 048 051 054.
057 056 058 053 058 060 059 055 053 051 049 050
057 064 061 058 046 047 047 050 049 052 053 061.
063 056 058 059 063 065 065 066 064 061 063 064
064 063 062 061 063 059 059 060 060 059 066 069.
070 071 071 069 067 069 067 068 069 069 069 069
069 069 068 068 065 072 068 069 070 069 072 073.
074 071 073 073 072 072 072 071 071 072 072 071
075 074 072 064 065 058 055 051 049 054 062 062.
064 065 070 064 071 073 074 074 072 074 074 075
074 075 074 073 071 074 079 080 078 086 078 083.
081 079 078 078 080 081 078 077 078 079 079 079
080 083 079 077 077 074 074 075 074 074 076 079.
081 084 085 084 083 084 083 083 082 080 078 075
080 084 084 077 078 074 070 065 060 073 077 081=
UB
78 81 85 86 82 81 81 81 81 82 82 80
80 73 71 71 71 70 67 65 79 76 80 79 65 1548.
79 77 77 79 82 82 84 85 86 86 86 87
87 83 78 72 68 54 52 55 52 55 63 58 49 1652.
70 65 61 62 66 66 64 61 61 56 53 60
44 38 43 44 52 49 47 48 70 55 57 60 36 1023.
58 61 66 66 65 70 72 73 79 84 81 75
72 66 64 59 61 57 53 50 60 63 66 67 49 1538.
69 72 75 77 76 78 78 79 79 80 76 76
76 76 75 71 72 72 69 71 72 79 83 85 66 1509.
85 86 86 84 85 84 84 84 82 82 80 83
81 80 78 72 74 72 69 74 72 75 74 74 66 1503.
75 80 83 85 87 87 87 87 86 84 00 84
63 82 73 63 63 63 63 63 63 63 63 63 00 0700.
63 63 63 81 85 87 87 88 87 88 88 89
88 85 76 70 65 64 59 53 54 63 62 68 50 1547.
71 71 70 76 79 81 81 84 85 83 81 82
80 78 73 70 65 63 67 71 75 80 81 82 62 1345.
83 81 84 84 84 86 84 84 85 86 87 86
86 86 84 83 83 86 87 85 84 87 88 87 80 1218.
87 87 88 85 86 87 88 88 89 89 89 89
89 84 59 61 59 58 59 59 58 66 68 69 55 1449.
72 73 77 // // // // // // // // //
// // // // // // // // // // // // 69 2001.
// // // 80 82 81 82 82 84 84 83 84
82 74 68 63 56 55 51 53 54 59 67 69 49 1451.
70 70 77 78 81 72 77 76 79 81 83 84
84 74 69 55 50 44 40 44 50 60 70 76 40 1459.
72 70 72 73 78 83 79 78 79 83 83 84
83 82 80 76 64 61 64 67 69 73 71 75 59 1432.
76 74 77 77 78 77 81 80 79 78 81 84
81 77 72 70 63 61 62 66 70 71 74 74 59 1339.
74 73 75 78 80 83 84 83 83 80 82 81
81 74 63 52 52 49 49 49 48 52 58 58 44 1534.
72 75 80 76 67 69 71 71 71 74 80 76
75 67 64 60 60 57 60 61 68 71 75 77 55 1337.
80 83 83 78 81 83 82 83 84 85 86 87
87 80 74 70 65 64 62 65 64 67 70 71 62 1343.
73 74 74 75 76 77 79 80 81 82 83 84
83 83 82 79 78 79 78 76 76 75 77 76 70 2001.
76 79 81 84 84 82 80 80 82 82 83 85
86 84 84 81 79 77 76 75 74 73 76 76 72 1720.
77 76 74 75 75 74 75 75 77 77 75 74
73 71 71 67 66 67 65 64 65 67 68 74 62 1540.
83 86 87 88 88 88 88 88 88 88 86 84
83 79 73 74 66 68 72 75 77 83 84 84 65 1258.
84 85 84 85 84 83 77 74 72 81 86 86
84 65 57 45 39 40 39 43 43 52 57 63 35 1353.
77 71 75 68 81 82 84 87 88 89 89 89
89 88 75 63 46 45 47 49 50 54 57 68 44 1419.
72 64 69 71 76 79 81 83 81 77 81 82
80 76 71 68 66 59 58 61 63 62 74 78 56 1419.
79 81 82 80 79 83 79 81 84 84 86 85
85 79 71 68 71 81 75 74 75 75 79 80 62 1235.
82 81 83 84 86 87 87 86 87 88 88 88
89 80 70 57 53 44 41 38 37 44 54 55 36 1557.
60 60 69 63 74 77 79 79 76 81 83 83
78 74 68 66 58 67 84 84 80 85 88 89 54 2001.
89 87 87 88 89 89 87 88 89 89 89 89
89 88 71 68 69 63 62 62 61 64 67 74 60 1447.
77 83 85 86 83 86 87 87 87 87 88 88
89 84 76 62 58 50 49 44 43 54 62 68 41 1703=
N=
H=
C=
VB
00285 00285 00285 00285 00285 00285 00285 00285 00285 00285 00285 00285
00285 00285 00285 00285 00285 00285 00285 00285 00285 00285 00285 00285 00285 2001.
00285 00285 00285 00285 00285 00285 00285 00285 00285 00285 00285 00285
00285 00285 00285 00285 00285 00285 00285 00285 00285 00285 00285 00285 00285 2001.
00285 00285 00285 00285 00285 00285 00285 00285 00285 00285 00285 00285
00285 00285 00285 00285 00285 00285 00285 00285 00000 00285 00285 00285 00000 1601.
00285 00285 00285 00285 00285 00285 00285 00285 00285 00285 00285 00285
00285 00285 00285 00285 00285 00285 00285 00285 00285 00285 00285 00285 00285 2001.
00285 00285 00285 00285 00285 00285 00285 00285 00285 00285 00285 00285
00285 00285 00285 00285 00285 00285 00285 00285 00285 00285 00285 00285 00285 2001.
00285 00285 00285 00285 00285 00285 00285 00285 00285 00285 00285 00285
00285 00285 00285 00285 00285 00285 00285 00285 00285 00285 00285 00285 00285 2001.
00285 00285 00285 00285 00285 00285 00285 00285 00285 00285 00000 00285
00000 00000 00285 00448 00448 00447 00720 00720 00721 00721 00722 00723 00000 ////.
00723 00723 00722 00285 00285 00285 00285 00285 00285 00285 00285 00285
00285 00285 00285 00285 00285 00285 00285 00285 00285 00285 00285 00285 00000 ////.
00285 00285 00285 00285 00285 00285 00285 00285 00285 00285 00285 00285
00285 00285 00000 00000 00000 00000 00000 00000 00000 00000 00000 00000 00000 1057.
00000 00000 00000 00000 00000 00000 00000 00000 00000 00000 00000 00000
00000 00000 00000 00000 00000 00000 00000 00000 00000 00000 00000 00000 00000 2001.
00000 00000 00000 00000 00000 00000 00000 00000 00000 00000 00000 00000
00000 00000 00000 00000 00000 00000 00000 00000 00000 00000 00000 00000 00000 2001.
00000 00000 00000 ///// ///// ///// ///// ///// ///// ///// ///// /////
///// ///// ///// ///// ///// ///// ///// ///// ///// ///// ///// ///// 00000 2001.
///// ///// ///// 00000 00000 00000 00000 00000 00000 00000 00000 00000
00000 00000 00000 00000 00000 00000 00000 00000 00000 00000 00000 00000 00000 ////.
00000 00000 00000 00000 00000 00000 00000 00000 00000 00000 00000 00000
00000 00000 00000 00000 00000 00000 00000 00000 00000 00000 00000 00000 00000 2001.
00000 00000 00000 00000 00000 00000 00000 00000 00000 00000 00000 00000
00000 00000 00000 00000 00000 00000 00000 00000 00000 00000 00000 00000 00000 2001.
00000 00000 00000 00000 00000 00000 00000 00000 00000 00000 00000 00000
00000 00000 00000 00000 00000 00000 00000 00000 00000 00000 00000 00000 00000 2001.
00000 00000 00000 00000 00000 00000 00000 00000 00000 00000 00000 00000
00000 00000 00000 00000 00000 00000 00000 00000 00000 00000 00000 00000 00000 2001.
00000 00000 00000 00000 00000 00000 00000 00000 00000 00000 00000 00000
00000 00000 00000 00000 00000 00000 00000 00000 00000 00000 00000 00000 00000 2001.
00000 00000 00000 00000 00000 00000 00000 00000 00000 00000 00000 00000
00000 00000 00000 00000 00000 00000 00000 00000 00000 00000 00000 00000 00000 2001.
00000 00000 00000 00000 00000 00000 00000 00000 00000 00000 00000 00000
00000 00000 00000 00000 00000 00000 00000 00000 00000 00000 00000 00000 00000 2001.
00000 00000 00000 00000 00000 00000 00000 00000 00000 00000 00000 00000
00000 00000 00000 00000 00000 00000 00000 00000 00000 00000 00000 00000 00000 2001.
00000 00000 00000 00000 00000 00000 00000 00000 00000 00000 00000 00000
00000 00000 00000 00000 00000 00000 00000 00000 00000 00000 00000 00000 00000 2001.
00000 00000 00000 00000 00000 00000 00000 00000 00000 00000 00000 00000
00000 00000 00000 00000 00000 00000 00000 00000 00000 00000 00000 00000 00000 2001.
00000 00000 00000 00000 00000 00000 00000 00000 00000 00000 00000 00000
00000 00000 00000 00000 00000 00000 00000 00000 00000 00000 00000 00000 00000 2001.
00000 00000 00000 00000 00000 00000 00000 00000 00000 00000 00000 00000
00000 00000 00000 00000 00000 00000 00000 00000 00000 00000 00000 00000 00000 2001.
00000 00000 00000 00000 00000 00000 00000 00000 00000 00000 00000 00000
00000 00000 00000 00000 00000 00000 00000 00000 00000 00000 00000 00000 00000 2001.
00000 00000 00000 00000 00000 00000 00000 00000 00000 00000 00000 00000
00000 00000 00000 00000 00000 00000 00000 00000 00000 00000 00000 00000 00000 2001.
00000 00000 00000 00000 00000 00000 00000 00000 00000 00000 00000 00000
00000 00000 00000 00000 00000 00000 00000 00000 00000 00000 00000 00000 00000 2001.
00000 00000 00000 00000 00000 00000 00000 00000 00000 00000 00000 00000
00000 00000 00000 00000 00000 00000 00000 00000 00000 00000 00000 00000 00000 2001.
00000 00000 00000 00000 00000 00000 00000 00000 00000 00000 00000 00000
00000 00000 00000 00000 00000 00000 00000 00000 00000 00000 00000 00000 00000 2001.
00000 00000 00000 00000 00000 00000 00000 00000 00000 00000 00000 00000
00000 00000 00000 00000 00000 00000 00000 00000 00000 00000 00000 00000 00000 2001=
R6
0000 0000 0000
0000 0000 0000
0000 0000 0000
0000 0000 0000
0001 0006 0007
0003 0000 0003
0003 0004 0007
0000 0001 0001
0000 0000 0000
0001 0017 0018
0001 0000 0001
//// //// ////
//// 0000 ////
0000 0000 0000
0000 0000 0000
0000 0000 0000
0000 0000 0000
0000 0000 0000
0000 0001 0001
0000 0005 0005
0005 0018 0023
0000 0001 0001
0000 0005 0005
0011 0000 0011
0000 0000 0000
0000 0000 0000
0000 0004 0004
0001 0000 0001
0000 0060 0060
0000 0001 0001
0000 0000 0000=
0000 0000 0000 0000 0000 0000 0000 0000 0000 0000 0000 0000
0000 0000 0000 0000 0000 0000 0000 0000 0000 0000 0000 0000.
0000 0000 0000 0000 0000 0000 0000 0000 0000 0000 0000 0000
0000 0000 0000 0000 0000 0000 0000 0000 0000 0000 0000 0000.
0000 0000 0000 0000 0000 0000 0000 0000 0000 0000 0000 0000
0000 0000 0000 0000 0000 0000 0000 0000 0000 0000 0000 0000.
0000 0000 0000 0000 0000 0000 0000 0000 0000 0000 0000 0000
0000 0000 0000 0000 0000 0000 0000 0000 0000 0000 0000 0000.
0000 0000 0000 0000 0000 0000 0000 0000 0000 0001 0000 0000
0000 0002 0001 0000 0000 0000 0000 0000 0000 0001 0001 0001.
0001 0001 0000 0001 0000 0000 0000 0000 0000 0000 0000 0000
0000 0000 0000 0000 0000 0000 0000 0000 0000 0000 0000 0000.
0000 0000 0000 0000 0001 0001 0000 0000 0000 0000 0000 0001
0000 0000 0002 0000 0000 0000 0000 0000 0000 0000 0000 0002.
0000 0000 0000 0000 0000 0000 0000 0000 0000 0000 0000 0000
0000 0000 0000 0000 0000 0001 0000 0000 0000 0000 0000 0000.
0000 0000 0000 0000 0000 0000 0000 0000 0000 0000 0000 0000
0000 0000 0000 0000 0000 0000 0000 0000 0000 0000 0000 0000.
0000 0000 0000 0001 0000 0000 0000 0000 0000 0000 0000 0000
0000 0000 0001 0002 0001 0005 0006 0001 0000 0001 0000 0000.
0000 0000 0000 0000 0000 0000 0000 0000 0001 0000 0000 0000
0000 0000 0000 0000 0000 0000 0000 0000 0000 0000 0000 0000.
0000 0000 0000 //// //// //// //// //// //// //// //// ////
//// //// //// //// //// //// //// //// //// //// //// ////.
//// //// //// 0000 0000 0000 0000 0000 0000 0000 0000 0000
0000 0000 0000 0000 0000 0000 0000 0000 0000 0000 0000 0000.
0000 0000 0000 0000 0000 0000 0000 0000 0000 0000 0000 0000
0000 0000 0000 0000 0000 0000 0000 0000 0000 0000 0000 0000.
0000 0000 0000 0000 0000 0000 0000 0000 0000 0000 0000 0000
0000 0000 0000 0000 0000 0000 0000 0000 0000 0000 0000 0000.
0000 0000 0000 0000 0000 0000 0000 0000 0000 0000 0000 0000
0000 0000 0000 0000 0000 0000 0000 0000 0000 0000 0000 0000.
0000 0000 0000 0000 0000 0000 0000 0000 0000 0000 0000 0000
0000 0000 0000 0000 0000 0000 0000 0000 0000 0000 0000 0000.
0000 0000 0000 0000 0000 0000 0000 0000 0000 0000 0000 0000
0000 0000 0000 0000 0000 0000 0000 0000 0000 0000 0000 0000.
0000 0000 0000 0000 0000 0000 0000 0000 0000 0000 0000 0000
0000 0001 0000 0000 0000 0000 0000 0000 0000 0000 0000 0000.
0000 0000 0000 0000 0000 0000 0000 0000 0000 0000 0000 0000
0000 0003 0001 0001 0000 0000 0000 0000 0000 0000 0000 0000.
0000 0000 0000 0001 0001 0000 0000 0001 0000 0000 0001 0001
0004 0007 0004 0001 0000 0000 0001 0001 0000 0000 0000 0000.
0000 0000 0000 0000 0000 0000 0000 0000 0000 0000 0000 0000
0000 0000 0001 0000 0000 0000 0000 0000 0000 0000 0000 0000.
0000 0000 0000 0000 0000 0000 0000 0000 0000 0000 0000 0000
0000 0000 0000 0000 0000 0000 0000 0000 0000 0000 0002 0003.
0001 0002 0003 0003 0001 0000 0000 0001 0000 0000 0000 0000
0000 0000 0000 0000 0000 0000 0000 0000 0000 0000 0000 0000.
0000 0000 0000 0000 0000 0000 0000 0000 0000 0000 0000 0000
0000 0000 0000 0000 0000 0000 0000 0000 0000 0000 0000 0000.
0000 0000 0000 0000 0000 0000 0000 0000 0000 0000 0000 0000
0000 0000 0000 0000 0000 0000 0000 0000 0000 0000 0000 0000.
0000 0000 0000 0000 0000 0000 0000 0000 0000 0000 0000 0000
0000 0000 0000 0000 0000 0003 0001 0000 0000 0000 0000 0000.
0000 0001 0000 0000 0000 0000 0000 0000 0000 0000 0000 0000
0000 0000 0000 0000 0000 0000 0000 0000 0000 0000 0000 0000.
0000 0000 0000 0000 0000 0000 0000 0000 0000 0000 0000 0000
0000 0000 0000 0000 0000 0000 0032 0026 0002 0000 0000 0000.
0000 0000 0000 0000 0000 0000 0000 0000 0000 0000 0000 0000
0000 0000 0000 0001 0000 0000 0000 0000 0000 0000 0000 0000.
0000 0000 0000 0000 0000 0000 0000 0000 0000 0000 0000 0000
0000 0000 0000 0000 0000 0000 0000 0000 0000 0000 0000 0000=
0000 ////////// 00000=
W=
LA
=
000 000 000 000 000 000 000 000 000 000 000 000
000 000 000 000 000 000 000 000 000 000 000 000 000.
001 000 000 000 000 000 001 000 000 000 000 000
000 000 000 001 000 000 000 000 000 000 000 000 003.
000 000 002 000 000 000 000 000 001 000 000 001
000 001 002 005 004 001 000 000 000 000 000 000 017.
000 001 000 000 000 000 000 000 000 000 000 000
000 003 003 000 000 000 002 001 000 000 000 000 010.
000 000 000 000 000 000 000 000 000 001 000 000
000 000 001 000 000 000 000 000 000 000 000 001 003.
000 000 000 001 000 000 000 000 000 000 000 000
000 000 000 000 000 002 000 000 000 000 000 000 003.
000 000 000 000 000 000 000 000 000 000 /// 000
/// /// 000 /// /// /// /// /// /// /// /// /// ///.
/// /// /// 000 000 000 000 000 000 000 000 000
000 000 002 000 002 002 000 001 000 000 000 000 ///.
000 000 000 000 000 000 000 000 000 000 000 000
000 000 000 001 000 000 000 000 000 000 000 000 001.
000 000 000 001 000 000 000 000 000 000 000 000
000 000 000 000 000 000 000 001 000 001 000 000 003.
000 000 000 000 000 000 000 000 001 000 000 000
000 000 000 000 000 000 002 000 000 000 000 000 003.
000 000 000 /// /// /// /// /// /// /// /// ///
/// /// /// /// /// /// /// /// /// /// /// /// ///.
/// /// /// 000 000 000 000 000 000 000 000 000
001 000 002 000 003 001 000 000 000 000 001 000 ///.
000 000 000 000 000 000 000 000 000 000 000 000
000 000 000 003 006 004 000 000 001 000 000 000 014.
000 000 000 000 000 000 000 000 000 000 000 000
000 000 000 000 002 002 000 000 000 000 000 000 004.
000 000 000 000 000 000 000 000 000 000 000 000
000 000 000 000 001 002 000 000 000 000 000 000 003.
000 000 000 000 000 000 000 000 000 000 000 000
000 000 003 003 000 002 000 000 000 000 000 000 008.
000 000 000 000 000 000 000 000 000 000 000 000
000 000 000 000 000 000 000 000 000 000 000 000 000.
000 000 000 000 000 000 000 000 000 000 000 000
000 000 000 000 002 000 000 000 000 001 000 000 003.
001 000 000 001 000 000 000 000 000 000 000 000
000 001 000 001 000 000 000 000 000 000 000 000 004.
000 000 000 000 001 000 000 000 000 000 000 000
000 000 001 001 000 000 000 001 000 000 000 000 004.
000 000 000 000 000 000 000 000 000 000 000 000
000 000 001 001 000 000 000 000 000 000 000 000 002.
000 000 000 000 000 000 000 000 000 000 000 000
000 000 001 000 000 000 000 000 000 000 000 000 001.
000 000 000 002 000 000 000 001 000 000 000 000
000 000 000 001 010 002 002 000 000 000 000 000 018.
000 000 000 000 000 000 000 000 000 000 000 000
000 001 000 002 009 001 000 000 000 000 000 000 013.
000 000 000 000 000 000 000 000 000 000 000 000
000 000 000 000 000 002 000 000 000 000 000 000 002.
000 000 000 000 000 000 000 000 000 000 000 000
000 000 001 001 002 000 000 000 000 000 000 000 004.
000 002 000 000 000 000 000 000 000 000 000 000
000 002 003 006 003 001 000 001 000 000 000 000 018.
000 000 000 000 000 001 000 001 000 000 000 000
000 000 001 000 004 000 000 000 001 002 000 000 010.
000 000 000 000 000 001 000 000 000 000 000 000
000 000 002 002 000 002 000 001 000 000 000 000 008.
000 000 000 000 000 000 000 000 000 000 000 000
000 000 004 007 003 000 000 000 000 000 000 000 014=
Z=
G=
FN
PPC000 PPC000 PPC000 PPC001 094005 051004
055005 039009 075003 PPC000 113004 121005
PPC000 109012 103009 175005 124007 097005
007004 359003 323012 246005 323007 315010.
324010 326010 324011 272011 298006 237010
268008 262008 205007 309004 324004 028004
PPC002 296004 318009 296012 011009 115017
106022 115017 139009 104008 113007 097011.
068004 025010 029011 080035 093024 030008
332009 081029 094011 058009 026011 339010
063013 074029 086017 089024 099035 086025
072013 181008 113010 209024 185022 261006.
229014 247021 245006 230013 219007 189013
183015 179008 PPC000 PPC000 PPC000 202006
247003 PPC002 176019 184004 126008 217009
221012 174009 190020 189021 181019 194022.
184023 188022 186012 206012 179007 208004
186005 111009 078005 PPC000 090007 076008
096009 133007 083003 024003 344005 339012
100005 024003 103003 092010 PPC000 036004.
029005 PPC001 205006 194013 254005 251004
001003 197006 257006 277005 250005 330005
PPC000 PPC001 217010 183015 098009 114010
163010 167016 109011 167012 108012 197011.
108004 003004 359004 339005 PPC002 PPC000
PPC000 PPC000 019007 040003 073006 PPC001
PPC000 095004 120006 141006 191010 255010
265006 232008 331012 337012 360005 PPC000.
PPC000 PPC002 025004 PPC002 PPC000 186003
PPC002 349007 PPC000 297003 PPC000 254004
249004 230009 252009 302008 188014 182013
083007 182015 113009 116008 131005 PPC001.
173004 096003 PPC002 339005 327005 340009
315007 PPC000 300004 339005 318007 351007
010009 349008 079009 054008 031008 168006
220013 201010 179016 222005 299006 275005.
327008 342005 318005 300004 348003 PPC002
227009 229004 227006 324003 223005 PPC000
163006 PPC000 PPC001 321007 271006 114003
PPC002 PPC002 PPC001 327003 321009 329009.
319009 344004 298006 277005 296005 243005
219006 PPC000 PPC001 025003 PPC001 316004
PPC001 PPC001 081027 115007 214008 156007
170007 205004 259003 241012 227005 234006.
185012 253007 342007 ////// ////// //////
////// ////// ////// ////// ////// //////
////// ////// ////// ////// ////// //////
////// ////// ////// ////// ////// //////.
////// ////// ////// 112009 PPC000 014003
346005 PPC002 330003 PPC001 347003 314006
330006 345005 053008 298013 081013 070007
088022 092016 081018 091018 177012 204008.
173008 182011 PPC000 338004 075005 039004
PPC000 PPC002 320005 PPC002 322003 PPC000
308003 298007 205007 003013 112017 026014
123012 071013 174017 181027 143003 183004.
184008 154004 185016 178010 PPC002 PPC000
PPC001 256004 177010 190018 211014 187021
189019 172015 193014 176014 174014 193013
330017 137011 110006 357010 061007 083010.
097011 116012 102004 187009 208008 288003
PPC000 183006 178007 PPC000 124003 PPC000
PPC000 189008 195012 187017 101014 056008
045012 053012 067016 033019 040012 057016.
025019 018009 357006 315007 324005 PPC000
PPC002 277007 286006 290007 289004 337005
305003 325010 118011 059018 091019 039015
094023 092028 082017 113011 119018 121010.
279004 237004 357003 329006 066008 049005
022008 063005 025006 PPC002 PPC002 023005
027003 PPC001 178009 359012 043010 041013
014015 197004 154003 286004 267008 245013.
299003 312003 290003 337003 PPC000 228012
245007 291009 292007 PPC002 PPC000 PPC000
PPC000 063003 098011 090010 091014 041013
017026 036025 053021 053011 075014 074023.
063013 071016 030017 060009 065007 060008
047017 040018 058018 046010 035021 028010
057009 028015 037018 029020 029024 074018
078020 058019 041018 074018 071014 061012.
064011 033009 029020 021013 054009 032011
046016 038028 044012 027015 029019 058010
057012 027022 020017 053015 085019 046015
070010 090012 051011 070016 085010 099008.
070005 013014 017007 038007 049017 052013
031019 064009 074008 073010 071009 093003
070011 078011 010012 069009 090016 093018
083013 092013 031009 108009 115011 123006.
PPC000 PPC000 092005 324005 PPC001 PPC000
PPC000 317004 PPC000 137004 PPC002 161005
118004 167003 127006 307006 059007 029017
039013 051013 048015 033011 065018 027010.
039015 021011 043021 031013 044009 026016
061017 081010 351004 PPC002 PPC000 319004
PPC002 052004 035009 063017 083018 098014
126021 035007 PPC001 218014 240009 285009.
273006 241007 296004 285005 PPC000 PPC000
179005 PPC002 PPC001 PPC000 PPC000 PPC000
354006 PPC000 108005 081004 190015 193004
178004 120007 147005 125006 PPC002 PPC002.
PPC001 007011 308003 304004 PPC000 159003
PPC000 PPC002 053003 PPC002 PPC002 PPC000
324003 PPC002 304006 219005 PPC002 321011
PPC002 077007 124009 123008 PPC000 PPC000.
PPC002 PPC000 PPC000 219004 322005 PPC000
286005 300003 245006 PPC000 PPC000 316003
PPC001 PPC002 PPC002 178018 068028 103018
125014 124003 217007 241006 303005 339005.
324004 342003 PPC002 020003 PPC000 PPC002
311006 298004 PPC000 246005 PPC000 PPC002
PPC000 230009 232016 199021 224015 147013
239018 113019 PPC001 186007 152009 143009.
114008 114004 PPC001 287005 PPC000 294007
267003 313005 299005 PPC002 351003 PPC002
308004 PPC002 088011 093015 053010 023010
127010 177011 109009 PPC002 PPC002 PPC000.
089003 058004 025004 PPC000 015004 PPC000
PPC000 PPC002 PPC000 PPC000 PPC000 PPC002
270003 PPC001 103007 187009 197018 144011
173013 111013 120013 173012 185013 187006.
245005 PPC002 PPC002 217004 PPC002 PPC000
PPC002 PPC001 PPC002 PPC000 176007 182005
185008 217012 207007 195019 169011 194011
193016 037007 200011 143008 133003 299003=
PPC000 PPC000 PPC000 PPC000 070006 056007
039005 035007 066003 PPC001 102003 117008
PPC002 123009 112008 172005 118011 113006
011004 026006 326009 217006 323011 320010.
337009 321007 321007 276010 318009 251007
263008 272007 218004 PPC002 356003 PPC002
316005 317003 314011 320007 354011 115023
111026 098014 112015 107009 100009 097009.
071005 033006 044009 081029 093021 017005
003008 091019 094010 084016 026008 346009
046015 063023 097022 064028 094039 084031
088021 168007 113008 194022 176022 237007.
249009 240017 246013 223015 240008 185010
181014 180010 PPC000 PPC000 PPC000 212006
PPC002 PPC002 213015 154006 157012 211015
202015 159009 193020 189019 189019 192020.
183020 182020 188013 203013 171006 203004
166004 109009 093004 PPC000 087007 092008
104006 128007 086006 088005 352007 345010
097006 PPC002 PPC000 094007 PPC000 032004.
067005 PPC000 192007 189013 247006 PPC002
PPC002 194005 261004 275003 257004 345005
PPC000 PPC000 186007 196013 113006 116010
171013 154014 128011 148008 113011 191011.
107004 PPC002 358005 344004 PPC002 PPC000
PPC000 PPC000 024007 033004 067004 045003
PPC000 PPC002 115008 143007 176009 225008
321005 201006 337011 344012 359006 PPC000.
PPC000 PPC001 002005 009003 PPC000 198003
327003 348006 PPC000 PPC002 PPC000 258004
258005 247007 248006 236007 271007 211010
096008 186016 145009 117010 120007 172003.
176004 107005 PPC002 352007 315005 346008
327005 PPC000 297004 337006 313007 340007
006010 350009 053008 056007 049011 097003
205012 192008 183014 192009 284006 266006.
328007 339007 331006 327004 350003 PPC002
231006 245007 244007 PPC002 223006 243003
171005 PPC000 PPC001 335006 278004 158004
PPC002 PPC002 PPC002 306006 322009 325008.
320010 333005 286006 282006 284008 199006
214006 PPC001 PPC000 352003 PPC000 327003
312003 PPC000 085021 109010 176008 199008
188005 196008 262004 238011 222007 218009.
188010 250008 345007 ////// ////// //////
////// ////// ////// ////// ////// //////
////// ////// ////// ////// ////// //////
////// ////// ////// ////// ////// //////.
////// ////// ////// 110007 PPC001 003007
342006 358006 317003 326004 336003 320005
321006 346004 029008 290011 063010 080010
079017 075016 096015 091014 176013 190009.
163006 161008 PPC000 342004 PPC002 039003
PPC000 328004 317005 323003 PPC002 PPC000
PPC002 263008 242006 042006 102015 083012
109011 095007 140019 182026 168006 164004.
188008 168006 190012 175012 205006 PPC000
PPC000 231005 182007 187021 199013 188018
188018 178014 193015 187013 166010 148008
328016 130009 111006 348007 073008 088009.
092011 118010 121004 167006 228006 260005
PPC000 180006 176007 196006 PPC001 PPC000
PPC001 183006 145008 182015 079008 060014
047019 055019 046017 036017 065016 048017.
024013 010010 007008 316009 328005 PPC000
304003 292005 274007 282007 305003 341006
PPC002 321008 141006 080024 098019 044017
100020 096025 088021 112014 119023 123009.
256005 PPC002 PPC002 331005 065008 053006
025005 042007 046004 089003 PPC002 019005
010004 027006 203004 006010 024010 079011
013014 182005 167006 268004 272007 241010.
PPC002 315004 PPC002 302005 PPC000 219007
252008 296011 306007 332003 PPC000 PPC000
PPC000 084005 093015 074011 057014 029014
029018 027020 052017 038016 075015 069021.
066016 050015 025020 055011 048013 047011
054015 039014 048017 068013 045017 036015
039017 039011 036018 048014 029021 055018
069021 047019 052013 067015 068015 069016.
051011 041011 028015 025014 050009 039014
032018 043021 048010 058011 031015 058010
054014 028020 040013 057017 073017 043016
073014 077013 056010 071015 085009 090009.
072004 016009 030009 033008 039010 053008
028011 049014 066011 077011 074012 082010
072009 078015 022019 041017 088013 103017
051012 086020 060012 106011 127008 111005.
PPC000 PPC000 PPC002 314005 PPC000 PPC000
PPC000 320003 PPC000 135003 PPC001 159003
118003 PPC001 158004 312004 046010 040014
041014 054014 056014 046011 060013 039012.
039011 030013 034019 041012 041012 028011
054015 080013 052003 354003 PPC000 302003
PPC000 061007 037009 065017 072019 092013
103017 055009 202007 214013 232009 250010.
277005 237010 299004 288007 PPC000 PPC002
175006 PPC002 PPC000 PPC000 PPC002 PPC000
352005 PPC000 129003 162005 167009 253008
209009 154007 155006 052005 212003 359003.
PPC002 355017 311005 303003 PPC000 PPC001
PPC000 PPC001 020003 PPC001 PPC002 PPC000
310005 294003 285003 236004 237006 355007
271008 079008 119011 121007 PPC000 PPC002.
PPC000 PPC000 PPC000 227006 331005 PPC000
280005 290004 221006 PPC000 327003 327006
PPC000 PPC002 141006 185014 081019 104015
124015 111006 221006 237007 276006 329005.
334006 316004 PPC002 PPC002 PPC002 294004
311006 303004 PPC001 272005 299004 PPC000
PPC000 218008 227013 242017 212015 167017
194016 121013 110010 141004 124008 131006.
108008 113006 PPC000 289008 PPC002 297006
282003 302006 303006 PPC000 353003 291003
294006 322007 114008 099011 106009 009008
109009 184010 107005 PPC001 314003 PPC000.
PPC002 044005 PPC002 PPC000 006004 PPC000
021004 PPC001 PPC000 PPC000 PPC000 PPC001
274003 PPC001 164003 182013 205015 201012
176015 118013 118013 155007 189014 187006.
264005 PPC000 PPC002 210007 PPC002 PPC000
PPC002 193003 144003 PPC000 176007 PPC002
182011 191012 218008 174016 163012 191009
249011 057005 192009 131007 120003 303004=
018332 1719 026358 1716
030118 1449 044140 1450
049094 1248 066131 1240
025196 1645 040267 2146
025191 2210 041201 2029
022189 1549 030200 1543
015344 1754 021355 1627
017194 1413 025352 1407
014183 1700 022090 1245
011250 0315 017283 0314
023126 1102 037089 1057
012189 2051 016275 2115
020087 1445 034125 1726
028188 1802 051144 1546
025187 0546 030211 0540
026069 1439 048106 1436
036097 1343 052124 1338
017079 0017 030355 1248
024078 1935 043096 1930
027057 2321 038102 2034
028058 0407 043357 0405
023028 1056 031359 0419
021067 1629 033323 1819
022045 2217 038344 0405
019214 1410 034358 1725
022125 1642 028154 1641
022106 1304 033198 1146
020243 1324 031267 1255
016047 1317 027355 1325
019179 1730 028229 1520
023357 1315 033278 1211=
DB
0078 0077 0074 0075 0074 0069 0068 0069 0068 0068 0071 0067
0071 0072 0078 0083 0079 0078 0081 0081 0073 0068 0064 0064 0087 1151 0063 1909.
0065 0060 0059 0057 0056 0055 0054 0054 0052 0052 0051 0051
0059 0080 0100 0133 0136 0148 0128 0113 0093 0075 0067 0066 0156 1349 0050 0749.
0062 0061 0062 0056 0053 0052 0052 0052 0049 0048 0046 0045
0053 0071 0099 0192 0212 0227 0146 0121 0043 0060 0051 0048 0244 1339 0043 1656.
0048 0043 0041 0040 0038 0036 0034 0030 0015 0015 0025 0028
0048 0100 0161 0109 0075 0094 0105 0110 0079 0060 0052 0051 0166 1103 0008 0523.
0049 0048 0045 0044 0043 0043 0044 0044 0043 0043 0043 0041
0045 0060 0082 0079 0094 0094 0088 0071 0062 0055 0052 0052 0098 1345 0041 0758.
0051 0049 0047 0043 0048 0048 0047 0046 0045 0045 0046 0047
0050 0056 0068 0088 0098 0117 0120 0087 0069 0059 0056 0052 0130 1330 0043 2334.
0053 0052 0050 0051 0051 0049 0048 0046 0045 0047 0005 0047
//// //// 0072 0067 0071 0078 0090 0082 0062 0054 0053 0054 0072 1100 0002 ////.
0054 0053 0051 0050 0046 0044 0043 0043 0042 0040 0039 0039
0050 0069 0099 0145 0173 0174 0184 0156 0127 0087 0076 0075 0202 1516 0039 0656.
0070 0068 0067 0064 0063 0061 0060 0058 0058 0058 0056 0054
0060 0074 0109 0097 0105 0106 0081 0078 0070 0066 0063 0061 0115 1129 0054 0800.
0060 0058 0056 0055 0055 0054 0053 0052 0052 0051 0051 0051
0055 0062 0069 0078 0068 0066 0075 0080 0070 0063 0060 0057 0082 1518 0049 0631.
0055 0053 0050 0049 0048 0047 0046 0045 0044 0045 0045 0046
0057 0076 0112 0125 0131 0143 0114 0095 0082 0070 0065 0064 0151 1348 0044 0430.
0061 0060 0059 //// //// //// //// //// //// //// //// ////
//// //// //// //// //// //// //// //// //// //// //// //// 0064 2001 0059 2256.
//// //// //// 0057 0057 0056 0051 0048 0047 0047 0047 0045
0055 0085 0131 0161 0187 0174 0170 0142 0131 0088 0076 0072 0272 1318 0045 0756.
0069 0068 0063 0063 0061 0062 0061 0060 0058 0055 0055 0054
0065 0090 0143 0199 0218 0241 0209 0130 0110 0083 0063 0065 0271 1334 0054 0757.
0069 0067 0063 0060 0053 0051 0059 0060 0060 0059 0058 0059
0066 0072 0091 0137 0164 0153 0135 0086 0081 0076 0071 0072 0191 1312 0051 0032.
0071 0069 0068 0067 0067 0065 0065 0063 0063 0062 0062 0061
0068 0084 0107 0140 0164 0135 0145 0108 0086 0077 0072 0068 0174 1325 0060 0740.
0067 0066 0065 0060 0058 0057 0055 0054 0055 0055 0053 0051
0063 0096 0155 0190 0212 0186 0191 0168 0135 0096 0080 0075 0218 1431 0051 0800.
0076 0071 0068 0068 0062 0059 0058 0057 0055 0053 0051 0051
0062 0089 0111 0125 0112 0122 0108 0098 0080 0075 0067 0063 0153 1237 0050 0643.
0064 0063 0062 0062 0063 0058 0056 0058 0059 0059 0059 0057
0063 0079 0076 0113 0143 0132 0135 0110 0100 0078 0069 0064 0153 1452 0056 0256.
0064 0063 0059 0054 0052 0055 0054 0054 0054 0053 0052 0052
0052 0065 0071 0080 0082 0076 0074 0070 0065 0056 0052 0052 0090 1147 0050 0822.
0052 0051 0049 0048 0048 0046 0044 0041 0041 0040 0039 0040
0042 0050 0066 0071 0075 0063 0067 0069 0059 0055 0051 0049 0079 1418 0037 0613.
0049 0046 0041 0039 0037 0040 0037 0036 0037 0038 0035 0037
0045 0058 0090 0110 0091 0078 0103 0092 0073 0061 0038 0044 0120 1144 0034 0649.
0018 0021 0009 0008 0017 0021 0026 0028 0028 0030 0030 0031
0037 0058 0080 0062 0096 0065 0058 0047 0044 0043 0039 0039 0101 1306 0006 2333.
0038 0038 0035 0035 0034 0029 0029 0027 0026 0022 0018 0024
0031 0045 0089 0129 0209 0227 0213 0157 0104 0072 0057 0043 0251 1329 0016 0651.
0035 0037 0036 0027 0028 0030 0017 0001 -004 -010 -013 -014
0014 0058 0093 0157 0235 0219 0148 0120 0087 0073 0060 0057 0246 1341 -015 0745.
0055 0048 0047 0047 0047 0044 0042 0041 0040 0038 0037 0037
0041 0053 0070 0098 0148 0167 0139 0090 0070 0065 0058 0057 0243 1334 0037 0640.
0056 0054 0051 0049 0047 0045 0044 0044 0042 0041 0040 0039
0046 0075 0126 0147 0080 0067 0068 0081 0072 0061 0058 0056 0203 1233 0039 0757.
0055 0053 0054 0050 0046 0044 0043 0041 0041 0039 0038 0037
0054 0087 0169 0230 0267 0294 0263 0232 0176 0105 0080 0081 0295 1401 0037 0742.
0078 0075 0071 0069 0065 0063 0061 0059 0058 0056 0056 0055
0067 0100 0138 0145 0215 0093 0073 0075 0083 0079 0052 0064 0243 1243 0049 1421.
0060 0052 0054 0053 0057 0057 0055 0054 0052 0055 0054 0054
0061 0085 0172 0172 0136 0160 0163 0145 0136 0083 0082 0077 0193 1136 0051 0353.
0075 0072 0071 0069 0068 0066 0065 0063 0060 0053 0046 0033
0054 0098 0173 0254 0292 0297 0198 0204 0138 0120 0102 0097 0313 1335 0033 0800=
0086 0085 0084 0083 0083 0082 0080 0079 0078 0078 0078 0078
0078 0078 0079 0080 0080 0081 0081 0081 0080 0079 0078 0076.
0076 0074 0073 0072 0071 0070 0069 0068 0068 0067 0066 0066
0066 0068 0073 0081 0089 0095 0097 0096 0103 0090 0085 0082.
0079 0078 0076 0073 0071 0070 0068 0067 0066 0064 0062 0062
0061 0061 0064 0075 0088 0101 0105 0100 0056 0088 0080 0075.
0072 0069 0066 0064 0062 0060 0058 0057 0054 0050 0049 0049
0050 0058 0071 0081 0077 0076 0079 0082 0081 0076 0071 0067.
0065 0063 0061 0060 0059 0058 0058 0057 0057 0056 0056 0055
0055 0056 0062 0067 0070 0073 0074 0073 0071 0068 0066 0065.
0063 0062 0061 0059 0059 0059 0058 0058 0057 0057 0057 0057
0056 0057 0060 0065 0069 0077 0082 0081 0078 0073 0069 0067.
0065 0064 0063 0062 0061 0061 0060 0059 0058 0057 0004 0057
//// //// 0061 0072 0081 0087 0098 0086 0068 0060 0058 0059.
0058 0056 0055 0064 0062 0060 0058 0057 0056 0055 0054 0053
0053 0056 0064 0075 0088 0099 0105 0109 0107 0099 0091 0086.
0083 0080 0078 0076 0074 0072 0071 0070 0068 0068 0067 0065
0065 0066 0071 0078 0078 0081 0081 0079 0077 0075 0073 0072.
0070 0069 0068 0066 0065 0065 0064 0063 0062 0062 0061 0060
0060 0062 0064 0067 0069 0068 0068 0072 0072 0071 0069 0067.
0065 0064 0062 0061 0060 0059 0058 0057 0056 0056 0055 0055
0056 0060 0067 0075 0082 0088 0092 0089 0085 0081 0077 0074.
0072 0070 0068 //// //// //// //// //// //// //// //// ////
//// //// //// //// //// //// //// //// //// //// //// ////.
//// //// //// 0064 0064 0063 0062 0061 0059 0058 0058 0057
0057 0061 0070 0081 0094 0108 0109 0107 0104 0098 0090 0085.
0082 0079 0077 0075 0073 0071 0070 0069 0068 0067 0066 0065
0065 0068 0077 0091 0104 0118 0123 0120 0114 0105 0094 0087.
0084 0081 0078 0076 0072 0070 0069 0069 0068 0068 0067 0067
0067 0069 0072 0079 0091 0101 0102 0096 0090 0086 0083 0081.
0079 0077 0076 0075 0074 0073 0072 0072 0071 0070 0069 0068
0068 0070 0075 0085 0093 0100 0098 0097 0092 0087 0083 0079.
0077 0075 0073 0072 0070 0069 0067 0066 0065 0065 0064 0063
0063 0067 0079 0094 0105 0112 0116 0118 0113 0106 0097 0090.
0086 0084 0081 0080 0077 0074 0072 0070 0069 0067 0066 0064
0064 0068 0076 0083 0089 0093 0091 0090 0088 0084 0081 0078.
0076 0074 0073 0072 0071 0070 0068 0068 0067 0067 0067 0066
0066 0068 0071 0076 0086 0091 0092 0092 0089 0085 0081 0077.
0074 0072 0070 0068 0065 0064 0064 0063 0063 0062 0062 0061
0061 0061 0064 0068 0071 0073 0074 0073 0071 0068 0066 0064.
0062 0061 0060 0059 0058 0057 0056 0055 0054 0053 0052 0051
0051 0052 0055 0059 0062 0063 0064 0065 0065 0063 0060 0058.
0057 0057 0055 0053 0051 0050 0049 0048 0048 0047 0047 0046
0046 0048 0054 0064 0068 0069 0070 0071 0070 0068 0063 0059.
0053 0048 0045 0040 0039 0038 0038 0039 0039 0039 0040 0040
0040 0043 0050 0053 0057 0060 0057 0055 0053 0052 0050 0049.
0048 0047 0046 0045 0044 0043 0042 0040 0039 0038 0036 0035
0036 0038 0045 0055 0072 0091 0102 0106 0099 0089 0079 0072.
0063 0059 0056 0053 0049 0047 0046 0039 0033 0029 0025 0021
0021 0029 0041 0056 0077 0096 0101 0097 0090 0083 0076 0071.
0068 0065 0061 0059 0058 0057 0055 0053 0052 0051 0050 0049
0048 0049 0053 0059 0068 0085 0092 0087 0080 0075 0071 0068.
0065 0064 0062 0060 0058 0057 0056 0054 0053 0052 0051 0050
0050 0053 0063 0077 0086 0077 0072 0071 0071 0069 0066 0064.
0063 0061 0060 0060 0058 0056 0055 0053 0052 0051 0050 0049
0049 0056 0072 0094 0113 0130 0135 0138 0132 0120 0106 0097.
0092 0088 0084 0081 0079 0076 0074 0072 0070 0068 0067 0066
0065 0070 0080 0088 0102 0099 0088 0080 0079 0080 0075 0072.
0071 0068 0066 0064 0063 0063 0063 0062 0061 0061 0060 0060
0060 0063 0075 0094 0097 0104 0109 0112 0106 0092 0093 0088.
0084 0082 0079 0077 0076 0074 0073 0072 0070 0068 0065 0062
0058 0065 0082 0104 0128 0143 0146 0142 0134 0124 0115 0108=
0093 0092 0092 0091 0091 0090 0089 0088 0088 0087 0087 0087
0086 0086 0086 0087 0087 0087 0087 0088 0088 0087 0087 0086.
0085 0084 0084 0083 0082 0081 0080 0080 0079 0078 0078 0077
0077 0077 0078 0081 0085 0090 0093 0095 0084 0095 0093 0091.
0089 0088 0086 0085 0083 0082 0081 0080 0078 0077 0076 0075
0074 0073 0074 0076 0082 0089 0095 0097 0064 0095 0092 0088.
0085 0083 0081 0078 0077 0075 0073 0072 0071 0068 0066 0065
0065 0066 0070 0076 0079 0080 0081 0082 0084 0083 0081 0079.
0077 0075 0074 0073 0072 0071 0070 0069 0069 0068 0068 0067
0067 0067 0068 0071 0073 0075 0077 0078 0078 0078 0076 0075.
0074 0073 0072 0071 0070 0070 0069 0069 0068 0068 0068 0067
0067 0067 0068 0069 0071 0075 0079 0081 0081 0080 0079 0077.
0075 0074 0073 0072 0072 0071 0070 0070 0069 0068 //// 0068
0057 0058 0068 //// //// //// //// //// //// //// //// ////.
//// //// //// 0074 0073 0071 0070 0069 0068 0067 0067 0066
0065 0065 0067 0071 0078 0085 0091 0096 0099 0099 0096 0093.
0090 0088 0087 0085 0083 0082 0081 0080 0079 0078 0077 0076
0075 0075 0076 0079 0081 0082 0084 0084 0083 0083 0082 0080.
0079 0078 0077 0077 0076 0075 0074 0073 0073 0072 0072 0071
0070 0071 0071 0072 0074 0074 0075 0076 0077 0077 0076 0076.
0075 0074 0073 0072 0071 0070 0069 0068 0068 0067 0066 0066
0066 0067 0069 0073 0077 0081 0085 0087 0087 0086 0084 0082.
0081 0079 0078 //// //// //// //// //// //// //// //// ////
//// //// //// //// //// //// //// //// //// //// //// ////.
//// //// //// 0073 0073 0072 0072 0071 0070 0069 0068 0068
0067 0067 0070 0075 0081 0089 0096 0098 0099 0099 0096 0093.
0090 0088 0086 0084 0083 0081 0080 0079 0078 0077 0076 0075
0075 0075 0077 0082 0089 0098 0105 0110 0109 0107 0103 0098.
0094 0092 0089 0087 0085 0083 0081 0080 0079 0078 0078 0077
0076 0077 0077 0079 0084 0090 0095 0096 0094 0092 0091 0089.
0087 0086 0085 0084 0083 0082 0081 0081 0080 0079 0079 0078
0077 0078 0079 0082 0086 0091 0094 0096 0095 0093 0091 0089.
0087 0085 0084 0082 0081 0080 0079 0078 0077 0076 0075 0074
0074 0074 0077 0083 0090 0097 0102 0106 0108 0106 0103 0099.
0096 0094 0091 0089 0088 0086 0084 0082 0081 0079 0078 0077
0076 0076 0078 0081 0085 0082 0090 0091 0091 0090 0089 0087.
0085 0084 0082 0081 0081 0080 0079 0078 0077 0077 0076 0076
0075 0076 0077 0078 0082 0086 0089 0091 0091 0090 0089 0086.
0084 0083 0081 0080 0078 0076 0077 0074 0074 0073 0073 0072
0072 0071 0072 0073 0075 0076 0077 0078 0078 0077 0076 0075.
0073 0072 0071 0070 0070 0069 0068 0067 0066 0065 0064 0064
0063 0063 0063 0065 0067 0068 0069 0070 0071 0070 0070 0069.
0068 0067 0066 0065 0063 0062 0062 0061 0060 0059 0059 0058
0058 0058 0059 0063 0067 0070 0071 0072 0073 0073 0072 0070.
0067 0064 0061 0058 0056 0054 0053 0053 0052 0052 0052 0052
0052 0052 0054 0057 0059 0062 0063 0062 0062 0061 0060 0059.
0058 0058 0057 0056 0055 0055 0054 0053 0052 0051 0050 0049
0049 0049 0050 0054 0060 0070 0080 0088 0091 0089 0086 0082.
0077 0073 0070 0067 0064 0062 0060 0058 0054 0050 0047 0044
0041 0042 0045 0051 0060 0072 0081 0086 0086 0085 0082 0079.
0076 0074 0072 0070 0068 0067 0066 0065 0063 0062 0061 0060
0059 0059 0060 0062 0065 0071 0079 0082 0082 0080 0078 0076.
0074 0072 0071 0070 0068 0067 0066 0065 0064 0063 0062 0061
0061 0061 0063 0069 0075 0077 0076 0075 0075 0075 0073 0072.
0071 0070 0069 0068 0068 0066 0065 0064 0063 0062 0061 0061
0060 0061 0065 0074 0085 0097 0107 0113 0116 0115 0110 0104.
0100 0096 0093 0090 0088 0086 0084 0082 0080 0079 0077 0076
0075 0075 0078 0082 0088 0093 0092 0088 0086 0085 0084 0082.
0080 0079 0077 0075 0074 0073 0073 0072 0071 0070 0070 0069
0069 0069 0072 0079 0086 0091 0096 0100 0101 0092 0098 0094.
0092 0090 0088 0086 0084 0083 0082 0081 0080 0078 0077 0075
0072 0072 0075 0084 0097 0112 0119 0123 0124 0121 0117 0113=
0096 0096 0096 0096 0096 0096 0096 0095 0095 0095 0095 0094
0094 0094 0094 0094 0094 0094 0094 0094 0094 0094 0093 0093.
0093 0093 0093 0092 0092 0091 0091 0091 0090 0090 0089 0089
0089 0088 0088 0088 0088 0089 0090 0091 0103 0093 0094 0094.
0094 0094 0094 0093 0093 0092 0091 0091 0090 0090 0089 0088
0088 0087 0087 0087 0086 0087 0088 0090 0071 0093 0093 0093.
0093 0092 0091 0091 0090 0089 0088 0087 0086 0085 0084 0083
0083 0082 0082 0082 0082 0083 0084 0085 0085 0086 0086 0086.
0086 0086 0085 0085 0084 0084 0083 0083 0082 0082 0081 0081
0080 0080 0080 0080 0080 0080 0081 0081 0082 0082 0083 0083.
0083 0082 0082 0082 0081 0081 0081 0080 0080 0080 0079 0079
0079 0079 0079 0078 0079 0079 0080 0080 0081 0082 0083 0083.
0083 0083 0082 0082 0082 0081 0081 0081 0080 0080 0013 0079
0067 0067 0078 0066 0069 0074 0079 0079 0077 0073 0070 0068.
0067 0066 0065 0082 0081 0081 0081 0080 0080 0079 0079 0078
0078 0078 0077 0078 0078 0079 0081 0083 0085 0087 0088 0089.
0090 0090 0089 0089 0089 0088 0088 0087 0086 0086 0085 0085
0085 0084 0084 0084 0084 0084 0085 0085 0086 0086 0086 0086.
0086 0085 0085 0085 0084 0084 0083 0083 0083 0082 0081 0081
0081 0081 0081 0080 0080 0081 0081 0081 0081 0081 0082 0082.
0082 0082 0081 0081 0081 0080 0080 0079 0079 0079 0078 0078
0077 0077 0077 0077 0078 0079 0080 0081 0083 0084 0084 0085.
0085 0084 0084 //// //// //// //// //// //// //// //// ////
//// //// //// //// //// //// //// //// //// //// //// ////.
//// //// //// 0081 0081 0080 0080 0080 0079 0079 0079 0078
0078 0078 0078 0078 0078 0080 0082 0084 0086 0088 0089 0089.
0089 0089 0089 0088 0088 0087 0087 0086 0086 0085 0085 0084
0084 0083 0083 0083 0084 0085 0087 0090 0092 0094 0095 0095.
0095 0094 0093 0093 0092 0091 0090 0089 0088 0088 0087 0086
0086 0085 0085 0085 0085 0085 0087 0088 0089 0090 0090 0090.
0090 0090 0090 0089 0089 0088 0088 0087 0087 0087 0086 0086
0085 0085 0085 0085 0085 0086 0087 0089 0090 0090 0091 0091.
0090 0090 0090 0089 0088 0088 0087 0087 0086 0085 0085 0084
0084 0084 0084 0084 0084 0086 0088 0090 0092 0093 0095 0095.
0095 0095 0094 0094 0093 0092 0091 0091 0090 0089 0088 0087
0087 0086 0086 0086 0086 0086 0087 0088 0089 0089 0090 0090.
0089 0089 0089 0088 0088 0087 0087 0086 0086 0086 0085 0085
0084 0084 0084 0084 0084 0085 0086 0086 0087 0088 0089 0089.
0089 0088 0088 0087 0087 0086 0086 0085 0084 0084 0083 0083
0082 0082 0081 0081 0081 0081 0081 0082 0082 0082 0082 0082.
0082 0082 0081 0081 0080 0080 0079 0079 0078 0078 0077 0077
0076 0076 0075 0075 0075 0075 0076 0076 0076 0076 0077 0077.
0077 0076 0076 0076 0075 0075 0074 0074 0073 0073 0072 0072
0072 0071 0071 0071 0071 0072 0073 0074 0074 0075 0075 0076.
0075 0075 0074 0073 0072 0071 0071 0070 0069 0068 0068 0067
0067 0067 0066 0066 0067 0067 0068 0068 0069 0069 0069 0069.
0069 0068 0068 0068 0068 0067 0067 0066 0066 0065 0065 0064
0064 0064 0063 0063 0064 0065 0067 0069 0072 0075 0077 0078.
0078 0077 0077 0076 0075 0074 0073 0072 0070 0069 0068 0066
0065 0064 0063 0062 0063 0064 0066 0069 0072 0074 0076 0076.
0076 0076 0076 0075 0075 0074 0074 0073 0073 0072 0072 0071
0070 0070 0070 0069 0070 0070 0071 0073 0074 0076 0076 0077.
0076 0076 0076 0076 0075 0075 0074 0074 0073 0073 0072 0072
0071 0071 0071 0071 0071 0072 0074 0075 0075 0075 0076 0076.
0075 0075 0075 0074 0074 0074 0074 0073 0073 0072 0072 0071
0071 0071 0071 0071 0072 0075 0078 0081 0085 0088 0090 0091.
0092 0091 0091 0090 0089 0088 0087 0086 0086 0085 0084 0083
0083 0082 0082 0081 0082 0083 0084 0085 0085 0085 0085 0085.
0084 0084 0083 0083 0082 0081 0081 0080 0080 0079 0078 0078
0077 0077 0077 0077 0078 0080 0082 0084 0086 0091 0088 0089.
0089 0089 0088 0088 0087 0087 0086 0086 0085 0084 0084 0083
0082 0082 0081 0081 0082 0083 0088 0091 0095 0097 0099 0100=
0090 0090 0090 0089 0089 0089 0088 0088 0087 0087 0086 0086
0086 0086 0086 0085 0086 0086 0086 0086 0086 0086 0086 0085.
0085 0084 0084 0083 0083 0082 0082 0081 0081 0080 0079 0079
0078 0078 0078 0079 0081 0083 0085 0087 0087 0089 0089 0089.
0088 0087 0086 0085 0084 0083 0082 0081 0081 0080 0079 0078
0077 0077 0076 0076 0077 0080 0084 0087 0065 0089 0089 0087.
0086 0084 0083 0081 0080 0078 0077 0076 0075 0074 0072 0071
0070 0070 0070 0072 0074 0076 0077 0078 0079 0080 0080 0079.
0078 0077 0076 0075 0074 0073 0073 0072 0072 0071 0071 0070
0070 0069 0069 0070 0071 0072 0073 0074 0075 0076 0075 0075.
0074 0074 0073 0073 0072 0071 0071 0070 0070 0070 0069 0069
0069 0069 0069 0069 0070 0071 0073 0075 0076 0077 0076 0076.
0075 0075 0074 0073 0073 0072 0072 0071 0071 0070 0004 0069
0079 0078 0069 0070 0072 0074 0078 0080 0080 0080 0078 0077.
0076 0075 0075 0074 0073 0073 0072 0071 0070 0069 0069 0068
0068 0067 0067 0068 0071 0074 0078 0082 0085 0087 0088 0087.
0086 0085 0084 0083 0082 0081 0081 0080 0079 0078 0077 0077
0076 0075 0075 0076 0077 0078 0079 0079 0080 0080 0079 0079.
0078 0078 0077 0077 0076 0075 0075 0074 0074 0073 0073 0073
0072 0071 0071 0072 0072 0073 0073 0073 0074 0074 0075 0074.
0074 0074 0073 0073 0072 0071 0071 0070 0069 0069 0068 0068
0068 0067 0068 0069 0071 0074 0076 0078 0080 0080 0080 0079.
0079 0078 0077 //// //// //// //// //// //// //// //// ////
//// //// //// //// //// //// //// //// //// //// //// ////.
//// //// //// 0073 0072 0072 0072 0071 0071 0070 0070 0069
0068 0068 0069 0070 0073 0076 0081 0084 0086 0088 0088 0087.
0086 0085 0084 0083 0082 0081 0080 0079 0078 0077 0077 0076
0075 0075 0075 0076 0079 0083 0087 0092 0094 0095 0095 0093.
0091 0090 0088 0086 0085 0083 0082 0081 0080 0079 0078 0078
0077 0077 0077 0077 0078 0081 0084 0086 0087 0087 0086 0086.
0085 0084 0083 0083 0082 0081 0081 0080 0079 0079 0078 0078
0077 0077 0077 0078 0079 0082 0084 0086 0087 0087 0087 0086.
0085 0084 0083 0082 0081 0080 0079 0078 0077 0077 0076 0075
0075 0074 0075 0077 0080 0083 0087 0090 0093 0094 0095 0094.
0092 0091 0089 0088 0087 0085 0084 0083 0082 0081 0079 0078
0078 0077 0077 0078 0079 0066 0083 0084 0085 0085 0085 0084.
0083 0083 0082 0081 0080 0080 0079 0078 0078 0077 0077 0076
0076 0076 0076 0076 0077 0079 0081 0083 0084 0084 0084 0084.
0083 0082 0081 0080 0079 0079 0075 0076 0075 0074 0074 0073
0073 0072 0072 0072 0073 0074 0074 0075 0075 0075 0075 0074.
0074 0073 0072 0072 0071 0070 0070 0069 0068 0068 0067 0066
0066 0065 0065 0065 0066 0067 0067 0068 0069 0069 0069 0069.
0068 0068 0067 0066 0066 0065 0064 0063 0063 0062 0062 0061
0061 0060 0061 0061 0063 0065 0066 0068 0068 0069 0069 0069.
0068 0066 0065 0063 0061 0060 0058 0058 0057 0056 0056 0056
0055 0055 0056 0056 0058 0059 0060 0061 0061 0061 0060 0060.
0060 0059 0059 0058 0058 0057 0057 0056 0055 0055 0054 0053
0052 0052 0052 0053 0055 0059 0064 0069 0074 0076 0077 0076.
0074 0072 0070 0068 0067 0065 0063 0062 0060 0057 0055 0053
0051 0049 0049 0050 0054 0058 0064 0069 0073 0074 0074 0074.
0073 0072 0071 0069 0068 0067 0066 0065 0064 0063 0063 0062
0061 0061 0060 0061 0062 0064 0067 0071 0073 0073 0073 0072.
0071 0071 0070 0069 0068 0067 0066 0066 0065 0064 0063 0063
0062 0062 0062 0063 0066 0069 0070 0070 0070 0070 0070 0070.
0069 0069 0068 0068 0067 0066 0066 0065 0064 0063 0063 0062
0062 0061 0062 0065 0069 0075 0082 0088 0093 0095 0096 0095.
0093 0091 0089 0087 0085 0084 0082 0081 0079 0078 0077 0076
0075 0074 0075 0076 0078 0081 0083 0083 0082 0081 0081 0080.
0079 0077 0076 0075 0074 0073 0073 0071 0071 0071 0070 0069
0069 0069 0069 0071 0074 0078 0081 0084 0087 0094 0089 0088.
0087 0086 0084 0083 0082 0081 0080 0079 0078 0078 0077 0075
0074 0073 0073 0075 0080 0086 0093 0098 0102 0104 0103 0102=
0105 0105 0105 0105 0105 0105 0105 0105 0105 0105 0105 0105
0105 0105 0104 0104 0104 0104 0104 0104 0104 0104 0104 0104.
0104 0104 0104 0104 0104 0104 0104 0104 0104 0103 0103 0103
0103 0102 0101 0100 0101 0100 0100 0100 0100 0101 0102 0102.
0102 0103 0102 0103 0103 0103 0103 0103 0103 0102 0102 0102
0102 0101 0100 0099 0098 0097 0098 0099 0087 0100 0101 0101.
0101 0101 0102 0102 0102 0102 0101 0101 0101 0101 0101 0100
0100 0098 0096 0096 0097 0097 0096 0096 0097 0097 0097 0098.
0098 0098 0098 0098 0098 0098 0098 0097 0097 0097 0097 0097
0096 0096 0095 0095 0094 0094 0094 0094 0094 0095 0095 0095.
0095 0095 0095 0095 0095 0095 0095 0095 0095 0094 0094 0094
0094 0094 0093 0093 0093 0092 0092 0092 0093 0093 0093 0094.
0094 0094 0094 0094 0094 0094 0094 0094 0094 0094 //// 0093
0069 0069 0092 0078 0078 0079 0079 0080 0081 0082 0082 0082.
0082 0082 0082 0093 0093 0093 0093 0093 0093 0093 0093 0093
0093 0092 0091 0090 0089 0089 0089 0089 0090 0091 0092 0093.
0093 0094 0094 0095 0095 0095 0095 0095 0096 0095 0095 0095
0095 0095 0094 0094 0094 0093 0094 0094 0094 0094 0095 0095.
0095 0095 0095 0095 0095 0095 0095 0095 0095 0095 0094 0094
0094 0094 0093 0093 0093 0093 0093 0092 0092 0092 0093 0093.
0093 0093 0093 0093 0093 0093 0093 0093 0093 0092 0092 0092
0092 0091 0090 0090 0089 0089 0089 0090 0090 0091 0091 0092.
0092 0092 0092 //// //// //// //// //// //// //// //// ////
//// //// //// //// //// //// //// //// //// //// //// ////.
//// //// //// 0091 0091 0091 0091 0091 0091 0091 0091 0091
0091 0090 0089 0088 0087 0087 0088 0097 0089 0090 0091 0092.
0092 0093 0093 0093 0094 0094 0094 0094 0094 0094 0094 0094
0094 0093 0092 0090 0089 0088 0089 0091 0092 0093 0095 0096.
0096 0096 0096 0097 0097 0097 0097 0097 0097 0097 0096 0096
0096 0095 0095 0094 0093 0092 0093 0094 0094 0095 0095 0095.
0096 0096 0096 0096 0096 0096 0096 0096 0096 0096 0096 0096
0096 0095 0094 0094 0093 0093 0094 0094 0095 0095 0096 0096.
0096 0096 0096 0096 0097 0097 0097 0097 0096 0096 0096 0096
0096 0095 0093 0092 0091 0091 0091 0092 0093 0094 0095 0096.
0097 0097 0097 0098 0098 0098 0098 0098 0098 0098 0098 0098
0097 0096 0095 0095 0095 0095 0095 0095 0095 0096 0096 0097.
0097 0097 0097 0097 0097 0097 0097 0097 0096 0096 0096 0096
0096 0095 0095 0094 0094 0094 0093 0094 0094 0095 0095 0096.
0096 0096 0096 0096 0096 0096 0096 0096 0096 0096 0095 0095
0095 0095 0094 0094 0093 0093 0093 0093 0093 0093 0093 0093.
0093 0093 0093 0093 0093 0093 0093 0093 0093 0092 0092 0092
0092 0091 0091 0090 0090 0090 0089 0089 0089 0089 0089 0089.
0089 0089 0089 0089 0089 0089 0089 0089 0088 0088 0088 0088
0087 0087 0086 0086 0085 0085 0085 0085 0085 0086 0086 0086.
0088 0088 0088 0088 0087 0087 0087 0086 0086 0086 0086 0085
0084 0084 0083 0083 0082 0082 0082 0083 0083 0083 0083 0083.
0083 0083 0083 0083 0083 0083 0082 0083 0082 0082 0082 0082
0081 0081 0080 0079 0076 0075 0075 0076 0078 0080 0081 0082.
0083 0083 0085 0084 0084 0084 0084 0085 0085 0085 0085 0085
0084 0082 0080 0079 0075 0075 0076 0077 0079 0079 0080 0081.
0081 0082 0083 0083 0083 0083 0083 0084 0084 0084 0084 0083
0083 0083 0082 0081 0080 0079 0079 0081 0081 0082 0083 0083.
0083 0084 0084 0084 0084 0084 0084 0084 0084 0084 0084 0084
0084 0083 0082 0080 0081 0083 0083 0082 0083 0083 0083 0084.
0084 0084 0084 0084 0084 0084 0084 0084 0084 0084 0084 0084
0084 0082 0080 0078 0077 0077 0077 0078 0080 0082 0085 0086.
0087 0088 0088 0089 0090 0090 0090 0090 0091 0091 0090 0090
0090 0089 0088 0088 0086 0088 0089 0090 0089 0089 0091 0090.
0091 0091 0091 0091 0091 0090 0090 0090 0090 0090 0089 0089
0089 0088 0086 0085 0086 0085 0085 0086 0087 0088 0089 0089.
0090 0091 0091 0091 0091 0092 0092 0092 0092 0092 0092 0092
0092 0090 0088 0086 0085 0084 0086 0087 0089 0090 0092 0093=
KB
0124 0124 0124 0124 0124 0124 0124 0124 0124 0124 0124 0124
0124 0123 0123 0123 0123 0123 0123 0123 0123 0123 0123 0123.
0123 0123 0123 0123 0124 0124 0124 0124 0124 0124 0124 0124
0123 0123 0122 0122 0121 0121 0121 0121 0122 0122 0122 0122.
0123 0123 0122 0122 0122 0123 0122 0122 0122 0122 0122 0123
0122 0122 0122 0120 0120 0119 0120 0121 0117 0122 0122 0122.
0122 0122 0122 0122 0122 0122 0122 0122 0121 0123 0123 0123
0122 0120 0119 0119 0121 0121 0120 0120 0120 0121 0121 0121.
0121 0121 0121 0121 0121 0121 0121 0121 0121 0121 0121 0121
0120 0120 0119 0119 0119 0119 0119 0119 0119 0119 0119 0119.
0119 0119 0119 0119 0119 0119 0119 0119 0119 0119 0119 0119
0118 0118 0118 0118 0117 0116 0117 0117 0117 0117 0118 0118.
0117 0117 0117 0117 0117 0117 0117 0117 0117 0117 //// 0117
0093 0093 0116 0069 0070 0071 0072 0074 0075 0076 0076 0076.
0075 0075 0074 0116 0116 0116 0116 0116 0116 0116 0116 0116
0116 0115 0114 0113 0113 0112 0112 0112 0113 0114 0114 0114.
0114 0113 0114 0114 0114 0114 0114 0114 0114 0114 0114 0114
0114 0114 0113 0113 0113 0113 0113 0114 0114 0114 0114 0114.
0114 0114 0114 0114 0114 0114 0114 0114 0114 0114 0114 0114
0114 0114 0114 0113 0113 0114 0114 0113 0113 0113 0114 0114.
0114 0114 0114 0114 0114 0114 0114 0114 0114 0114 0114 0114
0113 0113 0112 0112 0111 0111 0111 0112 0112 0112 0111 0112.
0113 0112 0112 //// //// //// //// //// //// //// //// ////
//// //// //// //// //// //// //// //// //// //// //// ////.
//// //// //// 0112 0112 0112 0112 0112 0112 0112 0112 0112
0112 0111 0110 0109 0108 0108 0109 0106 0109 0110 0110 0111.
0111 0111 0111 0111 0111 0111 0111 0111 0111 0111 0111 0111
0111 0110 0109 0108 0107 0106 0107 0108 0109 0110 0111 0111.
0111 0111 0110 0111 0111 0111 0111 0111 0111 0111 0111 0111
0111 0111 0111 0110 0109 0109 0110 0110 0111 0111 0111 0111.
0111 0111 0111 0111 0111 0111 0111 0111 0111 0111 0112 0112
0111 0111 0111 0110 0109 0109 0110 0110 0111 0111 0111 0111.
0111 0111 0111 0111 0112 0112 0112 0112 0112 0112 0112 0112
0112 0111 0109 0108 0108 0108 0109 0109 0109 0110 0111 0111.
0111 0111 0111 0111 0111 0112 0112 0112 0112 0112 0112 0112
0112 0111 0110 0110 0110 0111 0110 0111 0111 0111 0112 0112.
0112 0112 0112 0112 0112 0112 0112 0112 0112 0112 0112 0112
0112 0111 0111 0111 0110 0110 0110 0111 0111 0111 0111 0110.
0111 0112 0112 0112 0112 0112 0112 0112 0112 0112 0112 0112
0112 0112 0112 0111 0111 0111 0111 0111 0111 0112 0112 0112.
0112 0112 0112 0112 0112 0112 0112 0112 0112 0112 0112 0112
0112 0112 0111 0111 0111 0111 0111 0111 0110 0111 0111 0111.
0111 0111 0111 0111 0111 0110 0110 0110 0110 0110 0110 0110
0110 0110 0109 0109 0109 0109 0108 0108 0109 0109 0109 0109.
0110 0110 0110 0110 0110 0110 0109 0109 0109 0109 0109 0109
0109 0108 0107 0108 0107 0107 0107 0108 0108 0108 0108 0108.
0108 0107 0107 0107 0108 0107 0108 0107 0107 0107 0107 0107
0107 0106 0105 0105 0102 0101 0101 0102 0104 0104 0105 0105.
0106 0106 0106 0106 0106 0105 0106 0107 0107 0107 0107 0107
0106 0105 0104 0103 0100 0100 0101 0102 0103 0103 0104 0104.
0104 0104 0104 0104 0104 0104 0104 0104 0104 0104 0104 0104
0104 0103 0103 0102 0102 0100 0101 0102 0102 0103 0103 0103.
0103 0103 0103 0103 0103 0103 0103 0103 0103 0103 0103 0103
0103 0103 0101 0101 0101 0102 0102 0102 0102 0102 0102 0102.
0102 0102 0102 0102 0103 0103 0103 0103 0103 0103 0103 0103
0103 0101 0099 0097 0097 0096 0096 0097 0098 0100 0101 0101.
0101 0101 0101 0102 0102 0102 0102 0102 0102 0102 0102 0102
0102 0101 0101 0100 0099 0101 0102 0103 0102 0102 0103 0103.
0103 0103 0103 0103 0103 0103 0103 0104 0104 0103 0103 0103
0103 0103 0101 0100 0102 0101 0101 0101 0101 0102 0102 0103.
0103 0103 0103 0103 0103 0103 0103 0103 0103 0104 0104 0104
0104 0103 0100 0099 0098 0098 0099 0100 0101 0102 0102 0103=
0154 0154 0154 0154 0154 0154 0154 0154 0154 0154 0154 0154
0154 0154 0153 0153 0154 0153 0153 0153 0153 0154 0154 0154.
0154 0154 0154 0154 0154 0154 0154 0154 0154 0154 0154 0154
0154 0153 0153 0152 0152 0151 0151 0152 0152 0152 0153 0153.
0153 0153 0153 0153 0153 0153 0153 0153 0153 0153 0153 0153
0153 0152 0152 0151 0151 0150 0151 0151 0152 0152 0153 0153.
0153 0153 0153 0153 0153 0153 0153 0153 0153 0154 0154 0153
0153 0151 0150 0150 0152 0151 0151 0151 0151 0152 0152 0152.
0152 0152 0152 0152 0152 0152 0152 0152 0152 0152 0152 0152
0152 0152 0151 0151 0151 0151 0151 0151 0151 0151 0151 0151.
0151 0151 0151 0151 0151 0151 0151 0151 0151 0151 0151 0151
0151 0151 0150 0150 0150 0149 0149 0150 0150 0150 0150 0150.
0150 0150 0150 0150 0150 0150 0150 0150 0150 0150 0117 0150
0117 0116 0149 0092 0092 0091 0091 0091 0092 0092 0092 0093.
0093 0093 0093 0149 0149 0150 0149 0149 0149 0149 0149 0149
0149 0149 0148 0147 0146 0146 0146 0146 0146 0147 0148 0148.
0148 0147 0148 0148 0148 0148 0148 0148 0148 0148 0148 0148
0148 0147 0147 0146 0146 0146 0146 0147 0147 0147 0147 0147.
0147 0147 0147 0147 0147 0147 0147 0147 0147 0147 0147 0147
0147 0146 0146 0146 0146 0146 0146 0146 0146 0146 0146 0146.
0146 0146 0146 0146 0146 0146 0146 0146 0146 0146 0146 0146
0146 0145 0144 0144 0144 0144 0144 0144 0145 0145 0145 0145.
0145 0145 0145 //// //// //// //// //// //// //// //// ////
//// //// //// //// //// //// //// //// //// //// //// ////.
//// //// //// 0144 0144 0144 0144 0144 0145 0145 0144 0144
0144 0144 0142 0142 0141 0140 0141 0152 0142 0143 0143 0143.
0143 0143 0143 0143 0143 0143 0143 0143 0143 0143 0143 0143
0143 0142 0141 0140 0139 0138 0139 0140 0141 0142 0143 0143.
0143 0142 0142 0142 0143 0143 0143 0143 0142 0142 0143 0142
0142 0142 0142 0141 0140 0139 0140 0141 0141 0141 0141 0141.
0141 0141 0141 0141 0141 0141 0142 0141 0141 0141 0141 0142
0141 0141 0141 0140 0139 0139 0140 0140 0140 0141 0141 0141.
0141 0141 0141 0141 0141 0141 0141 0141 0141 0141 0141 0141
0141 0140 0138 0138 0138 0137 0138 0138 0139 0139 0140 0140.
0140 0140 0140 0140 0140 0140 0140 0141 0141 0140 0141 0141
0141 0140 0139 0139 0139 0139 0139 0139 0139 0140 0140 0140.
0140 0140 0140 0140 0140 0140 0140 0140 0140 0140 0140 0140
0140 0139 0139 0139 0138 0138 0138 0139 0139 0139 0139 0139.
0140 0140 0140 0140 0140 0140 0140 0140 0140 0140 0140 0140
0140 0140 0140 0139 0139 0139 0139 0139 0139 0139 0140 0140.
0139 0139 0140 0140 0140 0140 0140 0140 0140 0140 0140 0140
0140 0140 0139 0139 0139 0139 0139 0139 0139 0139 0139 0139.
0139 0139 0139 0139 0139 0139 0139 0139 0139 0139 0139 0139
0139 0139 0138 0138 0138 0138 0138 0138 0138 0138 0139 0139.
0140 0140 0140 0140 0140 0140 0139 0139 0139 0139 0140 0139
0139 0138 0138 0138 0138 0138 0138 0138 0138 0138 0138 0138.
0138 0138 0139 0139 0138 0139 0137 0138 0138 0139 0139 0139
0138 0138 0137 0136 0134 0133 0133 0134 0136 0137 0137 0137.
0138 0138 0138 0138 0138 0138 0138 0139 0139 0140 0140 0140
0139 0138 0136 0135 0132 0132 0134 0135 0136 0136 0136 0136.
0136 0136 0137 0137 0136 0137 0137 0137 0137 0137 0137 0137
0137 0136 0136 0135 0134 0133 0134 0134 0136 0135 0136 0136.
0136 0136 0136 0136 0136 0136 0136 0136 0136 0136 0136 0136
0136 0135 0134 0133 0133 0135 0135 0134 0134 0134 0135 0135.
0135 0135 0135 0135 0135 0135 0135 0135 0135 0135 0135 0135
0135 0133 0131 0129 0129 0128 0128 0129 0130 0131 0133 0133.
0133 0133 0133 0133 0133 0134 0134 0134 0134 0134 0134 0134
0133 0133 0131 0132 0129 0132 0133 0133 0133 0132 0133 0133.
0133 0133 0133 0133 0133 0133 0133 0133 0133 0133 0133 0133
0133 0132 0130 0129 0130 0130 0130 0130 0130 0131 0131 0131.
0132 0132 0132 0132 0132 0132 0132 0132 0132 0132 0133 0133
0133 0131 0129 0127 0126 0125 0127 0128 0129 0129 0130 0130=
0190 0190 0190 0190 0190 0190 0190 0190 0190 0190 0190 0190
0190 0190 0190 0190 0190 0190 0190 0190 0190 0190 0190 0190.
0190 0190 0190 0190 0190 0190 0190 0190 0190 0190 0190 0190
0190 0190 0189 0188 0187 0188 0188 0188 0189 0189 0189 0189.
0190 0190 0189 0190 0190 0190 0190 0190 0190 0190 0190 0190
0190 0189 0189 0187 0187 0186 0188 0188 0190 0189 0190 0190.
0190 0190 0190 0190 0190 0190 0190 0190 0189 0191 0191 0190
0190 0188 0187 0187 0189 0189 0188 0188 0189 0189 0189 0189.
0189 0189 0190 0190 0190 0190 0190 0189 0190 0189 0189 0189
0189 0189 0188 0188 0188 0188 0188 0189 0189 0189 0189 0189.
0189 0189 0189 0189 0189 0189 0189 0189 0189 0189 0189 0189
0189 0188 0188 0188 0188 0187 0187 0188 0188 0188 0188 0188.
0188 0188 0188 0188 0188 0188 0188 0188 0188 0188 0150 0188
0150 0150 0187 0116 0116 0115 0115 0115 0116 0116 0116 0116.
0116 0116 0116 0188 0188 0188 0188 0188 0188 0188 0188 0188
0188 0187 0186 0185 0184 0184 0184 0184 0185 0186 0186 0186.
0186 0187 0186 0186 0186 0186 0187 0187 0187 0187 0187 0187
0187 0186 0185 0185 0185 0185 0185 0186 0186 0186 0186 0186.
0186 0186 0186 0186 0186 0186 0186 0186 0186 0186 0186 0186
0186 0186 0185 0185 0185 0185 0185 0185 0185 0186 0186 0186.
0186 0186 0186 0186 0186 0186 0186 0186 0186 0186 0186 0186
0186 0185 0184 0184 0184 0183 0183 0184 0184 0185 0185 0185.
0185 0185 0185 //// //// //// //// //// //// //// //// ////
//// //// //// //// //// //// //// //// //// //// //// ////.
//// //// //// 0185 0184 0185 0185 0185 0185 0185 0185 0185
0185 0184 0183 0182 0181 0180 0182 0168 0182 0183 0184 0184.
0184 0184 0184 0184 0184 0184 0184 0184 0184 0184 0184 0184
0184 0183 0182 0180 0180 0178 0179 0181 0181 0182 0183 0184.
0183 0183 0183 0183 0184 0184 0184 0184 0184 0183 0183 0184
0183 0183 0183 0182 0181 0180 0181 0182 0182 0182 0183 0183.
0183 0183 0183 0183 0183 0183 0183 0183 0183 0183 0183 0183
0183 0182 0182 0180 0180 0180 0181 0181 0182 0182 0182 0182.
0182 0182 0182 0183 0183 0183 0183 0183 0183 0183 0183 0183
0182 0182 0180 0179 0179 0179 0179 0179 0180 0181 0181 0181.
0181 0182 0182 0182 0182 0182 0182 0182 0182 0182 0182 0182
0182 0181 0180 0180 0180 0180 0180 0180 0181 0181 0181 0181.
0182 0182 0181 0181 0181 0181 0181 0181 0181 0181 0181 0181
0181 0181 0181 0180 0180 0180 0180 0180 0180 0180 0181 0180.
0181 0181 0181 0181 0181 0181 0181 0181 0181 0181 0181 0181
0181 0181 0181 0181 0181 0181 0181 0181 0181 0181 0181 0181.
0181 0181 0181 0181 0181 0181 0181 0181 0181 0181 0181 0181
0181 0181 0181 0180 0180 0180 0180 0180 0180 0180 0180 0180.
0180 0180 0181 0181 0181 0181 0181 0181 0181 0181 0181 0181
0181 0180 0180 0179 0179 0180 0179 0179 0179 0180 0180 0180.
0181 0181 0181 0182 0181 0181 0181 0181 0181 0181 0179 0181
0180 0180 0179 0179 0179 0179 0180 0180 0180 0180 0180 0180.
0180 0180 0180 0180 0179 0180 0180 0180 0180 0180 0181 0180
0180 0180 0179 0178 0176 0175 0175 0176 0177 0178 0179 0179.
0180 0180 0180 0180 0180 0180 0180 0181 0181 0182 0182 0182
0181 0179 0178 0177 0174 0174 0176 0177 0177 0178 0178 0178.
0178 0179 0179 0179 0179 0179 0179 0179 0179 0179 0179 0179
0179 0179 0178 0177 0177 0175 0176 0177 0179 0178 0178 0178.
0178 0178 0178 0178 0178 0178 0178 0178 0178 0178 0178 0178
0178 0178 0176 0175 0176 0177 0177 0177 0177 0177 0178 0177.
0177 0178 0178 0177 0178 0178 0178 0178 0178 0178 0178 0178
0178 0176 0174 0172 0172 0171 0171 0172 0173 0175 0176 0176.
0176 0176 0176 0176 0177 0177 0177 0177 0177 0177 0177 0177
0177 0176 0175 0175 0173 0175 0176 0176 0176 0176 0177 0176.
0176 0177 0177 0177 0177 0176 0176 0177 0176 0176 0176 0176
0176 0176 0174 0173 0174 0173 0173 0173 0174 0174 0175 0175.
0175 0175 0175 0175 0175 0176 0176 0176 0176 0176 0176 0176
0176 0175 0172 0171 0169 0169 0170 0171 0173 0173 0174 0174=
A=
SA
NN NN NN NN NN NN 00 00 00 00 00 00 00 00 00 00 00 00 NN NN NN NN NN NN 0659 1701 000
NN NN NN NN NN NN 00 00 00 00 00 00 00 00 00 00 00 00 NN NN NN NN NN NN 0659 1701 000
NN NN NN NN NN NN 00 00 00 00 00 00 00 00 00 00 00 00 NN NN NN NN NN NN 0659 1702 000
NN NN NN NN NN NN 00 00 00 00 00 00 00 00 00 00 00 00 NN NN NN NN NN NN 0658 1702 000
NN NN NN NN NN NN 00 00 00 00 00 00 00 00 00 00 00 00 NN NN NN NN NN NN 0658 1702 000
NN NN NN NN NN NN 00 00 00 00 00 00 00 00 00 00 00 00 NN NN NN NN NN NN 0658 1702 000
NN NN NN NN NN NN 00 00 00 00 // 00 // // 00 00 00 00 NN NN NN NN NN NN 0658 1703 ///
NN NN NN NN NN NN 00 00 00 00 00 00 00 00 00 00 00 00 NN NN NN NN NN NN 0657 1703 000
NN NN NN NN NN NN 00 00 00 00 00 00 00 00 00 00 00 00 NN NN NN NN NN NN 0657 1704 000
NN NN NN NN NN NN 00 00 00 00 00 00 00 00 00 00 00 00 NN NN NN NN NN NN 0656 1704 000
NN NN NN NN NN NN 00 00 00 00 00 00 00 00 00 00 00 00 NN NN NN NN NN NN 0656 1704 000
NN NN NN NN NN NN // // // // // // // // // // // // NN NN NN NN NN NN 0656 1705 ///
NN NN NN NN NN NN 00 00 00 00 00 00 00 00 00 00 00 00 NN NN NN NN NN NN 0655 1705 000
NN NN NN NN NN NN 00 00 00 00 00 00 00 00 00 00 00 00 NN NN NN NN NN NN 0655 1705 000
NN NN NN NN NN NN 00 00 00 00 00 00 00 00 00 00 00 00 NN NN NN NN NN NN 0654 1706 000
NN NN NN NN NN NN 00 00 00 00 00 00 00 00 00 00 00 00 NN NN NN NN NN NN 0653 1707 000
NN NN NN NN NN NN 00 00 00 00 00 00 00 00 00 00 00 00 NN NN NN NN NN NN 0653 1707 000
NN NN NN NN NN NN 00 00 00 00 00 00 00 00 00 00 00 00 NN NN NN NN NN NN 0653 1708 000
NN NN NN NN NN NN 00 00 00 00 00 00 00 00 00 00 00 00 NN NN NN NN NN NN 0652 1708 000
NN NN NN NN NN NN 00 00 00 00 00 00 00 00 00 00 00 00 NN NN NN NN NN NN 0652 1709 000
NN NN NN NN NN NN 00 00 00 00 00 00 00 00 00 00 00 00 NN NN NN NN NN NN 0651 1710 000
NN NN NN NN NN NN 00 00 00 00 00 00 00 00 00 00 00 00 NN NN NN NN NN NN 0650 1710 000
NN NN NN NN NN NN 00 00 00 00 00 00 00 00 00 00 00 00 NN NN NN NN NN NN 0649 1711 000
NN NN NN NN NN NN 00 00 00 00 00 00 00 00 00 00 00 00 NN NN NN NN NN NN 0649 1711 000
NN NN NN NN NN NN 00 00 00 00 00 00 00 00 00 00 00 00 NN NN NN NN NN NN 0648 1712 000
NN NN NN NN NN NN 00 00 00 00 00 00 00 00 00 00 00 00 NN NN NN NN NN NN 0647 1713 000
NN NN NN NN NN NN 00 00 00 00 00 00 00 00 00 00 00 00 NN NN NN NN NN NN 0647 1714 000
NN NN NN NN NN NN 00 00 00 00 00 00 00 00 00 00 00 00 NN NN NN NN NN NN 0646 1714 000
NN NN NN NN NN NN 00 00 00 00 00 00 00 00 00 00 00 00 NN NN NN NN NN NN 0646 1715 000
NN NN NN NN NN NN 00 00 00 00 00 00 00 00 00 00 00 00 NN NN NN NN NN NN 0644 1716 000
NN NN NN NN NN NN 00 00 00 00 00 00 00 00 00 00 00 00 NN NN NN NN NN NN 0644 1716 000=
BA
0078 0078 0076 0076 0076 0072 0071 0071 0071 0070 0072 0069
0072 0074 0078 0079 0077 0076 0077 0078 0073 0068 0066 0066 0084 1152 0065 1914.
0066 0063 0062 0060 0059 0058 0057 0057 0056 0056 0056 0056
0061 0076 0090 0116 0119 0130 0116 0104 0097 0076 0069 0068 0137 1350 0055 0753.
0065 0064 0065 0059 0055 0056 0055 0053 0052 0050 0049 0049
0052 0063 0086 0169 0202 0214 0130 0106 0049 0059 0050 0050 0229 1338 0047 0833.
0049 0046 0044 0042 0042 0040 0038 0036 0025 0025 0031 0034
0049 0109 0150 0105 0069 0090 0100 0105 0073 0055 0048 0047 0165 1057 0021 0522.
0046 0044 0041 0040 0039 0040 0041 0039 0039 0040 0038 0037
0041 0054 0076 0071 0085 0084 0082 0066 0057 0050 0049 0048 0089 1346 0036 0749.
0047 0046 0044 0041 0046 0046 0045 0044 0043 0044 0045 0044
0048 0054 0065 0079 0092 0109 0113 0080 0064 0054 0051 0048 0121 1332 0040 2346.
0050 0050 0047 0049 0048 0047 0046 0044 0042 0045 0000 0045
//// //// 0065 //// //// //// //// //// //// //// //// //// 0065 1100 0042 0500.
//// //// //// 0047 0044 0042 0042 0041 0040 0039 0038 0038
0049 0068 0099 0143 0169 0171 0174 0148 0122 0081 0071 0071 0200 1519 0038 0657.
0066 0065 0063 0061 0060 0058 0057 0056 0056 0056 0054 0052
0056 0070 0103 0091 0098 0100 0077 0074 0066 0062 0059 0058 0109 1122 0052 0752.
0057 0055 0054 0053 0053 0052 0051 0050 0050 0049 0049 0050
0053 0060 0066 0072 0065 0063 0073 0076 0066 0060 0057 0054 0078 1518 0048 0636.
0053 0051 0049 0047 0047 0046 0045 0044 0044 0044 0044 0045
0055 0075 0100 0117 0126 0139 0110 0090 0078 0066 0062 0060 0144 1351 0043 0435.
0058 0057 0056 //// //// //// //// //// //// //// //// ////
//// //// //// //// //// //// //// //// //// //// //// //// 0060 2002 0056 2259.
//// //// //// 0054 0055 0052 0049 0046 0045 0046 0046 0044
0054 0080 0124 0154 0179 0163 0153 0127 0119 0080 0070 0068 0260 1319 0044 0757.
0064 0064 0060 0060 0058 0059 0058 0058 0056 0053 0053 0052
0063 0088 0140 0191 0213 0237 0199 0119 0103 0079 0059 0062 0282 1420 0052 0751.
0066 0064 0060 0058 0051 0049 0057 0058 0058 0057 0056 0056
0063 0070 0087 0132 0156 0146 0123 0080 0076 0070 0068 0069 0183 1314 0049 0034.
0068 0066 0065 0065 0064 0063 0063 0061 0061 0060 0060 0059
0066 0082 0104 0135 0149 0124 0129 0097 0079 0073 0067 0064 0159 1329 0058 0746.
0064 0063 0061 0057 0056 0055 0053 0052 0053 0053 0052 0050
0062 0092 0145 0173 0195 0171 0175 0154 0125 0089 0074 0070 0206 1432 0050 0756.
0072 0067 0064 0065 0058 0056 0055 0054 0053 0051 0049 0049
0060 0085 0108 0116 0099 0094 0100 0090 0074 0070 0063 0059 0145 1230 0048 0737.
0061 0061 0060 0060 0060 0056 0054 0055 0056 0057 0057 0056
0061 0075 0068 0104 0128 0117 0121 0098 0090 0071 0064 0060 0137 1452 0053 0256.
0059 0059 0054 0050 0048 0051 0050 0050 0049 0049 0047 0047
0047 0058 0060 0069 0070 0063 0062 0060 0057 0049 0045 0045 0079 1339 0044 1948.
0048 0046 0044 0043 0043 0041 0039 0035 0035 0034 0033 0034
0036 0042 0058 0059 0062 0053 0056 0060 0051 0047 0045 0044 0066 1253 0031 0517.
0045 0041 0038 0036 0034 0037 0033 0032 0032 0034 0032 0033
0041 0051 0078 0096 0078 0068 0091 0079 0063 0054 0035 0041 0106 1144 0030 0722.
0015 0018 0007 0007 0016 0020 0025 0026 0027 0028 0028 0029
0035 0055 0074 0057 0084 0057 0052 0040 0036 0037 0033 0034 0092 1306 0004 2333.
0033 0032 0030 0030 0030 0025 0024 0023 0023 0020 0016 0023
0030 0040 0079 0114 0190 0213 0185 0146 0096 0064 0051 0038 0241 1420 0015 0653.
0029 0033 0033 0024 0025 0027 0015 -003 -006 -011 -015 -016
0017 0054 0085 0148 0233 0222 0141 0112 0080 0067 0055 0053 0242 1342 -018 0746.
0051 0043 0043 0044 0044 0041 0039 0038 0037 0036 0035 0035
0038 0051 0067 0094 0141 0155 0131 0082 0063 0060 0054 0053 0230 1334 0034 0706.
0053 0051 0048 0046 0045 0043 0042 0042 0040 0039 0038 0037
0044 0073 0117 0142 0070 0059 0059 0074 0067 0057 0054 0053 0194 1232 0037 0755.
0052 0049 0051 0047 0044 0043 0041 0039 0039 0038 0037 0036
0052 0086 0136 0222 0266 0297 0244 0229 0171 0101 0074 0077 0299 1403 0036 0729.
0073 0071 0068 0065 0062 0059 0058 0057 0055 0054 0053 0052
0065 0092 0129 0133 0202 0084 0065 0069 0077 0074 0047 0061 0230 1246 0045 1422.
0057 0049 0052 0051 0055 0055 0053 0051 0052 0053 0053 0052
0059 0082 0155 0162 0128 0151 0153 0133 0127 0079 0077 0073 0184 1327 0049 2159.
0071 0069 0067 0066 0065 0064 0062 0061 0058 0051 0045 0032
0053 0095 0151 0240 0289 0302 0191 0198 0131 0114 0097 0092 0308 1335 0032 0800=
=
??????
******
YF
13064
江苏省
吕泗国家基准气候站
启东市吕四港镇北门外滨海







=
JY
8888=
GK
01/
05/=
BZ
00/320400/1213600
10/24/逐时观测
10/24/24时连续观测
11/守班=
######
