58265 3204N 12136E 000055 000065 105 000 S11 11111999119199111911 0 2010 01
PC
9645 9648 9647 9645 9640 9636 9630 9628 9624 9622 9623 9629
9634 9635 9632 9625 9609 9598 9591 9591 9594 9600 9611 9622 9650 2210 9589 1548.
9631 9638 9640 9640 9638 9638 9637 9635 9631 9627 9628 9635
9641 9646 9649 9642 9630 9621 9616 9620 9628 9641 9650 9658 9658 1959 9615 1456.
9665 9664 9658 9652 9643 9635 9628 9622 9614 9608 9611 9612
9610 9611 9610 9597 9584 9571 9568 9567 9568 9575 9584 9593 9666 2058 9565 1608.
9600 9605 9606 9599 9592 9588 9585 9586 9582 9583 9586 9593
9597 9605 9605 9596 9580 9567 9559 9556 9558 9563 9569 9579 9607 2258 9555 1614.
9587 9595 9599 9601 9599 9598 9598 9599 9596 9596 9602 9612
9617 9624 9626 9624 9612 9601 9598 9599 9606 9610 9620 9629 9629 1954 9579 2001.
9634 9637 9639 9640 9639 9639 9640 9640 9637 9635 9639 9645
9651 9658 9660 9651 9639 9629 9624 9624 9629 9632 9639 9646 9660 1040 9623 1509.
9653 9656 9658 9660 9659 9657 9658 9662 9659 9660 9665 9675
9680 9686 9691 9684 9671 9661 9656 9657 9659 9663 9669 9675 9691 1055 9646 2001.
9674 9675 9675 9670 9660 9655 9651 9646 9636 9630 9629 9631
9632 9633 9631 9619 9605 9587 9574 9567 9563 9567 9573 9579 9675 2009 9562 1642.
9585 9589 9592 9593 9589 9584 9581 9578 9573 9570 9571 9578
9582 9590 9592 9583 9569 9556 9551 9551 9558 9571 9584 9597 9597 1959 9550 1519.
9607 9614 9619 9622 9620 9620 9620 9619 9616 9617 9619 9626
9635 9644 9647 9642 9628 9615 9607 9607 9615 9625 9640 9651 9651 2000 9597 2001.
9663 9673 9680 9684 9681 9680 9681 9679 9677 9677 9682 9687
9693 9702 9706 9699 9689 9675 9666 9664 9672 9686 9702 9713 9713 1959 9652 2001.
9723 9733 9740 9742 9740 9737 9733 9731 9722 9718 9716 9717
9718 9718 9717 9704 9686 9669 9655 9651 9651 9654 9665 9675 9743 2341 9648 1654.
9685 9692 9701 9706 9706 9705 9700 9700 9698 9695 9698 9704
9707 9709 9711 9704 9688 9674 9667 9664 9666 9674 9680 9687 9711 1054 9664 1523.
9693 9695 9694 9689 9683 9673 9667 9663 9656 9652 9653 9655
9657 9660 9660 9650 9636 9621 9614 9610 9613 9619 9629 9639 9696 2214 9610 1554.
9649 9656 9663 9666 9668 9671 9672 9674 9679 9682 9693 9700
9706 9711 9719 9714 9705 9694 9690 9690 9688 9694 9698 9704 9720 1053 9639 2001.
9710 9713 9714 9714 9713 9710 9711 9707 9703 9701 9705 9707
9709 9712 9712 9702 9686 9670 9662 9658 9660 9668 9682 9692 9715 2238 9657 1622.
9702 9707 9710 9710 9711 9708 9707 9702 9697 9696 9698 9701
9706 9710 9710 9701 9688 9671 9661 9658 9657 9657 9663 9669 9711 2244 9657 1622.
9671 9674 9671 9670 9669 9665 9661 9653 9647 9643 9643 9645
9643 9645 9644 9631 9614 9599 9590 9585 9582 9584 9586 9592 9674 2155 9581 1714.
9593 9594 9591 9588 9586 9584 9582 9579 9578 9583 9586 9589
9594 9596 9595 9583 9569 9553 9545 9543 9546 9550 9558 9566 9597 0926 9542 1524.
9575 9582 9587 9594 9598 9601 9604 9602 9600 9602 9607 9615
9620 9626 9630 9621 9610 9599 9594 9595 9604 9618 9632 9649 9649 2000 9567 2001.
9660 9671 9676 9680 9679 9679 9678 9677 9675 9675 9677 9680
9682 9690 9692 9680 9664 9647 9633 9625 9624 9625 9632 9640 9693 1020 9621 1631.
9648 9656 9664 9674 9682 9687 9695 9694 9694 9699 9705 9715
9722 9730 9733 9725 9710 9693 9681 9675 9672 9678 9686 9695 9734 1054 9641 2001.
9702 9705 9706 9707 9701 9696 9690 9684 9678 9676 9679 9682
9687 9691 9693 9678 9662 9647 9639 9632 9629 9630 9634 9640 9707 2246 9629 1628.
9643 9644 9644 9641 9635 9631 9628 9623 9622 9623 9629 9637
9644 9653 9657 9653 9640 9632 9627 9628 9632 9645 9657 9671 9671 2000 9621 0412.
9683 9688 9694 9694 9695 9696 9693 9696 9696 9696 9703 9708
9717 9728 9731 9723 9711 9696 9682 9673 9670 9674 9680 9688 9732 1042 9670 2002.
9691 9690 9688 9682 9676 9670 9663 9653 9643 9638 9636 9636
9635 9637 9632 9617 9594 9575 9565 9558 9557 9559 9562 9570 9692 2055 9556 1642.
9576 9584 9593 9601 9604 9608 9608 9608 9606 9610 9614 9616
9620 9624 9619 9604 9586 9569 9558 9554 9555 9562 9569 9575 9624 0951 9552 1606.
9584 9590 9595 9597 9600 9603 9606 9608 9608 9611 9617 9622
9626 9631 9633 9627 9617 9600 9588 9584 9588 9596 9608 9621 9636 1044 9575 2001.
9629 9639 9641 9640 9641 9638 9635 9629 9627 9623 9626 9630
9635 9636 9634 9623 9604 9586 9569 9564 9562 9565 9571 9578 9644 2329 9560 1653.
9583 9588 9593 9595 9596 9597 9595 9590 9586 9584 9585 9588
9591 9595 9596 9591 9578 9569 9568 9571 9574 9583 9592 9598 9598 0138 9567 1510.
9607 9610 9613 9610 9610 9607 9600 9599 9599 9596 9592 9595
9599 9598 9601 9582 9568 9555 9543 9544 9544 9553 9563 9486 9613 2300 9482 1907=
9644 9637 9606 9630
9646 9643 9629 9666
9643 9620 9579 9601
9596 9601 9575 9587
9606 9620 9609 9637
9647 9653 9637 9654
9665 9683 9669 9683
9663 9639 9595 9587
9592 9586 9564 9605
9628 9634 9623 9659
9688 9695 9683 9721
9745 9725 9677 9683
9713 9712 9682 9695
9681 9663 9629 9647
9679 9708 9702 9712
9718 9715 9678 9700
9716 9709 9679 9677
9673 9653 9607 9600
9592 9597 9560 9574
9609 9623 9606 9657
9687 9688 9655 9648
9695 9723 9701 9703
9704 9690 9655 9648
9639 9645 9640 9679
9704 9716 9704 9696
9678 9644 9583 9578
9616 9624 9576 9583
9611 9630 9608 9629
9646 9638 9594 9586
9604 9596 9576 9606
9615 9603 9562 9493=
TB
0077 0074 0068 0065 0061 0056 0044 0031 0030 0027 0040 0040
0040 0062 0080 0091 0105 0098 0110 0111 0108 0083 0090 0085 0114 1454 0024 0528.
0082 0076 0080 0082 0076 0073 0071 0076 0076 0074 0073 0069
0072 0076 0081 0083 0085 0088 0089 0090 0080 0078 0077 0072 0091 1516 0068 0806.
0064 0044 0036 0034 0029 0026 0026 0049 0052 0053 0055 0056
0058 0064 0071 0082 0078 0074 0074 0077 0077 0075 0073 0073 0087 1219 0025 0243.
0072 0071 0071 0068 0061 0035 0026 0028 0029 0043 0050 0050
0057 0051 0061 0069 0072 0090 0098 0102 0101 0094 0091 0090 0105 1552 0025 0314.
0086 0086 0079 0074 0070 0067 0065 0061 0062 0066 0062 0060
0067 0077 0078 0083 0090 0100 0107 0119 0108 0084 0067 0056 0119 1600 0056 1953.
0077 0067 0059 0044 0052 0066 0068 0067 0067 0067 0068 0069
0071 0073 0073 0077 0080 0081 0083 0081 0080 0078 0076 0075 0083 1418 0041 0012.
0074 0073 0072 0071 0068 0067 0067 0065 0065 0064 0065 0066
0067 0071 0076 0083 0088 0095 0101 0104 0100 0095 0084 0056 0104 1520 0056 2000.
0047 0039 0034 0029 0028 0054 0052 0054 0055 0056 0056 0058
0060 0064 0059 0062 0065 0075 0081 0082 0082 0082 0081 0079 0083 1538 0025 0049.
0077 0076 0071 0070 0071 0070 0070 0067 0070 0069 0067 0066
0066 0075 0084 0095 0105 0108 0118 0112 0107 0103 0092 0089 0119 1458 0065 0755.
0082 0081 0093 0080 0083 0077 0073 0072 0073 0071 0070 0070
0077 0084 0094 0103 0106 0111 0109 0103 0098 0086 0086 0089 0113 1358 0069 0702.
0089 0087 0085 0082 0083 0094 0097 0094 0092 0087 0083 0078
0085 0088 0097 0104 0105 0111 0110 0109 0102 0098 0095 0084 0119 1426 0077 0744.
0072 0069 0083 0068 0075 0040 0027 0017 0008 0003 0001 0002
0025 0056 0076 0090 0102 0110 0112 0113 0109 0086 0052 0057 0118 1513 -001 0745.
0064 0062 0062 0066 0062 0064 0063 0068 0071 0066 0067 0060
0066 0075 0087 0099 0110 0112 0115 0110 0109 0105 0099 0094 0120 1515 0058 2001.
0094 0091 0088 0085 0084 0079 0077 0075 0068 0067 0065 0065
0068 0081 0087 0088 0088 0092 0092 0092 0089 0086 0081 0077 0095 2030 0064 0713.
0075 0073 0073 0074 0073 0072 0069 0070 0070 0070 0071 0069
0070 0075 0090 0100 0122 0131 0139 0139 0118 0095 0068 0058 0143 1527 0058 2000.
0053 0043 0040 0034 0031 0029 0026 0021 0019 0015 0016 0015
0025 0058 0087 0103 0116 0124 0129 0129 0123 0111 0089 0078 0134 1529 0014 0656.
0072 0064 0046 0041 0037 0049 0059 0063 0061 0063 0064 0062
0066 0074 0086 0103 0105 0124 0130 0135 0132 0109 0081 0095 0137 1447 0035 0106.
0097 0096 0093 0092 0088 0087 0087 0084 0080 0081 0079 0080
0082 0086 0091 0096 0101 0103 0103 0102 0101 0097 0090 0089 0104 1415 0078 0720.
0088 0086 0084 0086 0084 0082 0082 0078 0078 0078 0079 0082
0084 0090 0098 0104 0111 0120 0126 0124 0119 0116 0102 0097 0127 1441 0077 0404.
0095 0096 0094 0099 0102 0099 0099 0087 0094 0095 0091 0089
0089 0101 0112 0124 0140 0151 0147 0140 0126 0115 0112 0108 0152 1402 0085 0408.
0105 0103 0100 0099 0096 0089 0077 0068 0053 0044 0034 0029
0049 0101 0114 0126 0134 0137 0135 0134 0133 0119 0110 0111 0147 1445 0026 0755.
0112 0104 0105 0107 0103 0102 0095 0089 0090 0090 0085 0090
0092 0094 0097 0103 0103 0106 0107 0108 0103 0097 0092 0091 0116 2024 0085 0700.
0089 0086 0082 0078 0076 0074 0071 0065 0062 0062 0065 0068
0072 0077 0085 0097 0100 0109 0105 0107 0105 0099 0097 0091 0113 1434 0059 0550.
0086 0080 0076 0074 0071 0068 0068 0070 0070 0068 0067 0067
0070 0066 0076 0077 0089 0105 0103 0120 0112 0110 0096 0092 0124 1635 0065 1003.
0084 0071 0044 0048 0034 0049 0043 0025 0025 0015 0032 0021
0028 0032 0079 0108 0118 0129 0135 0133 0127 0115 0104 0092 0137 1456 0014 0550.
0091 0086 0074 0072 0080 0075 0074 0072 0068 0070 0071 0071
0074 0085 0093 0097 0110 0109 0103 0102 0099 0096 0093 0091 0111 1254 0067 0509.
0089 0088 0085 0086 0086 0084 0079 0079 0051 0064 0054 0059
0061 0077 0099 0120 0139 0156 0162 0160 0155 0142 0100 0082 0167 1525 0049 0511.
0068 0062 0056 0052 0046 0041 0040 0039 0051 0063 0068 0078
0083 0079 0088 0096 0104 0117 0127 0130 0129 0124 0100 0100 0135 1520 0038 0336.
0095 0090 0070 0066 0057 0053 0056 0044 0042 0036 0039 0038
0049 0087 0112 0131 0143 0153 0158 0165 0161 0144 0109 0091 0167 1520 0032 0641.
0089 0095 0095 0096 0097 0096 0102 0097 0105 0098 0094 0093
0102 0104 0108 0108 0112 0116 0111 0110 0109 0107 0100 0098 0116 1353 0085 2025.
0097 0094 0079 0087 0090 0089 0086 0085 0084 0069 0064 0071
0066 0070 0087 0120 0138 0157 0165 0173 0164 0148 0119 0191 0191 1957 0060 0720=
IB
=
0036 0035 0038 0040 0039 0038 0029 0018 0018 0015 0030 0030
0030 0050 0048 0043 0040 0029 0023 0019 0013 0038 0034 0027.
0027 0038 0033 0035 0040 0044 0046 0040 0038 0038 0039 0042
0047 0044 0047 0043 0041 0044 0043 0042 0046 0044 0045 0045.
0042 0029 0024 0022 0017 0016 0016 0040 0043 0044 0046 0047
0048 0050 0048 0042 0044 0044 0044 0039 0037 0039 0041 0043.
0040 0039 0039 0039 0036 0019 0013 0016 0019 0033 0041 0040
0039 0031 0041 0037 0036 0036 0035 0035 0034 0042 0043 0042.
0042 0036 0032 0019 0023 0026 0029 0034 0037 0027 0030 0035
0038 0024 0027 0023 0023 0028 0035 0034 0031 0040 0044 0038.
0050 0045 0042 0029 0040 0048 0046 0047 0049 0050 0048 0047
0048 0044 0043 0047 0042 0043 0043 0047 0046 0046 0047 0046.
0045 0046 0045 0044 0046 0049 0049 0051 0053 0054 0055 0056
0055 0057 0054 0058 0055 0053 0051 0052 0050 0053 0053 0038.
0034 0027 0024 0019 0018 0045 0043 0045 0048 0049 0049 0051
0053 0057 0052 0055 0058 0050 0047 0046 0042 0038 0039 0043.
0043 0044 0048 0048 0048 0047 0047 0045 0045 0044 0045 0044
0044 0050 0044 0047 0051 0049 0036 0025 0035 0029 0044 0045.
0048 0056 0047 0051 0051 0052 0051 0053 0058 0054 0055 0055
0058 0062 0058 0057 0054 0036 0034 0040 0031 0042 0048 0035.
0041 0045 0045 0046 0043 0013 -005 -016 -018 -011 -007 -007
-013 0000 -039 -052 -055 -058 -059 -047 -046 -046 -048 -017.
-003 0008 -026 0003 -017 -006 -011 -017 -014 -018 -018 -014
0007 0004 -016 -014 -035 -042 -049 -052 -043 -004 0000 0011.
0011 0013 0011 0023 0025 0023 0020 0011 0014 0019 0024 0026
0029 0026 0025 0013 0015 0000 -003 0007 0006 0005 0015 0016.
0013 0015 0012 0014 0013 0017 0015 0020 0027 0030 0029 0035
0034 0026 0023 0022 0015 0018 0018 0018 0020 0022 0032 0030.
0028 0022 0018 0017 0020 0023 0026 0025 0029 0031 0032 0035
0036 0035 0036 0037 0037 0037 0034 0019 0006 0030 0027 0028.
0028 0023 0024 0019 0018 0016 0013 0009 0007 0003 0006 0005
0015 0049 0035 0038 0029 0017 0016 0027 0030 0043 0047 0042.
0034 0034 0025 0025 0022 0036 0042 0038 0039 0041 0041 0042
0048 0047 0048 0044 0040 0046 0031 0038 0041 0048 0045 0049.
0043 0044 0045 0048 0048 0049 0047 0050 0051 0054 0054 0049
0055 0055 0053 0052 0053 0051 0051 0054 0055 0057 0059 0062.
0059 0057 0057 0053 0055 0055 0055 0054 0058 0059 0059 0053
0053 0052 0052 0050 0043 0047 0046 0044 0053 0053 0054 0057.
0060 0061 0059 0053 0056 0055 0057 0058 0059 0060 0062 0062
0062 0064 0059 0062 0056 0036 0023 0010 0004 0000 -009 -023.
-032 -041 -044 -056 -059 -021 0011 0013 0009 0002 0010 0008
0024 -001 -047 -050 -052 -050 -042 -047 -035 0010 -008 -010.
-012 -004 -009 -007 0003 0005 0014 0020 0017 0014 0021 0007
-027 -042 -062 -061 -057 -058 -053 -052 -041 -036 -030 -025.
-018 -018 -013 -014 -016 -013 0005 0006 0011 0001 0000 0003
0004 -008 -008 -008 -020 -025 -029 -030 -029 -012 -014 0020.
0024 0025 0027 0027 0028 0029 0029 0027 0027 0027 0026 0028
0031 0043 0047 0039 0031 0028 0017 0016 0009 0013 0029 0032.
0030 0030 0023 0028 0018 0031 0025 0010 0012 0003 0022 0011
0018 0023 0068 0034 0031 0016 0024 0019 0011 0020 0018 0018.
0020 0022 0035 0045 0044 0046 0038 0040 0041 0045 0041 0042
0045 0047 0043 0045 0042 0034 0040 0039 0043 0042 0041 0041.
0037 0032 0031 0030 0028 0033 0036 0036 0026 0042 0037 0044
0044 0047 0053 0047 0034 -002 -009 -025 -020 -014 0019 0022.
0027 0023 0026 0026 0025 0021 0022 0021 0031 0038 0039 0035
0032 0034 0032 0031 0034 0035 0036 0037 0041 0041 0056 0056.
0059 0056 0048 0048 0042 0040 0041 0032 0032 0026 0029 0028
0040 0076 0051 0045 0043 0021 0019 0014 0025 0047 0050 0049.
0053 0057 0059 0060 0062 0065 0064 0064 0059 0060 0059 0060
0054 0054 0056 0058 0057 0050 0050 0049 0048 0050 0054 0060.
0062 0061 0059 0060 0064 0067 0064 0065 0064 0054 0050 0059
0056 0061 0067 0069 0067 0056 0045 0039 0051 0066 0074 0176=
EA
079 078 080 081 081 080 075 069 070 068 076 076
076 087 086 083 081 075 072 070 067 080 078 074.
074 080 077 078 081 084 085 081 080 080 081 083
085 083 085 083 082 084 083 083 085 084 084 084.
083 075 073 072 069 068 068 081 083 084 085 085
086 087 086 083 084 083 083 081 080 081 082 083.
081 081 081 081 079 070 067 069 070 077 082 081
081 076 082 080 079 079 079 078 078 083 083 083.
083 079 077 070 072 074 075 078 080 074 076 079
080 072 074 072 072 075 078 078 076 082 083 080.
087 084 083 075 081 086 085 085 086 087 086 086
086 084 083 085 083 083 083 085 085 085 086 085.
084 085 084 084 085 086 086 088 089 089 090 091
090 092 090 092 091 089 088 088 087 089 089 080.
078 074 072 070 069 084 083 084 086 086 086 088
089 091 088 090 092 087 085 085 083 080 081 083.
083 083 086 086 086 085 085 084 084 084 084 084
084 087 084 085 088 087 079 073 078 075 084 084.
086 091 085 088 088 088 088 089 092 090 090 090
092 095 092 091 089 079 078 081 076 083 086 079.
082 084 084 085 083 067 059 054 053 056 058 058
055 061 046 042 041 040 039 043 044 044 043 054.
060 065 050 062 054 059 056 054 055 054 054 055
064 063 054 055 047 045 043 041 044 059 061 066.
066 067 066 072 073 072 071 066 068 070 073 074
075 074 073 067 068 061 060 064 064 063 068 068.
067 068 067 068 067 069 068 070 074 076 075 078
078 073 072 071 068 070 070 070 071 071 077 076.
075 072 069 069 071 072 074 073 075 076 077 079
079 079 079 080 080 080 078 070 064 076 074 075.
075 072 072 070 069 068 067 065 064 063 064 063
068 087 079 080 075 069 068 074 076 083 085 082.
078 078 073 073 072 079 083 080 081 082 082 082
086 085 086 084 081 085 076 080 082 086 084 087.
083 084 084 086 086 087 085 087 088 090 089 087
090 090 089 088 089 088 088 090 090 091 093 095.
093 092 091 089 090 090 090 090 092 093 093 089
089 088 088 087 083 085 085 083 089 089 090 091.
094 094 093 089 091 090 091 092 093 094 095 095
095 096 093 095 091 079 072 065 063 061 057 052.
048 045 044 040 039 052 066 067 065 062 065 065
073 061 043 042 041 042 045 043 047 065 058 057.
056 059 057 058 063 063 068 071 069 068 071 064
050 045 038 039 040 040 041 041 045 047 049 051.
054 054 055 055 054 056 064 064 066 062 061 062
063 058 058 058 053 051 049 049 049 056 055 070.
073 073 074 074 075 075 075 074 074 074 074 075
076 083 086 081 076 075 069 069 065 067 075 077.
076 076 072 075 069 076 073 066 067 063 071 066
069 072 099 078 076 068 073 070 066 071 069 070.
070 071 078 084 084 085 080 081 082 084 082 083
084 085 083 084 083 078 081 081 083 082 082 082.
080 077 077 076 075 077 079 079 074 083 080 084
084 085 089 085 078 060 057 051 053 055 070 072.
074 072 074 073 073 071 072 071 076 080 081 078
077 078 077 076 078 078 079 079 082 082 091 091.
093 091 086 086 082 081 082 077 077 073 075 075
081 105 088 084 083 071 070 068 073 085 087 087.
089 091 093 093 095 097 096 096 093 093 093 094
090 089 091 092 092 087 087 087 086 087 090 093.
095 094 093 093 096 098 096 096 096 089 087 093
091 094 098 100 098 091 084 081 088 098 103 201=
UB
75 76 81 84 86 88 90 91 92 92 93 93
93 92 80 72 64 62 55 53 52 73 68 67 50 1449.
68 77 72 72 78 82 84 78 77 78 79 83
84 80 79 76 74 74 73 72 79 79 80 83 65 2004.
86 90 92 92 92 93 93 94 94 94 94 94
93 91 85 76 79 81 81 77 76 78 80 81 73 1220.
80 80 80 82 84 89 91 92 93 93 94 93
88 87 87 80 78 69 65 63 63 70 72 72 62 1556.
74 71 72 68 72 75 78 83 84 76 80 84
82 69 70 66 63 61 61 56 59 74 85 88 55 1615.
83 86 89 90 92 88 86 87 88 89 87 86
85 82 81 81 77 77 76 79 79 80 82 82 75 1459.
82 83 83 83 86 88 88 91 92 93 93 93
92 91 86 84 80 75 71 70 71 75 81 88 69 1550.
91 92 93 93 93 94 94 94 95 95 95 95
95 95 95 95 95 84 79 78 76 74 75 78 74 1800.
79 80 85 86 85 85 85 86 84 84 86 86
86 84 76 72 69 67 57 55 61 60 72 74 51 1553.
79 84 73 82 80 84 86 88 90 89 90 90
88 86 78 73 70 60 60 65 63 74 77 69 57 1358.
72 75 76 78 76 57 49 46 46 50 53 55
50 54 38 33 32 30 30 33 35 36 36 49 29 1333.
59 65 46 63 52 72 76 78 85 86 87 89
88 69 52 48 38 34 32 31 34 53 69 72 29 1528.
69 71 70 74 77 75 74 67 67 72 74 79
77 71 65 55 52 46 44 49 49 50 56 58 40 1517.
57 59 59 61 61 65 65 68 75 77 78 81
79 68 64 63 60 60 60 60 62 64 71 72 56 2025.
72 70 68 67 69 71 74 73 75 76 76 79
79 76 69 65 56 53 49 44 46 64 75 81 38 1531.
84 87 89 90 91 91 91 92 92 92 93 93
93 94 70 64 55 48 46 50 53 63 75 78 44 1449.
77 81 86 89 90 91 89 84 86 86 85 87
88 83 77 67 64 59 51 52 54 66 78 73 50 1459.
69 70 72 74 76 77 76 79 82 83 84 81
83 81 77 74 72 70 70 72 73 76 81 83 68 2019.
82 82 83 80 82 83 83 85 87 88 87 82
81 77 73 69 63 61 58 58 64 65 72 76 57 1443.
79 79 79 73 73 74 75 82 79 79 82 83
83 78 70 66 57 46 43 41 43 45 43 40 39 1625.
38 36 36 33 33 46 63 68 73 74 84 86
84 49 32 29 27 27 29 28 31 47 44 43 26 1248.
42 47 45 45 50 51 57 62 60 59 64 56
43 38 32 31 32 31 32 32 36 39 42 44 29 1339.
47 48 51 52 52 54 63 66 70 65 63 63
62 55 52 48 43 39 39 38 39 46 46 61 37 1443.
65 68 71 72 74 76 76 74 74 75 75 76
76 85 82 77 67 59 55 49 49 51 63 66 46 1616.
69 75 86 87 89 88 88 90 91 92 93 93
93 94 93 60 55 46 47 46 45 52 55 60 43 1436.
61 64 76 83 78 82 78 80 83 84 81 82
82 77 71 70 63 60 65 65 68 69 70 71 57 1434.
70 68 69 68 67 70 74 74 84 86 89 90
89 81 73 61 49 34 31 28 30 34 57 66 27 1613.
75 76 81 83 86 87 88 88 87 84 82 74
70 73 68 64 62 57 54 53 55 57 74 74 51 1519.
78 79 86 88 90 91 90 92 93 93 93 93
94 93 66 56 51 41 39 36 40 52 67 75 35 1551.
78 77 78 78 79 81 77 80 73 77 79 80
72 71 70 71 69 64 66 66 66 68 73 77 63 1343.
79 80 87 83 84 86 86 87 87 90 91 92
93 94 87 71 62 51 45 41 47 58 74 91 39 1533=
N=
H=
C=
VB
13900 13900 13900 13900 13900 13900 13900 13900 13900 13900 13900 13900
14700 15100 15100 15100 15100 15100 15100 15100 15100 13900 13900 13900 13900 2001.
13900 13900 13900 13900 13900 13900 13900 13900 13900 13900 13900 13900
14000 14300 14500 14700 14900 14600 14700 14300 14000 13900 13900 13900 13900 2001.
13900 13900 13900 13900 13900 13900 13900 13900 13900 13900 13900 13900
14100 14400 14900 15100 14600 14400 14700 14500 14000 13900 13900 13900 13900 2001.
13900 13900 13900 13900 13900 13900 13900 13900 13900 13900 13900 13900
14300 14800 15100 15100 15100 15100 15100 15100 15100 13900 13900 13900 13900 2001.
13900 13900 13900 13900 13900 13900 13900 13900 13900 13900 13900 13900
14100 14600 14600 14500 15100 15100 15100 15100 14600 14000 13900 13900 13900 2001.
13900 13900 13900 13900 13900 13900 13900 13900 13900 13900 13900 13900
13900 14000 14200 14700 14600 14500 14200 14000 13900 13900 13900 13900 13900 2001.
13900 13900 13900 13900 13900 13900 13900 13900 13900 13900 13900 13900
14000 14600 14900 15100 15100 15100 15100 15100 15100 14100 13900 13900 13900 2001.
13900 13900 13900 13900 13900 13900 13900 13900 13900 13900 13900 13900
14100 14300 14300 14200 14100 14900 14700 14500 14100 13900 13900 13900 13900 2001.
13900 13900 13900 13900 13900 13900 13900 13900 13900 13900 13900 13900
14600 15100 15100 15100 15100 15100 15100 15100 14300 13900 13900 13900 13900 2001.
13900 13900 13900 13900 13900 13900 13900 13900 13900 13900 13900 13900
14100 14500 15100 15100 15100 15100 15100 14700 14100 13900 13900 13900 13900 2001.
13900 13900 13900 13900 13900 13900 13900 13900 13900 13900 13900 13900
14100 15100 15100 15100 15100 15100 15100 15100 14400 13900 13900 13900 13900 2001.
13900 13900 13900 13900 13900 13900 13900 13900 13900 13900 13900 13900
15100 15100 15100 15100 15100 15100 15100 15100 15100 14200 13900 13900 13900 2001.
13900 13900 13900 13900 13900 13900 13900 13900 13900 13900 13900 13900
14400 15100 15100 15100 15100 15100 15100 15100 14700 14000 13900 13900 13900 2001.
13900 13900 13900 13900 13900 13900 13900 13900 13900 13900 13900 13900
14000 14300 14500 14800 15000 14900 14700 14400 14100 13900 13900 13900 13900 2001.
13900 13900 13900 13900 13900 13900 13900 13900 13900 13900 13900 13900
14200 14500 15100 15100 15100 15100 15100 15100 15100 15100 15100 15100 13900 2001.
15100 15100 15100 15100 15100 15100 15100 15100 15100 15100 15100 15100
15100 15100 15100 15100 15100 15100 15100 15100 15100 15100 15100 15100 15100 2001.
15100 15100 15100 15100 15100 15100 15100 15100 15100 15100 15100 15100
15100 15100 15100 15100 15100 15100 15100 15100 15100 15100 15100 15100 15100 2001.
15100 15100 15100 15100 15100 15100 15100 15100 15100 15100 15100 15100
15100 15100 15100 15100 15100 00107 00107 00107 00107 13000 13000 12300 00085 1733.
12100 12100 11300 09430 09610 10000 09130 09670 00107 00107 00107 00107
00107 00107 00107 00107 00107 00107 00107 00107 00107 00107 00107 00107 00107 0451.
00107 00107 00107 00107 00107 00107 00107 00107 00107 00107 00107 00107
00107 00107 00107 00107 00107 00107 00107 00107 00107 00107 00107 00107 00107 2001.
00107 00107 00107 00107 00107 00107 00107 00107 00107 00107 00107 00107
00107 00107 00108 00108 00108 00108 00107 00107 00107 00107 00107 00107 00107 2001.
00107 00107 00107 00107 00107 00107 00107 00107 00107 00107 00107 00107
00107 00107 00107 00107 00107 00107 00107 00107 00107 00107 00107 00107 00107 2001.
00107 00107 00107 00107 00107 00107 00107 00107 00107 00107 00107 00107
00107 00107 00107 00107 00107 00107 00107 00107 00107 00107 00107 00107 00107 2001.
00107 00107 00107 00107 00107 00107 00107 00107 00107 00107 00107 00107
00107 00107 00107 00107 00107 00107 00107 00107 00107 00107 00107 00107 00107 2001.
00107 00107 00107 00107 00107 00107 00107 00107 00107 00107 00107 00107
00107 00107 00107 00108 00108 00108 00107 00107 00107 00107 00107 00107 00107 2001.
00107 00107 00107 00107 00107 00107 00107 00107 00107 00107 00107 00107
00107 00107 00107 00107 00107 00107 00107 00107 00107 00107 00107 00107 00107 2001.
00107 00107 00107 00107 00107 00107 00107 00107 00107 00107 00107 00107
00107 00107 00107 00108 00108 00108 00107 00107 00107 00107 00107 00107 00107 2001.
00107 00107 00107 00107 00107 00107 00107 00107 00107 00107 00107 00107
00107 00107 00107 00107 00107 00107 00107 00107 00107 00107 00107 00107 00107 2001.
00107 00107 00107 00107 00107 00107 00107 00107 00107 00107 00107 00107
00107 00107 00107 00107 00107 00107 00107 00107 00107 00107 00107 00107 00107 2001.
00107 00107 00107 00107 00107 00107 00107 00107 00107 00107 00107 00107
00107 00107 00107 00107 00107 00107 00107 00107 00107 00107 00107 00107 00107 2001.
00107 00107 00107 00107 00107 00107 00107 00107 00107 00107 00107 07070
14100 11400 14400 15100 15100 00202 00104 00104 00104 00104 00104 00164 00104 1402=
R6
0000 0000 0000
0000 0000 0000
0000 0000 0000
0000 0000 0000
0000 0000 0000
0000 0000 0000
0007 0000 0007
0000 0000 0000
0000 0000 0000
0000 0000 0000
0000 0000 0000
0000 0000 0000
0000 0000 0000
0000 0000 0000
0000 0000 0000
0000 0000 0000
0000 0000 0000
0000 0000 0000
0000 0000 0000
0000 0000 0000
0000 0000 0000
0000 0000 0000
0000 0000 0000
0000 0000 0000
0000 0000 0000
0000 0000 0000
0000 0000 0000
0000 0000 0000
0000 0000 0000
0000 0000 0000
0000 0000 0000=
0000 0000 0000 0000 0000 0000 0000 0000 0000 0000 0000 0000
0000 0000 0000 0000 0000 0000 0000 0000 0000 0000 0000 0000.
0000 0000 0000 0000 0000 0000 0000 0000 0000 0000 0000 0000
0000 0000 0000 0000 0000 0000 0000 0000 0000 0000 0000 0000.
0000 0000 0000 0000 0000 0000 0000 0000 0000 0000 0000 0000
0000 0000 0000 0000 0000 0000 0000 0000 0000 0000 0000 0000.
0000 0000 0000 0000 0000 0000 0000 0000 0000 0000 0000 0000
0000 0000 0000 0000 0000 0000 0000 0000 0000 0000 0000 0000.
0000 0000 0000 0000 0000 0000 0000 0000 0000 0000 0000 0000
0000 0000 0000 0000 0000 0000 0000 0000 0000 0000 0000 0000.
0000 0000 0000 0000 0000 0000 0000 0000 0000 0000 0000 0000
0000 0000 0000 0000 0000 0000 0000 0000 0000 0000 0000 0000.
0000 0000 0000 0000 0000 0000 0000 0003 0003 0000 0001 0000
0000 0000 0000 0000 0000 0000 0000 0000 0000 0000 0000 0000.
0000 0000 0000 0000 0000 0000 0000 0000 0000 0000 0000 0000
0000 0000 0000 0000 0000 0000 0000 0000 0000 0000 0000 0000.
0000 0000 0000 0000 0000 0000 0000 0000 0000 0000 0000 0000
0000 0000 0000 0000 0000 0000 0000 0000 0000 0000 0000 0000.
0000 0000 0000 0000 0000 0000 0000 0000 0000 0000 0000 0000
0000 0000 0000 0000 0000 0000 0000 0000 0000 0000 0000 0000.
0000 0000 0000 0000 0000 0000 0000 0000 0000 0000 0000 0000
0000 0000 0000 0000 0000 0000 0000 0000 0000 0000 0000 0000.
0000 0000 0000 0000 0000 0000 0000 0000 0000 0000 0000 0000
0000 0000 0000 0000 0000 0000 0000 0000 0000 0000 0000 0000.
0000 0000 0000 0000 0000 0000 0000 0000 0000 0000 0000 0000
0000 0000 0000 0000 0000 0000 0000 0000 0000 0000 0000 0000.
0000 0000 0000 0000 0000 0000 0000 0000 0000 0000 0000 0000
0000 0000 0000 0000 0000 0000 0000 0000 0000 0000 0000 0000.
0000 0000 0000 0000 0000 0000 0000 0000 0000 0000 0000 0000
0000 0000 0000 0000 0000 0000 0000 0000 0000 0000 0000 0000.
0000 0000 0000 0000 0000 0000 0000 0000 0000 0000 0000 0000
0000 0000 0000 0000 0000 0000 0000 0000 0000 0000 0000 0000.
0000 0000 0000 0000 0000 0000 0000 0000 0000 0000 0000 0000
0000 0000 0000 0000 0000 0000 0000 0000 0000 0000 0000 0000.
0000 0000 0000 0000 0000 0000 0000 0000 0000 0000 0000 0000
0000 0000 0000 0000 0000 0000 0000 0000 0000 0000 0000 0000.
0000 0000 0000 0000 0000 0000 0000 0000 0000 0000 0000 0000
0000 0000 0000 0000 0000 0000 0000 0000 0000 0000 0000 0000.
0000 0000 0000 0000 0000 0000 0000 0000 0000 0000 0000 0000
0000 0000 0000 0000 0000 0000 0000 0000 0000 0000 0000 0000.
0000 0000 0000 0000 0000 0000 0000 0000 0000 0000 0000 0000
0000 0000 0000 0000 0000 0000 0000 0000 0000 0000 0000 0000.
0000 0000 0000 0000 0000 0000 0000 0000 0000 0000 0000 0000
0000 0000 0000 0000 0000 0000 0000 0000 0000 0000 0000 0000.
0000 0000 0000 0000 0000 0000 0000 0000 0000 0000 0000 0000
0000 0000 0000 0000 0000 0000 0000 0000 0000 0000 0000 0000.
0000 0000 0000 0000 0000 0000 0000 0000 0000 0000 0000 0000
0000 0000 0000 0000 0000 0000 0000 0000 0000 0000 0000 0000.
0000 0000 0000 0000 0000 0000 0000 0000 0000 0000 0000 0000
0000 0000 0000 0000 0000 0000 0000 0000 0000 0000 0000 0000.
0000 0000 0000 0000 0000 0000 0000 0000 0000 0000 0000 0000
0000 0000 0000 0000 0000 0000 0000 0000 0000 0000 0000 0000.
0000 0000 0000 0000 0000 0000 0000 0000 0000 0000 0000 0000
0000 0000 0000 0000 0000 0000 0000 0000 0000 0000 0000 0000.
0000 0000 0000 0000 0000 0000 0000 0000 0000 0000 0000 0000
0000 0000 0000 0000 0000 0000 0000 0000 0000 0000 0000 0000.
0000 0000 0000 0000 0000 0000 0000 0000 0000 0000 0000 0000
0000 0000 0000 0000 0000 0000 0000 0000 0000 0000 0000 0000.
0000 0000 0000 0000 0000 0000 0000 0000 0000 0000 0000 0000
0000 0000 0000 0000 0000 0000 0000 0000 0000 0000 0000 0000.
0000 0000 0000 0000 0000 0000 0000 0000 0000 0000 0000 0000
0000 0000 0000 0000 0000 0000 0000 0000 0000 0000 0000 0000=
0000 ////////// 00000=
W=
LA
=
000 000 000 000 000 000 000 000 000 001 000 001
000 002 001 003 003 000 004 000 000 000 000 000 015.
000 000 000 000 000 000 000 000 000 000 000 000
000 000 000 000 000 000 000 000 000 000 000 000 000.
000 000 000 000 000 000 000 000 000 000 000 000
000 000 000 001 001 000 000 001 000 000 000 000 003.
000 000 000 000 000 000 000 000 000 002 000 000
000 002 000 000 001 002 005 000 000 000 000 000 012.
000 000 000 000 000 001 000 000 000 001 000 000
000 000 001 000 000 001 001 002 000 000 000 000 007.
000 001 000 000 000 001 000 000 000 000 000 000
000 000 000 000 000 000 000 000 000 000 000 000 002.
000 000 000 000 000 000 000 000 000 000 002 000
000 000 000 000 001 002 000 000 000 000 000 000 005.
000 000 000 000 000 000 000 000 000 000 000 000
000 000 000 000 000 000 001 000 000 000 000 000 001.
000 000 000 000 000 000 000 001 000 000 000 000
000 000 001 000 002 000 002 000 000 000 000 000 006.
000 000 000 000 000 000 000 000 000 000 000 000
000 000 000 000 000 001 000 000 000 000 000 000 001.
000 000 000 000 000 001 000 000 001 000 000 000
000 001 000 004 002 002 002 000 000 000 000 000 013.
000 000 000 000 000 000 000 000 000 000 000 000
000 003 002 002 002 003 000 001 000 000 000 000 013.
000 000 000 000 000 000 000 000 000 000 000 000
000 000 002 002 001 002 000 000 000 000 000 000 007.
001 000 000 000 000 000 000 000 000 000 000 000
000 000 000 000 000 000 000 000 000 000 000 000 001.
000 000 000 000 000 000 000 000 000 000 000 000
000 000 001 000 003 003 003 000 000 000 000 000 010.
000 000 000 000 000 000 000 000 000 000 000 000
000 002 002 001 002 002 002 000 000 000 000 000 011.
000 000 000 000 000 000 000 000 000 000 000 000
000 000 000 001 001 002 002 000 000 000 000 000 006.
002 000 000 000 000 000 000 000 000 000 000 001
000 000 000 000 000 000 000 000 000 000 000 000 003.
000 000 000 000 000 000 000 000 000 000 000 000
000 000 000 001 000 001 000 000 000 000 000 000 002.
000 000 000 000 000 000 000 000 000 000 000 000
000 000 002 002 000 002 001 000 000 000 000 000 007.
000 001 000 001 000 000 000 000 000 000 000 000
000 003 003 003 003 002 001 000 000 000 000 000 017.
002 000 000 000 000 000 000 000 000 000 000 000
002 002 002 002 002 002 002 001 000 000 000 000 017.
000 000 000 000 000 000 000 000 000 000 000 000
000 000 002 004 000 004 000 000 000 000 000 000 010.
000 000 000 000 000 000 000 000 000 000 000 000
001 000 000 000 004 000 002 003 000 000 000 000 010.
000 000 000 000 000 000 000 000 000 000 000 000
002 000 004 003 002 002 002 000 000 000 000 000 015.
000 001 000 000 002 000 000 000 000 000 000 000
000 000 002 001 002 000 000 000 000 000 000 000 008.
000 000 000 000 000 000 000 000 000 000 000 000
001 002 004 002 002 003 002 002 001 000 000 000 019.
000 000 000 000 000 000 000 000 000 000 000 000
000 000 001 002 001 000 001 000 000 000 000 000 005.
000 000 000 000 000 000 000 000 000 000 000 000
000 003 002 002 003 002 002 001 000 000 000 000 015.
000 000 000 000 000 001 000 000 000 000 000 000
000 000 000 000 000 000 000 000 000 000 000 000 001.
000 000 000 000 000 000 000 000 000 000 000 000
000 000 003 002 002 001 002 000 000 000 000 000 010=
Z=
G=
FN
112012 112007 PPC000 112003 112003 112005
PPC002 PPC000 113003 113008 113005 113005
113007 112006 111006 111018 110016 111009
110014 111012 111004 PPC002 112015 112010.
112008 112003 112006 112009 PPC002 PPC002
112004 112006 112009 112004 112005 112003
112011 112013 112007 112006 112010 112003
112004 112007 112027 112016 112012 112003.
112010 112006 113004 113004 PPC002 113003
113003 113005 PPC000 112005 PPC000 112006
112003 112004 112009 112012 112017 112015
112027 112022 112012 112016 112019 112014.
112010 112010 112006 112007 112010 113004
PPC001 113006 PPC000 113008 113010 113006
112004 112013 112009 112016 112006 111006
111006 111004 111007 112014 112015 112009.
112010 112015 112010 112011 112014 112009
112003 PPC002 112004 112008 112003 112003
112003 112006 112011 112005 PPC001 PPC000
111010 111006 111006 112010 112005 112007.
112015 112009 112008 113003 112006 112009
112007 PPC002 PPC002 PPC000 112003 PPC002
112006 112007 112009 112005 112006 112005
112005 112010 112006 112011 112014 112023.
112015 112015 112010 112012 112009 112008
112006 112010 PPC002 112006 112005 112006
112003 PPC001 112009 112004 111009 111009
111012 111008 111013 112011 112009 112009.
112006 113003 113004 113003 113007 113009
113008 113010 113005 PPC000 PPC002 113004
112004 112006 112012 112013 112018 112014
112010 112018 112009 112016 112007 112012.
112007 112009 112004 112004 112007 112010
112010 112004 112007 112008 112012 112010
112010 112006 112011 111017 111026 111018
111016 111018 111011 112006 PPC000 PPC000.
PPC002 112003 112006 112006 112007 112005
112005 112006 112010 112005 112007 112004
112004 112003 112003 111011 111018 111026
111027 111018 112018 112025 112010 112018.
112009 112013 112012 112009 112015 112012
112015 112018 112023 112018 112011 112009
112011 112016 112013 111021 111033 111031
111028 111025 112021 112012 112010 112003.
112007 112004 112010 112006 112011 112009
113010 PPC000 113008 PPC000 PPC000 113006
113007 PPC002 111014 111014 111014 110017
111006 111008 111009 112003 112006 112004.
112007 112006 112006 PPC002 112004 112007
112005 112009 112004 112008 112009 112017
112007 112007 111007 111011 111014 111015
111003 111022 111018 112011 112009 112012.
112009 112008 112009 112008 112015 112011
112005 112005 112004 112005 PPC000 PPC000
112004 112007 112004 112010 112006 112010
112012 112009 112011 112006 112014 112019.
112017 112026 112017 112016 112009 112011
112011 112005 112008 112010 112009 112014
112008 112019 111009 111015 111024 110018
110021 110016 111013 111010 112008 112009.
112005 112003 PPC002 PPC002 PPC000 PPC001
PPC000 PPC000 PPC000 113003 PPC002 113010
PPC002 PPC002 111003 111003 PPC002 110009
110019 110016 111019 111015 112016 112010.
112008 112009 112007 113004 PPC002 112004
112010 112007 112003 112004 112014 PPC002
PPC002 112009 112003 111005 111011 110005
110011 110005 111003 111006 112004 112014.
112010 112020 112007 PPC000 PPC002 112003
112008 112003 PPC002 112003 112006 112004
112007 112003 112007 112003 111006 111003
111006 112008 112005 112003 112003 PPC001.
PPC002 112005 112004 112004 112007 PPC002
PPC000 112004 112003 112003 112005 112009
112006 112005 111008 111007 111008 111007
111009 PPC000 111010 111005 111005 PPC002.
PPC002 111006 112003 112006 112012 112010
112011 112004 112011 112007 112009 112011
112017 112011 111012 111008 110009 110023
110014 111031 111042 111023 111014 111013.
112010 112013 112015 112013 112006 112005
112004 PPC002 PPC002 112005 113007 113004
PPC000 111004 110004 110005 110019 110024
110008 110011 111004 111005 111007 111012.
111006 111007 111009 111019 112016 112020
112012 112008 112011 112007 112008 112012
112021 112019 112031 111017 111016 111021
111015 111015 111017 112021 112007 112013.
112018 112013 112011 112013 112013 112008
112004 PPC002 112003 112008 112009 112005
112003 112005 111012 111010 111019 111014
111016 111004 111006 112005 112009 112015.
112017 112017 112016 112013 112014 112012
112007 112007 112008 112014 112013 112003
112007 112011 112008 112004 111009 111008
111009 110008 111008 111015 112011 112011.
112010 112010 113004 113012 113005 113010
113011 113006 113007 113008 113012 113009
113007 113006 111003 110011 110013 110022
110005 110020 111020 111026 112017 112011.
112016 112010 112009 112003 112003 112010
112005 112005 112004 PPC000 112006 112003
PPC001 112006 111006 111005 111006 111007
111021 112008 112013 112021 112010 112014.
112013 112020 112025 112014 112009 112010
112009 112007 112003 112008 113008 113008
112007 112011 111012 110018 110023 110034
110024 110026 110034 111021 111008 111010.
PPC002 PPC000 PPC002 112004 112010 112009
112004 PPC000 112003 112005 112005 112005
112015 112013 112012 111007 111009 111012
110009 111005 111005 111009 111007 PPC000.
111003 111009 PPC001 112006 112003 112013
112004 112005 PPC001 113008 113013 113008
112003 PPC000 110006 110008 110013 110014
109025 109018 110004 110004 111008 PPC000.
111003 111003 PPC000 111006 PPC002 111004
111005 111007 111009 111005 112005 112004
112003 111005 111010 111008 PPC000 PPC002
111018 111011 111007 111008 112014 112016.
112014 PPC002 112006 112005 112016 112013
112012 112007 112008 112009 112012 112006
112010 PPC000 111012 110014 110008 109007
109014 109005 110005 110003 111004 111010=
112013 112008 PPC001 112004 112004 112004
PPC002 PPC002 113005 113008 113003 113004
113005 112003 112006 111014 110009 111008
110011 111012 111006 PPC002 112016 112011.
112005 112004 112005 112008 112003 PPC000
112005 112006 112006 112003 112005 112004
112009 112012 112007 112009 112011 112003
112003 112005 112022 112019 112010 PPC001.
112010 113005 113004 113005 PPC002 113003
113003 113007 PPC000 112005 PPC000 112005
112003 PPC002 112008 112015 112016 112017
112020 112021 112017 112014 112019 112016.
112009 112010 112010 112007 112009 113004
PPC001 113006 PPC001 113004 113008 113005
112005 112014 112008 112013 112010 111004
111006 111008 111007 112015 112016 112007.
112009 112012 112012 112016 112010 112009
112006 112003 PPC002 112007 112005 PPC002
112003 112006 112010 112007 112003 111005
111006 111003 111009 112009 112006 112009.
112014 112007 112009 PPC002 112007 112010
112006 PPC002 PPC002 PPC000 112004 112003
112006 112007 112011 112007 112006 112007
112004 112012 112014 112009 112016 112020.
112010 112014 112012 112012 112009 112006
112009 112011 112003 112005 112004 112007
112005 PPC000 112007 112011 111013 111013
111010 111010 111009 112010 112011 112008.
112005 113003 113004 113005 113007 113007
113005 113011 113006 113005 PPC000 113005
PPC002 112003 112011 112015 112016 112015
112010 112019 112010 112013 112007 112012.
112008 112009 PPC002 112004 112008 112009
112011 112003 112008 112010 112009 112007
112011 112008 112013 111015 111022 111013
111016 111015 111015 112012 PPC001 112003.
PPC002 112003 112007 112005 112005 112005
112004 112005 112009 112006 112007 112006
112005 112003 PPC002 111008 111019 111022
111021 111016 112017 112022 112012 112014.
112011 112011 112010 112010 112013 112014
112021 112018 112025 112020 112013 112008
112011 112017 112017 111028 111029 111028
111025 111025 111021 112010 112012 112004.
112006 112003 112009 112006 112009 112007
113008 PPC000 113008 PPC000 PPC001 113005
113009 PPC002 111010 111015 111015 111013
111013 111010 111013 111003 112004 112005.
112009 112005 112006 PPC002 112005 112005
112004 112008 112005 112007 112011 112014
112006 112005 111009 111011 111016 111017
111006 111023 111020 111013 112012 112010.
112012 112009 112011 112011 112015 112010
112007 112007 112004 112006 PPC002 PPC001
112003 112007 PPC002 112008 112009 112008
112007 112008 112007 112008 112018 112017.
112018 112019 112015 112016 112006 112011
112010 112007 112006 112011 112008 112010
112009 112015 111007 111017 111020 110015
110017 110021 111013 111010 112007 112007.
112003 112003 PPC002 PPC001 PPC000 PPC001
PPC000 PPC000 PPC000 113003 113004 113008
PPC002 PPC001 111003 111004 110006 110008
110014 110018 111018 111019 112018 112010.
112012 112007 113007 PPC001 PPC001 PPC002
112007 112009 112004 112003 112010 112003
112003 112007 PPC002 111003 111014 110005
110012 110005 111004 111007 112005 112012.
112012 112014 112010 112004 112006 112006
112007 PPC002 PPC001 PPC002 112006 112004
112006 112003 112008 112004 111004 PPC002
111004 111008 112005 PPC002 112003 PPC001.
112004 PPC002 112006 112006 112006 PPC000
PPC000 112004 PPC002 PPC002 112006 112010
112007 112006 111008 111011 111008 111009
111005 PPC001 111010 111006 111004 PPC000.
111003 111006 112004 112004 112011 112009
112010 112003 112009 112006 112007 112009
112016 112013 111013 111009 110008 110018
110027 110032 111046 111029 111022 111011.
112012 112014 112014 112012 112007 112007
112003 112003 PPC002 112005 113005 PPC002
PPC000 111003 110005 110008 110018 110016
110012 110013 111006 111003 111008 111012.
111007 111008 111009 111016 112017 112015
112018 112006 112010 112007 112010 112012
112021 112020 112021 111018 111021 111021
111016 111015 111011 112021 112008 112013.
112015 112012 112011 112013 112011 112009
112006 PPC002 PPC002 112008 112009 112005
112003 112005 111011 111009 111018 111018
111018 111007 111007 PPC002 112007 112015.
112017 112018 112013 112013 112012 112009
112007 112009 112009 112015 112013 112005
112009 112012 112008 112005 111011 111013
111011 110006 111007 111013 112007 112010.
112010 112012 113003 113010 113006 113013
113012 113007 113006 113005 113010 113008
113007 113005 111005 110011 110017 110023
110010 110019 111022 111024 112017 112010.
112014 112010 112007 112004 112003 112006
112003 112007 112003 PPC000 112007 112006
112003 112006 111006 111007 111009 111008
111019 112014 112015 112021 112016 112013.
112008 112015 112020 112013 112014 112010
112008 112007 112003 112008 113006 113010
112008 112008 111015 110019 110027 110041
110024 110035 110026 110019 111007 111012.
112004 PPC002 PPC001 112003 112007 112006
113004 PPC000 PPC001 112005 112004 112008
112012 112009 112014 111009 111011 111014
110010 111007 111007 111008 111005 PPC001.
111005 111007 112003 112005 112003 112011
112006 112006 PPC001 113007 113015 113007
112003 PPC000 111003 110011 110011 110014
109018 109015 110007 110004 111007 111003.
111003 111003 PPC000 111003 PPC001 111005
111006 111005 111008 111004 112005 112004
112006 111005 111008 111008 PPC001 111003
111018 111015 111008 111008 112016 112016.
112013 112005 PPC002 112005 112018 112011
112009 112008 112009 112007 112012 112005
112008 PPC000 111011 110012 110010 109006
109011 109009 110006 110006 PPC001 111010=
020112 1827 030112 1821
028112 1710 041112 1702
025112 1417 039112 1605
018112 2015 034112 1856
023112 2335 037112 2330
022112 1929 032112 1958
020112 2001 027112 2009
019112 1445 030112 1300
024111 1307 032111 1306
027111 1522 041112 1744
033111 1133 060112 0309
023111 1413 039111 1532
026111 1652 035111 1645
021112 1856 031112 1820
025112 2208 039112 2201
027112 1814 053112 1835
019112 2019 029112 2011
018112 2017 039112 2018
015111 1141 020111 1632
046111 1700 063111 1654
023110 1305 033112 2011
034112 0212 047112 0207
024111 1330 037111 1436
022112 2030 029112 2024
029112 1804 042112 1810
023112 1509 034112 1514
045110 1426 060110 1425
018112 0936 028112 0933
023110 1507 032110 1302
022111 1452 032111 1518
026111 1143 036111 1139=
DB
0073 0069 0066 0064 0060 0053 0038 0028 0022 0022 0035 0029
0037 0072 0115 0153 0189 0140 0163 0154 0119 0093 0086 0081 0192 1302 0020 0522.
0079 0077 0075 0074 0073 0072 0071 0070 0069 0068 0067 0067
0070 0078 0088 0095 0102 0100 0101 0096 0083 0077 0073 0066 0105 1230 0066 0812.
0052 0036 0028 0023 0019 0019 0022 0044 0050 0053 0055 0056
0060 0071 0085 0126 0099 0086 0091 0091 0080 0073 0070 0068 0129 1208 0017 0246.
0067 0066 0065 0064 0041 0027 0020 0018 0022 0039 0044 0044
0054 0070 0092 0103 0114 0172 0168 0156 0126 0099 0090 0086 0177 1411 0016 0439.
0081 0078 0073 0067 0065 0063 0062 0061 0062 0062 0060 0060
0067 0083 0086 0091 0107 0132 0139 0145 0106 0077 0063 0052 0148 1548 0052 1951.
0061 0056 0043 0033 0046 0058 0061 0063 0064 0065 0066 0067
0068 0073 0077 0090 0095 0096 0092 0085 0079 0076 0074 0072 0107 1432 0031 0021.
0071 0070 0068 0067 0066 0066 0066 0067 0066 0066 0067 0068
0070 0083 0097 0114 0139 0149 0147 0149 0121 0088 0065 0051 0160 1344 0051 2000.
0040 0032 0026 0021 0018 0044 0052 0056 0057 0057 0055 0057
0065 0072 0073 0074 0076 0091 0096 0092 0083 0075 0072 0070 0100 1444 0018 0100.
0068 0068 0066 0065 0065 0064 0064 0063 0063 0061 0060 0060
0059 0086 0111 0142 0172 0167 0187 0151 0118 0101 0092 0088 0193 1454 0059 0753.
0084 0083 0082 0078 0076 0073 0072 0071 0069 0068 0067 0067
0072 0085 0102 0119 0135 0156 0137 0115 0097 0083 0081 0080 0157 1356 0066 0805.
0078 0077 0075 0074 0072 0071 0070 0068 0066 0063 0062 0061
0065 0088 0109 0142 0151 0181 0155 0132 0104 0085 0076 0071 0190 1412 0061 0641.
0068 0065 0062 0058 0047 0026 0014 0006 0000 -005 -007 -016
0007 0058 0122 0169 0201 0216 0187 0188 0134 0085 0055 0058 0221 1427 -016 0800.
0055 0061 0060 0059 0058 0057 0056 0055 0054 0044 0046 0046
0059 0085 0132 0176 0200 0191 0159 0130 0123 0100 0086 0082 0215 1346 0043 0602.
0080 0078 0075 0072 0070 0068 0067 0066 0065 0064 0063 0063
0067 0078 0088 0099 0104 0108 0104 0097 0087 0079 0073 0069 0115 1134 0062 0755.
0067 0065 0063 0062 0062 0062 0060 0059 0059 0059 0058 0057
0062 0077 0119 0150 0206 0198 0208 0175 0104 0088 0060 0048 0229 1315 0048 2000.
0040 0032 0027 0022 0017 0014 0010 0007 0004 0001 0000 -002
0016 0061 0107 0135 0178 0212 0194 0177 0133 0106 0073 0059 0218 1434 -003 0754.
0051 0041 0033 0027 0024 0043 0050 0054 0056 0057 0058 0059
0065 0079 0107 0148 0171 0197 0199 0179 0145 0103 0076 0073 0224 1422 0023 0108.
0072 0078 0078 0079 0079 0079 0078 0078 0077 0076 0076 0075
0077 0083 0092 0107 0113 0111 0108 0103 0097 0091 0086 0084 0118 1324 0070 2111.
0082 0081 0079 0078 0077 0076 0076 0075 0074 0074 0074 0073
0077 0093 0114 0141 0167 0175 0171 0141 0125 0111 0101 0097 0179 1415 0073 0635.
0094 0092 0089 0088 0086 0084 0080 0080 0083 0082 0080 0080
0082 0119 0148 0174 0201 0225 0190 0159 0134 0109 0099 0094 0226 1401 0072 0244.
0089 0085 0082 0078 0076 0074 0071 0060 0044 0033 0020 0014
0039 0104 0167 0209 0247 0250 0203 0187 0152 0118 0103 0098 0261 1406 0014 0754.
0095 0090 0088 0087 0084 0082 0079 0076 0074 0072 0070 0070
0074 0085 0108 0138 0148 0163 0161 0147 0122 0095 0083 0078 0170 1421 0069 0719.
0075 0072 0069 0066 0064 0063 0062 0061 0059 0055 0057 0057
0065 0084 0144 0175 0182 0204 0181 0163 0129 0106 0099 0086 0226 1435 0053 0549.
0081 0077 0073 0071 0069 0067 0067 0068 0068 0066 0063 0063
0068 0070 0104 0093 0151 0198 0155 0211 0130 0102 0072 0061 0241 1333 0061 1958.
0051 0044 0028 0021 0015 0014 0009 0001 -002 -007 -004 0002
0036 0072 0145 0203 0240 0268 0219 0209 0161 0112 0091 0078 0273 1405 -008 0619.
0076 0068 0061 0068 0071 0071 0070 0068 0064 0067 0067 0066
0076 0105 0134 0145 0193 0160 0127 0110 0103 0094 0084 0080 0202 1254 0059 2321.
0079 0078 0075 0074 0072 0070 0067 0065 0035 0033 0023 0024
0043 0101 0166 0220 0265 0285 0253 0260 0203 0131 0086 0069 0290 1436 0022 0703.
0057 0049 0042 0037 0032 0028 0024 0022 0040 0051 0057 0060
0072 0089 0106 0131 0145 0200 0205 0166 0140 0118 0096 0094 0212 1428 0021 0358.
0085 0074 0060 0054 0041 0037 0032 0024 0020 0016 0013 0012
0040 0099 0160 0209 0247 0268 0243 0242 0196 0137 0101 0082 0278 1413 0012 0750.
0082 0090 0088 0088 0090 0091 0090 0091 0090 0087 0085 0084
0088 0093 0101 0106 0113 0110 0112 0107 0104 0096 0080 0083 0116 1518 0072 1919.
0081 0078 0070 0072 0075 0075 0069 0066 0065 0054 0037 0035
0059 0098 0154 0216 0246 0270 0254 0248 0183 0144 0117 0192 0281 1427 0032 0741=
0080 0078 0076 0074 0072 0070 0065 0058 0053 0049 0048 0050
0047 0052 0065 0083 0102 0110 0115 0118 0114 0105 0098 0092.
0088 0086 0084 0082 0080 0079 0078 0077 0076 0075 0074 0074
0073 0074 0077 0080 0084 0087 0088 0089 0087 0084 0081 0079.
0074 0068 0061 0055 0051 0048 0045 0047 0052 0055 0057 0059
0060 0063 0067 0076 0083 0082 0081 0082 0082 0079 0076 0074.
0073 0072 0071 0070 0067 0060 0053 0048 0045 0046 0050 0052
0054 0058 0064 0071 0079 0091 0106 0114 0111 0105 0097 0092.
0089 0085 0083 0079 0077 0074 0073 0071 0070 0070 0069 0068
0068 0071 0075 0078 0081 0088 0096 0103 0104 0096 0086 0078.
0074 0073 0069 0063 0058 0061 0064 0066 0067 0068 0068 0069
0069 0071 0072 0075 0079 0082 0083 0083 0081 0080 0078 0077.
0076 0075 0074 0073 0072 0072 0072 0071 0071 0071 0071 0071
0071 0073 0077 0084 0092 0104 0110 0114 0113 0107 0094 0084.
0075 0067 0061 0055 0051 0050 0055 0058 0061 0061 0062 0062
0063 0066 0068 0070 0071 0074 0079 0081 0081 0079 0077 0075.
0073 0072 0072 0071 0070 0070 0069 0069 0068 0068 0067 0066
0066 0068 0076 0087 0103 0112 0119 0122 0116 0108 0101 0097.
0093 0090 0088 0086 0084 0082 0081 0079 0078 0077 0076 0075
0074 0076 0081 0088 0095 0103 0110 0108 0102 0097 0092 0089.
0086 0084 0083 0081 0080 0079 0078 0076 0074 0072 0071 0070
0069 0071 0077 0089 0098 0108 0116 0115 0109 0100 0092 0087.
0083 0080 0077 0075 0072 0065 0057 0050 0044 0038 0034 0027
0028 0035 0054 0078 0102 0120 0128 0132 0126 0113 0098 0086.
0081 0077 0075 0073 0072 0070 0069 0068 0067 0065 0062 0060
0060 0064 0076 0093 0112 0125 0127 0123 0117 0110 0102 0096.
0091 0088 0086 0084 0081 0079 0078 0076 0075 0074 0073 0072
0072 0074 0076 0080 0084 0088 0090 0090 0088 0085 0082 0080.
0077 0075 0073 0072 0071 0070 0070 0069 0068 0067 0067 0066
0065 0068 0075 0084 0100 0121 0131 0137 0126 0112 0099 0088.
0079 0072 0065 0060 0055 0051 0047 0044 0040 0037 0035 0032
0031 0038 0053 0071 0089 0108 0121 0127 0123 0114 0102 0090.
0082 0075 0068 0062 0057 0056 0058 0060 0062 0063 0063 0064
0065 0067 0073 0084 0099 0113 0127 0132 0128 0119 0106 0096.
0091 0088 0085 0085 0084 0084 0083 0083 0082 0081 0081 0080
0080 0080 0082 0086 0091 0094 0095 0095 0094 0093 0090 0089.
0087 0086 0085 0084 0083 0082 0081 0081 0080 0079 0079 0078
0078 0080 0085 0093 0103 0114 0122 0123 0118 0113 0107 0103.
0100 0097 0096 0094 0092 0090 0085 0088 0087 0087 0086 0085
0084 0087 0097 0110 0120 0133 0138 0138 0131 0121 0113 0107.
0102 0098 0094 0091 0088 0086 0085 0083 0077 0071 0064 0058
0054 0062 0082 0107 0130 0147 0154 0150 0144 0132 0122 0114.
0108 0105 0101 0098 0095 0092 0090 0088 0086 0084 0083 0081
0080 0080 0084 0090 0101 0109 0116 0117 0115 0108 0100 0095.
0090 0087 0084 0082 0079 0078 0076 0075 0074 0072 0071 0070
0070 0072 0080 0097 0111 0124 0133 0133 0127 0117 0112 0102.
0097 0093 0090 0087 0084 0082 0081 0079 0078 0078 0076 0075
0075 0075 0079 0085 0101 0115 0123 0129 0131 0119 0106 0096.
0088 0081 0074 0067 0061 0056 0051 0047 0043 0039 0035 0033
0037 0046 0064 0091 0117 0138 0148 0148 0142 0130 0116 0106.
0098 0093 0087 0083 0083 0082 0081 0080 0078 0077 0077 0076
0076 0080 0089 0099 0110 0117 0117 0110 0105 0101 0097 0092.
0089 0087 0085 0084 0082 0081 0079 0078 0074 0066 0061 0057
0056 0062 0081 0106 0132 0154 0163 0171 0165 0150 0132 0117.
0105 0095 0087 0080 0074 0069 0065 0061 0059 0062 0064 0066
0068 0072 0079 0087 0096 0107 0122 0128 0123 0118 0110 0103.
0101 0096 0089 0083 0077 0072 0067 0063 0058 0055 0051 0048
0047 0056 0075 0100 0124 0144 0155 0162 0158 0147 0132 0119.
0109 0104 0101 0099 0098 0097 0096 0095 0095 0093 0093 0091
0090 0091 0092 0094 0097 0099 0099 0100 0099 0098 0095 0086.
0090 0089 0086 0084 0083 0082 0082 0079 0078 0075 0071 0065
0063 0070 0085 0106 0130 0150 0162 0169 0164 0152 0138 0189=
0087 0086 0084 0083 0082 0080 0078 0075 0072 0068 0066 0065
0064 0063 0066 0072 0081 0091 0097 0102 0105 0103 0101 0098.
0095 0093 0091 0090 0088 0087 0086 0085 0085 0084 0083 0082
0082 0081 0082 0083 0085 0087 0088 0089 0090 0089 0088 0087.
0085 0082 0079 0075 0071 0068 0065 0064 0064 0065 0066 0067
0068 0069 0071 0073 0078 0081 0082 0083 0083 0083 0082 0081.
0081 0080 0079 0078 0078 0075 0072 0068 0065 0063 0063 0063
0064 0065 0067 0070 0074 0079 0087 0094 0099 0100 0099 0096.
0094 0092 0090 0088 0086 0084 0083 0081 0080 0080 0079 0078
0077 0078 0079 0080 0082 0084 0088 0093 0096 0097 0094 0090.
0087 0084 0082 0079 0076 0074 0074 0074 0075 0075 0076 0076
0076 0077 0077 0078 0080 0081 0084 0085 0085 0085 0084 0083.
0083 0082 0081 0081 0080 0080 0079 0079 0079 0078 0078 0078
0078 0078 0079 0082 0085 0090 0096 0101 0104 0102 0101 0096.
0091 0086 0081 0077 0073 0070 0069 0069 0070 0071 0071 0071
0072 0072 0073 0075 0076 0077 0079 0081 0082 0083 0082 0081.
0081 0080 0079 0079 0078 0078 0077 0077 0077 0076 0076 0075
0075 0075 0076 0080 0087 0094 0101 0106 0108 0107 0106 0102.
0099 0097 0095 0094 0092 0091 0089 0088 0087 0086 0085 0084
0083 0083 0084 0086 0090 0094 0099 0102 0102 0100 0098 0096.
0094 0093 0091 0090 0089 0088 0087 0086 0084 0083 0082 0081
0080 0080 0081 0084 0089 0094 0100 0104 0105 0103 0100 0097.
0094 0091 0089 0087 0085 0082 0078 0073 0069 0064 0061 0057
0054 0053 0056 0065 0077 0089 0100 0108 0112 0110 0105 0099.
0094 0090 0087 0085 0083 0082 0080 0079 0078 0077 0075 0074
0073 0073 0075 0081 0090 0100 0107 0110 0110 0109 0106 0103.
0100 0097 0095 0093 0091 0089 0088 0086 0085 0084 0083 0082
0082 0081 0082 0083 0085 0087 0089 0090 0091 0090 0089 0088.
0086 0085 0084 0082 0081 0080 0079 0079 0078 0077 0077 0076
0076 0075 0077 0080 0086 0095 0105 0113 0116 0112 0108 0102.
0096 0091 0086 0081 0077 0073 0070 0067 0064 0061 0058 0056
0054 0053 0057 0063 0072 0083 0093 0102 0107 0107 0104 0100.
0095 0090 0085 0081 0077 0074 0072 0072 0072 0072 0072 0073
0073 0073 0075 0078 0084 0092 0101 0109 0113 0113 0110 0105.
0100 0097 0095 0093 0092 0091 0090 0089 0089 0088 0088 0087
0087 0086 0086 0088 0089 0092 0094 0095 0095 0095 0095 0093.
0093 0092 0091 0090 0089 0089 0088 0088 0087 0087 0086 0086
0085 0085 0086 0089 0093 0100 0105 0110 0111 0111 0109 0107.
0105 0103 0101 0100 0099 0097 0102 0096 0095 0094 0093 0092
0092 0092 0094 0099 0105 0111 0118 0122 0123 0121 0118 0114.
0110 0107 0104 0102 0099 0097 0095 0094 0092 0089 0085 0081
0077 0075 0079 0088 0100 0113 0123 0128 0130 0128 0124 0120.
0116 0113 0109 0107 0105 0102 0100 0098 0097 0095 0094 0092
0091 0090 0090 0091 0095 0099 0104 0108 0110 0109 0107 0103.
0100 0098 0095 0093 0091 0090 0088 0087 0086 0084 0083 0082
0082 0081 0082 0087 0095 0102 0110 0116 0117 0116 0111 0109.
0106 0103 0100 0098 0095 0094 0092 0090 0089 0088 0087 0086
0085 0085 0085 0087 0090 0097 0105 0110 0115 0116 0112 0107.
0102 0097 0093 0088 0083 0079 0075 0072 0068 0065 0062 0059
0057 0059 0063 0072 0085 0100 0112 0120 0124 0123 0119 0113.
0108 0104 0100 0096 0094 0092 0091 0090 0089 0087 0086 0086
0085 0085 0087 0092 0097 0103 0107 0107 0106 0104 0102 0100.
0098 0096 0094 0093 0091 0090 0089 0088 0086 0084 0080 0077
0074 0073 0077 0086 0098 0113 0125 0135 0140 0140 0134 0127.
0119 0112 0106 0100 0095 0091 0086 0083 0080 0078 0078 0078
0078 0079 0081 0084 0089 0094 0101 0109 0112 0113 0111 0108.
0106 0103 0100 0097 0093 0089 0086 0083 0079 0076 0073 0070
0068 0068 0072 0081 0093 0107 0119 0128 0134 0134 0131 0125.
0119 0114 0110 0107 0105 0103 0103 0102 0101 0100 0099 0098
0098 0097 0097 0098 0098 0100 0100 0101 0101 0101 0100 0105.
0098 0097 0095 0094 0093 0091 0091 0090 0089 0087 0085 0083
0080 0079 0082 0089 0101 0113 0125 0135 0140 0140 0136 0190=
0088 0088 0088 0088 0088 0087 0087 0086 0086 0085 0084 0083
0081 0081 0080 0080 0081 0082 0084 0086 0088 0090 0092 0093.
0093 0093 0093 0093 0092 0092 0091 0091 0091 0090 0090 0090
0089 0089 0089 0088 0089 0089 0089 0090 0090 0090 0091 0091.
0090 0090 0089 0089 0088 0086 0085 0084 0083 0082 0081 0081
0081 0080 0080 0081 0081 0082 0083 0083 0084 0085 0085 0085.
0086 0086 0085 0085 0085 0084 0084 0083 0082 0082 0080 0080
0079 0078 0078 0078 0079 0080 0081 0082 0084 0086 0088 0090.
0090 0091 0091 0091 0090 0090 0089 0089 0088 0088 0087 0087
0086 0086 0086 0086 0086 0086 0087 0088 0089 0090 0090 0091.
0091 0091 0090 0089 0088 0088 0087 0086 0085 0085 0085 0084
0084 0084 0084 0084 0084 0085 0085 0086 0086 0086 0087 0087.
0087 0087 0087 0087 0086 0086 0086 0086 0086 0086 0085 0085
0085 0085 0085 0085 0086 0086 0087 0089 0090 0091 0093 0094.
0094 0093 0092 0091 0089 0088 0087 0085 0084 0084 0083 0083
0083 0082 0082 0082 0082 0083 0083 0083 0084 0084 0085 0085.
0085 0085 0085 0085 0085 0085 0085 0084 0084 0084 0084 0084
0083 0083 0083 0083 0084 0085 0087 0089 0091 0093 0093 0095.
0095 0095 0095 0095 0094 0094 0094 0093 0093 0092 0092 0091
0091 0090 0090 0090 0090 0091 0091 0092 0094 0094 0095 0095.
0095 0095 0095 0094 0094 0093 0093 0092 0092 0091 0091 0090
0090 0089 0089 0089 0089 0089 0090 0092 0094 0095 0095 0096.
0096 0095 0095 0094 0093 0092 0091 0090 0088 0087 0085 0082
0081 0080 0079 0078 0078 0079 0082 0085 0088 0091 0093 0094.
0094 0094 0093 0092 0091 0090 0089 0089 0088 0087 0086 0086
0085 0085 0084 0084 0085 0086 0088 0091 0093 0095 0096 0097.
0097 0097 0096 0096 0095 0094 0094 0093 0092 0092 0091 0091
0090 0090 0089 0089 0089 0089 0089 0090 0090 0091 0091 0091.
0091 0090 0090 0090 0089 0089 0088 0088 0087 0087 0086 0086
0086 0085 0085 0085 0086 0086 0088 0090 0093 0095 0097 0097.
0097 0097 0095 0094 0092 0091 0089 0087 0086 0084 0082 0081
0079 0078 0077 0077 0077 0078 0080 0082 0085 0088 0090 0092.
0092 0092 0091 0090 0089 0088 0087 0086 0085 0084 0083 0083
0083 0083 0083 0083 0083 0084 0086 0088 0091 0093 0095 0096.
0097 0096 0096 0095 0095 0094 0094 0093 0093 0093 0092 0092
0091 0091 0091 0091 0091 0091 0091 0092 0093 0093 0093 0093.
0094 0093 0093 0093 0093 0093 0092 0092 0092 0092 0091 0091
0091 0091 0091 0091 0091 0092 0093 0094 0096 0098 0099 0099.
0100 0100 0100 0100 0099 0099 0102 0098 0098 0097 0097 0097
0096 0096 0096 0096 0096 0098 0099 0101 0103 0105 0106 0106.
0106 0106 0105 0104 0104 0103 0102 0101 0100 0099 0097 0096
0095 0094 0093 0092 0092 0094 0096 0100 0103 0105 0107 0108.
0108 0108 0107 0107 0106 0105 0104 0103 0102 0101 0101 0100
0099 0098 0098 0097 0097 0097 0098 0099 0100 0101 0101 0102.
0102 0101 0101 0100 0099 0098 0097 0096 0096 0095 0094 0094
0093 0092 0092 0092 0092 0093 0095 0096 0099 0101 0103 0103.
0103 0103 0102 0101 0101 0100 0099 0098 0097 0097 0096 0095
0095 0094 0094 0093 0093 0093 0094 0096 0097 0100 0101 0102.
0102 0101 0100 0099 0098 0096 0094 0093 0091 0089 0087 0085
0084 0082 0082 0081 0082 0084 0087 0090 0094 0097 0100 0101.
0102 0102 0101 0100 0099 0098 0097 0096 0096 0095 0094 0094
0093 0093 0093 0093 0093 0094 0095 0096 0098 0099 0099 0099.
0099 0099 0098 0098 0097 0096 0096 0095 0094 0094 0093 0092
0091 0090 0089 0089 0089 0091 0094 0098 0102 0106 0109 0110.
0110 0110 0108 0107 0105 0103 0101 0099 0098 0096 0094 0093
0092 0091 0091 0091 0091 0091 0092 0094 0096 0098 0099 0101.
0101 0101 0101 0100 0099 0099 0097 0096 0095 0093 0092 0090
0089 0088 0087 0087 0087 0089 0092 0095 0099 0103 0105 0107.
0108 0108 0107 0106 0106 0105 0104 0104 0103 0103 0102 0101
0101 0101 0100 0100 0100 0100 0100 0100 0100 0100 0100 0099.
0100 0100 0099 0099 0099 0098 0098 0097 0096 0096 0095 0094
0094 0093 0092 0092 0093 0094 0097 0100 0104 0108 0110 0190=
0087 0087 0086 0085 0085 0084 0083 0082 0080 0078 0077 0075
0073 0073 0073 0074 0077 0081 0085 0089 0092 0095 0095 0095.
0094 0093 0092 0091 0090 0090 0089 0088 0088 0087 0086 0086
0085 0085 0085 0085 0085 0086 0087 0088 0089 0089 0089 0089.
0088 0087 0085 0083 0081 0079 0077 0075 0074 0073 0073 0073
0074 0074 0074 0075 0077 0079 0080 0081 0082 0083 0083 0083.
0083 0082 0082 0081 0081 0080 0079 0077 0075 0074 0071 0072
0071 0071 0072 0072 0074 0076 0079 0083 0087 0090 0091 0092.
0091 0091 0090 0089 0088 0087 0086 0085 0085 0084 0083 0083
0082 0081 0081 0082 0082 0083 0085 0087 0089 0091 0091 0091.
0090 0088 0087 0085 0084 0082 0081 0080 0080 0080 0080 0080
0080 0080 0080 0080 0081 0081 0083 0084 0084 0085 0085 0085.
0084 0084 0084 0083 0083 0083 0082 0082 0082 0082 0081 0081
0081 0081 0081 0082 0083 0085 0088 0091 0094 0097 0096 0095.
0094 0091 0089 0086 0083 0081 0079 0078 0077 0077 0077 0077
0077 0077 0077 0077 0078 0079 0079 0080 0081 0082 0083 0083.
0082 0082 0082 0081 0081 0081 0081 0080 0080 0080 0079 0079
0079 0079 0079 0080 0082 0085 0089 0092 0096 0098 0098 0098.
0097 0096 0095 0094 0093 0092 0091 0091 0090 0089 0088 0088
0087 0086 0086 0087 0088 0089 0091 0094 0096 0096 0096 0095.
0095 0094 0093 0092 0091 0091 0090 0089 0088 0088 0087 0086
0085 0084 0084 0085 0086 0088 0091 0094 0096 0097 0097 0096.
0095 0094 0092 0091 0089 0088 0086 0084 0081 0078 0075 0076
0070 0069 0068 0069 0072 0077 0084 0089 0094 0097 0098 0097.
0095 0093 0091 0089 0088 0086 0085 0084 0083 0082 0081 0080
0079 0079 0079 0080 0083 0087 0092 0096 0098 0100 0100 0099.
0098 0097 0096 0094 0093 0092 0091 0090 0089 0088 0087 0087
0086 0085 0085 0085 0086 0086 0087 0088 0089 0089 0089 0089.
0088 0088 0087 0086 0085 0085 0084 0083 0083 0082 0082 0081
0081 0080 0080 0081 0083 0086 0090 0095 0100 0102 0102 0100.
0098 0096 0093 0090 0087 0084 0082 0079 0077 0075 0072 0070
0068 0067 0067 0068 0070 0074 0080 0085 0090 0094 0095 0095.
0094 0092 0090 0087 0085 0083 0081 0079 0079 0078 0078 0077
0077 0077 0078 0079 0080 0083 0088 0092 0097 0100 0100 0100.
0099 0097 0096 0094 0093 0093 0092 0091 0091 0090 0090 0089
0089 0089 0088 0088 0089 0090 0091 0091 0092 0093 0093 0093.
0093 0092 0092 0091 0091 0091 0090 0090 0089 0089 0089 0088
0088 0088 0088 0088 0090 0091 0095 0098 0100 0102 0103 0102.
0102 0101 0101 0099 0099 0098 0099 0097 0096 0095 0095 0094
0094 0093 0093 0095 0097 0100 0104 0107 0110 0111 0111 0110.
0109 0107 0106 0104 0102 0101 0099 0098 0096 0095 0093 0090
0088 0086 0085 0086 0090 0096 0102 0108 0112 0114 0114 0113.
0112 0111 0109 0107 0105 0104 0103 0101 0100 0099 0098 0096
0095 0095 0094 0094 0094 0095 0098 0100 0102 0103 0103 0103.
0101 0100 0099 0097 0096 0095 0093 0092 0091 0090 0089 0088
0087 0087 0086 0087 0089 0093 0097 0101 0104 0106 0109 0106.
0105 0103 0102 0100 0099 0097 0096 0095 0094 0093 0092 0091
0090 0089 0089 0089 0090 0091 0095 0099 0103 0104 0105 0105.
0103 0101 0098 0095 0093 0090 0087 0084 0082 0079 0077 0074
0073 0071 0071 0073 0077 0083 0091 0098 0103 0106 0108 0107.
0105 0103 0101 0099 0097 0096 0094 0093 0092 0091 0091 0090
0089 0089 0089 0090 0092 0094 0097 0099 0100 0100 0100 0099.
0098 0097 0096 0095 0095 0094 0093 0092 0090 0090 0088 0086
0084 0083 0082 0084 0088 0094 0101 0108 0114 0118 0120 0118.
0116 0113 0109 0106 0103 0099 0096 0093 0091 0089 0087 0086
0085 0085 0085 0086 0087 0089 0092 0096 0100 0102 0103 0104.
0103 0102 0101 0099 0097 0095 0093 0091 0089 0086 0084 0082
0080 0079 0079 0080 0084 0090 0097 0104 0110 0114 0116 0115.
0114 0112 0110 0108 0106 0104 0104 0102 0102 0101 0100 0100
0099 0099 0098 0098 0098 0098 0099 0099 0100 0100 0100 0089.
0099 0098 0097 0097 0096 0095 0094 0093 0093 0092 0091 0090
0088 0087 0086 0088 0090 0096 0103 0110 0115 0119 0121 0190=
0096 0096 0097 0097 0098 0098 0099 0099 0099 0099 0098 0098
0098 0096 0094 0092 0091 0093 0091 0092 0093 0095 0096 0097.
0097 0098 0098 0099 0099 0099 0099 0099 0099 0099 0099 0099
0099 0099 0099 0098 0098 0098 0098 0098 0098 0099 0099 0099.
0100 0101 0101 0102 0101 0101 0101 0099 0099 0098 0097 0097
0096 0096 0095 0094 0094 0095 0095 0095 0095 0095 0096 0096.
0096 0096 0096 0096 0097 0098 0098 0098 0098 0097 0096 0096
0095 0094 0094 0093 0092 0090 0089 0090 0091 0093 0094 0094.
0095 0096 0096 0097 0097 0098 0098 0098 0098 0098 0098 0098
0097 0097 0096 0096 0096 0095 0094 0094 0095 0096 0098 0099.
0098 0099 0099 0100 0100 0099 0098 0098 0098 0097 0097 0097
0097 0096 0096 0096 0095 0095 0095 0095 0096 0096 0096 0096.
0096 0096 0097 0097 0097 0097 0097 0097 0097 0097 0096 0096
0096 0096 0095 0095 0094 0094 0094 0094 0095 0096 0098 0099.
0100 0101 0101 0101 0102 0100 0099 0099 0098 0098 0097 0097
0096 0096 0096 0095 0095 0095 0094 0094 0094 0094 0095 0095.
0095 0095 0095 0095 0095 0095 0095 0095 0095 0095 0095 0095
0095 0094 0093 0093 0091 0092 0092 0092 0094 0095 0096 0097.
0097 0098 0098 0099 0099 0099 0099 0100 0100 0100 0100 0100
0099 0099 0098 0097 0097 0096 0097 0097 0098 0099 0099 0099.
0100 0100 0100 0100 0100 0100 0100 0100 0100 0100 0100 0100
0099 0099 0098 0097 0097 0096 0096 0097 0103 0098 0099 0100.
0100 0101 0100 0101 0101 0102 0103 0103 0103 0103 0102 0102
0100 0097 0093 0091 0090 0089 0089 0090 0092 0094 0097 0098.
0098 0098 0098 0099 0099 0098 0099 0099 0098 0098 0098 0098
0097 0096 0094 0092 0092 0091 0093 0094 0095 0096 0097 0098.
0098 0099 0099 0100 0100 0100 0100 0100 0100 0100 0100 0100
0100 0099 0099 0098 0098 0098 0098 0098 0098 0098 0098 0099.
0099 0099 0099 0099 0099 0099 0099 0099 0098 0098 0098 0098
0098 0097 0110 0095 0093 0092 0092 0093 0095 0097 0099 0101.
0101 0102 0102 0103 0103 0103 0102 0102 0102 0101 0100 0100
0099 0096 0093 0091 0090 0088 0088 0089 0090 0092 0094 0095.
0096 0097 0098 0099 0099 0098 0098 0097 0097 0096 0096 0096
0095 0095 0094 0092 0091 0091 0089 0091 0092 0094 0096 0098.
0098 0098 0099 0099 0099 0099 0099 0099 0099 0099 0099 0099
0099 0099 0099 0098 0098 0098 0098 0099 0098 0099 0099 0099.
0100 0100 0100 0100 0100 0100 0100 0100 0100 0100 0100 0100
0100 0099 0098 0098 0097 0097 0096 0097 0098 0099 0100 0101.
0101 0102 0102 0102 0103 0103 0103 0103 0103 0103 0103 0103
0103 0102 0101 0100 0099 0099 0100 0102 0102 0103 0104 0105.
0105 0106 0106 0106 0106 0107 0107 0107 0108 0108 0108 0108
0107 0103 0099 0098 0097 0097 0097 0099 0100 0102 0104 0104.
0105 0106 0106 0106 0107 0107 0107 0107 0107 0107 0107 0107
0106 0106 0105 0104 0104 0103 0103 0103 0104 0104 0105 0105.
0105 0106 0106 0106 0106 0106 0106 0106 0105 0105 0105 0104
0104 0103 0101 0100 0100 0099 0099 0100 0101 0102 0103 0104.
0104 0105 0105 0105 0106 0106 0106 0105 0105 0105 0105 0105
0104 0104 0103 0103 0100 0100 0101 0099 0100 0102 0103 0104.
0105 0106 0107 0107 0108 0107 0107 0107 0107 0106 0105 0105
0103 0101 0097 0094 0092 0092 0092 0094 0095 0097 0099 0100.
0102 0102 0103 0103 0103 0103 0103 0103 0103 0103 0103 0103
0102 0101 0100 0100 0099 0099 0100 0101 0101 0102 0102 0103.
0103 0103 0103 0104 0104 0104 0104 0104 0105 0105 0105 0104
0103 0101 0098 0096 0095 0094 0094 0095 0097 0100 0103 0105.
0106 0107 0108 0108 0109 0109 0109 0108 0107 0106 0105 0104
0103 0103 0102 0100 0100 0098 0097 0099 0099 0100 0101 0102.
0103 0104 0105 0105 0106 0106 0106 0106 0106 0106 0106 0105
0104 0101 0098 0096 0094 0094 0094 0094 0096 0098 0088 0103.
0105 0105 0105 0106 0106 0106 0106 0106 0106 0106 0106 0106
0106 0106 0105 0105 0105 0105 0105 0105 0105 0105 0105 0106.
0106 0106 0106 0106 0106 0106 0106 0106 0106 0107 0106 0106
0106 0104 0102 0100 0098 0097 0096 0098 0100 0102 0104 0191=
KB
0118 0118 0118 0118 0118 0118 0119 0120 0120 0120 0119 0119
0119 0117 0116 0114 0113 0115 0114 0114 0115 0116 0117 0117.
0117 0117 0117 0117 0117 0117 0117 0117 0117 0117 0117 0117
0117 0117 0116 0116 0116 0116 0116 0116 0117 0117 0117 0117.
0118 0118 0119 0119 0119 0119 0119 0118 0118 0118 0118 0118
0118 0117 0117 0116 0116 0117 0117 0116 0116 0117 0117 0117.
0117 0117 0117 0117 0117 0118 0119 0119 0118 0118 0117 0117
0117 0116 0116 0115 0115 0113 0112 0113 0114 0114 0115 0115.
0115 0115 0115 0115 0115 0115 0117 0116 0116 0115 0115 0116
0115 0115 0115 0114 0114 0113 0113 0112 0113 0115 0116 0116.
0116 0117 0116 0117 0116 0116 0115 0115 0115 0115 0115 0115
0115 0115 0115 0115 0114 0114 0114 0114 0115 0115 0115 0115.
0115 0115 0115 0115 0115 0115 0115 0115 0115 0115 0115 0115
0115 0114 0114 0113 0113 0112 0112 0112 0113 0114 0115 0115.
0116 0116 0116 0117 0117 0116 0115 0115 0115 0115 0115 0115
0115 0114 0115 0115 0114 0114 0114 0114 0114 0114 0114 0114.
0114 0114 0114 0114 0114 0114 0114 0114 0114 0114 0114 0114
0114 0114 0113 0112 0111 0111 0111 0111 0112 0112 0113 0113.
0113 0113 0113 0113 0113 0113 0113 0113 0113 0114 0114 0114
0113 0113 0113 0112 0112 0111 0111 0112 0113 0113 0113 0113.
0113 0113 0113 0114 0114 0114 0114 0113 0113 0114 0114 0114
0114 0113 0113 0112 0112 0111 0111 0112 0115 0113 0114 0114.
0114 0114 0114 0115 0115 0116 0117 0117 0118 0118 0118 0118
0117 0114 0112 0110 0110 0109 0110 0110 0112 0114 0116 0116.
0115 0115 0115 0115 0115 0115 0115 0114 0114 0115 0115 0115
0115 0113 0111 0110 0110 0110 0111 0112 0112 0113 0113 0113.
0113 0113 0113 0113 0113 0114 0114 0114 0114 0114 0114 0114
0114 0114 0113 0113 0113 0113 0113 0113 0113 0113 0114 0114.
0114 0114 0114 0114 0114 0114 0114 0114 0114 0114 0114 0114
0114 0114 0107 0112 0110 0109 0109 0109 0112 0113 0114 0115.
0115 0115 0115 0116 0116 0116 0116 0116 0116 0116 0116 0116
0116 0114 0112 0111 0109 0109 0109 0110 0111 0112 0113 0113.
0114 0114 0115 0115 0115 0114 0114 0114 0113 0113 0111 0113
0113 0113 0112 0111 0110 0109 0108 0109 0109 0111 0112 0113.
0112 0112 0112 0112 0112 0112 0112 0112 0112 0112 0112 0112
0112 0112 0112 0111 0111 0111 0111 0111 0111 0112 0112 0112.
0112 0112 0112 0112 0112 0112 0112 0112 0113 0113 0113 0113
0113 0112 0111 0111 0110 0110 0110 0110 0111 0111 0112 0112.
0112 0112 0112 0112 0112 0112 0112 0112 0112 0113 0113 0113
0113 0112 0111 0110 0110 0109 0110 0108 0111 0112 0112 0113.
0113 0113 0113 0113 0113 0114 0114 0114 0115 0116 0117 0117
0116 0113 0109 0109 0108 0109 0109 0111 0112 0113 0114 0114.
0114 0114 0114 0114 0114 0114 0114 0115 0115 0115 0115 0115
0115 0115 0114 0114 0114 0113 0113 0114 0114 0115 0115 0115.
0116 0116 0116 0116 0116 0116 0116 0116 0117 0117 0117 0116
0116 0116 0115 0113 0114 0113 0113 0114 0114 0115 0115 0116.
0116 0116 0116 0116 0116 0116 0116 0116 0116 0116 0116 0116
0116 0116 0116 0116 0113 0114 0113 0112 0113 0115 0116 0116.
0117 0117 0118 0118 0118 0118 0118 0119 0119 0119 0119 0119
0118 0117 0113 0111 0110 0110 0111 0112 0113 0114 0115 0115.
0116 0116 0116 0116 0116 0115 0115 0115 0116 0116 0115 0115
0115 0115 0114 0113 0112 0113 0114 0114 0114 0114 0115 0115.
0115 0115 0115 0115 0115 0115 0115 0115 0116 0116 0117 0116
0116 0114 0112 0110 0109 0109 0109 0109 0111 0112 0115 0116.
0116 0116 0117 0117 0117 0117 0117 0117 0117 0116 0116 0116
0115 0115 0115 0114 0114 0113 0111 0113 0113 0114 0114 0115.
0115 0115 0116 0116 0116 0117 0117 0117 0117 0117 0118 0118
0117 0115 0112 0111 0109 0109 0109 0110 0111 0112 0115 0115.
0115 0115 0115 0115 0114 0114 0114 0114 0114 0114 0115 0115
0115 0114 0114 0114 0114 0114 0114 0114 0114 0114 0115 0115.
0115 0115 0116 0115 0116 0115 0116 0116 0116 0117 0117 0117
0117 0116 0114 0112 0110 0109 0109 0110 0111 0113 0114 0185=
0151 0152 0152 0152 0152 0152 0153 0153 0154 0154 0153 0152
0153 0151 0149 0148 0147 0149 0147 0148 0148 0150 0150 0150.
0150 0150 0150 0150 0150 0150 0150 0150 0150 0150 0150 0150
0150 0150 0149 0149 0149 0149 0149 0149 0149 0149 0149 0149.
0150 0151 0151 0152 0152 0151 0151 0150 0150 0150 0150 0150
0149 0149 0149 0148 0148 0148 0149 0148 0148 0149 0149 0149.
0149 0149 0149 0149 0149 0150 0151 0151 0150 0149 0149 0149
0149 0148 0148 0147 0147 0145 0144 0145 0146 0147 0147 0147.
0147 0147 0147 0147 0148 0148 0149 0148 0148 0147 0147 0148
0147 0147 0147 0146 0146 0145 0145 0144 0145 0146 0147 0148.
0147 0145 0148 0148 0148 0147 0147 0147 0147 0146 0146 0146
0146 0146 0146 0146 0145 0145 0145 0146 0146 0146 0146 0146.
0146 0146 0146 0146 0146 0146 0146 0146 0146 0146 0146 0146
0146 0145 0145 0144 0144 0143 0143 0143 0143 0144 0145 0146.
0147 0147 0147 0147 0148 0146 0146 0146 0146 0145 0145 0145
0145 0145 0145 0145 0145 0144 0144 0144 0144 0144 0144 0144.
0144 0144 0144 0145 0144 0144 0144 0144 0144 0144 0144 0145
0144 0144 0143 0142 0141 0141 0141 0141 0142 0143 0143 0143.
0143 0143 0143 0143 0143 0144 0144 0144 0144 0144 0144 0144
0143 0143 0142 0142 0141 0141 0141 0142 0142 0143 0143 0143.
0143 0143 0143 0143 0143 0143 0143 0142 0142 0143 0143 0143
0143 0142 0142 0141 0141 0140 0140 0141 0147 0142 0142 0143.
0143 0143 0143 0143 0143 0144 0145 0145 0146 0146 0146 0146
0145 0142 0139 0138 0137 0137 0138 0138 0140 0141 0143 0144.
0143 0143 0143 0143 0143 0143 0143 0143 0142 0143 0143 0143
0143 0141 0139 0138 0138 0138 0139 0140 0140 0141 0141 0141.
0141 0141 0141 0141 0141 0142 0142 0142 0142 0142 0142 0142
0142 0141 0141 0141 0140 0140 0140 0140 0141 0141 0141 0141.
0141 0141 0141 0141 0141 0141 0141 0141 0141 0141 0141 0141
0141 0141 0135 0139 0137 0137 0136 0137 0139 0140 0141 0142.
0142 0143 0143 0143 0143 0143 0143 0143 0143 0143 0143 0143
0143 0141 0139 0138 0137 0136 0135 0136 0138 0139 0140 0140.
0141 0141 0142 0142 0142 0142 0141 0141 0141 0141 0139 0140
0140 0140 0139 0138 0137 0136 0135 0136 0137 0138 0140 0140.
0139 0139 0139 0139 0139 0139 0139 0139 0139 0139 0139 0139
0139 0139 0139 0138 0138 0138 0138 0134 0138 0138 0139 0139.
0139 0139 0139 0139 0139 0139 0139 0139 0139 0139 0139 0139
0139 0138 0137 0137 0136 0136 0136 0136 0137 0137 0138 0138.
0138 0138 0138 0138 0138 0138 0138 0138 0138 0138 0138 0138
0138 0137 0136 0135 0135 0134 0135 0133 0136 0137 0138 0137.
0137 0137 0138 0138 0138 0138 0138 0139 0139 0140 0141 0141
0140 0136 0133 0132 0132 0132 0133 0134 0135 0136 0137 0137.
0137 0138 0138 0137 0137 0137 0137 0138 0138 0138 0138 0138
0138 0138 0137 0136 0136 0136 0136 0136 0136 0137 0138 0138.
0138 0138 0138 0138 0138 0138 0138 0139 0139 0139 0139 0139
0138 0138 0137 0135 0135 0134 0135 0135 0136 0137 0137 0137.
0138 0138 0138 0138 0138 0138 0138 0138 0138 0138 0138 0138
0138 0138 0138 0137 0135 0135 0136 0134 0135 0136 0137 0138.
0138 0138 0140 0140 0140 0140 0140 0140 0141 0141 0140 0141
0140 0139 0135 0133 0132 0131 0132 0134 0135 0136 0137 0137.
0138 0138 0138 0138 0138 0138 0138 0138 0138 0138 0138 0138
0138 0137 0136 0136 0134 0135 0136 0137 0137 0137 0137 0137.
0137 0137 0137 0137 0137 0137 0137 0138 0139 0139 0139 0139
0138 0137 0134 0132 0131 0131 0131 0132 0133 0134 0137 0138.
0138 0139 0139 0139 0139 0139 0139 0139 0139 0138 0138 0138
0137 0137 0136 0136 0135 0134 0132 0132 0135 0135 0136 0136.
0136 0137 0138 0138 0138 0139 0139 0139 0139 0139 0139 0139
0139 0136 0134 0132 0131 0130 0131 0131 0132 0134 0138 0137.
0137 0137 0136 0136 0136 0136 0136 0136 0136 0136 0136 0136
0136 0136 0136 0135 0135 0135 0135 0135 0135 0135 0136 0136.
0136 0136 0137 0136 0136 0136 0136 0137 0136 0136 0138 0138
0137 0136 0134 0132 0131 0130 0130 0130 0132 0133 0135 0170=
0187 0187 0187 0187 0187 0188 0188 0189 0189 0189 0188 0188
0188 0186 0185 0183 0182 0184 0183 0183 0184 0186 0186 0186.
0186 0186 0186 0186 0186 0186 0186 0186 0186 0186 0186 0186
0186 0186 0185 0185 0185 0185 0185 0185 0185 0186 0186 0186.
0186 0187 0188 0188 0188 0188 0188 0187 0186 0186 0186 0186
0186 0186 0185 0184 0185 0185 0185 0185 0185 0185 0185 0185.
0185 0185 0185 0185 0186 0187 0188 0188 0187 0186 0186 0186
0186 0185 0185 0184 0184 0182 0181 0181 0183 0184 0184 0184.
0184 0184 0184 0185 0185 0185 0181 0185 0185 0185 0185 0185
0185 0184 0184 0184 0183 0182 0182 0181 0182 0184 0185 0185.
0185 0182 0185 0186 0186 0185 0184 0184 0184 0184 0184 0184
0184 0184 0184 0184 0183 0183 0183 0183 0184 0184 0184 0184.
0184 0184 0184 0184 0184 0184 0184 0184 0184 0184 0184 0184
0184 0183 0183 0182 0182 0181 0181 0181 0181 0182 0183 0184.
0185 0185 0185 0186 0186 0184 0184 0184 0184 0184 0183 0184
0183 0183 0183 0183 0183 0183 0182 0182 0182 0182 0182 0183.
0183 0183 0183 0183 0183 0183 0183 0183 0183 0183 0183 0183
0183 0182 0181 0180 0179 0179 0178 0179 0180 0181 0181 0182.
0182 0182 0182 0182 0182 0182 0182 0182 0182 0182 0182 0182
0182 0181 0181 0180 0180 0179 0180 0180 0180 0181 0181 0181.
0181 0181 0181 0181 0181 0181 0181 0181 0181 0181 0181 0181
0181 0181 0180 0179 0179 0178 0178 0179 0180 0180 0181 0181.
0181 0182 0181 0182 0182 0183 0184 0184 0185 0185 0185 0185
0184 0181 0178 0177 0176 0175 0176 0177 0178 0180 0182 0182.
0182 0182 0181 0181 0181 0181 0181 0181 0181 0182 0182 0182
0181 0180 0178 0177 0176 0176 0178 0178 0179 0179 0180 0180.
0180 0180 0180 0180 0180 0180 0180 0180 0180 0180 0180 0180
0180 0180 0179 0179 0179 0179 0179 0179 0179 0180 0180 0180.
0180 0180 0180 0180 0180 0180 0180 0180 0180 0180 0180 0180
0180 0179 0187 0178 0176 0175 0175 0175 0178 0179 0180 0181.
0181 0181 0181 0182 0182 0182 0182 0182 0182 0182 0182 0182
0182 0180 0177 0176 0175 0174 0174 0175 0176 0177 0179 0179.
0179 0180 0180 0181 0181 0180 0180 0179 0179 0179 0179 0179
0179 0179 0178 0177 0176 0175 0174 0175 0175 0177 0178 0179.
0178 0178 0178 0178 0178 0178 0178 0178 0178 0178 0178 0178
0178 0178 0177 0177 0176 0176 0176 0178 0177 0177 0177 0177.
0177 0177 0177 0177 0177 0178 0177 0178 0178 0178 0178 0178
0177 0177 0176 0176 0175 0175 0174 0175 0175 0176 0176 0176.
0176 0176 0176 0176 0177 0176 0176 0177 0176 0177 0177 0177
0177 0176 0175 0174 0173 0172 0173 0172 0175 0175 0176 0176.
0176 0176 0176 0176 0176 0176 0177 0177 0178 0178 0179 0179
0179 0175 0171 0171 0170 0170 0171 0173 0174 0175 0176 0176.
0175 0176 0176 0176 0176 0176 0176 0176 0176 0176 0176 0176
0176 0176 0175 0175 0174 0174 0174 0174 0175 0175 0176 0176.
0176 0176 0176 0176 0176 0176 0176 0177 0177 0177 0177 0177
0176 0176 0175 0173 0173 0172 0173 0173 0174 0175 0175 0175.
0175 0176 0176 0176 0176 0176 0176 0176 0176 0176 0176 0176
0176 0176 0175 0175 0173 0173 0173 0171 0173 0174 0175 0175.
0176 0176 0177 0177 0178 0177 0177 0178 0178 0178 0178 0178
0177 0176 0172 0170 0169 0169 0170 0171 0172 0173 0174 0175.
0175 0175 0175 0175 0175 0175 0175 0175 0175 0175 0175 0175
0175 0174 0173 0173 0171 0172 0173 0173 0174 0174 0174 0174.
0174 0174 0174 0174 0174 0174 0174 0174 0175 0176 0176 0176
0175 0174 0171 0169 0168 0168 0168 0168 0169 0171 0173 0175.
0175 0175 0176 0176 0176 0176 0176 0176 0176 0175 0175 0174
0174 0174 0173 0172 0172 0171 0170 0171 0171 0172 0173 0173.
0173 0174 0174 0174 0175 0175 0175 0175 0176 0176 0176 0176
0175 0172 0170 0169 0167 0167 0167 0167 0169 0170 0180 0173.
0173 0173 0173 0173 0173 0172 0172 0172 0172 0172 0172 0173
0172 0172 0171 0171 0171 0171 0171 0171 0172 0172 0172 0172.
0172 0172 0173 0173 0173 0172 0172 0173 0173 0173 0174 0174
0173 0172 0170 0168 0167 0166 0165 0166 0168 0169 0171 0159=
A=
SA
NN NN NN NN NN NN 00 00 00 00 00 00 00 00 00 00 00 00 NN NN NN NN NN NN 0659 1701 000
NN NN NN NN NN NN 00 00 00 00 00 00 00 00 00 00 00 00 NN NN NN NN NN NN 0659 1701 000
NN NN NN NN NN NN 00 00 00 00 00 00 00 00 00 00 00 00 NN NN NN NN NN NN 0659 1702 000
NN NN NN NN NN NN 00 00 00 00 00 00 00 00 00 00 00 00 NN NN NN NN NN NN 0658 1702 000
NN NN NN NN NN NN 00 00 00 00 00 00 00 00 00 00 00 00 NN NN NN NN NN NN 0658 1702 000
NN NN NN NN NN NN 00 00 00 00 00 00 00 00 00 00 00 00 NN NN NN NN NN NN 0658 1702 000
NN NN NN NN NN NN 00 00 00 00 00 00 00 00 00 00 00 00 NN NN NN NN NN NN 0658 1703 000
NN NN NN NN NN NN 00 00 00 00 00 00 00 00 00 00 00 00 NN NN NN NN NN NN 0657 1703 000
NN NN NN NN NN NN 00 00 00 00 00 00 00 00 00 00 00 00 NN NN NN NN NN NN 0656 1704 000
NN NN NN NN NN NN 00 00 00 00 00 00 00 00 00 00 00 00 NN NN NN NN NN NN 0656 1704 000
NN NN NN NN NN NN 00 00 00 00 00 00 00 00 00 00 00 00 NN NN NN NN NN NN 0656 1705 000
NN NN NN NN NN NN 00 00 00 00 00 00 00 00 00 00 00 00 NN NN NN NN NN NN 0655 1705 000
NN NN NN NN NN NN 00 00 00 00 00 00 00 00 00 00 00 00 NN NN NN NN NN NN 0655 1705 000
NN NN NN NN NN NN 00 00 00 00 00 00 00 00 00 00 00 00 NN NN NN NN NN NN 0655 1706 000
NN NN NN NN NN NN 00 00 00 00 00 00 00 00 00 00 00 00 NN NN NN NN NN NN 0654 1707 000
NN NN NN NN NN NN 00 00 00 00 00 00 00 00 00 00 00 00 NN NN NN NN NN NN 0653 1707 000
NN NN NN NN NN NN 00 00 00 00 00 00 00 00 00 00 00 00 NN NN NN NN NN NN 0653 1707 000
NN NN NN NN NN NN 00 00 00 00 00 00 00 00 00 00 00 00 NN NN NN NN NN NN 0652 1708 000
NN NN NN NN NN NN 00 00 00 00 00 00 00 00 00 00 00 00 NN NN NN NN NN NN 0652 1708 000
NN NN NN NN NN NN 00 00 00 00 00 00 00 00 00 00 00 00 NN NN NN NN NN NN 0651 1709 000
NN NN NN NN NN NN 00 00 00 00 00 00 00 00 00 00 00 00 NN NN NN NN NN NN 0650 1710 000
NN NN NN NN NN NN 00 00 00 00 00 00 00 00 00 00 00 00 NN NN NN NN NN NN 0650 1710 000
NN NN NN NN NN NN 00 00 00 00 00 00 00 00 00 00 00 00 NN NN NN NN NN NN 0649 1711 000
NN NN NN NN NN NN 00 00 00 00 00 00 00 00 00 00 00 00 NN NN NN NN NN NN 0649 1712 000
NN NN NN NN NN NN 00 00 00 00 00 00 00 00 00 00 00 00 NN NN NN NN NN NN 0648 1713 000
NN NN NN NN NN NN 00 00 00 00 00 00 00 00 00 00 00 00 NN NN NN NN NN NN 0647 1713 000
NN NN NN NN NN NN 00 00 00 00 00 00 00 00 00 00 00 00 NN NN NN NN NN NN 0646 1714 000
NN NN NN NN NN NN 00 00 00 00 00 00 00 00 00 00 00 00 NN NN NN NN NN NN 0646 1714 000
NN NN NN NN NN NN 00 00 00 00 00 00 00 00 00 00 00 00 NN NN NN NN NN NN 0645 1716 000
NN NN NN NN NN NN 00 00 00 00 00 00 00 00 00 00 00 00 NN NN NN NN NN NN 0644 1716 000
NN NN NN NN NN NN 00 00 00 00 00 00 00 00 00 00 00 00 NN NN NN NN NN NN 0643 1717 000=
BA
0068 0064 0060 0058 0053 0045 0029 0017 0011 0012 0030 0020
0033 0084 0141 0174 0198 0139 0176 0169 0122 0086 0082 0077 0222 1251 0009 0540.
0073 0072 0070 0071 0068 0067 0066 0065 0065 0063 0063 0062
0066 0076 0087 0094 0101 0100 0100 0093 0078 0072 0068 0060 0107 1229 0060 2000.
0045 0026 0017 0013 0009 0008 0014 0041 0047 0049 0051 0052
0057 0067 0083 0121 0094 0081 0083 0086 0075 0068 0066 0065 0129 1203 0006 0244.
0063 0062 0062 0059 0035 0016 0009 0007 0015 0036 0042 0040
0050 0063 0084 0102 0110 0178 0185 0166 0124 0092 0085 0081 0196 1438 0006 0430.
0076 0074 0069 0064 0061 0058 0056 0055 0056 0057 0055 0054
0063 0083 0084 0089 0106 0135 0143 0159 0108 0070 0053 0042 0163 1549 0041 1951.
0058 0049 0034 0023 0041 0055 0058 0060 0061 0061 0062 0063
0065 0070 0074 0090 0094 0094 0091 0080 0075 0072 0070 0068 0102 1431 0021 0015.
0067 0067 0064 0063 0061 0062 0061 0062 0061 0061 0062 0063
0066 0083 0094 0112 0133 0143 0142 0148 0118 0083 0058 0040 0160 1344 0040 2000.
0029 0021 0015 0010 0008 0043 0049 0053 0053 0053 0050 0053
0061 0068 0067 0069 0072 0086 0092 0087 0078 0071 0068 0067 0096 1442 0007 0045.
0066 0065 0062 0061 0061 0061 0060 0058 0059 0058 0057 0056
0059 0093 0112 0147 0174 0167 0195 0147 0114 0095 0085 0081 0211 1454 0055 0755.
0077 0077 0077 0072 0070 0068 0067 0066 0064 0063 0062 0062
0069 0084 0106 0121 0135 0160 0137 0112 0093 0075 0074 0076 0161 1356 0062 0659.
0073 0072 0073 0069 0070 0070 0070 0068 0068 0065 0061 0058
0067 0089 0121 0153 0156 0188 0162 0133 0104 0084 0074 0066 0216 1427 0057 0742.
0062 0059 0057 0051 0044 0015 0002 -006 -013 -017 -020 -025
0003 0089 0162 0206 0240 0207 0238 0199 0142 0084 0044 0051 0258 1328 -027 0806.
0048 0055 0054 0053 0052 0052 0051 0050 0051 0038 0044 0042
0059 0100 0154 0208 0215 0192 0162 0128 0122 0099 0084 0078 0233 1230 0037 0557.
0078 0075 0072 0069 0069 0065 0064 0062 0060 0059 0058 0058
0064 0077 0088 0098 0104 0108 0103 0096 0085 0076 0071 0067 0111 1330 0057 0744.
0065 0063 0061 0061 0060 0060 0058 0056 0056 0057 0056 0056
0062 0077 0125 0169 0229 0206 0230 0186 0106 0085 0050 0038 0261 1315 0038 2000.
0029 0022 0017 0011 0007 0004 0000 -004 -007 -010 -011 -012
0011 0068 0134 0158 0208 0211 0223 0189 0138 0107 0071 0055 0241 1433 -013 0748.
0050 0036 0024 0018 0014 0039 0047 0053 0053 0054 0056 0055
0063 0078 0110 0152 0169 0205 0217 0190 0149 0100 0068 0069 0243 1424 0014 0055.
0071 0078 0077 0077 0076 0076 0076 0074 0073 0073 0072 0071
0073 0081 0092 0107 0112 0109 0107 0101 0095 0087 0082 0080 0116 1317 0067 2111.
0078 0077 0075 0075 0073 0072 0072 0071 0070 0070 0070 0071
0075 0092 0112 0139 0165 0175 0171 0139 0123 0108 0096 0092 0181 1421 0069 0722.
0090 0087 0085 0083 0084 0081 0082 0076 0082 0081 0077 0077
0082 0123 0149 0174 0210 0232 0195 0161 0135 0110 0100 0094 0235 1401 0067 0208.
0088 0085 0082 0079 0074 0071 0067 0055 0035 0022 0008 0003
0039 0147 0217 0264 0291 0266 0215 0189 0151 0117 0099 0095 0295 1248 0002 0754.
0091 0086 0085 0087 0085 0083 0080 0074 0074 0071 0068 0071
0076 0087 0108 0139 0144 0157 0154 0143 0119 0093 0080 0075 0167 1421 0067 0717.
0074 0069 0067 0064 0062 0060 0057 0056 0054 0049 0053 0052
0062 0083 0140 0178 0181 0206 0181 0158 0122 0101 0092 0083 0239 1339 0046 0549.
0079 0073 0069 0067 0065 0063 0063 0064 0064 0063 0060 0059
0065 0062 0099 0089 0143 0192 0145 0220 0129 0101 0068 0059 0261 1332 0059 0753.
0049 0041 0019 0011 0007 0008 0003 -009 -010 -018 -010 -006
0032 0056 0184 0246 0270 0287 0242 0205 0159 0110 0090 0074 0299 1405 -018 0600.
0073 0064 0054 0062 0067 0067 0066 0063 0058 0062 0063 0062
0074 0105 0132 0139 0193 0157 0117 0105 0098 0090 0082 0078 0201 1254 0052 2322.
0076 0076 0074 0074 0072 0069 0065 0062 0027 0032 0017 0021
0043 0120 0198 0248 0295 0297 0313 0260 0202 0134 0080 0061 0314 1459 0016 0655.
0047 0039 0032 0027 0022 0019 0015 0013 0034 0047 0054 0058
0072 0087 0105 0128 0140 0194 0204 0165 0141 0116 0091 0089 0218 1428 0012 0355.
0080 0069 0053 0046 0035 0029 0025 0015 0011 0007 0005 0004
0038 0118 0187 0239 0268 0282 0270 0252 0203 0140 0096 0075 0307 1413 0004 0647.
0074 0085 0084 0084 0088 0088 0088 0087 0089 0084 0082 0080
0087 0092 0101 0105 0113 0110 0111 0105 0103 0095 0081 0092 0114 1321 0069 2028.
0081 0076 0065 0069 0074 0074 0068 0065 0064 0049 0030 0033
0058 0098 0159 0233 0268 0284 0288 0260 0190 0144 0111 0189 0305 1427 0025 0739=
=
??????
******
YF
13064
江苏省
吕泗国家基准气候站
启东市吕四港镇北门外滨海







=
JY
8888=
GK
01/
05/=
BZ
00/320400/1213600
10/24/逐时观测
10/24/24时连续观测
11/守班=
######
