58265 3204N 12136E 000055 000065 105 000 S11 11111999119199111911 0 2011 01
PC
9616 9622 9625 9626 9624 9619 9616 9612 9606 9607 9608 9615
9618 9620 9619 9612 9596 9586 9580 9576 9579 9585 9594 9603 9627 0011 9576 1600.
9609 9614 9616 9619 9617 9616 9620 9619 9623 9626 9634 9642
9659 9662 9675 9673 9662 9651 9647 9647 9651 9656 9663 9669 9677 1127 9604 2001.
9673 9674 9674 9673 9668 9663 9659 9654 9651 9648 9648 9652
9660 9664 9668 9662 9650 9640 9636 9638 9643 9652 9664 9674 9675 2152 9635 1455.
9680 9685 9689 9691 9690 9687 9684 9679 9674 9671 9667 9668
9669 9670 9670 9659 //// 9626 9616 9615 9615 9619 9625 9628 9692 2355 9614 1633.
9632 9636 9640 9644 9647 9647 9647 9645 9640 9637 9637 9644
9649 9661 9668 9665 9659 9650 9647 9650 9660 9673 9690 9704 9704 1959 9628 2002.
9716 9725 9733 9735 9737 9735 9733 9729 9722 9723 9726 9731
9736 9740 9739 9730 9716 9698 9689 9683 9684 9688 9695 9702 9743 1019 9682 1621.
9706 9710 9716 9716 9719 9718 9721 9721 9719 9715 0000 9716
9996 9983 9712 0272 0269 0271 0262 0256 0252 0261 0268 0271 0272 1200 9640 1601.
0255 0251 0267 9646 9646 9644 9647 9647 9644 9646 9651 9658
9665 9671 9672 9664 9651 9640 9633 9631 9635 9647 9660 9677 0267 2300 9630 1532.
9687 9695 9703 9706 9709 9710 9708 9708 9707 9709 9714 9720
9728 9734 9733 9721 9703 9688 9676 9671 9671 9677 9685 9690 9735 0956 9670 1629.
9693 9693 9692 9691 9687 9683 9679 9674 9671 9669 9673 9681
9688 9693 9691 9681 9668 9657 9653 9653 9659 9668 9679 9691 9694 2107 9652 1456.
9698 9701 9706 9711 9711 9710 9710 9706 9701 9701 9705 9708
9708 9707 9700 9683 9664 9648 9634 9630 9632 9635 9643 9647 9712 0021 9629 1613.
9651 9653 9654 9650 9647 9643 9638 9636 9630 9623 9625 9625
9633 9635 9633 9618 9605 9592 9583 9584 9591 9599 9611 9627 9655 2240 9581 1540.
9640 9646 9651 9653 9651 9648 9646 9641 9635 9636 9636 9638
9640 9645 9643 9632 9616 9606 9595 9595 9597 9604 9611 9622 9655 2342 9593 1511.
9631 9638 9639 9639 9638 9637 9635 9635 9638 9640 9647 9655
9665 9671 9673 9666 9653 9644 9641 9646 9657 9669 9684 9701 9701 2000 9622 2001.
9718 9732 9739 9746 9750 9752 9752 9755 9753 9755 9758 9763
9765 9768 9763 9750 9729 9711 9697 9690 9686 9690 9692 9704 9768 0950 9686 1700.
9697 9698 9697 9693 9690 9683 9678 9670 9663 9660 9658 9660
9663 9668 9666 9658 9642 9629 9624 9627 9632 9640 9651 9663 9699 2212 9623 1445.
9674 9677 9685 9685 9684 9686 9684 9673 9677 9673 9677 9683
9687 9692 9695 9688 9673 9663 9658 9654 9657 9663 9667 9672 9696 1026 9653 1603.
9676 9678 9680 9675 9670 9666 9660 9654 9649 9649 9650 9651
9657 9662 9662 9652 9643 9632 9624 9620 9623 9629 9634 9645 9681 2227 9619 1545.
9650 9658 9660 9665 9667 9667 9664 9661 9658 9658 9660 9666
9668 9672 9676 9669 9657 9646 9640 9639 9641 9649 9659 9663 9677 1101 9638 1516.
9671 9679 9683 9682 9684 9686 9684 9681 9675 9676 9680 9686
9686 9691 9689 9680 9666 9652 9643 9645 9643 9654 9660 9668 9693 1031 9643 1456.
9676 9683 9687 9690 9684 9679 9675 9668 9658 9660 9658 9663
9666 9671 9673 9668 9654 9642 9629 9628 9631 9638 9648 9657 9691 2350 9625 1607.
9661 9667 9671 9671 9668 9661 9653 9653 9651 9650 9655 9661
9664 9670 9676 9669 9661 9650 9646 9643 9649 9659 9671 9679 9681 1954 9642 1548.
9692 9702 9705 9702 9701 9700 9697 9695 9695 9696 9703 9709
9711 9722 9723 9721 9709 9695 9687 9680 9682 9688 9695 9702 9724 1117 9679 2001.
9709 9713 9711 9712 9710 9706 9703 9700 9696 9690 9691 9696
9696 9702 9700 9697 9683 9666 9660 9660 9665 9671 9684 9696 9714 2152 9659 1455.
9705 9711 9714 9709 9708 9705 9701 9699 9692 9686 9686 9688
9688 9691 9694 9687 9677 9663 9655 9654 9660 9672 9681 9692 9714 2241 9653 1542.
9702 9708 9711 9712 9710 9709 9705 9704 9703 9700 9703 9710
9713 9714 9718 9706 9690 9675 9662 9659 9661 9664 9675 9683 9718 1036 9658 1609.
9690 9695 9699 9701 9700 9698 9697 9693 9693 9695 9701 9707
9715 9722 9726 9721 9710 9698 9690 9688 9693 9701 9714 9727 9727 1052 9683 2002.
9737 9747 9751 9756 9758 9756 9757 9756 9752 9753 9757 9761
9766 9774 9777 9770 9757 9742 9729 9721 9722 9726 9737 9747 9777 1100 9720 1614.
9757 9763 9769 9767 9762 9756 9749 9743 9736 9729 9727 9728
9731 9733 9732 9722 9703 9688 9678 9673 9675 9681 9691 9704 9770 2309 9672 1611.
9711 9722 9733 9738 9738 9739 9735 9734 9733 9732 9735 9738
9746 9750 9750 9742 9725 9709 9700 9696 9698 9701 9709 9717 9752 1038 9696 1547.
9720 9724 9727 9725 9722 9717 9711 9705 9700 9700 9703 9705
9710 9713 9710 9704 9694 9683 9674 9670 9676 9685 9693 9699 9728 2322 9670 1559=
9627 9623 9594 9611
9624 9650 9659 9677
9671 9660 9648 9682
9695 9676 9634 9636
9655 9652 9658 9712
9743 9739 9706 9710
9726 9724 0279 0279
9652 9666 9648 9685
9718 9728 9696 9698
9691 9689 9665 9699
9718 9716 9656 9655
9651 9633 9600 9635
9656 9646 9614 9630
9645 9663 9652 9709
9760 9771 9719 9712
9691 9668 9637 9671
9694 9691 9671 9680
9674 9659 9640 9653
9675 9674 9654 9671
9694 9694 9660 9676
9687 9671 9650 9665
9669 9669 9658 9687
9708 9717 9703 9710
9714 9704 9674 9704
9713 9696 9671 9700
9717 9718 9683 9691
9706 9715 9706 9735
9764 9769 9750 9755
9764 9736 9696 9712
9747 9746 9717 9725
9725 9713 9691 9707=
TB
0076 0073 0071 0063 0060 0066 0067 0063 0059 0057 0052 0043
0042 0042 0041 0040 0039 0039 0039 0036 0034 0033 0031 0030 0076 2059 0030 1934.
0027 0027 0026 0025 0024 0021 0019 0016 0015 0014 0015 0016
0017 0021 0024 0031 0033 0036 0039 0039 0039 0037 0034 0033 0040 1511 0014 0513.
0033 0032 0031 0030 0029 0028 0026 0026 0024 0025 0025 0026
0026 0028 0030 0032 0034 0037 0038 0039 0039 0038 0036 0036 0040 1605 0024 0439.
0035 0033 0033 0033 0031 0031 0029 0028 0027 0025 0025 0023
0026 0031 0034 0039 //// 0045 0045 0046 0043 0041 0039 0038 0048 1333 0022 0805.
0039 0039 0038 0035 0038 0039 0037 0037 0036 0033 0032 0033
0035 0038 0040 0044 0052 0064 0064 0065 0065 0061 0041 0033 0067 1536 0031 0706.
0025 0043 0034 0026 0025 0024 0025 0018 0007 -003 -007 -010
0006 0033 0057 0066 0070 0072 0073 0073 0068 0054 0057 0049 0079 1430 -013 0749.
0047 0051 0048 0046 0044 0040 0035 0032 0029 0027 0015 0003
0024 0032 0042 0048 0052 0056 0058 0055 0048 0047 0046 0042 0059 1421 0003 0754.
0040 0044 0044 0040 0038 0035 0034 0034 0034 0032 0032 0032
0030 0033 0041 0044 0046 0047 0058 0059 0057 0049 0021 0014 0065 1553 0014 1955.
0028 0039 0041 0021 0020 0021 0020 0019 0016 0015 0016 0027
0041 0053 0061 0065 0069 0070 0076 0075 0071 0058 0053 0055 0080 1435 0014 2001.
0052 0042 0037 0034 0032 0031 0029 0026 0024 0022 0023 0025
0028 0033 0038 0039 0040 0044 0044 0047 0046 0043 0040 0038 0055 2001 0022 0546.
0038 0035 0029 0022 0016 0019 0015 0021 0025 0009 -006 -015
0001 0031 0046 0060 0068 0072 0073 0074 0071 0058 0046 0038 0082 1524 -015 0800.
0027 0023 0019 0007 0001 -010 -010 -016 -020 -022 -025 -026
-011 0020 0034 0040 0035 0042 0043 0039 0035 0031 0032 0034 0045 1437 -026 0644.
0029 0028 0023 0006 -011 -003 0013 0016 0015 0014 0017 0016
0018 0024 0039 0057 0072 0070 0066 0063 0060 0057 0055 0052 0076 1328 -012 0058.
0050 0047 0047 0043 0038 0039 0037 0031 0030 0029 0031 0033
0034 0040 0047 0058 0070 0077 0080 0078 0074 0070 0066 0058 0084 1524 0028 0556.
0051 0038 0053 0047 0039 0037 0033 0034 0029 0030 0046 0043
0041 0046 0056 0062 0073 0078 0086 0078 0074 0060 0028 0058 0088 1502 0027 0511.
0027 0039 0045 0042 0039 0038 0035 0033 0028 0030 0029 0028
0036 0036 0026 0028 0028 0031 0036 0035 0033 0029 0025 0026 0045 2226 0021 2015.
0025 0024 0022 0021 0021 0019 0017 0019 0021 0021 0020 0020
0020 0020 0020 0018 0014 0017 0021 0020 0021 0022 0022 0020 0026 2022 0012 1322.
0014 0016 0013 0012 0015 0015 0015 0014 0014 0014 0014 0014
0015 0015 0019 0028 0031 0028 0027 0032 0031 0026 0019 0017 0036 1539 0012 2359.
0015 0016 0015 0013 0011 0010 0008 0007 0005 0004 0004 0004
0007 0010 0014 0020 0021 0018 0026 0029 0030 0030 0028 0024 0032 1634 0003 0623.
0027 0025 0024 0021 0018 -002 -009 -011 -011 -022 -025 -024
-009 0008 0023 0038 0049 0054 0054 0061 0055 0049 0027 0027 0067 1550 -028 0723.
0016 -001 0011 0012 0003 -009 -005 0010 -009 -009 -005 -009
0001 0016 0028 0039 0045 0055 0058 0054 0049 0043 0041 0038 0062 1450 -013 0217.
0036 0034 0032 0028 0029 0027 0027 0024 0020 0020 0023 0024
0023 0033 0038 0039 0041 0046 0055 0055 0055 0051 0044 0029 0064 1513 0019 0543.
0016 0004 0011 0000 -006 -008 -007 -008 0010 0005 0007 0007
0012 0030 0043 0057 0068 0075 0074 0074 0074 0056 0028 0014 0080 1441 -012 0227.
0013 0012 0004 0001 -005 0006 0013 0019 0020 0020 0022 0021
0028 0040 0047 0048 0050 0052 0050 0049 0044 0040 0039 0040 0052 1357 -005 0100.
0040 0040 0039 0036 0034 0034 0032 0031 0027 0026 0026 0026
0027 0034 0039 0047 0050 0051 0052 0052 0057 0053 0051 0050 0058 1648 0025 0728.
0048 0039 0036 0038 0040 0035 0033 0031 0032 0031 0031 0033
0034 0043 0044 0052 0063 0062 0057 0054 0049 0047 0046 0044 0063 1252 0030 0614.
0045 0044 0042 0040 0042 0041 0039 0037 0035 0034 0036 0035
0036 0036 0039 0043 0043 0043 0046 0049 0046 0047 0032 0032 0050 1540 0031 1902.
0035 0040 0035 0032 0031 0026 0025 0025 0020 0020 0023 0024
0032 0035 0023 0024 0023 0027 0036 0040 0045 0044 0038 0038 0051 1622 0018 0529.
0032 0033 0032 0026 0023 0024 0025 0023 0020 0014 0013 0019
0022 0035 0046 0054 0057 0058 0056 0054 0055 0051 0045 0045 0061 1315 0012 0638.
0044 0042 0041 0039 0035 0030 0027 0027 0026 0011 0002 0008
0024 0034 0043 0059 0062 0063 0064 0063 0064 0055 0049 0045 0069 1338 0000 0635.
0044 0043 0038 0037 0036 0038 0035 0035 0035 0034 0033 0032
0033 0035 0043 0043 0045 0046 0050 0051 0050 0045 0044 0042 0052 1424 0032 0752=
IB
=
-011 -016 -021 0002 0001 -013 -015 -011 -002 -004 0006 0017
0021 0022 0020 0017 0016 0016 0016 0013 0013 0012 0011 0009.
0008 0009 0008 0007 0006 0003 0001 -002 -003 -004 -004 -003
-004 0000 -004 -004 -013 -012 -015 -013 -015 -009 -017 -011.
-003 -006 -004 -005 -007 -008 -007 -003 -005 -006 -004 -003
-007 -006 -006 -004 -008 -005 -010 -013 -011 -012 -006 -006.
-007 -011 -009 0002 0002 0000 0001 0000 -001 -003 -003 0000
0005 0002 0003 -007 //// -009 -013 -014 -003 -011 -007 -008.
-007 -003 -002 0004 0001 -005 -007 -011 -019 -009 -006 -007
-011 -016 -010 -010 -013 -017 -038 -037 -046 -044 -021 -011.
-008 -003 -001 0000 0006 0006 0007 0000 -006 -014 -017 -018
-003 0002 -062 -064 -090 -080 -079 -087 -076 -047 -053 -036.
-033 -047 -037 -029 -025 -022 -025 -029 -030 -026 -800 -019
//// -015 -014 //// //// //// //// //// //// //// //// ////.
//// //// //// 0015 0015 0014 0013 0013 0014 0012 0014 0016
0014 0013 0011 0013 0007 0005 0002 -002 0001 -001 -003 -004.
0010 0002 0006 0000 0004 0008 0008 0009 0006 0006 0009 -001
-057 -079 -078 -094 -087 -098 -097 -098 -085 -074 -063 -067.
-061 -024 -019 -019 -023 -022 -034 -029 -031 -031 -034 -036
-038 -033 -032 -034 -028 -029 -029 -031 -027 -030 -031 -030.
-030 -020 -016 -016 -016 -012 -012 -013 -013 -018 -025 -032
-012 -009 -018 -094 -083 -105 -083 -082 -081 -068 -057 -057.
-052 -042 -036 -027 -029 -030 -030 -033 -034 -036 -038 -039
-021 0004 -012 -016 -013 -031 -032 -025 -025 -022 -034 -036.
-015 -016 -017 -023 -030 -019 -005 -013 -012 -012 -014 -013
-006 -005 -005 -006 -025 -030 -036 -036 -031 -034 -033 -024.
-026 -024 -022 -017 -004 -001 -005 0000 0004 0006 0010 0010
0010 0007 0003 0006 0002 -008 -005 -002 -001 0002 0003 0002.
0003 0007 0012 0012 0013 0014 0012 0014 0010 0012 -063 -069
-104 -111 -110 -119 -114 -120 -103 -110 -113 -076 -056 0028.
-028 -034 -048 -029 -023 -022 -018 -016 -010 -012 -009 -010
-012 -019 -010 -005 -003 -002 -010 -014 -011 -004 -003 0002.
0001 0003 0003 0003 0003 0000 -001 0001 0003 0003 0001 0001
0001 0001 0001 -003 -005 -001 0002 -004 -003 -004 -004 -003.
-004 -002 -005 -004 -001 0000 -001 -004 -004 -005 -005 -005
-004 -006 -008 -006 -015 -012 -006 -014 -015 -012 -017 -019.
-019 -022 -021 -018 -020 -019 -021 -022 -024 -023 -021 -021
-019 -022 -024 -027 -022 -023 -021 -024 -025 -025 -023 -012.
-018 -017 -014 -013 -013 -021 -025 -024 -022 -033 -035 -034
-019 -003 -005 -024 -027 -022 -050 -049 -041 -039 -038 -036.
-033 -033 -018 -022 -027 -029 -022 -024 -029 -025 -019 -022
-016 -013 -014 -013 -015 -021 -035 -029 -024 -026 -025 -028.
-028 -028 -027 -016 -009 -004 -006 -005 -003 0001 -001 0000
0004 0002 -004 -009 -017 -016 -019 -019 -014 -014 -012 -006.
-013 -017 -007 -016 -020 -019 -018 -018 -005 -008 -004 -006
-001 0004 0006 0001 0000 -012 -018 -023 -023 0006 -005 -010.
-008 -009 -014 -015 -019 -005 0001 0007 0008 0008 0009 0009
0013 0015 0007 0000 0000 -002 0004 0007 0005 0007 0004 0005.
0005 0003 0004 0008 0006 0010 0008 0008 0008 0008 0008 0010
0014 0019 0013 0014 0002 0012 0010 0010 0005 0003 0005 0000.
0004 0006 0010 0013 0010 0012 0012 0011 0014 0013 0013 0012
0014 0012 0014 0008 0002 0003 -008 -004 0001 -001 0006 0007.
-001 0002 0004 0012 0005 0004 0006 0007 0007 0006 0008 0007
0008 0005 0004 0003 0004 0006 0002 0003 0002 0003 0004 0011.
0014 0015 0012 0009 0010 0008 0012 0013 0008 0008 0013 0014
-015 -018 -006 -009 -010 -013 -014 -022 -028 -022 -014 -014.
-010 -011 -014 -008 -005 -009 -009 -010 -007 -007 -005 0000
0003 0000 -006 -029 -044 -041 -043 -050 -033 -037 -033 -035.
-038 -038 -034 -032 -025 -019 -015 -022 -027 -023 -020 -016
-023 -030 -037 -029 -040 -039 -041 -036 -035 -021 -020 -011.
-008 -005 0001 0002 0006 0003 0004 0004 0002 0005 0007 0009
0009 0007 0006 0008 0005 0004 0000 0003 0006 0012 0009 0009=
EA
056 054 052 062 062 056 055 056 060 059 064 069
071 072 070 069 069 069 069 067 067 067 066 065.
065 065 065 064 064 063 062 060 060 059 059 060
059 061 060 059 056 056 055 056 055 057 054 056.
060 058 059 059 058 058 058 060 059 058 059 060
058 058 058 059 058 059 057 056 057 056 058 058.
058 056 057 062 062 061 062 061 061 060 060 061
063 062 062 058 /// 057 056 055 060 056 058 058.
058 060 060 063 062 059 058 057 053 057 058 058
056 055 057 057 056 054 046 046 044 044 052 056.
058 060 061 061 064 064 064 061 058 055 054 053
060 062 038 038 031 033 034 032 035 043 041 047.
048 043 046 049 051 052 051 049 049 050 000 053
/// 055 055 /// /// /// /// /// /// /// /// ///.
/// /// /// 068 068 067 067 067 068 067 068 068
067 067 066 067 064 063 062 060 061 061 060 059.
066 062 064 061 063 065 065 065 064 064 065 061
040 034 034 030 032 029 029 029 032 035 038 037.
039 051 053 053 051 052 047 049 049 049 048 047
046 048 048 048 050 049 049 049 050 049 049 049.
049 053 054 054 054 056 056 055 056 053 051 048
056 057 053 030 033 027 033 033 033 037 040 040.
042 045 047 050 049 049 049 048 047 047 046 046
052 063 056 054 056 049 048 051 051 052 048 047.
055 055 054 052 049 053 059 056 056 056 055 056
058 059 059 059 051 049 047 047 049 048 048 051.
051 051 052 054 059 061 059 061 063 064 066 066
065 064 062 064 062 058 059 060 061 062 062 062.
062 064 067 067 067 068 067 068 065 067 038 037
028 026 026 025 026 024 028 026 026 035 040 075.
050 048 043 049 052 052 053 054 057 056 057 057
056 053 057 059 060 060 057 055 056 059 060 062.
061 062 062 063 063 061 061 062 063 063 061 061
061 061 061 060 059 061 062 059 060 059 059 060.
059 060 059 059 061 061 061 059 059 059 059 059
059 059 057 058 055 056 059 055 055 056 054 053.
053 052 052 054 053 053 052 052 051 052 052 052
053 052 051 050 052 051 052 051 051 051 052 056.
053 054 055 055 056 052 051 051 052 048 047 048
053 060 059 051 050 052 042 042 045 046 046 047.
048 048 054 052 050 049 052 051 049 051 053 052
054 056 055 056 055 052 047 049 051 051 051 050.
050 050 050 055 057 059 059 059 060 061 061 061
063 062 059 057 054 054 053 053 055 055 056 059.
056 054 058 054 053 053 053 054 059 058 059 058
061 063 064 061 061 056 054 051 051 064 059 057.
058 057 055 055 053 059 062 064 065 065 065 065
067 068 064 061 061 060 063 064 064 064 063 063.
063 063 063 065 064 065 065 065 065 065 065 066
067 070 067 067 062 067 065 065 063 062 063 061.
063 064 066 067 066 067 067 066 068 067 067 067
068 066 068 065 062 063 058 059 061 061 064 064.
061 062 063 067 063 063 064 064 064 064 065 064
065 063 063 062 063 064 062 062 062 062 063 066.
067 068 067 065 066 065 067 067 065 065 067 068
055 053 058 057 057 056 055 052 050 052 055 055.
057 056 055 057 059 057 057 057 058 058 059 061
062 061 058 049 044 045 045 042 048 047 048 047.
046 046 047 048 051 053 055 052 050 052 053 054
052 049 046 049 045 046 045 047 047 052 053 056.
058 059 062 062 064 063 063 063 062 063 064 065
065 064 064 065 063 063 061 062 064 067 065 065=
UB
54 53 52 65 66 57 56 59 65 65 72 83
86 87 86 85 85 85 85 85 86 86 87 86 51 2211.
87 88 88 88 88 88 88 88 88 88 87 87
86 86 82 78 72 71 68 69 68 72 69 73 66 1505.
77 76 78 78 77 77 79 81 81 80 81 81
79 78 77 77 74 74 71 69 70 70 74 74 68 1539.
74 73 74 80 81 80 82 82 82 82 82 85
86 81 80 72 // 68 66 65 72 69 72 72 63 1624.
72 74 75 80 77 73 73 71 67 74 76 75
72 68 70 68 63 56 48 48 45 47 64 73 41 1619.
79 72 78 83 87 88 88 88 91 92 93 94
94 80 42 39 31 33 33 31 35 48 45 54 29 1430.
56 49 54 58 61 64 65 64 65 68 00 85
// 71 67 // // // // // // // // // 00 0700.
// // // 84 85 86 86 86 87 87 88 89
89 87 81 80 76 74 67 65 67 70 84 88 63 1555.
88 77 78 86 89 91 92 93 93 94 95 82
49 38 36 31 32 29 28 28 32 38 43 41 25 1429.
44 62 67 68 67 68 63 67 67 68 66 64
62 62 60 59 61 59 59 57 59 59 60 61 41 2002.
61 67 72 76 79 80 82 78 76 82 87 88
91 75 63 32 33 27 32 32 33 40 47 50 27 1218.
56 62 67 78 80 86 86 88 90 90 91 91
93 89 72 67 71 59 58 63 65 68 62 60 50 2001.
73 73 75 81 87 89 88 81 82 83 80 81
84 81 73 64 50 49 48 49 52 52 53 58 43 1339.
58 60 61 65 74 75 74 80 83 85 86 85
84 79 73 69 62 55 55 57 59 62 64 67 52 1525.
71 80 75 78 83 85 86 87 87 88 45 44
34 31 29 26 25 23 25 25 25 37 54 81 22 1251.
67 59 51 60 64 65 68 70 76 74 76 76
71 67 77 79 80 79 72 70 73 79 82 84 51 2259.
84 86 87 88 88 87 88 88 88 88 87 87
87 87 87 86 87 88 87 84 84 83 83 85 82 1844.
88 88 88 89 89 90 89 88 88 87 87 87
87 86 82 78 72 75 79 72 72 76 77 77 70 1553.
78 76 77 80 80 81 81 81 81 82 83 83
83 79 76 71 73 74 71 68 67 67 69 77 65 1651.
72 74 76 78 80 87 89 91 92 92 93 93
93 92 82 64 58 58 47 45 50 53 62 63 43 1543.
70 79 81 78 80 86 88 78 86 89 90 91
88 81 74 69 65 58 51 55 59 61 62 62 50 1502.
63 64 65 73 76 80 79 81 85 87 84 84
87 80 74 71 66 64 59 59 61 63 67 78 56 1522.
81 86 88 89 90 92 92 93 90 91 92 91
91 83 77 67 62 54 52 50 50 70 79 84 48 1630.
86 86 88 89 90 92 92 92 92 92 91 92
90 84 75 71 70 68 72 74 76 79 78 78 66 1316.
78 77 78 82 82 84 84 85 87 88 88 89
91 90 83 79 71 76 74 74 69 70 72 70 68 1709.
73 79 83 84 81 85 86 87 88 88 88 86
87 80 81 73 65 66 63 66 71 71 75 77 59 1535.
72 74 76 82 77 77 79 81 82 82 82 82
82 80 78 75 76 77 73 72 73 73 82 86 70 1546.
86 84 85 85 86 88 91 92 92 92 93 93
71 68 81 79 79 75 70 64 59 62 69 69 58 1633.
74 73 72 78 82 79 78 79 82 86 88 87
87 78 69 55 48 49 49 47 53 53 57 56 42 1423.
55 56 58 60 65 70 74 70 68 78 85 84
71 63 56 53 48 48 47 49 49 58 61 67 46 1355.
69 71 77 78 81 78 80 80 79 81 83 85
84 82 77 78 75 74 70 71 73 79 78 79 66 2001=
N=
H=
C=
VB
00000 00000 00000 00000 00000 00000 00000 00000 00000 00000 00000 00000
00000 00000 00000 00000 00000 00000 00000 00000 00000 00000 00000 00000 00000 2001.
00000 00000 00000 00000 00000 00000 00000 00000 00000 00000 00000 00000
00000 00000 00000 00000 00000 00000 00000 00000 00000 00000 00000 00000 00000 2001.
00000 00000 00000 00000 00000 00000 00000 00000 00000 00000 00000 00000
00000 00000 00000 00000 00000 00000 00000 00000 00000 00000 00000 00000 00000 2001.
00000 00000 00000 00000 00000 00000 00000 00000 00000 00000 00000 00000
00000 00000 00000 00000 ----- 00000 00000 00000 00000 00000 00000 00000 00000 2001.
00000 00000 00000 00000 00000 00000 00000 00000 00000 00000 00000 00000
00000 00000 00000 00000 00000 00000 00000 00000 00000 00000 00000 00000 00000 2001.
00000 00000 00000 00000 00000 00000 00000 00000 00000 00000 00000 00000
00000 00000 00000 00000 00000 00000 00000 00000 00000 00000 00000 00000 00000 2001.
00000 00000 00000 00000 00000 00000 00000 00000 00000 00000 00000 00000
00000 00000 00000 00428 00426 00425 00425 00425 00426 00427 00427 00428 00000 2001.
00427 00428 00426 00000 00000 00000 00000 00000 00000 00000 00000 00000
00000 00000 00000 00000 00000 00000 00000 00000 00000 00000 00000 00000 00000 ////.
00000 00000 00000 00000 00000 00000 00000 00000 00000 00000 00000 00000
00000 00000 00000 00000 00000 00000 00000 00000 00000 00000 00000 00000 00000 2001.
00000 00000 00000 00000 00000 00000 00000 00000 00000 00000 00000 00000
00000 00000 00000 00000 00000 00000 00000 00000 00000 00000 00000 00000 00000 2001.
00000 00000 00000 00000 00000 00000 00000 00000 00000 00000 00000 00000
00000 00000 00000 00000 00000 00000 00000 00000 00000 00000 00000 00000 00000 2001.
00000 00000 00000 00000 00000 00000 00000 00000 00000 00000 00000 00000
00000 00000 00000 00000 00000 00000 00000 00000 00000 00000 00000 00000 00000 2001.
00000 00000 00000 00000 00000 00000 00000 00000 00000 00000 00000 00000
00000 00000 00000 00000 00000 00000 00000 00000 00000 00000 00000 00000 00000 2001.
00000 00000 00000 00000 00000 00000 00000 00000 00000 00000 00000 00000
00000 00000 00000 00000 00000 00000 00000 00000 00000 00000 00000 00000 00000 2001.
00000 00000 00000 00000 00000 00000 00000 00000 00000 00000 00000 00000
00000 00000 00000 00000 00000 00000 00000 00000 00000 00000 00000 15100 00000 2001.
00000 00000 00000 00000 00000 00000 00000 00000 00000 00000 00000 00000
00000 00000 00000 00000 00000 00000 00000 00000 00000 00000 00000 00000 00000 2002.
00000 00000 00000 00000 00000 00000 00000 00000 00000 00000 00000 00000
00000 00000 00000 00000 00000 00000 00000 00000 00000 00000 00000 00000 00000 2001.
00000 00000 00000 00000 00000 00000 00000 00000 00000 00000 00000 00000
00000 00000 00000 00000 00000 00000 00000 00000 00000 00000 00000 00000 00000 2001.
00000 00000 00000 00000 00000 00000 00000 00000 00000 00000 00000 00000
00000 00000 00000 00000 00000 00000 00000 00000 00000 00000 00000 00000 00000 2001.
00000 00000 00000 00000 00000 00000 00000 00000 00000 00000 00000 00000
00000 00000 00000 00000 00000 00000 00000 00000 00000 00000 00000 00000 00000 2001.
00000 00000 00000 00000 00000 00000 00000 00000 00000 00000 00000 00000
00000 00000 00000 00000 00000 00000 00000 00000 00000 00000 00000 00000 00000 2001.
00000 00000 00000 00000 00000 00000 00000 00000 00000 00000 00000 00000
00000 00000 00000 00000 00000 00000 00000 00000 00000 00000 00000 00000 00000 2001.
00000 00000 00000 00000 00000 00000 00000 00000 00000 00000 00000 00000
00000 00000 00000 00000 00000 00000 00000 00000 00000 00000 00000 00000 00000 2001.
00000 00000 00000 00000 00000 00000 00000 00000 00000 00000 00000 00000
00000 00000 00000 00000 00000 00000 00000 00000 00000 00000 00000 00000 00000 2001.
00000 00000 00000 00000 00000 00000 00000 00000 00000 00000 00000 00000
00000 00000 00000 00000 00000 00000 00000 00000 00000 00000 00000 00000 00000 2001.
00000 00000 00000 00000 00000 00000 00000 00000 00000 00000 00000 00000
00000 00000 00000 00000 00000 00000 00000 00000 00000 00000 00000 00000 00000 2001.
00000 00000 00000 00000 00000 00000 00000 00000 00000 00000 00000 00000
00000 00000 00000 00000 00000 00000 00000 00000 00000 00000 00000 00000 00000 2001.
00000 00000 00000 00000 00000 00000 00000 00000 00000 00000 00000 00000
00000 00000 00000 00000 00000 00000 00000 00000 00000 00000 00000 00000 00000 2001.
00000 00000 00000 00000 00000 00000 00000 00000 00000 00000 00000 00000
00000 00000 00000 00000 00000 00000 00000 00000 00000 00000 00000 00000 00000 2001.
00000 00000 00000 00000 00000 00000 00000 00000 00000 00000 00000 00000
00000 00000 00000 00000 00000 00000 00000 00000 00000 00000 00000 00000 00000 2001.
00000 00000 00000 00000 00000 00000 00000 00000 00000 00000 00000 00000
00000 00000 00000 00000 00000 00000 00000 00000 00000 00000 00000 00000 00000 2001=
R6
0000 0040 0040
0033 0003 0036
0000 0000 0000
0000 //// ////
0000 0000 0000
0000 0000 0000
0000 0000 0000
0009 0011 0020
0000 0000 0000
0000 0000 0000
0000 0000 0000
0000 0000 0000
0000 0000 0000
0001 0004 0005
0000 0000 0000
0000 0011 0011
0035 0025 0060
0020 0003 0023
0000 0001 0001
0000 0000 0000
0000 0000 0000
0000 0000 0000
0000 0000 0000
0000 0000 0000
0000 0000 0000
0000 0006 0006
0003 0002 0005
0009 0002 0011
0000 0000 0000
0000 0000 0000
0001 0007 0008=
0000 0000 0000 0000 0000 0000 0000 0000 0000 0000 0000 0000
0000 0008 0006 0005 0002 0003 0002 0001 0003 0004 0004 0002.
0005 0005 0001 0003 0003 0003 0002 0003 0002 0003 0002 0001
0000 0002 0001 0000 0000 0000 0000 0000 0000 0000 0000 0000.
0000 0000 0000 0000 0000 0000 0000 0000 0000 0000 0000 0000
0000 0000 0000 0000 0000 0000 0000 0000 0000 0000 0000 0000.
0000 0000 0000 0000 0000 0000 0000 0000 0000 0000 0000 0000
0000 0000 0000 0000 //// 0000 0000 0000 0000 0000 0000 0000.
0000 0000 0000 0000 0000 0000 0000 0000 0000 0000 0000 0000
0000 0000 0000 0000 0000 0000 0000 0000 0000 0000 0000 0000.
0000 0000 0000 0000 0000 0000 0000 0000 0000 0000 0000 0000
0000 0000 0000 0000 0000 0000 0000 0000 0000 0000 0000 0000.
0000 0000 0000 0000 0000 0000 0000 0000 0000 0000 0000 0000
0000 0000 0000 0000 0000 0000 0000 0000 0000 0000 0000 0000.
0000 0000 0000 0000 0002 0001 0000 0000 0001 0001 0002 0002
0005 0004 0001 0001 0000 0000 0000 0000 0000 0000 0000 0000.
0000 0000 0000 0000 0000 0000 0000 0000 0000 0000 0000 0000
0000 0000 0000 0000 0000 0000 0000 0000 0000 0000 0000 0000.
0000 0000 0000 0000 0000 0000 0000 0000 0000 0000 0000 0000
0000 0000 0000 0000 0000 0000 0000 0000 0000 0000 0000 0000.
0000 0000 0000 0000 0000 0000 0000 0000 0000 0000 0000 0000
0000 0000 0000 0000 0000 0000 0000 0000 0000 0000 0000 0000.
0000 0000 0000 0000 0000 0000 0000 0000 0000 0000 0000 0000
0000 0000 0000 0000 0000 0000 0000 0000 0000 0000 0000 0000.
0000 0000 0000 0000 0000 0000 0000 0000 0000 0000 0000 0000
0000 0000 0000 0000 0000 0000 0000 0000 0000 0000 0000 0000.
0000 0000 0000 0000 0000 0000 0000 0000 0000 0000 0000 0001
0002 0001 0001 0000 0000 0000 0000 0000 0000 0000 0000 0000.
0000 0000 0000 0000 0000 0000 0000 0000 0000 0000 0000 0000
0000 0000 0000 0000 0000 0000 0000 0000 0000 0000 0000 0000.
0000 0000 0000 0000 0000 0000 0000 0000 0000 0000 0000 0000
0000 0000 0001 0002 0001 0000 0000 0000 0000 0001 0003 0003.
0002 0007 0006 0005 0003 0003 0004 0001 0001 0001 0001 0001
0001 0004 0002 0001 0004 0009 0001 0001 0001 0001 0000 0000.
0012 0001 0004 0002 0000 0000 0000 0000 0000 0000 0000 0001
0000 0001 0000 0000 0000 0000 0000 0001 0000 0000 0000 0001.
0000 0000 0000 0000 0000 0000 0000 0000 0000 0000 0000 0000
0000 0001 0000 0000 0000 0000 0000 0000 0000 0000 0000 0000.
0000 0000 0000 0000 0000 0000 0000 0000 0000 0000 0000 0000
0000 0000 0000 0000 0000 0000 0000 0000 0000 0000 0000 0000.
0000 0000 0000 0000 0000 0000 0000 0000 0000 0000 0000 0000
0000 0000 0000 0000 0000 0000 0000 0000 0000 0000 0000 0000.
0000 0000 0000 0000 0000 0000 0000 0000 0000 0000 0000 0000
0000 0000 0000 0000 0000 0000 0000 0000 0000 0000 0000 0000.
0000 0000 0000 0000 0000 0000 0000 0000 0000 0000 0000 0000
0000 0000 0000 0000 0000 0000 0000 0000 0000 0000 0000 0000.
0000 0000 0000 0000 0000 0000 0000 0000 0000 0000 0000 0000
0000 0000 0000 0000 0000 0000 0000 0000 0000 0000 0000 0000.
0000 0000 0000 0000 0000 0000 0000 0000 0000 0000 0000 0000
0000 0000 0000 0000 0000 0000 0000 0000 0000 0000 0000 0000.
0000 0000 0000 0000 0000 0000 0000 0000 0000 0000 0000 0000
0000 0002 0003 0000 0000 0001 0000 0000 0000 0000 0000 0000.
0000 0000 0000 0000 0000 0000 0000 0001 0001 0001 0000 0000
0000 0001 0000 0000 0000 0000 0001 0000 0000 0000 0000 0000.
0000 0000 0006 0002 0000 0000 0000 0001 0000 0000 0000 0000
0000 0000 0001 0001 0000 0000 0000 0000 0000 0000 0000 0000.
0000 0000 0000 0000 0000 0000 0000 0000 0000 0000 0000 0000
0000 0000 0000 0000 0000 0000 0000 0000 0000 0000 0000 0000.
0000 0000 0000 0000 0000 0000 0000 0000 0000 0000 0000 0000
0000 0000 0000 0000 0000 0000 0000 0000 0000 0000 0000 0000.
0000 0000 0000 0000 0000 0000 0000 0000 0000 0000 0001 0000
0003 0003 0000 0001 0000 0000 0000 0000 0000 0000 0000 0000=
0000 ////////// 00000=
W=
LA
=
000 000 000 000 000 000 000 001 000 000 000 000
000 001 001 000 000 001 000 000 000 000 000 000 004.
001 002 000 000 000 000 000 000 000 000 000 002
000 002 001 000 000 000 000 000 000 000 000 000 008.
000 000 000 000 000 000 000 000 000 000 000 000
000 000 000 002 000 000 000 000 000 000 000 000 002.
000 000 000 000 000 000 001 000 000 000 000 000
000 000 000 000 /// 001 001 000 000 000 000 000 ///.
000 000 000 000 000 000 000 000 000 000 000 000
000 000 000 002 000 003 000 000 000 000 000 000 005.
000 000 000 000 000 000 000 000 000 000 000 000
000 002 005 003 003 000 000 000 000 000 000 000 013.
000 000 002 000 000 000 000 000 000 000 /// 000
/// /// 002 /// /// /// /// /// /// /// /// /// ///.
/// /// /// 000 001 000 000 000 000 000 000 000
000 001 000 000 000 000 001 003 000 000 000 000 ///.
000 000 000 061 000 000 000 000 000 000 000 000
002 004 003 003 005 000 000 002 000 000 000 001 081.
000 000 000 /// 000 000 000 000 000 000 000 000
000 002 000 000 000 000 000 000 000 000 000 000 ///.
000 000 000 000 000 000 001 001 000 000 000 000
000 006 003 003 001 001 000 000 000 000 000 000 016.
000 000 000 000 000 000 000 001 001 000 000 000
000 003 002 000 000 000 000 000 000 000 000 000 007.
000 000 000 000 000 000 000 000 000 000 001 000
000 002 002 006 003 000 000 000 000 000 000 000 014.
000 000 000 000 000 000 000 000 000 000 000 000
000 001 002 000 006 000 001 000 000 000 000 000 010.
000 000 000 000 000 000 000 000 000 000 000 000
000 003 005 005 003 001 001 000 000 000 000 000 018.
000 001 000 002 000 000 000 /// 000 000 000 000
000 001 000 001 000 000 000 000 000 000 000 000 ///.
000 001 000 000 000 000 000 000 001 000 000 000
000 000 001 000 001 003 000 000 000 002 000 000 009.
003 001 000 000 000 000 000 000 000 000 000 000
000 000 000 002 001 000 000 004 000 000 000 001 012.
000 000 002 000 000 000 000 000 000 000 000 000
000 001 001 000 000 000 000 000 000 000 000 000 004.
000 000 000 000 000 000 000 000 000 000 000 000
000 004 002 000 006 000 000 000 000 000 000 000 012.
000 000 001 000 000 000 012 000 000 000 001 000
000 002 002 001 001 003 002 000 000 000 000 000 025.
000 000 000 000 000 000 000 000 000 000 000 002
000 000 000 000 000 000 003 000 000 000 000 000 005.
000 000 000 000 000 000 000 000 000 000 000 000
000 002 002 004 000 001 002 000 000 000 000 000 011.
000 000 000 000 000 000 001 000 000 000 000 000
000 000 000 000 000 000 000 000 000 000 000 000 001.
000 000 000 000 000 000 000 000 000 000 000 000
001 000 001 001 000 000 000 000 000 000 000 000 003.
000 000 000 000 000 000 000 000 000 000 000 000
000 002 000 001 004 000 001 000 000 000 000 000 008.
000 000 000 000 000 000 000 000 000 001 000 000
000 001 000 000 000 000 002 000 000 000 000 000 004.
000 000 000 000 000 000 000 001 000 001 000 000
000 000 000 002 000 000 000 002 003 000 000 000 009.
000 000 000 000 052 000 000 000 000 000 000 000
000 002 002 001 004 000 000 001 000 000 000 000 062.
000 001 000 000 000 000 000 000 000 000 000 002
000 002 000 003 002 003 000 000 002 000 000 000 015.
000 000 000 000 000 000 000 000 000 000 001 000
000 002 000 003 000 000 002 000 000 000 000 000 008=
Z=
G=
FN
112012 112009 112007 112004 112007 112009
112020 113019 113011 113013 113015 113018
113011 113012 113019 113024 113020 113024
113026 113020 113028 113018 113019 113025.
113024 113026 113026 113018 113032 113030
113023 114036 114028 114031 114027 114021
114030 113015 113015 113012 113013 113004
113003 113009 113007 113015 113015 113005.
113003 113010 113011 113009 113013 113016
113009 113011 113013 113005 113007 113006
113008 113005 113016 113013 113011 113015
113014 113014 113010 113012 113012 113010.
113012 113014 113010 113009 113007 113006
113007 113005 113009 113006 113006 PPC000
PPC000 113009 113011 113013 ////// 112009
113012 113006 113012 113013 113012 113006.
113005 113005 PPC000 PPC000 113005 113013
113010 113013 113012 113009 113004 113007
113010 113016 113017 113008 112003 112004
112017 112010 112014 112005 PPC001 PPC000.
113005 113007 113010 PPC002 PPC002 113006
113004 PPC000 114006 114004 PPC002 114004
PPC000 PPC002 112005 112011 111010 111013
112010 112011 112012 113004 113011 113004.
113009 113020 113014 113012 113010 113008
113013 113016 113011 113004 113003 114005
113006 PPC000 113004 112009 112005 112009
112006 112007 113011 113003 113008 113004.
113008 113008 113003 PPC002 PPC000 113007
113009 113010 113006 113003 113006 113010
113008 113013 113015 113010 113010 113010
112005 112011 112013 113006 113003 113007.
113008 113011 113007 113010 PPC002 PPC002
PPC000 113004 PPC002 113003 113003 113015
113008 112021 112022 112033 112028 111017
111010 112015 112011 113009 113013 113009.
113012 113021 113008 113012 113011 113006
113022 113008 113015 113018 113009 113014
113015 113010 113014 113028 113019 113014
113025 113018 113018 113021 113021 113004.
113008 PPC002 113008 113005 113005 113007
PPC002 113008 113014 113006 PPC001 PPC000
114007 113014 112015 112026 112008 111025
111026 112018 112011 112012 113018 113020.
113013 113016 113015 114008 114005 PPC002
PPC002 PPC000 PPC000 PPC000 PPC000 114003
114006 PPC001 112003 112005 113009 113007
113020 113031 113020 113020 113021 113020.
113017 113008 113016 114005 PPC000 PPC002
113009 113010 113008 113008 113005 113010
113008 113015 113009 112019 112022 112017
112021 112018 112011 113004 113020 113015.
113011 113007 113011 113006 113004 113009
113008 PPC002 PPC000 PPC000 PPC002 113003
113003 113008 113011 112015 112027 112033
112035 112022 112014 112015 112019 113018.
113008 PPC000 113006 113005 113005 113005
PPC000 113007 PPC002 113006 113013 113022
113020 113033 112027 112027 111015 111020
111005 111008 112016 112005 113004 112009.
113006 113008 113014 113011 113009 113009
113008 113003 113007 113003 113003 PPC000
113011 113007 113014 113007 113013 113020
113018 113024 113017 113013 113020 113021.
113015 113013 113007 113010 113011 113010
PPC002 PPC000 113007 113008 113014 113012
113018 113017 113016 113031 114018 113022
113006 113019 113021 113011 113011 113003.
114003 114005 114005 PPC001 PPC002 114008
114008 114008 114006 114008 114011 114010
113014 113017 113015 113019 113015 113026
113015 113021 113015 113015 114025 113015.
114027 114018 114015 114016 114017 114017
114020 114010 114016 114015 114005 114008
114014 114016 113013 113017 113011 113013
113008 113011 113008 113006 113007 PPC002.
113009 113011 113008 113008 113009 114005
PPC001 114007 PPC000 114006 PPC000 114004
PPC000 PPC002 113010 113015 112025 112016
112017 112013 112009 113013 113011 113013.
113006 114008 113007 113004 114007 PPC000
114012 114005 114006 114004 114010 PPC000
114006 113013 113008 112012 112016 112014
112019 112019 113024 113022 113020 113015.
113012 113005 113005 PPC001 113004 113006
113004 113011 PPC000 113004 113005 113003
PPC000 PPC000 113020 113009 113010 112004
112013 112008 112008 113007 113010 113007.
PPC002 113003 PPC000 114005 114007 114003
114004 114004 114008 114003 114005 114005
113005 113008 113010 112011 112016 112009
112010 112011 112013 PPC002 113003 113003.
113005 113006 113003 PPC000 PPC002 PPC001
113005 113004 PPC000 113004 113004 113004
PPC000 PPC000 113004 113011 112011 112009
113011 113013 113011 113020 113014 113009.
113015 113011 PPC002 113007 113004 113009
113009 113005 PPC002 PPC001 PPC001 PPC001
PPC000 113003 113011 113007 112003 113004
112009 113007 112021 113017 113013 113011.
113005 113003 113003 113012 113005 113004
113003 113003 113005 113003 113006 PPC000
PPC000 113005 113006 113012 112006 112011
112015 113014 113024 113016 113009 113006.
113012 113012 113007 113004 113009 113011
113016 113013 113010 113015 113020 113013
113011 113019 113020 113024 113010 113006
113008 113017 113010 113012 113005 113003.
113004 113019 113013 113006 113004 PPC001
113005 113006 113005 PPC000 PPC000 113006
113015 113014 113021 113016 113015 113012
113010 113011 112007 113003 113008 113012.
113007 113007 113010 113003 113006 113009
113013 113007 113007 PPC002 PPC000 PPC000
PPC002 PPC000 112004 112012 112008 112014
112004 112016 112015 113004 113017 113016.
113017 113014 113006 113010 113013 PPC000
113005 113007 113006 113005 114006 114004
113006 113007 PPC001 PPC002 112015 112012
112016 112019 112013 113018 113017 113010.
113010 113011 113003 PPC000 113003 113007
113003 113006 PPC001 113004 113006 113003
113007 113008 113007 113010 113007 113006
112003 113004 113017 113010 PPC002 113004=
112012 112011 112007 112005 112006 112009
112018 112013 113012 113012 113019 113017
113013 113013 113018 113022 113023 113024
113024 113021 113027 113017 113021 113025.
113027 113021 113022 113026 113030 113029
113031 114031 114024 114025 114031 114024
114024 113014 113018 113014 113012 113008
113004 113005 113006 113018 113019 113009.
113004 113010 113007 113010 113015 113015
113012 113011 113010 113007 113008 113005
113009 113007 113013 113014 113010 113011
113013 113012 113008 113012 113010 113014.
113012 113016 113012 113004 113008 113007
113010 113005 113007 113006 113006 PPC000
PPC000 113009 113009 113007 ////// 112008
113012 113007 113016 113013 113011 113004.
113003 113003 PPC001 113003 PPC002 113011
113009 113011 113011 113010 113006 113009
113008 113017 113019 113012 112007 112005
112017 112014 112010 112007 PPC002 PPC000.
113003 113009 113009 PPC000 113003 113006
113003 PPC000 113004 114003 PPC000 114007
PPC002 PPC002 112009 112016 111008 111013
112012 112010 112012 112005 113016 113003.
113007 113016 113013 113012 113010 113009
113017 113014 113013 113004 PPC002 114005
113005 PPC001 113005 112006 112012 112011
112006 112008 113011 113006 113007 PPC002.
113006 113007 PPC002 PPC002 PPC001 113008
113011 113010 113007 113007 113010 113009
113009 113014 113012 113009 113009 113010
112009 112009 112012 113008 113003 113006.
113006 113012 113012 113005 PPC000 PPC000
PPC000 113004 PPC000 PPC002 PPC002 113014
113011 112022 112024 112024 112025 111020
111016 112014 112012 113009 113012 113011.
113009 113020 113010 113010 113013 113006
113018 113011 113012 113013 113011 113013
113014 113012 113016 113022 113021 113014
113020 113011 113016 113021 113014 113006.
113007 PPC001 113006 113007 113004 113008
PPC000 113007 113009 113006 PPC002 PPC002
114008 113012 112014 112021 111020 111021
111029 112014 112019 112014 113018 113018.
113012 113013 113016 114008 114005 PPC000
114004 PPC000 PPC000 PPC000 PPC000 114003
114003 PPC001 112005 112008 113009 113009
113020 113028 113024 113023 113018 113021.
113016 113011 113013 114006 PPC001 PPC002
113010 113012 113005 113007 113010 113010
113009 113017 113008 112018 112016 112020
112021 112019 112014 113008 113017 113016.
113011 113007 113011 113006 113004 113008
113006 PPC000 PPC000 PPC000 113004 PPC002
113004 113010 113009 112012 112018 112027
112029 112030 112015 112015 112021 113018.
113006 PPC000 113008 113007 113004 113005
PPC000 113006 113003 113005 113016 113020
113024 113029 112019 112022 111011 111012
111009 111013 112009 112006 113003 112007.
113005 113007 113011 113013 113010 113010
113007 113004 113004 113004 113005 PPC000
113011 113013 113015 113006 113014 113020
113020 113023 113011 113013 113016 113018.
113018 113017 113012 113011 113010 113009
113004 PPC002 113005 113006 113016 113017
113015 113013 113020 113025 114021 113019
113011 113021 113020 113013 113013 113006.
PPC002 114004 114006 PPC000 PPC002 114008
114008 114009 114005 114008 114013 114014
113014 113015 113020 113016 113013 113020
113019 113022 113014 113021 114024 113019.
114024 114018 114014 114015 114019 114018
114019 114009 114018 114015 114005 114007
114011 114017 113010 113020 113010 113013
113010 113010 113007 113004 113007 113003.
113008 113011 113009 113007 113009 114007
114003 114007 PPC002 114004 PPC000 114006
114003 PPC000 113012 113013 112018 112013
112023 112017 112016 113006 113010 113011.
113011 114006 113007 PPC001 114005 PPC001
114007 114005 114006 114007 114009 114003
114007 113011 113006 112012 112010 112017
112014 112020 113019 113020 113024 113016.
113009 113008 113008 PPC002 113004 113008
113005 113008 PPC000 PPC002 113004 113003
PPC001 PPC000 113016 113007 113008 112005
112008 112007 112011 113009 113011 113005.
113003 113004 PPC002 114006 114006 114003
114003 114004 114012 114006 114006 114005
114004 113005 113011 112008 112016 112012
112016 112013 112011 PPC001 PPC002 PPC002.
113006 113006 113003 PPC001 PPC002 PPC000
113005 113003 PPC000 PPC002 113005 PPC002
PPC000 PPC001 113004 113011 112010 112007
113013 113014 113015 113019 113015 113011.
113012 113010 113003 113005 113003 113010
113008 113006 PPC002 PPC002 PPC002 PPC002
PPC000 113005 113010 113009 PPC002 113003
112008 112010 112018 113020 113013 113015.
113009 113003 PPC001 113010 113005 113003
113003 PPC002 113005 113003 113005 PPC000
PPC000 113008 113009 113012 112009 112011
112014 113012 113019 113017 113011 113005.
113013 113012 113006 113005 113008 113011
113012 113013 113012 113012 113017 113013
113009 113017 113023 113019 113009 113004
113008 113018 113013 113016 113004 113003.
PPC002 113015 113017 113008 113003 PPC001
113007 113007 113005 PPC000 PPC000 113007
113019 113011 113021 113016 113016 113014
113008 113011 112012 PPC002 113007 113011.
113006 113006 113011 113004 113003 113008
113016 113006 113004 PPC002 PPC000 113003
PPC002 PPC000 112003 112012 112014 112013
112013 112012 112014 113007 113020 113013.
113013 113011 113009 113009 113009 PPC000
113006 113008 113007 113003 114006 PPC002
113008 113008 113005 112005 112018 112022
112014 112013 112013 113018 113016 113011.
113010 113009 PPC002 PPC002 PPC002 113007
113004 113004 PPC002 113003 113004 113004
113008 113008 113011 112014 113008 113005
112005 113004 113012 113010 113004 113004=
029113 1611 047113 1750
039114 0533 068113 2227
017113 1632 023113 2002
019113 2217 026113 2221
023112 1448 035112 1546
023112 1450 031112 1404
019113 2205 030113 1707
019113 1045 026113 0929
031112 1048 055112 1504
033113 2119 044113 1120
032111 1458 045112 1455
031113 1617 048113 1632
024112 1452 035112 1445
034112 1507 053112 1359
031113 0922 047112 1145
025113 1829 046113 1925
027114 1206 042114 1118
028114 1832 041114 1901
026114 2016 037114 2010
027112 1409 043112 1418
031113 1730 039113 1724
019113 1126 028113 1133
023112 1427 034112 1423
020113 1913 031113 1805
022113 1717 035112 1657
025113 1648 037113 1644
024113 1054 037113 1045
030113 2231 046113 2226
020112 1248 029113 1911
024112 1356 038112 1309
019113 1714 023113 1708=
DB
0066 0063 0057 0050 0049 0055 0059 0055 0052 0051 0047 0039
0040 0044 0043 0044 0044 0045 0044 0039 0035 0033 0031 0028 0066 2100 0028 1941.
0026 0026 0026 0024 0022 0020 0018 0015 0013 0013 0014 0014
0017 0038 0030 0045 0055 0057 0057 0046 0038 0034 0029 0028 0070 1307 0012 0538.
0028 0027 0026 0026 0025 0024 0023 0023 0021 0022 0021 0023
0026 0032 0038 0047 0054 0055 0054 0049 0043 0034 0031 0031 0060 1415 0021 0500.
0030 0029 0028 0028 0027 0028 0027 0026 0026 0022 0020 0019
0027 0038 0054 0075 //// 0079 0069 0060 0046 0039 0036 0035 0090 1325 0019 0757.
0035 0035 0035 0032 0034 0035 0032 0032 0031 0028 0025 0028
0032 0039 0055 0051 0104 0111 0101 0088 0072 0054 0028 0021 0115 1343 0021 2000.
0007 0021 -002 0013 0016 0012 0013 -001 -023 -030 -037 -039
0001 0056 0133 0171 0183 0173 0138 0124 0084 0048 0045 0038 0195 1305 -041 0747.
0034 0038 0038 0036 0036 0031 0029 0027 0023 0019 0005 -015
//// //// 0078 0071 0101 0103 0097 0073 0047 0042 0041 0040 0083 1042 -021 0754.
0040 0040 0041 0036 0035 0032 0031 0031 0031 0030 0030 0030
0030 0041 0064 0057 0057 0055 0108 0085 0064 0034 -001 -011 0115 1506 -011 2000.
0015 0013 0025 0001 0010 0012 0010 0008 0002 0003 0006 0006
0020 0082 0117 0152 0175 0190 0171 0146 0090 0039 0036 0041 0198 1309 -012 2005.
0035 0035 0029 0026 0025 0022 0024 0020 0019 0017 0017 0019
0029 0049 0077 0075 0086 0075 0082 0073 0058 0042 0034 0029 0092 1222 0015 0619.
0028 0025 0020 0008 0004 0004 0008 0013 0014 -017 -034 -046
-009 0090 0161 0166 0204 0182 0163 0142 0100 0046 0019 0009 0220 1223 -046 0759.
-015 -009 -008 -028 -032 -038 -041 -045 -051 -050 -054 -056
-019 0055 0099 0077 0048 0064 0058 0052 0037 0029 0026 0027 0100 1139 -056 0643.
0025 0022 0011 -027 -040 -010 0002 0007 0007 0008 0011 0010
0021 0046 0102 0166 0178 0137 0099 0081 0067 0054 0048 0050 0199 1309 -043 0048.
0042 0036 0038 0036 0033 0030 0027 0024 0023 0022 0026 0027
0034 0047 0056 0082 0127 0151 0160 0122 0094 0069 0059 0042 0171 1421 0022 0425.
0025 0024 0037 0032 0031 0027 0022 0022 0014 0017 0028 0030
0038 0069 0115 0136 0210 0200 0190 0153 0114 0045 0005 0048 0222 1257 0005 1857.
0016 0029 0032 0033 0030 0029 0026 0023 0022 0022 0023 0022
0035 0034 0025 0034 0037 0046 0049 0042 0035 0026 0023 0023 0054 1443 -005 2006.
0023 0023 0022 0022 0021 0017 0018 0020 0021 0021 0020 0019
0020 0022 0023 0020 0013 0032 0031 0025 0025 0020 0018 0018 0034 1402 0011 1256.
0014 0015 0011 0012 0016 0015 0015 0014 0015 0015 0012 0012
0017 0021 0038 0065 0058 0046 0073 0059 0040 0022 0014 0012 0088 1518 0007 2037.
0011 0009 0009 0009 0007 0007 0004 0003 0001 0001 0000 0000
0011 0020 0025 0035 0043 0035 0067 0056 0035 0032 0022 0018 0074 1452 -002 0636.
0020 0018 0016 0015 0009 -016 -026 -018 -035 -043 -048 -042
-010 0021 0076 0117 0142 0138 0097 0134 0076 0044 -005 -004 0163 1418 -050 0707.
-015 -017 -001 -001 -022 -031 -011 -008 -031 -023 -020 -021
-004 0030 0065 0108 0126 0162 0115 0065 0049 0040 0036 0032 0164 1421 -034 0736.
0029 0027 0025 0023 0022 0023 0020 0019 0015 0015 0017 0018
0023 0044 0061 0072 0075 0085 0124 0077 0071 0049 0019 0015 0137 1519 0014 0544.
-012 -017 -001 -026 -032 -032 -024 -023 -007 -005 -001 0002
0018 0062 0090 0113 0137 0147 0100 0098 0082 0045 0005 -011 0167 1417 -037 0103.
-012 -018 -024 -027 -027 -001 0008 0013 0012 0014 0011 0016
0028 0045 0061 0062 0076 0074 0058 0059 0046 0035 0036 0036 0085 1254 -028 0039.
0035 0036 0032 0029 0027 0028 0025 0023 0021 0020 0019 0019
0025 0038 0061 0083 0060 0065 0079 0060 0070 0052 0045 0041 0089 1520 0018 0722.
0039 0030 0030 0031 0029 0028 0025 0026 0026 0024 0025 0026
0033 0041 0054 0084 0104 0091 0068 0053 0054 0047 0042 0036 0128 1245 0023 0633.
0039 0035 0033 0034 0035 0034 0031 0029 0029 0029 0030 0031
0034 0037 0052 0067 0051 0052 0048 0059 0048 0048 0021 0025 0072 1157 0019 1844.
0029 0034 0031 0026 0027 0018 0020 0018 0011 0017 0021 0022
0026 0032 0020 0029 0030 0045 0068 0067 0068 0043 0030 0029 0097 1622 0008 0441.
0024 0024 0024 0018 0017 0016 0019 0015 0012 0008 0006 0012
0026 0063 0098 0131 0143 0112 0095 0069 0070 0053 0040 0038 0151 1237 0005 0718.
0036 0033 0033 0030 0025 0021 0019 0020 0018 -006 -004 0003
0029 0055 0094 0150 0127 0153 0109 0095 0092 0058 0035 0038 0181 1337 -023 0633.
0037 0037 0034 0030 0034 0033 0029 0030 0031 0031 0030 0030
0033 0046 0078 0072 0066 0069 0064 0060 0054 0046 0039 0036 0097 1118 0028 0334=
0076 0074 0072 0071 0070 0069 0068 0067 0066 0065 0065 0064
0063 0063 0063 0064 0065 0066 0066 0065 0063 0061 0059 0057.
0055 0053 0052 0051 0049 0048 0047 0046 0044 0042 0041 0041
0041 0042 0047 0050 0053 0056 0058 0059 0057 0055 0053 0050.
0049 0048 0048 0047 0046 0046 0045 0044 0043 0043 0043 0042
0042 0043 0044 0047 0051 0054 0056 0056 0056 0054 0052 0050.
0049 0048 0047 0046 0046 0045 0045 0044 0044 0044 0043 0042
0042 0043 0046 0051 //// 0063 0066 0066 0064 0060 0057 0055.
0054 0053 0052 0051 0051 0050 0049 0048 0047 0046 0045 0044
0044 0045 0047 0055 0060 0069 0075 0076 0074 0070 0064 0059.
0055 0051 0047 0043 0043 0042 0041 0040 0037 0032 0029 0025
0023 0027 0042 0059 0075 0086 0090 0090 0086 0079 0071 0066.
0063 0060 0057 0055 0053 0052 0050 0048 0046 0044 0004 0038
//// //// 0047 0067 0096 0099 0087 0066 0039 0036 0038 0037.
0037 0037 0038 0055 0054 0054 0052 0051 0051 0050 0049 0049
0048 0048 0054 0060 0063 0062 0065 0073 0074 0068 0059 0051.
0047 0046 0044 0042 0039 0039 0038 0037 0035 0034 0033 0033
0033 0037 0048 0061 0076 0088 0093 0095 0090 0080 0070 0065.
0061 0058 0055 0053 0050 0049 0047 0044 0043 0041 0040 0039
0038 0041 0047 0055 0060 0063 0065 0067 0065 0062 0057 0053.
0051 0049 0048 0045 0043 0040 0038 0037 0037 0035 0029 0024
0018 0027 0044 0064 0082 0095 0099 0100 0095 0085 0072 0062.
0054 0047 0042 0037 0032 0028 0024 0021 0018 0016 0013 0011
0011 0013 0026 0040 0043 0045 0047 0047 0046 0043 0041 0039.
0037 0036 0035 0030 0025 0021 0022 0024 0024 0025 0025 0025
0026 0029 0038 0055 0074 0083 0082 0079 0074 0069 0063 0059.
0057 0054 0052 0051 0050 0049 0048 0047 0046 0045 0044 0044
0044 0046 0053 0058 0070 0079 0087 0090 0087 0081 0075 0069.
0062 0058 0056 0054 0053 0052 0050 0048 0046 0044 0043 0041
0040 0042 0051 0065 0081 0095 0101 0102 0098 0089 0076 0088.
0060 0058 0056 0054 0052 0051 0049 0048 0047 0046 0045 0045
0044 0046 0048 0049 0051 0054 0057 0058 0057 0054 0051 0049.
0047 0046 0045 0043 0042 0042 0040 0040 0040 0040 0039 0039
0038 0038 0038 0039 0038 0039 0042 0042 0042 0041 0040 0039.
0036 0035 0035 0034 0034 0034 0033 0033 0033 0033 0033 0032
0032 0033 0037 0043 0049 0051 0052 0061 0060 0055 0050 0046.
0043 0040 0038 0036 0034 0032 0031 0029 0028 0027 0026 0025
0025 0028 0031 0034 0037 0040 0044 0050 0051 0048 0045 0042.
0040 0038 0036 0035 0033 0029 0025 0022 0021 0018 0016 0014
0013 0013 0018 0032 0049 0064 0071 0073 0072 0066 0057 0048.
0040 0034 0032 0030 0028 0025 0023 0022 0020 0019 0018 0016
0016 0017 0024 0038 0051 0064 0072 0072 0065 0059 0054 0050.
0047 0046 0044 0043 0041 0040 0039 0038 0037 0036 0035 0035
0035 0036 0041 0046 0052 0058 0065 0071 0069 0065 0057 0051.
0046 0039 0036 0033 0028 0025 0023 0021 0020 0019 0020 0020
0022 0027 0036 0048 0061 0073 0081 0079 0076 0070 0061 0052.
0045 0040 0035 0032 0028 0026 0027 0029 0029 0030 0030 0030
0031 0034 0039 0043 0046 0051 0053 0052 0053 0050 0048 0046.
0045 0044 0043 0042 0041 0041 0040 0039 0038 0038 0037 0037
0036 0038 0042 0048 0053 0053 0055 0058 0059 0058 0055 0052.
0050 0048 0046 0045 0044 0044 0043 0042 0041 0041 0040 0040
0040 0042 0044 0049 0060 0064 0066 0065 0061 0059 0056 0053.
0052 0050 0048 0048 0047 0046 0046 0045 0044 0044 0043 0043
0043 0044 0047 0051 0054 0054 0056 0055 0055 0054 0050 0047.
0046 0045 0045 0044 0043 0041 0040 0038 0036 0035 0035 0035
0035 0036 0036 0037 0040 0043 0048 0053 0058 0056 0052 0048.
0045 0043 0042 0040 0039 0037 0036 0035 0034 0033 0031 0030
0031 0035 0043 0054 0067 0071 0072 0072 0070 0066 0061 0056.
0053 0050 0048 0046 0044 0042 0041 0040 0038 0037 0032 0030
0031 0036 0042 0055 0067 0079 0083 0080 0077 0073 0067 0060.
0057 0054 0052 0051 0050 0049 0048 0047 0047 0046 0046 0046
0045 0046 0051 0059 0060 0061 0063 0063 0061 0059 0056 0054=
0086 0085 0084 0082 0081 0081 0080 0079 0078 0078 0077 0076
0075 0075 0075 0075 0075 0075 0075 0076 0075 0074 0072 0071.
0070 0068 0067 0066 0065 0064 0063 0062 0060 0059 0058 0057
0056 0056 0057 0059 0061 0063 0064 0066 0066 0066 0065 0063.
0062 0061 0061 0060 0059 0059 0058 0058 0057 0056 0056 0056
0055 0055 0055 0056 0058 0060 0062 0063 0064 0063 0063 0062.
0061 0060 0059 0058 0058 0057 0057 0057 0056 0056 0055 0055
0054 0054 0055 0057 //// 0063 0067 0069 0069 0068 0067 0066.
0065 0064 0063 0063 0062 0062 0061 0060 0059 0058 0058 0057
0056 0056 0056 0059 0062 0066 0071 0074 0076 0075 0074 0071.
0068 0066 0063 0060 0058 0057 0056 0055 0054 0051 0048 0046
0044 0043 0046 0053 0062 0071 0078 0082 0084 0083 0080 0077.
0074 0072 0070 0068 0066 0065 0063 0062 0060 0059 //// 0055
0037 0040 0054 //// //// //// //// //// //// //// //// ////.
//// //// //// 0065 0065 0064 0063 0063 0062 0061 0061 0060
0060 0059 0060 0063 0066 0067 0068 0071 0074 0074 0072 0067.
0064 0061 0059 0058 0056 0054 0053 0052 0051 0050 0049 0048
0048 0048 0051 0056 0064 0073 0080 0085 0086 0085 0081 0077.
0073 0071 0068 0066 0064 0063 0061 0059 0058 0056 0055 0054
0053 0053 0054 0057 0061 0064 0066 0068 0069 0069 0067 0065.
0063 0062 0060 0059 0057 0055 0053 0052 0051 0050 0047 0045
0037 0041 0045 0053 0063 0074 0082 0087 0089 0088 0083 0077.
0072 0066 0062 0058 0054 0050 0047 0044 0041 0038 0036 0034
0032 0032 0034 0040 0045 0048 0050 0052 0052 0052 0051 0050.
0049 0048 0048 0046 0043 0040 0039 0038 0038 0038 0038 0038
0038 0039 0042 0048 0057 0067 0072 0074 0074 0073 0070 0066.
0066 0064 0063 0061 0060 0059 0058 0058 0057 0056 0055 0055
0054 0054 0056 0059 0063 0070 0076 0081 0083 0083 0081 0078.
0074 0071 0068 0067 0065 0064 0062 0061 0060 0058 0057 0056
0054 0054 0055 0060 0068 0077 0085 0090 0092 0091 0086 0102.
0075 0072 0069 0067 0066 0064 0063 0061 0060 0059 0058 0057
0056 0056 0057 0058 0058 0059 0061 0062 0063 0063 0062 0060.
0059 0058 0057 0056 0055 0054 0053 0052 0052 0051 0051 0051
0050 0050 0049 0049 0049 0049 0050 0050 0051 0051 0050 0050.
0049 0048 0047 0046 0045 0045 0045 0044 0044 0044 0044 0043
0043 0043 0044 0047 0050 0053 0055 0058 0061 0061 0059 0057.
0055 0053 0051 0049 0048 0046 0045 0044 0042 0041 0040 0039
0039 0039 0040 0041 0043 0045 0047 0050 0053 0054 0053 0052.
0050 0049 0048 0047 0045 0044 0040 0039 0037 0035 0033 0032
0030 0029 0029 0033 0041 0050 0058 0063 0067 0067 0065 0060.
0056 0051 0048 0046 0044 0041 0039 0038 0036 0035 0034 0032
0031 0031 0032 0037 0044 0052 0060 0065 0066 0064 0061 0059.
0057 0055 0054 0053 0052 0051 0050 0049 0048 0047 0046 0046
0045 0045 0047 0049 0052 0055 0059 0064 0067 0067 0065 0062.
0059 0055 0052 0049 0045 0043 0041 0039 0037 0036 0035 0034
0034 0036 0039 0044 0051 0059 0066 0072 0072 0071 0069 0064.
0060 0056 0052 0049 0046 0043 0042 0042 0042 0042 0042 0041
0041 0042 0044 0047 0049 0051 0054 0055 0056 0056 0055 0054.
0053 0053 0052 0051 0051 0050 0050 0049 0048 0048 0047 0047
0046 0046 0047 0050 0053 0055 0057 0059 0060 0061 0061 0059.
0058 0057 0056 0055 0054 0053 0053 0052 0051 0051 0050 0050
0049 0049 0051 0052 0056 0061 0064 0065 0065 0064 0063 0062.
0060 0059 0058 0057 0056 0056 0055 0054 0054 0053 0053 0052
0052 0052 0053 0054 0057 0058 0059 0060 0060 0060 0059 0057.
0056 0055 0054 0054 0053 0052 0051 0050 0049 0047 0047 0046
0046 0046 0046 0046 0047 0048 0050 0053 0057 0058 0058 0057.
0055 0054 0052 0051 0050 0049 0048 0047 0046 0045 0044 0043
0042 0043 0045 0048 0057 0063 0067 0069 0069 0069 0067 0065.
0062 0060 0058 0057 0056 0054 0053 0052 0050 0049 0047 0045
0044 0044 0047 0051 0058 0065 0072 0075 0075 0075 0072 0069.
0066 0064 0062 0061 0060 0059 0058 0057 0056 0056 0055 0055
0054 0054 0055 0058 0061 0063 0064 0065 0065 0065 0064 0063=
0091 0091 0091 0090 0090 0090 0089 0089 0088 0088 0087 0087
0086 0086 0086 0085 0085 0085 0085 0084 0084 0084 0084 0084.
0083 0083 0082 0081 0081 0080 0080 0079 0078 0078 0077 0076
0076 0075 0074 0074 0074 0074 0074 0075 0075 0075 0075 0075.
0075 0075 0075 0074 0074 0074 0073 0073 0073 0072 0072 0071
0071 0071 0071 0070 0070 0070 0071 0071 0071 0072 0072 0072.
0072 0072 0072 0072 0071 0071 0071 0070 0070 0070 0070 0069
0069 0069 0069 0069 //// 0069 0070 0070 0071 0072 0073 0073.
0073 0073 0073 0073 0072 0072 0072 0072 0071 0071 0071 0070
0070 0070 0070 0069 0069 0070 0071 0072 0073 0074 0075 0075.
0075 0075 0075 0074 0073 0072 0072 0071 0070 0069 0068 0067
0066 0066 0065 0065 0065 0066 0068 0070 0072 0074 0075 0076.
0077 0076 0076 0076 0075 0075 0074 0073 0073 0072 0013 0071
0053 0053 0069 0054 0063 0071 0075 0073 0069 0065 0062 0059.
0058 0057 0056 0073 0073 0073 0072 0072 0072 0072 0071 0071
0071 0070 0070 0070 0070 0071 0071 0072 0072 0073 0074 0074.
0074 0073 0073 0072 0071 0070 0069 0069 0068 0067 0066 0065
0065 0065 0065 0064 0065 0066 0068 0070 0072 0074 0075 0076.
0076 0076 0076 0075 0074 0074 0073 0072 0071 0070 0070 0069
0068 0068 0067 0067 0067 0067 0068 0069 0069 0070 0070 0071.
0071 0071 0070 0070 0069 0069 0068 0067 0067 0066 0065 0064
0061 0063 0062 0062 0062 0064 0066 0068 0071 0073 0075 0076.
0076 0075 0074 0073 0071 0070 0068 0066 0065 0063 0062 0060
0059 0058 0057 0056 0056 0056 0057 0058 0058 0059 0059 0060.
0060 0060 0059 0059 0059 0058 0057 0056 0056 0055 0055 0055
0054 0054 0054 0055 0055 0057 0058 0061 0063 0065 0066 0067.
0067 0067 0067 0067 0067 0066 0066 0066 0065 0065 0064 0064
0064 0064 0063 0064 0064 0065 0066 0068 0069 0071 0073 0073.
0074 0074 0073 0073 0072 0072 0071 0070 0070 0069 0068 0068
0067 0067 0066 0066 0066 0067 0069 0071 0073 0075 0076 0097.
0077 0077 0076 0075 0074 0073 0072 0072 0071 0070 0069 0069
0068 0068 0067 0067 0067 0066 0067 0067 0067 0067 0067 0067.
0067 0067 0067 0066 0066 0065 0065 0064 0064 0063 0063 0063
0062 0062 0062 0061 0061 0061 0061 0060 0061 0060 0060 0060.
0060 0060 0060 0059 0059 0058 0058 0058 0057 0057 0057 0056
0056 0056 0056 0056 0056 0056 0057 0058 0059 0060 0061 0061.
0061 0061 0061 0060 0060 0059 0059 0058 0057 0057 0056 0055
0055 0054 0054 0053 0053 0053 0054 0054 0055 0056 0056 0057.
0057 0057 0057 0057 0057 0056 0056 0055 0054 0053 0052 0051
0051 0050 0049 0049 0048 0049 0050 0053 0055 0057 0058 0060.
0060 0060 0059 0058 0057 0056 0055 0055 0053 0052 0052 0051
0050 0049 0049 0049 0049 0050 0051 0053 0055 0057 0058 0059.
0059 0060 0059 0059 0059 0058 0058 0058 0057 0057 0056 0056
0056 0055 0055 0055 0055 0056 0057 0058 0059 0060 0061 0062.
0062 0062 0061 0060 0060 0058 0057 0056 0055 0054 0053 0052
0051 0051 0051 0051 0051 0053 0054 0057 0059 0060 0062 0062.
0063 0062 0062 0061 0060 0059 0058 0057 0056 0055 0054 0054
0053 0053 0053 0053 0053 0054 0054 0055 0056 0057 0057 0057.
0058 0058 0058 0057 0057 0057 0057 0057 0056 0056 0056 0056
0056 0055 0055 0055 0055 0056 0057 0057 0058 0059 0059 0060.
0060 0060 0060 0060 0060 0060 0059 0059 0059 0058 0058 0058
0058 0058 0057 0057 0058 0058 0059 0060 0061 0062 0062 0062.
0063 0063 0062 0062 0062 0062 0061 0061 0061 0060 0060 0060
0059 0059 0059 0059 0059 0059 0060 0060 0061 0061 0061 0061.
0061 0061 0061 0060 0060 0060 0059 0059 0059 0058 0058 0057
0057 0056 0056 0056 0056 0055 0056 0056 0056 0057 0058 0058.
0059 0059 0059 0058 0058 0058 0057 0057 0056 0056 0055 0055
0054 0054 0054 0062 0055 0055 0057 0059 0060 0062 0063 0063.
0063 0063 0063 0063 0062 0062 0061 0060 0060 0059 0058 0058
0057 0057 0056 0056 0056 0057 0059 0061 0062 0064 0065 0066.
0066 0066 0066 0065 0065 0064 0064 0063 0063 0062 0062 0062
0061 0061 0061 0061 0061 0062 0062 0063 0063 0064 0064 0064=
0087 0086 0086 0085 0084 0084 0083 0083 0082 0081 0081 0080
0080 0079 0079 0078 0078 0078 0078 0078 0078 0078 0077 0076.
0076 0075 0074 0073 0072 0071 0070 0070 0069 0068 0067 0066
0065 0064 0064 0064 0065 0066 0067 0067 0068 0068 0068 0068.
0068 0067 0066 0066 0065 0065 0065 0064 0063 0063 0063 0062
0062 0062 0061 0061 0062 0062 0063 0064 0065 0065 0065 0065.
0065 0065 0064 0064 0063 0063 0062 0062 0062 0061 0061 0061
0060 0060 0060 0060 //// 0063 0064 0066 0067 0068 0068 0068.
0067 0067 0066 0066 0066 0065 0065 0065 0064 0064 0063 0062
0062 0062 0062 0062 0063 0064 0066 0069 0070 0072 0072 0072.
0071 0070 0068 0067 0065 0064 0063 0062 0061 0060 0058 0057
0055 0054 0054 0055 0058 0061 0066 0070 0073 0075 0075 0075.
0074 0073 0072 0071 0070 0069 0068 0067 0066 0065 0004 0062
0070 0069 0060 0058 0059 0067 0071 0074 0074 0072 0071 0069.
0068 0067 0066 0068 0067 0067 0066 0066 0066 0065 0065 0064
0064 0063 0063 0064 0065 0066 0067 0068 0069 0071 0071 0070.
0069 0067 0066 0064 0063 0062 0061 0060 0059 0058 0057 0056
0055 0055 0055 0056 0059 0063 0067 0071 0074 0076 0076 0076.
0074 0073 0071 0070 0069 0067 0066 0065 0064 0063 0062 0061
0060 0059 0059 0059 0060 0062 0063 0065 0066 0067 0067 0067.
0066 0065 0064 0063 0062 0061 0060 0059 0058 0057 0056 0055
0053 0052 0052 0053 0056 0061 0066 0071 0074 0077 0077 0076.
0074 0071 0069 0066 0063 0061 0058 0056 0053 0051 0049 0047
0046 0045 0044 0045 0046 0048 0050 0051 0053 0053 0053 0053.
0053 0053 0052 0051 0050 0049 0048 0047 0046 0046 0045 0045
0045 0045 0045 0047 0050 0054 0059 0062 0065 0066 0066 0065.
0065 0064 0064 0063 0062 0061 0061 0060 0060 0059 0058 0058
0058 0057 0057 0058 0060 0062 0065 0068 0072 0073 0074 0074.
0073 0072 0070 0069 0068 0067 0066 0065 0064 0063 0062 0061
0060 0059 0059 0059 0062 0065 0069 0074 0077 0079 0079 0100.
0075 0074 0072 0071 0069 0068 0067 0065 0064 0063 0063 0062
0061 0061 0060 0060 0060 0060 0061 0062 0062 0063 0063 0062.
0062 0061 0060 0060 0059 0059 0058 0057 0057 0056 0056 0055
0055 0054 0054 0054 0054 0053 0053 0053 0054 0054 0054 0053.
0053 0053 0052 0051 0051 0050 0050 0049 0049 0049 0048 0048
0048 0048 0048 0048 0049 0051 0053 0054 0056 0057 0058 0058.
0057 0056 0055 0054 0053 0052 0051 0050 0049 0048 0047 0046
0045 0045 0045 0045 0046 0046 0048 0049 0050 0052 0052 0053.
0052 0052 0051 0051 0050 0049 0048 0046 0046 0044 0042 0041
0039 0039 0038 0038 0040 0043 0047 0052 0055 0058 0059 0059.
0057 0056 0054 0052 0050 0048 0047 0046 0044 0043 0042 0041
0040 0039 0039 0039 0041 0045 0049 0053 0056 0057 0058 0058.
0057 0056 0056 0055 0054 0053 0053 0052 0051 0051 0050 0049
0049 0049 0049 0049 0050 0052 0054 0056 0058 0060 0061 0061.
0059 0058 0056 0054 0053 0051 0049 0047 0046 0044 0043 0042
0042 0042 0042 0044 0046 0049 0054 0056 0060 0062 0063 0062.
0061 0059 0057 0055 0053 0051 0050 0048 0047 0047 0047 0046
0046 0046 0046 0047 0048 0049 0051 0052 0053 0054 0054 0054.
0054 0053 0053 0053 0052 0052 0052 0051 0051 0051 0050 0050
0049 0049 0049 0050 0051 0052 0054 0055 0056 0057 0057 0058.
0057 0057 0057 0056 0056 0055 0054 0054 0054 0053 0053 0052
0052 0052 0052 0052 0053 0055 0057 0059 0060 0060 0061 0060.
0060 0059 0059 0058 0057 0057 0057 0056 0056 0055 0055 0054
0054 0054 0054 0054 0055 0056 0056 0057 0058 0058 0058 0058.
0057 0057 0056 0056 0055 0054 0054 0053 0053 0052 0051 0051
0050 0050 0049 0049 0049 0049 0050 0051 0053 0054 0055 0056.
0055 0055 0054 0053 0053 0052 0051 0051 0050 0049 0049 0048
0047 0047 0047 0053 0051 0054 0057 0059 0061 0062 0063 0062.
0062 0061 0060 0059 0058 0057 0056 0055 0054 0053 0052 0051
0050 0049 0049 0050 0052 0055 0059 0062 0065 0066 0066 0066.
0065 0064 0063 0062 0061 0060 0060 0059 0058 0058 0057 0057
0056 0056 0056 0057 0058 0059 0060 0061 0062 0062 0062 0062=
0101 0101 0101 0101 0101 0101 0101 0101 0101 0101 0101 0101
0101 0100 0100 0100 0099 0099 0099 0099 0099 0099 0099 0099.
0099 0099 0098 0098 0098 0098 0097 0097 0097 0096 0096 0095
0095 0094 0093 0093 0092 0092 0091 0091 0091 0091 0091 0092.
0091 0091 0091 0091 0091 0091 0091 0090 0090 0090 0090 0090
0089 0089 0089 0088 0088 0087 0087 0087 0087 0087 0088 0088.
0088 0088 0087 0087 0087 0087 0087 0087 0087 0087 0087 0087
0086 0086 0085 0085 //// 0084 0084 0084 0085 0085 0086 0086.
0086 0086 0086 0086 0086 0086 0086 0086 0086 0086 0086 0086
0086 0085 0085 0084 0084 0083 0083 0083 0084 0084 0086 0086.
0087 0088 0088 0088 0088 0088 0087 0087 0088 0088 0088 0088
0086 0084 0082 0080 0078 0078 0079 0080 0081 0083 0084 0084.
0085 0086 0086 0086 0086 0086 0086 0086 0086 0085 //// 0086
0061 0060 0083 0068 0068 0069 0070 0071 0072 0073 0073 0074.
0074 0074 0074 0085 0085 0085 0085 0085 0085 0085 0085 0085
0085 0085 0084 0084 0083 0083 0083 0082 0083 0084 0086 0086.
0086 0086 0086 0086 0086 0086 0086 0085 0085 0085 0084 0084
0083 0081 0080 0078 0077 0076 0077 0078 0080 0082 0083 0083.
0084 0085 0085 0085 0085 0085 0085 0085 0085 0085 0085 0084
0084 0083 0082 0082 0081 0081 0081 0081 0081 0082 0082 0083.
0083 0083 0083 0084 0084 0084 0083 0083 0083 0083 0084 0084
0083 0079 0077 0075 0074 0074 0074 0075 0077 0079 0082 0083.
0084 0084 0085 0085 0085 0085 0085 0085 0085 0084 0084 0083
0081 0079 0076 0075 0076 0075 0075 0075 0075 0076 0076 0076.
0076 0076 0076 0077 0078 0077 0076 0076 0075 0075 0075 0074
0074 0073 0071 0069 0068 0069 0070 0071 0072 0073 0074 0074.
0075 0076 0076 0077 0077 0077 0077 0077 0077 0077 0077 0077
0077 0076 0077 0075 0074 0074 0073 0074 0075 0077 0078 0079.
0080 0080 0081 0081 0081 0081 0081 0081 0081 0081 0081 0080
0080 0079 0077 0076 0074 0074 0074 0075 0077 0079 0082 0101.
0083 0083 0083 0083 0083 0083 0083 0083 0083 0083 0082 0082
0082 0081 0081 0081 0080 0080 0079 0079 0080 0080 0080 0080.
0081 0080 0080 0080 0080 0080 0080 0079 0078 0079 0079 0078
0078 0078 0078 0078 0077 0077 0077 0077 0076 0076 0076 0076.
0076 0076 0076 0076 0076 0075 0075 0075 0075 0074 0074 0074
0074 0073 0073 0072 0072 0072 0072 0071 0072 0073 0073 0074.
0074 0074 0074 0074 0074 0074 0074 0074 0074 0074 0073 0073
0073 0072 0071 0071 0071 0070 0070 0069 0070 0070 0070 0072.
0071 0071 0071 0071 0072 0072 0073 0073 0072 0073 0073 0072
0071 0069 0067 0066 0064 0063 0064 0064 0065 0066 0068 0069.
0071 0072 0071 0071 0072 0072 0072 0071 0071 0071 0071 0070
0069 0068 0067 0065 0064 0063 0063 0064 0066 0067 0067 0068.
0069 0069 0069 0070 0070 0070 0070 0070 0070 0070 0070 0070
0070 0069 0068 0068 0067 0067 0067 0067 0068 0069 0070 0071.
0072 0073 0073 0073 0074 0074 0073 0073 0072 0071 0071 0070
0069 0068 0067 0065 0064 0063 0064 0065 0066 0067 0070 0071.
0072 0073 0073 0073 0074 0073 0072 0072 0071 0071 0070 0070
0068 0068 0068 0067 0067 0067 0067 0067 0068 0068 0068 0069.
0069 0069 0069 0070 0070 0070 0070 0070 0070 0070 0070 0070
0069 0069 0068 0068 0067 0068 0068 0068 0068 0068 0069 0069.
0070 0070 0070 0071 0071 0071 0071 0071 0071 0071 0071 0071
0070 0070 0070 0069 0068 0068 0068 0069 0070 0070 0071 0071.
0071 0071 0072 0072 0072 0072 0072 0072 0072 0072 0072 0071
0071 0071 0071 0070 0070 0070 0070 0070 0071 0071 0072 0072.
0072 0072 0072 0072 0072 0074 0072 0072 0072 0072 0071 0071
0071 0070 0070 0070 0070 0069 0069 0068 0068 0069 0069 0069.
0070 0070 0070 0070 0070 0070 0070 0070 0070 0070 0070 0070
0069 0068 0067 0066 0065 0066 0066 0067 0067 0068 0069 0070.
0070 0071 0071 0071 0072 0072 0072 0072 0072 0072 0072 0072
0071 0070 0069 0067 0066 0066 0079 0068 0068 0069 0070 0071.
0072 0072 0073 0073 0073 0073 0073 0073 0073 0073 0073 0073
0072 0072 0071 0071 0071 0071 0071 0071 0072 0072 0072 0073=
KB
0121 0121 0121 0121 0121 0121 0121 0121 0121 0121 0121 0122
0122 0122 0122 0122 0122 0121 0121 0122 0122 0122 0122 0122.
0122 0122 0122 0122 0122 0122 0122 0122 0122 0122 0122 0122
0122 0121 0121 0120 0120 0120 0120 0120 0120 0120 0120 0120.
0120 0120 0120 0120 0120 0120 0119 0119 0119 0119 0119 0119
0119 0119 0118 0118 0118 0117 0117 0117 0117 0117 0117 0117.
0117 0117 0117 0117 0117 0117 0117 0117 0116 0117 0116 0116
0116 0116 0115 0115 //// 0114 0114 0114 0114 0115 0115 0115.
0115 0114 0114 0114 0114 0114 0114 0114 0114 0114 0114 0114
0114 0114 0113 0113 0112 0111 0111 0111 0112 0112 0113 0113.
0114 0112 0114 0113 0113 0113 0113 0113 0114 0114 0115 0115
0114 0112 0110 0108 0107 0107 0108 0109 0110 0111 0111 0111.
0111 0111 0111 0111 0111 0111 0111 0111 0111 0113 //// 0112
0086 0085 0110 0060 0062 0064 0066 0068 0070 0070 0070 0070.
0069 0069 0068 0110 0110 0110 0110 0110 0110 0110 0110 0110
0110 0110 0109 0109 0109 0109 0108 0107 0108 0109 0110 0111.
0110 0110 0109 0110 0110 0110 0110 0110 0110 0110 0110 0110
0109 0108 0106 0105 0104 0104 0104 0105 0106 0108 0108 0108.
0108 0108 0108 0108 0108 0108 0108 0108 0108 0108 0109 0108
0108 0108 0107 0107 0106 0107 0107 0107 0107 0107 0107 0108.
0108 0108 0108 0108 0108 0108 0108 0108 0108 0108 0109 0110
0109 0106 0104 0102 0101 0101 0102 0103 0104 0105 0107 0107.
0108 0108 0108 0108 0108 0108 0108 0109 0109 0109 0109 0109
0108 0106 0104 0104 0105 0105 0105 0105 0105 0105 0106 0106.
0106 0106 0106 0106 0107 0107 0106 0105 0105 0105 0105 0105
0105 0104 0101 0100 0099 0100 0101 0102 0102 0102 0102 0102.
0102 0102 0102 0102 0102 0102 0102 0102 0102 0102 0102 0102
0102 0102 0104 0100 0099 0099 0098 0099 0100 0100 0100 0101.
0101 0102 0101 0101 0101 0101 0102 0102 0102 0102 0102 0101
0102 0101 0099 0098 0097 0096 0096 0098 0099 0100 0103 0115.
0103 0102 0102 0102 0102 0102 0102 0102 0102 0102 0102 0102
0102 0102 0102 0102 0102 0102 0101 0102 0102 0102 0102 0103.
0103 0102 0103 0102 0102 0102 0102 0102 0102 0102 0102 0102
0102 0102 0102 0102 0102 0102 0102 0102 0102 0101 0102 0102.
0102 0102 0102 0102 0101 0101 0101 0101 0101 0101 0101 0101
0101 0101 0100 0100 0099 0100 0099 0099 0099 0100 0100 0100.
0100 0100 0100 0100 0100 0100 0100 0100 0100 0100 0100 0100
0100 0099 0099 0099 0099 0098 0098 0098 0098 0098 0098 0092.
0098 0098 0098 0098 0098 0099 0099 0100 0099 0098 0100 0100
0099 0098 0096 0095 0094 0093 0094 0094 0095 0095 0097 0097.
0098 0098 0097 0097 0097 0098 0098 0097 0097 0098 0097 0098
0097 0096 0095 0094 0093 0092 0092 0093 0094 0094 0095 0095.
0095 0095 0095 0095 0095 0095 0093 0095 0095 0095 0095 0095
0094 0094 0093 0093 0093 0092 0092 0092 0092 0093 0094 0094.
0095 0095 0095 0095 0096 0096 0096 0096 0095 0095 0095 0095
0094 0093 0092 0091 0090 0090 0090 0091 0091 0092 0094 0094.
0095 0094 0095 0095 0095 0094 0094 0094 0093 0093 0093 0093
0095 0092 0092 0092 0092 0091 0092 0092 0092 0092 0092 0092.
0092 0092 0092 0092 0092 0093 0092 0092 0092 0093 0092 0092
0092 0092 0091 0091 0091 0091 0091 0091 0091 0091 0091 0091.
0091 0092 0092 0092 0092 0092 0092 0092 0092 0092 0092 0092
0092 0091 0091 0090 0089 0090 0090 0090 0091 0091 0091 0091.
0091 0091 0091 0091 0091 0091 0091 0091 0091 0091 0091 0091
0091 0091 0091 0091 0091 0091 0091 0091 0091 0091 0092 0092.
0092 0091 0091 0092 0092 0091 0092 0092 0092 0092 0092 0092
0092 0091 0092 0092 0091 0091 0090 0090 0090 0091 0091 0091.
0091 0091 0091 0092 0092 0092 0092 0092 0092 0092 0092 0092
0091 0090 0089 0089 0088 0089 0089 0089 0089 0090 0090 0090.
0090 0090 0090 0090 0090 0091 0091 0091 0091 0091 0092 0091
0091 0090 0089 0087 0087 0087 0079 0089 0089 0089 0090 0090.
0090 0090 0090 0090 0090 0090 0090 0090 0090 0090 0090 0090
0090 0090 0090 0089 0089 0089 0089 0090 0090 0090 0090 0090=
0155 0154 0154 0155 0155 0155 0155 0154 0155 0155 0155 0155
0155 0155 0155 0155 0155 0155 0155 0155 0155 0155 0155 0155.
0155 0155 0156 0155 0155 0155 0155 0155 0155 0155 0155 0155
0155 0155 0154 0154 0154 0153 0153 0153 0154 0154 0154 0154.
0154 0154 0154 0154 0154 0154 0154 0154 0154 0153 0153 0154
0154 0153 0153 0153 0152 0152 0152 0152 0152 0153 0153 0153.
0153 0153 0153 0153 0153 0153 0153 0153 0153 0153 0153 0153
0153 0152 0152 0151 //// 0151 0151 0151 0151 0151 0152 0151.
0151 0151 0151 0151 0151 0151 0151 0151 0151 0151 0151 0151
0151 0151 0150 0150 0150 0149 0149 0149 0149 0150 0151 0151.
0151 0151 0151 0151 0151 0151 0151 0151 0152 0152 0152 0153
0152 0150 0147 0146 0145 0145 0146 0147 0148 0149 0149 0149.
0149 0149 0149 0149 0149 0149 0149 0149 0149 0150 0112 0151
0111 0111 0148 0083 0082 0082 0082 0082 0083 0084 0084 0084.
0085 0085 0085 0148 0148 0148 0148 0148 0148 0148 0148 0148
0148 0148 0147 0147 0147 0147 0146 0145 0146 0147 0148 0149.
0148 0148 0147 0148 0148 0148 0148 0148 0148 0148 0148 0148
0147 0145 0144 0143 0142 0141 0142 0142 0144 0145 0146 0146.
0146 0146 0146 0146 0146 0146 0146 0146 0146 0146 0146 0146
0146 0145 0145 0144 0144 0144 0144 0144 0145 0145 0145 0145.
0145 0145 0146 0146 0146 0146 0146 0146 0145 0146 0147 0147
0147 0144 0141 0140 0139 0139 0139 0140 0142 0143 0145 0145.
0145 0145 0146 0146 0146 0146 0146 0146 0147 0147 0147 0147
0146 0144 0142 0142 0143 0143 0143 0143 0143 0143 0143 0143.
0144 0143 0144 0145 0145 0145 0144 0144 0144 0144 0144 0144
0143 0143 0142 0139 0138 0139 0140 0141 0141 0141 0142 0142.
0142 0142 0142 0142 0142 0142 0142 0142 0142 0142 0142 0142
0141 0141 0140 0140 0138 0138 0137 0138 0139 0140 0140 0140.
0141 0141 0141 0141 0141 0141 0141 0141 0141 0141 0141 0140
0140 0140 0138 0137 0135 0135 0135 0136 0137 0139 0141 0142.
0141 0140 0140 0140 0140 0140 0140 0140 0140 0140 0140 0140
0140 0139 0139 0139 0139 0139 0139 0139 0139 0139 0139 0139.
0139 0139 0139 0139 0139 0139 0139 0139 0140 0139 0139 0139
0139 0139 0139 0139 0139 0139 0139 0139 0138 0138 0139 0138.
0139 0139 0139 0139 0139 0138 0138 0138 0138 0138 0138 0138
0138 0138 0138 0137 0137 0137 0137 0136 0137 0137 0138 0138.
0138 0138 0138 0138 0138 0138 0138 0138 0138 0138 0138 0138
0138 0137 0137 0136 0136 0136 0136 0136 0136 0136 0136 0136.
0136 0136 0136 0137 0137 0137 0138 0138 0138 0138 0139 0139
0138 0136 0135 0134 0132 0132 0133 0132 0134 0134 0136 0136.
0137 0137 0136 0136 0137 0137 0137 0136 0137 0137 0137 0137
0135 0135 0134 0133 0132 0131 0131 0133 0133 0134 0134 0134.
0134 0134 0134 0134 0134 0134 0133 0134 0134 0134 0134 0134
0134 0134 0133 0133 0132 0132 0131 0131 0132 0133 0134 0134.
0134 0135 0134 0135 0135 0135 0135 0135 0134 0134 0134 0134
0134 0133 0132 0130 0129 0129 0129 0130 0130 0131 0133 0134.
0134 0134 0134 0134 0134 0134 0133 0133 0133 0132 0132 0132
0132 0131 0131 0131 0130 0130 0130 0131 0131 0131 0131 0131.
0131 0131 0131 0131 0131 0131 0131 0131 0131 0131 0131 0131
0131 0131 0130 0129 0129 0130 0129 0129 0129 0129 0130 0130.
0130 0130 0130 0130 0130 0130 0130 0130 0130 0130 0130 0130
0130 0129 0129 0128 0127 0128 0128 0128 0129 0129 0129 0129.
0129 0129 0129 0129 0129 0129 0129 0129 0129 0129 0129 0129
0129 0129 0128 0128 0128 0128 0128 0128 0128 0128 0129 0129.
0129 0128 0128 0128 0129 0126 0129 0129 0129 0129 0129 0128
0128 0128 0128 0128 0128 0128 0127 0127 0126 0127 0128 0128.
0128 0128 0128 0128 0128 0128 0128 0128 0128 0128 0128 0128
0128 0127 0126 0125 0124 0125 0125 0126 0126 0126 0126 0127.
0127 0127 0127 0127 0127 0127 0127 0127 0127 0128 0128 0128
0127 0126 0126 0124 0123 0123 0118 0125 0124 0125 0126 0126.
0126 0126 0126 0126 0126 0126 0126 0126 0126 0126 0126 0126
0126 0126 0125 0124 0125 0125 0125 0125 0125 0125 0125 0126=
0191 0191 0191 0191 0191 0191 0191 0191 0191 0191 0191 0192
0192 0192 0192 0192 0192 0191 0192 0192 0192 0192 0192 0192.
0192 0192 0191 0192 0192 0192 0192 0192 0192 0192 0192 0192
0192 0192 0191 0191 0191 0191 0190 0191 0191 0191 0191 0191.
0191 0191 0191 0191 0191 0191 0191 0191 0191 0191 0191 0191
0191 0191 0191 0190 0190 0190 0190 0190 0190 0190 0190 0190.
0190 0190 0190 0190 0190 0190 0190 0190 0190 0191 0191 0191
0191 0190 0190 0189 //// 0189 0189 0189 0189 0190 0190 0190.
0190 0190 0190 0190 0190 0190 0190 0190 0190 0190 0190 0190
0190 0189 0189 0189 0188 0187 0187 0188 0188 0188 0189 0190.
0190 0190 0190 0190 0190 0190 0190 0190 0191 0191 0191 0192
0191 0189 0186 0185 0184 0184 0185 0186 0187 0188 0189 0189.
0189 0189 0189 0189 0189 0189 0189 0189 0189 0191 0150 0191
0150 0149 0187 0109 0109 0109 0109 0109 0110 0110 0110 0110.
0110 0110 0110 0188 0188 0188 0188 0188 0188 0188 0188 0188
0188 0188 0187 0187 0187 0187 0186 0185 0186 0187 0189 0189.
0189 0188 0188 0189 0189 0188 0188 0188 0188 0189 0189 0188
0188 0186 0185 0184 0183 0182 0183 0183 0185 0186 0187 0187.
0187 0187 0187 0187 0187 0188 0187 0188 0188 0188 0188 0188
0187 0187 0186 0186 0186 0186 0186 0186 0186 0186 0187 0187.
0187 0187 0187 0187 0188 0188 0188 0187 0187 0188 0189 0189
0189 0185 0183 0181 0180 0181 0181 0182 0183 0185 0187 0187.
0188 0188 0188 0188 0188 0189 0189 0189 0189 0189 0189 0189
0189 0186 0184 0184 0185 0185 0185 0185 0186 0186 0186 0186.
0186 0186 0186 0187 0188 0188 0187 0187 0186 0186 0186 0186
0186 0186 0185 0181 0180 0182 0183 0184 0184 0184 0185 0185.
0185 0185 0185 0185 0185 0185 0185 0185 0185 0185 0185 0185
0185 0184 0184 0183 0181 0181 0180 0181 0182 0183 0184 0184.
0184 0185 0184 0184 0184 0184 0185 0185 0185 0185 0184 0184
0184 0184 0182 0181 0179 0179 0179 0180 0181 0183 0185 0181.
0185 0184 0184 0184 0184 0184 0184 0184 0184 0184 0184 0184
0184 0184 0184 0184 0184 0183 0183 0183 0183 0184 0184 0184.
0184 0184 0184 0184 0184 0184 0184 0184 0183 0184 0184 0184
0184 0184 0184 0184 0184 0184 0183 0183 0183 0183 0183 0183.
0184 0184 0184 0183 0183 0183 0183 0183 0183 0183 0183 0183
0183 0183 0183 0182 0182 0182 0182 0181 0182 0183 0183 0183.
0183 0183 0183 0183 0183 0183 0183 0183 0183 0183 0183 0183
0183 0182 0182 0182 0182 0182 0181 0181 0181 0182 0182 0183.
0182 0182 0182 0182 0182 0183 0184 0184 0184 0184 0184 0184
0183 0182 0180 0179 0178 0177 0178 0178 0179 0180 0182 0182.
0183 0183 0182 0182 0182 0183 0183 0182 0183 0183 0183 0183
0181 0181 0180 0179 0178 0177 0177 0179 0180 0180 0180 0180.
0180 0180 0180 0180 0180 0180 0180 0180 0181 0181 0180 0180
0180 0180 0179 0179 0179 0178 0177 0178 0178 0179 0180 0180.
0181 0181 0181 0181 0182 0182 0182 0182 0181 0181 0181 0181
0180 0179 0178 0177 0176 0175 0176 0177 0177 0178 0180 0181.
0181 0181 0181 0181 0181 0181 0180 0180 0180 0180 0180 0180
0180 0178 0178 0178 0178 0177 0178 0178 0178 0178 0178 0179.
0178 0178 0178 0179 0179 0179 0179 0179 0179 0179 0179 0179
0179 0178 0178 0177 0177 0177 0177 0177 0177 0177 0177 0178.
0178 0178 0178 0178 0178 0178 0178 0178 0178 0178 0178 0178
0178 0177 0177 0176 0175 0176 0176 0176 0177 0177 0177 0177.
0177 0177 0177 0177 0177 0177 0177 0177 0177 0177 0177 0177
0177 0177 0176 0176 0176 0176 0176 0176 0176 0176 0177 0177.
0177 0177 0177 0177 0177 0178 0177 0177 0177 0177 0177 0177
0177 0176 0177 0177 0177 0176 0175 0175 0175 0176 0176 0176.
0176 0176 0176 0176 0176 0176 0176 0177 0177 0177 0177 0177
0176 0175 0175 0173 0172 0174 0174 0174 0174 0175 0175 0175.
0175 0175 0175 0175 0176 0176 0176 0176 0176 0176 0177 0176
0176 0175 0174 0172 0172 0171 0152 0173 0173 0174 0175 0175.
0175 0175 0175 0175 0175 0175 0175 0175 0175 0175 0175 0175
0175 0175 0174 0173 0174 0174 0173 0174 0174 0174 0174 0174=
A=
SA
NN NN NN NN NN NN 00 00 00 00 00 00 00 00 00 00 00 00 NN NN NN NN NN NN 0659 1701 000
NN NN NN NN NN NN 00 00 00 00 00 00 00 00 00 00 00 00 NN NN NN NN NN NN 0659 1701 000
NN NN NN NN NN NN 00 00 00 00 00 00 00 00 00 00 00 00 NN NN NN NN NN NN 0659 1702 000
NN NN NN NN NN NN 00 00 00 00 00 00 00 00 00 00 // 00 NN NN NN NN NN NN 0658 1702 ///
NN NN NN NN NN NN 00 00 00 00 00 00 00 00 00 00 00 00 NN NN NN NN NN NN 0658 1702 000
NN NN NN NN NN NN 00 00 00 00 00 00 00 00 00 00 00 00 NN NN NN NN NN NN 0658 1702 000
NN NN NN NN NN NN 00 00 00 00 // 00 // // 00 00 00 00 NN NN NN NN NN NN 0658 1703 ///
NN NN NN NN NN NN 00 00 00 00 00 00 00 00 00 00 00 00 NN NN NN NN NN NN 0657 1703 000
NN NN NN NN NN NN 00 00 00 00 00 00 00 00 00 00 00 00 NN NN NN NN NN NN 0657 1704 000
NN NN NN NN NN NN 00 00 00 00 00 00 00 00 00 00 00 00 NN NN NN NN NN NN 0656 1704 000
NN NN NN NN NN NN 00 00 00 00 00 00 00 00 00 00 00 00 NN NN NN NN NN NN 0656 1704 000
NN NN NN NN NN NN 00 00 00 00 00 00 00 00 00 00 00 00 NN NN NN NN NN NN 0655 1705 000
NN NN NN NN NN NN 00 00 00 00 00 00 00 00 00 00 00 00 NN NN NN NN NN NN 0655 1705 000
NN NN NN NN NN NN 00 00 00 00 00 00 00 00 00 00 00 00 NN NN NN NN NN NN 0655 1706 000
NN NN NN NN NN NN 00 00 00 00 00 00 00 00 00 00 00 00 NN NN NN NN NN NN 0654 1706 000
NN NN NN NN NN NN 00 00 00 00 00 00 00 00 00 00 00 00 NN NN NN NN NN NN 0653 1707 000
NN NN NN NN NN NN 00 00 00 00 00 00 00 00 00 00 00 00 NN NN NN NN NN NN 0653 1707 000
NN NN NN NN NN NN 00 00 00 00 00 00 00 00 00 00 00 00 NN NN NN NN NN NN 0652 1708 000
NN NN NN NN NN NN 00 00 00 00 00 00 00 00 00 00 00 00 NN NN NN NN NN NN 0652 1708 000
NN NN NN NN NN NN 00 00 00 00 00 00 00 00 00 00 00 00 NN NN NN NN NN NN 0651 1709 000
NN NN NN NN NN NN 00 00 00 00 00 00 00 00 00 00 00 00 NN NN NN NN NN NN 0650 1710 000
NN NN NN NN NN NN 00 00 00 00 00 00 00 00 00 00 00 00 NN NN NN NN NN NN 0650 1710 000
NN NN NN NN NN NN 00 00 00 00 00 00 00 00 00 00 00 00 NN NN NN NN NN NN 0649 1711 000
NN NN NN NN NN NN 00 00 00 00 00 00 00 00 00 00 00 00 NN NN NN NN NN NN 0649 1711 000
NN NN NN NN NN NN 00 00 00 00 00 00 00 00 00 00 00 00 NN NN NN NN NN NN 0648 1712 000
NN NN NN NN NN NN 00 00 00 00 00 00 00 00 00 00 00 00 NN NN NN NN NN NN 0647 1713 000
NN NN NN NN NN NN 00 00 00 00 00 00 00 00 00 00 00 00 NN NN NN NN NN NN 0647 1714 000
NN NN NN NN NN NN 00 00 00 00 00 00 00 00 00 00 00 00 NN NN NN NN NN NN 0646 1714 000
NN NN NN NN NN NN 00 00 00 00 00 00 00 00 00 00 00 00 NN NN NN NN NN NN 0645 1715 000
NN NN NN NN NN NN 00 00 00 00 00 00 00 00 00 00 00 00 NN NN NN NN NN NN 0644 1716 000
NN NN NN NN NN NN 00 00 00 00 00 00 00 00 00 00 00 00 NN NN NN NN NN NN 0644 1717 000=
BA
0061 0058 0055 0052 0051 0052 0054 0052 0051 0049 0046 0041
0042 0048 0048 0052 0053 0053 0053 0046 0040 0038 0035 0032 0061 2100 0032 2000.
0029 0029 0029 0028 0026 0024 0022 0019 0017 0017 0018 0018
0021 0045 0036 0054 0062 0064 0064 0053 0044 0038 0033 0031 0074 1307 0015 0451.
0032 0031 0030 0029 0028 0027 0026 0026 0025 0025 0025 0026
0029 0034 0041 0051 0061 0064 0060 0055 0049 0038 0034 0033 0066 1410 0024 0509.
0032 0031 0030 0030 0029 0030 0029 0029 0030 0026 0024 0024
0030 0040 0056 0078 //// 0089 0078 0066 0051 0042 0039 0038 0094 1326 0024 0700.
0039 0039 0039 0037 0038 0034 0032 0031 0029 0028 0027 0027
0031 0038 0058 0062 0109 0119 0108 0093 0073 0054 0036 0030 0120 1350 0027 0659.
0017 0021 0004 0015 0021 0019 0019 0009 -007 -012 -017 -021
-004 0056 0114 0157 0177 0176 0145 0127 0087 0054 0044 0043 0186 1314 -026 0629.
0039 0037 0035 0034 0034 0031 0027 0025 0022 0021 0000 -006
//// //// 0079 //// //// //// //// //// //// //// //// //// 0079 1048 -008 0755.
//// //// //// 0040 0040 0036 0033 0033 0033 0033 0032 0033
0032 0046 0075 0067 0067 0062 0113 0099 0072 0041 0016 0005 0119 1517 0005 2000.
0021 0018 0026 0005 0016 0017 0017 0012 0010 0009 0011 0011
0026 0069 0105 0146 0176 0195 0163 0150 0092 0045 0037 0039 0197 1340 0004 2356.
0037 0033 0030 0028 0026 0025 0021 0019 0018 0017 0017 0017
0026 0051 0081 0085 0093 0086 0090 0079 0061 0043 0033 0030 0098 1222 0016 0656.
0030 0028 0023 0015 0012 0011 0012 0016 0013 -007 -018 -023
-010 0071 0128 0174 0210 0217 0161 0160 0106 0049 0018 0008 0225 1416 -023 0758.
-005 -008 -010 -019 -024 -025 -027 -029 -032 -033 -034 -035
-014 0030 0088 0092 0053 0063 0061 0053 0036 0028 0023 0023 0100 1136 -035 0749.
0021 0019 0008 -018 -024 -009 0003 0007 0008 0009 0010 0010
0020 0047 0092 0167 0190 0158 0117 0088 0070 0055 0046 0042 0201 1309 -029 0048.
0040 0037 0037 0036 0034 0033 0030 0027 0027 0027 0029 0030
0037 0057 0075 0103 0143 0164 0161 0136 0099 0069 0057 0037 0180 1422 0026 0423.
0028 0028 0036 0035 0033 0031 0027 0026 0018 0022 0022 0022
0030 0064 0116 0155 0225 0227 0179 0174 0118 0055 0018 0038 0231 1358 0018 0459.
0023 0032 0032 0032 0030 0029 0028 0026 0025 0025 0025 0025
0034 0040 0033 0042 0047 0062 0066 0055 0045 0033 0028 0027 0068 1445 0006 2008.
0026 0027 0026 0026 0025 0022 0023 0026 0026 0025 0024 0022
0023 0027 0028 0025 0018 0041 0040 0032 0032 0027 0023 0023 0043 1402 0017 1301.
0019 0020 0016 0018 0022 0020 0020 0019 0020 0020 0017 0018
0022 0029 0050 0077 0070 0059 0088 0079 0052 0031 0023 0019 0101 1536 0012 2033.
0017 0014 0013 0012 0010 0008 0006 0005 0003 0003 0003 0005
0014 0028 0031 0043 0047 0045 0076 0067 0046 0038 0028 0025 0082 1519 0001 0639.
0023 0019 0018 0016 0010 -008 -012 -012 -018 -025 -031 -032
-007 0009 0067 0109 0142 0147 0109 0132 0082 0049 0012 0003 0163 1328 -033 0746.
-006 -004 0004 0005 -006 -012 -006 -003 -012 -011 -013 -015
-003 0025 0068 0107 0128 0160 0124 0072 0051 0041 0035 0031 0164 1416 -019 0735.
0030 0029 0028 0027 0025 0024 0023 0021 0020 0020 0021 0022
0026 0042 0063 0074 0082 0092 0121 0089 0074 0050 0023 0022 0139 1519 0019 0550.
0003 -002 0007 -007 -012 -015 -013 -012 -007 -005 -001 0004
0020 0059 0086 0117 0143 0159 0114 0099 0083 0051 0019 0006 0169 1418 -023 0103.
0002 -003 -008 -009 -012 0000 0012 0015 0017 0018 0016 0018
0028 0051 0064 0061 0077 0076 0063 0061 0047 0037 0033 0035 0080 1254 -012 0100.
0034 0033 0031 0030 0029 0028 0026 0026 0024 0023 0022 0022
0026 0042 0063 0084 0067 0069 0078 0065 0071 0052 0043 0039 0089 1518 0022 0700.
0037 0034 0033 0032 0032 0031 0029 0029 0029 0028 0027 0028
0034 0045 0056 0089 0113 0098 0074 0058 0057 0049 0043 0039 0130 1245 0027 0637.
0039 0036 0035 0036 0036 0034 0033 0031 0031 0031 0031 0033
0036 0041 0057 0076 0057 0058 0054 0062 0049 0049 0029 0030 0078 1157 0029 1850.
0033 0035 0033 0030 0030 0023 0023 0021 0016 0020 0023 0024
0027 0033 0023 0035 0040 0056 0076 0082 0074 0049 0035 0031 0101 1622 0015 0444.
0028 0027 0025 0023 0021 0020 0019 0018 0016 0014 0013 0015
0027 0061 0095 0122 0150 0121 0102 0076 0074 0056 0040 0037 0155 1252 0012 0714.
0034 0032 0031 0030 0026 0025 0023 0022 0019 0005 0002 0009
0028 0053 0086 0133 0137 0158 0117 0098 0092 0060 0037 0038 0176 1346 -008 0634.
0038 0037 0038 0034 0037 0037 0034 0033 0035 0035 0035 0034
0037 0052 0082 0083 0072 0074 0073 0064 0058 0049 0043 0040 0100 1118 0031 0332=
=
??????
******
YF
13064
江苏省
吕泗国家基准气候站
启东市吕四港镇北门外滨海







=
JY
8888=
GK
01/
05/=
BZ
00/320400/1213600
10/24/逐时观测
10/24/24时连续观测
11/守班=
######
