58265 3204N 12136E 000055 000065 105 000 S11 11111999119199111911 0 2011 04
PC
9571 9574 9577 9576 9574 9570 9565 9562 9563 9566 9572 9578
9585 9591 9595 9594 9589 9584 9578 9575 9575 9579 9585 9591 9595 1057 9561 0352.
9600 9605 9609 9610 9607 9601 9595 9594 9591 9593 9597 9604
9609 9616 9614 9608 9598 9586 9575 9567 9563 9563 9567 9573 9616 0952 9562 1743.
9581 9589 9596 9599 9599 9595 9592 9589 9589 9592 9598 9606
9612 9616 9617 9613 9607 9601 9594 9587 9585 9586 9590 9599 9618 1022 9573 2001.
9611 9618 9629 9630 9628 9625 9620 9615 9611 9613 9618 9621
9626 9624 9623 9615 9604 9594 9581 9575 9571 9572 9575 9580 9631 2340 9570 1655.
9585 9590 9591 9586 9583 9578 9573 9571 9563 9565 9567 9573
9578 9579 9577 9573 9565 9554 9546 9539 9535 9539 9547 9562 9593 2230 9534 1702.
9577 9595 9602 9604 9608 9610 9607 9606 9604 9606 9612 9621
9622 9625 9625 9622 9608 9594 9581 9572 9566 9568 9575 9583 9627 1021 9561 2002.
9593 9602 9603 9605 9604 9603 9598 9598 9599 9607 9615 9623
9632 9640 9640 9641 9635 9629 9622 9617 9614 9617 9623 9635 9642 1025 9583 2002.
9646 9655 9666 9671 9674 9670 9664 9662 9659 9660 9664 9671
9676 9678 9674 9669 9665 9653 9644 9636 9632 9638 9642 9651 9678 0935 9631 1703.
9661 9670 9673 9670 9669 9662 9655 9652 9648 9648 9654 9661
9668 9670 9666 9657 9644 9629 9618 9612 9604 9607 9610 9615 9674 2304 9602 1720.
9620 9631 9632 9631 9628 9624 9619 9611 9606 9608 9614 9622
9629 9634 9638 9637 9630 9621 9614 9608 9607 9609 9614 9617 9639 1121 9605 1648.
9620 9625 9626 9623 9618 9612 9607 9604 9602 9602 9605 9611
9620 9618 9611 9604 9593 9577 9564 9556 9558 9564 9567 9578 9628 2229 9555 1638.
9592 9603 9603 9602 9602 9597 9593 9584 9580 9582 9588 9597
9604 9607 9607 9601 9593 9581 9572 9566 9564 9571 9574 9578 9608 1034 9563 1642.
9587 9598 9596 9589 9583 9576 9572 9571 9570 9576 9577 9587
9593 9595 9592 9586 9574 9563 9553 9543 9537 9537 9538 9542 9599 2249 9536 1741.
9551 9556 9555 9551 9546 9542 9535 9530 9530 9529 9535 9539
9543 9547 9548 9541 9531 9521 9512 9504 9499 9502 9504 9509 9556 2200 9498 1642.
9521 9526 9529 9528 9528 9520 9519 9516 9520 9518 9527 9535
9544 9550 9548 9547 9541 9534 9526 9523 9522 9526 9531 9536 9550 0928 9510 2003.
9551 9564 9573 9573 9573 9571 9562 9554 9550 9552 9557 9561
9566 9571 9573 9575 9570 9566 9559 9552 9549 9553 9557 9565 9576 1140 9537 2001.
9576 9584 9590 9593 9594 9588 9584 9586 9587 9588 9594 9600
9608 9612 9610 9605 9596 9587 9579 9571 9568 9571 9572 9577 9612 0958 9566 2004.
9586 9587 9590 9588 9579 9571 9567 9566 9567 9571 9577 9584
9590 9593 9593 9586 9576 9565 9554 9546 9542 9544 9548 9557 9594 1014 9540 1711.
9570 9576 9580 9580 9580 9583 9577 9565 9561 9564 9569 9575
9580 9585 9587 9587 9575 9569 9560 9549 9540 9541 9541 9545 9589 1036 9539 1707.
9545 9548 9546 9547 9541 9529 9520 9510 9506 9505 9482 9510
9512 9515 9516 9511 9512 9504 9500 9492 9489 9493 9497 9504 9549 2158 9481 0601.
9520 9521 9527 9526 9526 9527 9529 9530 9529 9537 9554 9566
9570 9578 9578 9576 9571 9564 9560 9556 9556 9561 9565 9571 9579 1053 9504 2001.
9582 9592 9600 9607 9614 9614 9610 9601 9610 9611 9617 9621
9628 9634 9633 9631 9618 9610 9602 9593 9586 9587 9591 9597 9635 1022 9572 2001.
9604 9617 9624 9623 9624 9617 9614 9610 9609 9611 9614 9617
9620 9620 9619 9612 9602 9593 9584 9577 9573 9575 9577 9582 9626 2316 9572 1708.
9590 9596 9595 9592 9591 9585 9578 9575 9575 9577 9584 9593
9599 9603 9607 9601 9588 9578 9567 9558 9553 9551 9553 9557 9607 1100 9551 1731.
9562 9569 9570 9569 9564 9557 9550 9545 9542 9541 9547 9553
9556 9558 9553 9548 9538 9525 9512 9502 9497 9495 9494 9499 9570 2235 9493 1819.
9505 9510 9508 9506 9504 9496 9494 9494 9499 9510 9525 9532
9540 9547 9546 9540 9531 9518 9505 9492 9486 9481 9488 9493 9549 1027 9479 1824.
9496 9499 9502 9506 9509 9513 9512 9514 9519 9525 9530 9538
9541 9541 9536 9525 9515 9506 9491 9480 9476 9478 9482 9496 9542 0853 9475 1654.
9507 9512 9512 9509 9505 9498 9493 9488 9488 9491 9496 9500
9504 9503 9501 9492 9481 9472 9463 9456 9447 9444 9445 9450 9514 2223 9443 1835.
9458 9464 9463 9461 9452 9444 9440 9439 9439 9440 9440 9444
9442 9442 9437 9428 9418 9408 9397 9393 9396 9398 9410 9412 9465 2206 9392 1613.
9431 9445 9445 9447 9450 9450 9449 9448 9449 9453 9462 9470
9472 9478 9480 9477 9466 9457 9448 9441 9440 9443 9451 9462 9481 1033 9412 2001=
9577 9585 9591 9598
9608 9611 9593 9580
9602 9613 9608 9606
9632 9628 9601 9587
9585 9580 9561 9569
9618 9629 9601 9590
9610 9630 9636 9642
9678 9679 9661 9659
9670 9669 9636 9622
9631 9629 9628 9624
9619 9618 9584 9585
9604 9604 9588 9585
9583 9594 9570 9549
9549 9546 9528 9516
9527 9542 9541 9543
9578 9568 9573 9572
9595 9607 9594 9584
9578 9591 9572 9564
9590 9582 9576 9552
9536 9517 9511 9511
9534 9573 9571 9578
9621 9628 9617 9604
9624 9624 9600 9589
9592 9600 9585 9564
9564 9560 9532 9506
9503 9539 9525 9500
9520 9545 9513 9503
9505 9507 9479 9457
9451 9451 9415 9419
9457 9477 9464 9469=
TB
0146 0144 0135 0136 0134 0126 0124 0122 0124 0115 0113 0115
0122 0129 0131 0126 0119 0119 0120 0122 0121 0121 0124 0124 0147 2041 0113 0653.
0124 0123 0127 0124 0121 0117 0118 0122 0122 0121 0120 0121
0123 0130 0145 0171 0192 0206 0206 0210 0205 0200 0188 0180 0217 1542 0117 0150.
0172 0166 0163 0152 0145 0141 0142 0139 0136 0135 0133 0136
0139 0145 0149 0152 0147 0144 0158 0161 0158 0159 0153 0147 0179 2001 0133 0658.
0146 0140 0135 0131 0130 0130 0128 0124 0123 0121 0116 0124
0134 0144 0157 0166 0168 0162 0162 0158 0149 0142 0133 0124 0170 1258 0114 0644.
0121 0121 0121 0117 0113 0113 0110 0107 0104 0102 0102 0103
0108 0112 0115 0121 0122 0124 0123 0123 0119 0119 0115 0110 0128 1325 0100 0624.
0109 0108 0111 0111 0110 0107 0103 0105 0106 0105 0105 0109
0113 0125 0137 0152 0171 0181 0198 0198 0198 0186 0178 0168 0209 1621 0103 0234.
0170 0164 0158 0158 0155 0147 0141 0138 0130 0130 0132 0134
0136 0132 0134 0137 0137 0137 0138 0140 0138 0137 0135 0133 0172 2031 0128 1027.
0130 0128 0127 0119 0122 0118 0119 0116 0115 0116 0110 0109
0112 0113 0117 0118 0113 0120 0121 0124 0126 0125 0123 0122 0133 2001 0107 0741.
0116 0111 0109 0106 0102 0102 0105 0105 0099 0098 0097 0106
0115 0131 0159 0171 0185 0188 0203 0193 0194 0188 0181 0170 0204 1459 0095 0648.
0164 0161 0152 0145 0150 0150 0147 0145 0141 0138 0138 0146
0159 0176 0187 0189 0185 0191 0187 0186 0197 0198 0186 0170 0200 1646 0137 0553.
0165 0162 0155 0149 0141 0141 0130 0124 0114 0111 0108 0127
0171 0189 0203 0217 0222 0237 0241 0236 0225 0216 0208 0200 0247 1522 0107 0647.
0197 0189 0183 0178 0173 0170 0165 0158 0158 0159 0158 0158
0159 0158 0151 0157 0170 0187 0184 0185 0190 0184 0179 0174 0201 2010 0150 1052.
0158 0156 0163 0158 0147 0138 0134 0130 0137 0143 0145 0154
0158 0160 0165 0177 0204 0215 0222 0229 0222 0218 0210 0195 0230 1601 0126 0338.
0200 0197 0192 0187 0179 0175 0172 0169 0167 0167 0167 0171
0177 0181 0181 0190 0200 0207 0210 0214 0214 0207 0202 0190 0216 1634 0166 0432.
0182 0178 0171 0177 0177 0172 0166 0165 0170 0166 0166 0172
0175 0179 0188 0204 0211 0215 0220 0217 0213 0208 0203 0189 0222 1420 0163 0417.
0181 0187 0170 0159 0165 0165 0164 0162 0162 0157 0152 0156
0162 0167 0174 0182 0188 0204 0214 0217 0219 0217 0207 0190 0228 1621 0152 0655.
0169 0161 0177 0164 0157 0153 0154 0150 0142 0136 0133 0153
0187 0190 0204 0216 0230 0244 0252 0266 0267 0267 0250 0218 0276 1637 0132 0645.
0203 0189 0194 0185 0167 0171 0143 0137 0131 0126 0123 0161
0190 0208 0234 0243 0261 0269 0276 0267 0271 0266 0254 0234 0278 1501 0120 0650.
0225 0215 0203 0194 0191 0191 0180 0169 0173 0174 0174 0171
0175 0175 0183 0189 0190 0192 0197 0200 0204 0198 0194 0186 0234 2001 0167 0418.
0189 0186 0176 0174 0172 0168 0168 0170 0160 0162 0157 0168
0173 0182 0195 0203 0205 0207 0216 0220 0220 0213 0214 0194 0225 1627 0157 0529.
0198 0188 0179 0173 0167 0166 0163 0162 0163 0160 0160 0161
0165 0175 0188 0201 0223 0239 0243 0237 0232 0221 0213 0207 0244 1445 0159 0554.
0202 0198 0190 0184 0186 0181 0183 0182 0179 0168 0167 0169
0180 0196 0214 0219 0227 0247 0254 0257 0255 0245 0232 0222 0263 1622 0165 0725.
0215 0218 0209 0197 0190 0187 0184 0187 0176 0179 0174 0179
0191 0212 0231 0254 0263 0263 0266 0266 0258 0242 0233 0223 0270 1413 0170 0636.
0212 0206 0202 0181 0188 0184 0171 0170 0168 0154 0157 0194
0215 0229 0233 0248 0262 0268 0277 0282 0275 0271 0257 0246 0283 1602 0152 0625.
0234 0227 0217 0214 0209 0201 0183 0172 0162 0151 0149 0204
0218 0230 0251 0262 0274 0282 0293 0295 0293 0287 0273 0224 0295 1524 0145 0637.
0217 0226 0217 0203 0177 0163 0160 0155 0150 0183 0191 0212
0237 0257 0263 0278 0284 0298 0300 0306 0298 0295 0274 0228 0309 1517 0147 0539.
0217 0213 0199 0190 0183 0179 0178 0180 0176 0179 0177 0194
0219 0248 0269 0298 0309 0316 0320 0326 0315 0303 0278 0276 0327 1601 0170 0528.
0272 0246 0228 0228 0205 0229 0205 0194 0189 0188 0187 0221
0249 0266 0280 0296 0309 0316 0313 0307 0304 0308 0297 0253 0322 1420 0183 0634.
0234 0230 0217 0208 0207 0203 0203 0209 0200 0190 0190 0218
0242 0273 0292 0300 0318 0323 0326 0316 0304 0297 0299 0271 0334 1511 0188 0627.
0271 0277 0261 0239 0230 0231 0218 0212 0219 0212 0205 0238
0255 0279 0289 0302 0312 0325 0319 0317 0318 0302 0296 0282 0326 1402 0203 0642=
IB
=
0064 0065 0075 0078 0074 0089 0083 0085 0079 0091 0092 0094
0094 0088 0088 0091 0095 0098 0099 0101 0103 0110 0103 0103.
0105 0107 0104 0105 0105 0106 0109 0114 0114 0113 0114 0115
0118 0125 0117 0126 0091 0098 0069 0069 0065 0074 0087 0094.
0099 0107 0108 0116 0124 0118 0115 0107 0104 0101 0101 0100
0101 0095 0095 0091 0095 0100 0095 0093 0088 0082 0085 0082.
0085 0086 0079 0080 0072 0075 0075 0077 0070 0062 0075 0079
0065 0063 0064 0059 0060 0058 0061 0068 0072 0077 0080 0081.
0080 0082 0082 0084 0087 0085 0082 0083 0083 0081 0085 0082
0089 0088 0084 0086 0081 0081 0082 0082 0080 0084 0084 0088.
0087 0086 0085 0085 0084 0085 0082 0084 0085 0086 0086 0090
0089 0088 0083 0070 0077 0075 0058 0055 0055 0064 0067 0090.
0071 0079 0085 0085 0083 0089 0093 0096 0100 0102 0104 0104
0102 0091 0095 0085 0083 0066 0052 0054 0049 0046 0054 0057.
0064 0068 0070 0066 0044 0048 0051 0048 0045 0046 0053 0061
0063 0064 0068 0065 0074 0079 0078 0077 0075 0076 0074 0077.
0081 0087 0088 0085 0085 0086 0083 0083 0080 0082 0081 0094
0084 0080 0055 0057 0064 0056 0059 0064 0075 0076 0081 0087.
0089 0088 0096 0097 0094 0094 0095 0095 0097 0098 0098 0098
0096 0095 0095 0099 0093 0090 0092 0088 0078 0082 0088 0104.
0104 0105 0109 0109 0111 0109 0107 0103 0097 0097 0097 0118
0116 0112 0104 0093 0097 0082 0077 0073 0082 0092 0100 0107.
0099 0105 0107 0104 0104 0104 0110 0120 0116 0117 0120 0116
0115 0116 0124 0126 0121 0125 0124 0118 0120 0119 0121 0121.
0120 0124 0125 0125 0120 0118 0118 0117 0126 0137 0132 0131
0129 0129 0136 0130 0131 0124 0127 0122 0113 0118 0124 0139.
0137 0134 0136 0140 0142 0142 0143 0142 0142 0142 0142 0147
0146 0142 0144 0138 0135 0134 0129 0125 0131 0134 0137 0145.
0147 0145 0140 0146 0144 0147 0146 0149 0145 0146 0146 0143
0144 0142 0139 0134 0135 0134 0134 0136 0140 0142 0144 0137.
0144 0129 0133 0136 0123 0127 0124 0124 0122 0126 0129 0129
0129 0123 0125 0129 0132 0134 0125 0099 0104 0102 0108 0118.
0124 0128 0126 0128 0132 0126 0125 0127 0122 0118 0117 0140
0129 0123 0121 0127 0129 0110 0103 0115 0104 0072 0112 0144.
0125 0112 0101 0101 0105 0122 0115 0116 0112 0108 0107 0125
0103 0088 0083 0083 0072 0069 0085 0062 0070 0071 0066 0079.
0082 0091 0098 0096 0099 0107 0118 0128 0126 0133 0131 0138
0134 0142 0132 0135 0130 0125 0127 0115 0105 0113 0112 0117.
0105 0102 0119 0119 0121 0121 0121 0117 0122 0120 0128 0115
0113 0113 0108 0110 0112 0116 0116 0111 0111 0111 0109 0117.
0121 0132 0146 0153 0164 0166 0150 0144 0147 0142 0145 0151
0163 0148 0134 0136 0131 0109 0109 0127 0122 0121 0127 0129.
0132 0130 0132 0164 0137 0138 0091 0093 0087 0095 0092 0091
0088 0098 0106 0104 0095 0094 0101 0068 0062 0053 0077 0087.
0087 0053 0064 0061 0065 0062 0066 0059 0074 0067 0077 0085
0084 0081 0076 0056 0041 0041 0050 0050 0059 0051 0052 0053.
0063 0069 0069 0089 0085 0097 0105 0106 0109 0114 0123 0114
0107 0086 0082 0083 0078 0073 0081 0080 0079 0070 0078 0086.
0094 0095 0096 0096 0098 0099 0109 0115 0116 0121 0149 0126
0112 0114 0106 0073 0073 0080 0067 0049 0054 0021 0061 0102.
0099 0087 0089 0086 0101 0106 0110 0109 0114 0099 0093 0095
0086 0068 0069 0076 0076 0083 0072 0083 0083 0080 0083 0115.
0123 0130 0124 0127 0125 0130 0127 0129 0127 0130 0126 0119
0119 0114 0106 0099 0103 0086 0095 0100 0097 0081 0109 0112.
0113 0135 0130 0141 0146 0134 0144 0144 0148 0147 0163 0150
0138 0137 0128 0125 0123 0114 0112 0121 0109 0107 0113 0141.
0149 0156 0158 0158 0163 0175 0173 0152 0166 -800 0190 0178
0160 0153 0142 0124 0126 0120 0123 0124 0132 0139 0132 0152.
0155 0147 0149 0167 0183 0157 0163 0166 0162 0162 0205 0168
0152 0138 0140 0143 0135 0151 0150 0152 0145 0117 0102 0104=
EA
096 097 104 106 103 114 109 111 106 115 116 118
118 113 113 115 118 121 122 124 126 131 125 125.
127 129 126 127 127 128 130 135 135 134 135 135
139 145 137 146 116 121 099 099 096 103 113 118.
122 128 130 136 144 138 136 129 126 124 124 123
124 119 119 116 119 123 118 117 113 108 111 109.
111 112 107 107 102 103 103 105 100 095 104 106
097 095 096 093 094 092 094 099 102 105 107 108.
107 109 109 110 112 111 109 109 110 108 111 109
114 113 110 111 108 108 109 109 107 110 110 113.
112 111 111 111 110 111 109 110 111 112 112 115
114 113 110 100 105 104 092 090 090 096 098 115.
101 106 111 111 109 114 117 120 123 124 126 126
125 115 118 111 110 097 088 089 087 085 090 092.
096 099 100 097 084 086 088 086 084 085 089 094
096 096 099 097 103 107 106 105 104 104 103 105.
108 112 113 111 111 112 109 109 107 109 108 118
110 107 090 092 096 091 093 096 104 104 108 112.
114 113 119 120 118 118 119 119 121 121 121 121
119 119 119 122 117 115 116 114 106 108 114 126.
126 127 130 130 132 130 129 125 120 120 120 138
136 133 126 117 120 108 105 102 109 116 123 129.
122 127 128 126 126 126 131 140 136 137 140 136
135 136 144 146 141 144 144 138 141 140 141 141.
140 143 144 145 140 139 138 138 146 156 152 150
149 149 156 150 151 144 147 142 134 138 144 159.
157 154 156 159 162 162 163 162 162 162 162 168
166 162 164 158 154 154 149 145 150 154 156 165.
167 165 160 166 164 167 166 169 165 166 166 163
164 162 158 153 155 154 153 156 160 162 164 157.
164 149 153 155 143 146 144 144 142 146 148 149
149 143 145 148 152 153 145 122 126 125 129 138.
144 148 146 147 152 146 145 147 142 139 137 160
149 143 141 147 149 131 125 136 126 102 133 164.
145 133 124 123 127 142 135 136 133 130 129 144
125 113 109 109 101 099 111 095 100 101 097 106.
109 115 121 119 122 128 138 148 146 153 151 158
154 162 151 155 149 145 147 136 127 134 133 137.
127 124 139 139 141 141 141 137 142 140 148 136
134 134 129 131 133 137 137 132 132 132 130 137.
141 152 166 174 186 189 170 164 167 162 165 172
186 168 154 155 151 130 131 146 142 141 147 149.
151 150 152 186 156 158 116 117 113 119 116 115
113 121 127 126 119 118 123 099 095 089 105 112.
113 089 096 094 097 095 097 093 103 098 105 111
110 108 105 091 082 082 087 087 093 088 089 089.
096 099 099 114 111 121 127 128 130 135 143 135
128 112 109 110 105 102 108 107 106 100 106 111.
118 119 119 120 121 122 130 135 136 141 169 146
133 135 127 102 102 107 098 087 090 071 094 125.
122 112 114 112 123 128 131 130 135 122 117 118
111 099 099 105 104 109 102 110 109 107 109 136.
143 149 144 147 145 150 147 149 147 150 146 140
139 135 128 122 125 112 119 123 120 108 131 133.
133 155 150 161 166 154 164 164 168 167 185 170
157 157 147 145 143 135 133 141 130 129 133 161.
170 177 179 179 185 200 198 173 189 000 220 204
181 174 162 144 146 140 143 144 152 158 152 172.
176 167 169 190 211 178 185 189 184 184 241 192
173 158 159 163 154 171 170 173 165 137 124 126=
UB
58 59 67 68 67 78 76 78 74 85 87 87
83 76 75 79 85 87 87 87 89 93 87 87 56 2001.
88 90 86 88 90 93 94 95 95 95 96 96
97 97 83 75 52 50 41 40 40 44 52 57 36 1516.
62 68 70 79 87 86 84 81 81 80 81 79
78 72 70 67 71 75 66 64 63 60 64 65 57 2004.
67 70 69 71 68 69 70 73 70 67 76 74
63 58 54 49 49 50 51 55 60 65 70 75 47 1259.
76 77 77 80 84 83 83 85 87 87 89 87
88 85 81 79 76 75 76 76 77 79 81 86 73 1329.
86 86 84 84 84 86 87 87 87 88 88 88
85 78 70 58 54 50 40 39 39 45 48 60 36 1622.
52 57 62 62 62 68 73 76 82 83 83 82
80 76 77 71 70 62 56 56 55 54 58 60 51 2030.
64 67 68 70 59 62 63 63 62 62 68 72
72 72 72 70 77 76 75 73 71 72 72 74 57 0040.
79 85 87 87 89 90 86 86 88 90 90 92
81 71 50 47 45 42 39 43 46 48 52 58 39 1449.
61 62 69 73 69 69 71 72 75 77 77 73
66 59 55 56 55 52 54 53 46 47 53 65 46 1700.
67 69 74 77 82 81 86 87 89 91 93 94
70 61 53 45 45 37 35 35 40 45 50 55 33 1604.
53 58 61 62 64 65 70 78 76 76 78 76
75 76 84 82 73 67 68 65 64 66 69 71 53 2039.
78 81 78 81 84 88 90 92 93 96 92 86
83 82 83 74 63 56 55 51 50 53 58 70 50 1558.
67 67 70 74 79 81 83 84 85 85 85 86
82 78 79 72 66 63 60 57 59 63 66 75 56 1612.
80 81 82 82 81 85 88 90 85 88 88 83
82 79 73 64 62 60 58 60 63 66 69 72 57 1436.
79 69 79 86 76 78 77 78 77 82 86 84
81 75 73 71 70 64 57 47 48 48 53 63 44 1618.
75 81 72 79 85 84 83 86 88 89 90 92
69 65 59 57 53 43 39 39 36 29 42 63 27 1806.
61 61 55 58 67 73 83 87 88 89 90 79
57 46 38 36 30 28 30 27 28 29 30 37 26 1449.
40 45 51 53 55 58 67 77 74 77 76 81
77 81 72 71 68 65 64 58 53 58 59 64 36 2011.
58 58 69 70 72 74 74 71 78 76 83 71
68 64 57 55 55 56 53 50 50 52 51 61 47 1623.
61 70 81 88 98 %% 92 89 90 89 91 94
99 84 71 66 56 44 43 50 50 53 58 61 40 1509.
64 65 69 88 73 76 55 56 55 62 61 60
55 53 50 48 43 38 38 30 29 29 37 42 24 1635.
44 34 39 41 44 44 46 43 51 48 53 54
50 43 37 28 24 24 25 25 28 29 31 33 21 1322.
38 41 42 55 51 57 65 66 68 77 80 60
50 40 38 35 31 29 29 28 29 28 32 36 26 1447.
41 43 46 47 49 52 62 69 74 82 %% 61
51 48 40 30 28 28 24 21 22 18 26 46 18 1800.
47 41 44 47 61 69 72 74 79 58 53 47
38 30 29 28 27 26 24 25 26 26 30 49 21 1455.
55 59 62 67 69 73 72 72 73 73 72 62
53 43 36 29 28 24 25 25 26 25 35 36 22 1336.
37 50 54 58 69 55 68 73 77 77 86 64
50 45 39 35 32 29 29 32 30 29 32 50 26 1349.
59 63 69 73 76 84 83 70 81 00 %% 78
60 48 40 34 31 29 29 31 35 38 36 48 00 0600.
49 45 50 64 75 63 71 75 70 73 %% 65
53 42 40 38 34 35 36 37 35 32 30 33 29 1910=
N=
H=
C=
VB
00000 00000 00000 00000 00000 00000 00000 00000 00000 00000 00000 00000
00000 00000 00000 00000 00000 00000 00000 00000 00000 00000 00000 00000 00000 2001.
00000 00000 00000 00000 00000 00000 00000 00000 00000 00000 00000 00000
00000 00000 00000 00000 00000 00000 00000 00000 00000 00000 00000 00000 00000 2001.
00000 00000 00000 00000 00000 00000 00000 00000 00000 00000 00000 00000
00000 00000 00000 00000 00000 00000 00000 00000 00000 00000 00000 00000 00000 2001.
00000 00000 00000 00000 00000 00000 00000 00000 00000 00000 00000 00000
00000 00000 00000 00000 00000 00000 00000 00000 00000 00000 00000 00000 00000 2001.
00000 00000 00000 00000 00000 00000 00000 00000 00000 00000 00000 00000
00000 00000 00000 00000 00000 00000 00000 00000 00000 00000 00000 00000 00000 2001.
00000 00000 00000 00000 00000 00000 00000 00000 00000 00000 00000 00000
00000 00000 00000 00000 00000 00000 00000 00000 00000 00000 00000 00000 00000 2001.
00000 00000 00000 00000 00000 00000 00000 00000 00000 00000 00000 00000
00000 00000 00000 00000 00000 00000 00000 00000 00000 00000 00000 00000 00000 2001.
00000 00000 00000 00000 00000 00000 00000 00000 00000 00000 00000 00000
00000 00000 00000 00000 00000 00000 00000 00000 00000 00000 00000 00000 00000 2001.
00000 00000 00000 00000 00000 00000 00000 00000 00000 00000 00000 00000
00000 00000 00000 00000 00000 00000 00000 00000 00000 00000 00000 00000 00000 2001.
00000 00000 00000 00000 00000 00000 00000 00000 00000 00000 00000 00000
00000 00000 00000 00000 00000 00000 00000 00000 00000 00000 00000 00000 00000 2001.
00000 00000 00000 00000 00000 00000 00000 00000 00000 00000 00000 00000
00000 00000 00000 00000 00000 00000 00000 00000 00000 00000 00000 00000 00000 2001.
00000 00000 00000 00000 00000 00000 00000 00000 00000 00000 00000 00000
00000 00000 00000 00000 00000 00000 00000 00000 00000 00000 00000 00000 00000 2001.
00000 00000 00000 00000 00000 00000 00000 00000 00000 00000 00000 00000
00000 00000 00000 00000 00000 00000 00000 00000 00000 00000 00000 00000 00000 2001.
00000 00000 00000 00000 00000 00000 00000 00000 00000 00000 00000 00000
00000 00000 00000 00000 00000 00000 00000 00000 00000 00000 00000 00000 00000 2001.
00000 00000 00000 00000 00000 00000 00000 00000 00000 00000 00000 00000
00000 00000 00000 00000 00000 00000 00000 00000 00000 00000 00000 00000 00000 2001.
00000 00000 00000 00000 00000 00000 00000 00000 00000 00000 00000 00000
00000 00000 00000 00000 00000 00000 00000 00000 00000 00000 00000 00000 00000 2001.
00000 00000 00000 00000 00000 00000 00000 00000 00000 00000 00000 00000
00000 00000 00000 00000 00000 00000 00000 00000 00000 00000 00000 00000 00000 2001.
00000 00000 00000 00000 00000 00000 00000 00000 00000 00000 00000 00000
00000 00000 00000 00000 00000 00000 00000 00000 00000 00000 00000 00000 00000 2001.
00000 00000 00000 00000 00000 00000 00000 00000 00000 00000 00000 00000
00000 00000 00000 00000 00000 00000 00000 00000 00000 00000 00000 00000 00000 2001.
00000 00000 00000 00000 00000 00000 00000 00000 00000 00000 00097 00000
00000 00000 00000 00000 00000 00000 00000 00000 00000 00000 00000 00000 00000 2001.
00000 00000 00000 00000 00000 00000 00000 00000 00000 00000 00000 00000
00000 00000 00000 00000 00000 00000 00000 00000 00000 00000 00000 00000 00000 2001.
00000 00000 00000 00000 00000 00000 00000 00000 00000 00000 00000 00000
00000 00000 00000 00000 00000 00000 00000 00000 00000 00000 00000 00000 00000 2001.
00000 00000 00000 00000 00000 00000 00000 00000 00000 00000 00000 00000
00000 00000 00000 00000 00000 00000 00000 00000 00000 00000 00000 00000 00000 2001.
00000 00000 00000 00000 00000 00000 00000 00000 00000 00000 00000 00000
00000 00000 00000 00000 00000 00000 00000 00000 00000 00000 00000 00000 00000 2001.
00000 00000 00000 00000 00000 00000 00000 00000 00000 00000 00000 00000
00000 00000 00000 00000 00000 00000 00000 00000 00000 00000 00000 00000 00000 2001.
00000 00000 00000 00000 00000 00000 00000 00000 00000 00000 00000 00000
00000 00000 00000 00000 00000 00000 00000 00000 00000 00000 00000 00000 00000 2001.
00000 00000 00000 00000 00000 00000 00000 00000 00000 00000 00000 00000
00000 00000 00000 00000 00000 00000 00000 00000 00000 00000 00000 00000 00000 2001.
00000 00000 00000 00000 00000 00000 00000 00000 00000 00000 00000 00000
00000 00000 00000 00000 00000 00000 00000 00000 00000 00000 00000 00000 00000 2001.
00000 00000 00000 00000 00000 00000 00000 00000 00000 00000 00000 00000
00000 00000 00000 00000 00000 00000 00000 00000 00000 00000 00000 00000 00000 2001.
00000 00000 00000 00000 00000 00000 00000 00000 00000 00000 00000 00000
00000 00000 00000 00000 00000 00000 00000 00000 00000 00000 00000 00000 00000 2001=
R6
0002 0009 0011
0027 0000 0027
0003 0000 0003
0000 0000 0000
0003 0001 0004
0002 0000 0002
0000 0000 0000
0000 0001 0001
0006 0001 0007
0000 0000 0000
0000 0000 0000
0000 0002 0002
0000 0000 0000
0000 0000 0000
0000 0000 0000
0006 0001 0007
0000 0000 0000
0000 0000 0000
0000 0002 0002
0000 0000 0000
0024 0003 0027
0001 0000 0001
0000 0000 0000
0000 0000 0000
0000 0000 0000
0000 0000 0000
0000 0000 0000
0000 0000 0000
0000 0000 0000
0000 0000 0000=
0000 0000 0000 0000 0000 0000 0000 0000 0000 0000 0002 0000
0000 0000 0000 0000 0000 0000 0001 0000 0004 0003 0001 0000.
0000 0000 0000 0007 0015 0000 0001 0000 0001 0001 0001 0001
0000 0000 0000 0000 0000 0000 0000 0000 0000 0000 0000 0000.
0000 0000 0000 0000 0001 0002 0000 0000 0000 0000 0000 0000
0000 0000 0000 0000 0000 0000 0000 0000 0000 0000 0000 0000.
0000 0000 0000 0000 0000 0000 0000 0000 0000 0000 0000 0000
0000 0000 0000 0000 0000 0000 0000 0000 0000 0000 0000 0000.
0000 0000 0000 0000 0000 0000 0000 0000 0000 0001 0002 0000
0000 0001 0000 0000 0000 0000 0000 0000 0000 0000 0000 0000.
0000 0001 0001 0000 0000 0000 0000 0000 0000 0000 0000 0000
0000 0000 0000 0000 0000 0000 0000 0000 0000 0000 0000 0000.
0000 0000 0000 0000 0000 0000 0000 0000 0000 0000 0000 0000
0000 0000 0000 0000 0000 0000 0000 0000 0000 0000 0000 0000.
0000 0000 0000 0000 0000 0000 0000 0000 0000 0000 0000 0000
0000 0001 0000 0000 0000 0000 0000 0000 0000 0000 0000 0000.
0000 0003 0002 0001 0000 0000 0000 0000 0000 0000 0000 0000
0000 0000 0000 0000 0000 0001 0000 0000 0000 0000 0000 0000.
0000 0000 0000 0000 0000 0000 0000 0000 0000 0000 0000 0000
0000 0000 0000 0000 0000 0000 0000 0000 0000 0000 0000 0000.
0000 0000 0000 0000 0000 0000 0000 0000 0000 0000 0000 0000
0000 0000 0000 0000 0000 0000 0000 0000 0000 0000 0000 0000.
0000 0000 0000 0000 0000 0000 0000 0000 0000 0000 0000 0000
0000 0000 0001 0001 0000 0000 0000 0000 0000 0000 0000 0000.
0000 0000 0000 0000 0000 0000 0000 0000 0000 0000 0000 0000
0000 0000 0000 0000 0000 0000 0000 0000 0000 0000 0000 0000.
0000 0000 0000 0000 0000 0000 0000 0000 0000 0000 0000 0000
0000 0000 0000 0000 0000 0000 0000 0000 0000 0000 0000 0000.
0000 0000 0000 0000 0000 0000 0000 0000 0000 0000 0000 0000
0000 0000 0000 0000 0000 0000 0000 0000 0000 0000 0000 0000.
0000 0000 0003 0002 0000 0000 0000 0001 0000 0000 0000 0000
0000 0000 0000 0000 0000 0001 0000 0000 0000 0000 0000 0000.
0000 0000 0000 0000 0000 0000 0000 0000 0000 0000 0000 0000
0000 0000 0000 0000 0000 0000 0000 0000 0000 0000 0000 0000.
0000 0000 0000 0000 0000 0000 0000 0000 0000 0000 0000 0000
0000 0000 0000 0000 0000 0000 0000 0000 0000 0000 0000 0000.
0000 0000 0000 0000 0000 0000 0000 0000 0000 0000 0000 0000
0001 0001 0000 0000 0000 0000 0000 0000 0000 0000 0000 0000.
0000 0000 0000 0000 0000 0000 0000 0000 0000 0000 0000 0000
0000 0000 0000 0000 0000 0000 0000 0000 0000 0000 0000 0000.
0000 0000 0002 0001 0004 0001 0000 0000 0001 0002 0008 0005
0002 0001 0000 0000 0000 0000 0000 0000 0000 0000 0000 0000.
0000 0000 0000 0000 0000 0001 0000 0000 0000 0000 0000 0000
0000 0000 0000 0000 0000 0000 0000 0000 0000 0000 0000 0000.
0000 0000 0000 0000 0000 0000 0000 0000 0000 0000 0000 0000
0000 0000 0000 0000 0000 0000 0000 0000 0000 0000 0000 0000.
0000 0000 0000 0000 0000 0000 0000 0000 0000 0000 0000 0000
0000 0000 0000 0000 0000 0000 0000 0000 0000 0000 0000 0000.
0000 0000 0000 0000 0000 0000 0000 0000 0000 0000 0000 0000
0000 0000 0000 0000 0000 0000 0000 0000 0000 0000 0000 0000.
0000 0000 0000 0000 0000 0000 0000 0000 0000 0000 0000 0000
0000 0000 0000 0000 0000 0000 0000 0000 0000 0000 0000 0000.
0000 0000 0000 0000 0000 0000 0000 0000 0000 0000 0000 0000
0000 0000 0000 0000 0000 0000 0000 0000 0000 0000 0000 0000.
0000 0000 0000 0000 0000 0000 0000 0000 0000 0000 0000 0000
0000 0000 0000 0000 0000 0000 0000 0000 0000 0000 0000 0000.
0000 0000 0000 0000 0000 0000 0000 0000 0000 0000 0000 0000
0000 0000 0000 0000 0000 0000 0000 0000 0000 0000 0000 0000.
0000 0000 0000 0000 0000 0000 0000 0000 0000 0000 0000 0000
0000 0000 0000 0000 0000 0000 0000 0000 0000 0000 0000 0000=
0000 ////////// 00000=
W=
LA
=
000 000 001 000 000 000 000 000 001 000 002 000
000 000 000 000 000 000 000 000 000 000 000 000 004.
000 000 000 000 000 000 001 000 000 000 000 001
000 000 002 004 004 004 000 003 000 000 000 000 019.
000 000 000 000 000 000 000 000 000 000 000 000
000 001 001 000 000 000 003 000 000 000 000 000 005.
000 000 000 000 000 000 000 000 000 000 000 000
001 004 005 001 002 000 000 000 000 000 000 000 013.
000 000 000 000 000 000 000 000 000 000 000 000
001 002 000 000 002 000 000 000 000 000 000 000 005.
000 000 002 000 000 000 000 000 000 000 000 000
001 002 003 004 004 001 003 003 003 000 000 000 026.
000 000 000 000 000 000 000 000 000 000 000 000
000 000 000 002 000 000 002 002 000 001 000 000 007.
000 000 000 000 000 000 000 001 000 001 000 000
000 000 002 002 000 000 003 000 000 000 000 000 009.
000 000 002 001 000 000 000 000 000 000 000 000
002 002 009 003 000 001 002 000 002 000 000 000 024.
000 000 000 000 000 000 000 000 000 000 000 000
003 003 000 000 000 000 002 000 003 002 000 000 013.
000 000 000 000 000 000 000 000 000 000 000 001
003 002 002 001 002 002 002 002 000 000 000 000 017.
000 000 000 000 000 000 000 000 000 000 000 000
000 000 000 001 001 003 000 002 000 000 000 000 007.
000 000 000 000 000 000 000 000 001 000 000 000
000 000 000 001 003 003 000 002 000 000 000 000 010.
000 000 000 000 000 000 000 000 000 000 000 000
000 000 000 000 002 001 001 000 000 000 000 000 004.
000 000 000 000 000 000 000 000 000 000 000 000
000 000 001 001 000 000 000 000 000 000 000 000 002.
000 000 000 000 000 000 000 001 000 000 000 000
001 001 000 000 000 002 000 000 001 000 000 000 006.
000 000 000 000 000 000 000 000 000 000 000 001
003 002 004 002 000 002 002 003 003 000 000 000 022.
000 000 000 002 000 000 000 001 000 000 000 003
002 004 002 002 001 001 001 004 000 000 000 000 023.
000 001 002 000 000 001 001 000 000 000 000 000
000 000 001 000 000 000 000 001 002 000 000 000 009.
000 000 000 000 000 000 000 000 000 000 000 000
002 002 002 002 001 003 000 003 000 000 000 000 015.
000 000 000 001 000 001 000 000 001 000 000 000
000 001 002 002 003 004 002 000 002 000 000 000 019.
000 000 001 000 000 000 003 002 001 000 001 002
002 003 005 000 002 003 003 002 005 000 000 000 035.
001 001 001 002 002 003 003 002 000 001 000 002
003 005 005 002 001 003 003 004 006 003 000 001 054.
000 001 000 000 000 000 001 000 000 000 000 002
003 007 004 001 000 001 003 004 005 002 000 000 034.
001 001 002 000 001 001 000 000 000 000 000 000
004 007 004 000 002 002 003 003 006 004 000 000 041.
000 000 003 001 000 000 000 000 000 000 003 003
004 000 005 000 002 003 004 003 004 004 000 000 039.
000 001 000 000 000 000 000 001 000 000 000 002
002 004 005 002 003 003 003 003 003 000 000 000 032.
001 000 000 001 000 001 000 000 000 000 001 001
001 003 004 003 002 003 003 002 002 003 000 000 031.
000 000 000 000 001 001 000 000 000 000 000 000
002 003 005 002 000 003 003 001 001 001 003 000 026.
000 002 001 000 000 000 000 000 000 000 000 000
003 003 004 001 001 002 004 000 000 000 003 001 025=
Z=
G=
FN
111011 111013 PPC000 111004 111009 111005
111005 111005 111005 PPC000 111006 111003
111006 111007 111009 111008 111013 111008
111016 111008 111003 111014 111008 111010.
111004 111010 111009 111009 111004 111003
PPC000 111003 111004 111003 111008 111004
111007 111004 110013 110012 109014 108025
109013 108022 109018 109015 110011 110011.
110010 110011 110013 110006 PPC001 111008
111008 111011 111016 111009 111003 111012
111008 110011 110015 110019 110017 110011
110016 110015 110014 110020 110017 111013.
111014 111021 111017 111015 111014 111013
111012 111015 111011 111005 PPC002 PPC000
111008 110031 110022 110022 109011 110017
110018 110017 110024 111025 111017 111026.
111019 111018 111013 111014 111011 111008
111019 111013 112014 112010 112007 112013
111007 111014 111010 111005 111005 111015
111008 111010 111021 111011 111029 111015.
111013 112011 111012 111012 111008 111010
111003 111004 111010 111008 PPC000 111005
111008 111009 110015 110007 109014 109013
108012 109016 109018 110016 110005 PPC000.
110008 110006 110004 110005 110014 111010
111020 111013 111008 111006 111012 111012
111025 111025 111015 111021 111023 111016
111021 111022 111023 111014 111019 111006.
111017 111007 111015 111008 111022 111013
111019 111013 111014 111007 111014 111014
111010 PPC002 111004 111016 111022 111017
111009 111009 111003 111007 111010 111013.
111014 111006 111013 112007 PPC002 112014
112007 PPC000 112006 112015 112004 111004
111014 110011 109012 109015 109011 109017
108010 109009 109017 110010 110012 110011.
110010 110004 110005 111008 111008 111009
111008 111005 111003 111009 111004 110006
110011 109008 109005 109017 110008 109021
109013 110004 109017 109010 110014 110010.
110005 110009 110015 111008 111015 111009
111008 PPC001 PPC000 PPC000 PPC002 111005
110004 109005 108017 108015 108022 108010
108017 108003 109017 109024 109028 109009.
110027 110014 110005 110027 110016 110003
110010 110011 110003 110004 110009 110014
110008 110006 111005 PPC002 110010 109009
110012 109009 109008 110013 110010 110011.
110003 110005 110007 110005 PPC002 111005
111006 PPC000 PPC002 PPC002 PPC000 110006
110003 110005 110004 110007 108007 108014
108011 108010 109019 109013 109007 109003.
109013 110008 110008 110008 110005 PPC000
110003 PPC002 PPC002 110003 110004 PPC002
110008 110008 110016 110013 109016 109006
109014 109013 109009 109010 109007 110003.
PPC000 110005 PPC000 110007 110009 PPC002
110004 110008 110007 110005 110004 110005
110007 110013 110021 109005 109012 109011
109007 109009 109011 109005 109008 110003.
110008 110006 110013 110007 110006 110013
110015 110020 110014 110011 111014 110014
110010 110009 110005 110011 110006 109009
109012 109008 108009 109009 109007 110007.
110004 110004 110015 110007 110009 110012
PPC002 111006 111004 111005 PPC000 PPC001
109007 109004 108018 108014 108012 108020
107017 107009 107006 108003 108007 109008.
109005 109003 109011 109010 110005 110009
PPC000 111005 111003 111003 111006 110009
109010 108011 108010 108003 107019 107013
107008 107012 107003 108018 108009 109012.
109010 109026 109009 110007 110004 110018
110028 110003 PPC002 110006 110003 110003
110012 PPC002 110003 110007 110012 109009
109023 109009 109016 109019 110014 PPC001.
110009 110009 110009 110008 110007 110009
110003 110011 110007 110003 110005 110015
110012 110013 109021 109013 109017 109036
109018 109014 109005 109016 109004 109004.
109007 110008 110010 110007 110007 110005
PPC000 PPC000 110013 110004 110009 PPC000
110022 110006 109020 109014 108025 108025
108038 108026 108026 109031 109018 109016.
109008 110016 110003 PPC002 110009 110023
110023 110042 110019 110014 110016 110026
110026 109011 108007 109011 108036 108022
108015 108017 108031 108032 109024 109013.
109015 109033 109019 110030 110036 110037
110040 110018 110014 110017 110017 110018
109019 108021 108023 108005 108029 108024
108030 108024 108027 108026 109017 109017.
109010 109005 109008 110003 110010 110013
PPC002 110013 110007 PPC000 PPC000 PPC002
108006 108007 108022 108025 108021 107013
107014 107013 107029 107021 108019 108017.
109026 109019 109010 109005 109016 109008
110007 PPC000 110003 PPC001 110007 109004
108013 108014 107020 107032 107025 107026
107025 107014 107026 107024 107008 108005.
109007 109015 109011 109016 109003 PPC000
PPC000 110003 PPC002 110018 110015 109008
108010 107015 107010 107026 107016 107017
107020 106015 107014 107020 108006 108007.
109003 109003 109004 PPC002 109003 109003
PPC001 109010 110003 110011 110005 109015
108016 108017 107008 106010 107011 106024
106017 106008 106038 107022 107006 108011.
108013 108003 108006 108006 109010 109011
109003 109005 PPC001 109007 109010 109005
108004 107013 107012 107008 106019 106026
106025 107028 107028 107010 107015 PPC002.
108006 108010 109004 109003 109004 PPC000
109004 109005 109005 109005 PPC000 109005
108010 107003 106009 106020 106012 106016
106013 106022 107025 107009 107013 108004.
108027 108027 108009 108006 108003 109006
PPC002 109004 109007 109007 PPC000 PPC002
108008 107016 107011 107015 106019 106016
106017 106012 106005 107031 107022 108005=
111010 111012 PPC000 111005 111010 111003
111005 111003 111007 PPC000 111006 111003
111005 111006 111010 111009 111014 111009
111013 111009 111004 111015 111009 111012.
111006 111010 111008 111007 111006 111003
PPC002 111004 111004 111004 111007 111003
111007 111006 110013 110010 109010 108018
109012 108023 109024 109016 110013 110014.
110012 110013 110011 110007 111003 111005
111010 111014 111015 111014 111006 111010
111007 110014 110013 110016 110017 110013
110017 110017 110015 110018 110019 111015.
111014 111023 111017 111013 111014 111017
111013 111009 111008 111005 PPC002 111003
111010 110022 110020 110022 109012 110022
110020 110019 110022 111025 111021 111021.
111020 111020 111018 111017 111007 111011
111013 111014 112013 112013 112007 112015
111006 111017 111013 111008 111007 111014
111014 111013 111020 111014 111025 111017.
111013 112013 111015 111013 111008 111013
PPC002 111005 111011 111010 111005 111009
111009 111007 110010 110009 109011 109012
108017 109018 109012 110017 110004 PPC002.
110015 110008 110005 110008 110014 111015
111015 111012 111011 111008 111009 111013
111015 111024 111016 111021 111027 111020
111022 111024 111018 111016 111013 111012.
111015 111010 111014 111008 111026 111015
111017 111012 111016 111009 111012 111013
111008 111004 111005 111015 111021 111014
111012 111010 111004 111004 111009 111015.
111013 111005 111010 111005 112003 112007
112008 PPC001 112005 112013 112004 PPC002
111016 110011 109012 109015 109006 109020
108008 109009 109019 110012 110016 110010.
110012 110007 110004 111007 111008 111008
111004 111007 111003 111009 111008 110009
110011 109005 109013 109018 110012 109016
109011 110009 109018 109015 110013 110009.
110007 110008 110013 111011 111012 111007
111005 PPC001 PPC000 PPC000 PPC002 111004
110003 109005 108010 108013 108020 108013
108017 108006 109014 109021 109026 109012.
110023 110017 110006 110018 110015 110005
110008 110013 110004 110005 110006 110016
110011 110007 111003 110003 110009 109007
110013 109012 109010 110013 110008 110013.
110005 110006 110008 110008 111004 111005
111006 PPC002 PPC001 111003 PPC000 110005
110003 110005 110003 110007 109008 108015
108016 108007 109016 109016 109007 PPC002.
109014 110009 110008 110008 110005 PPC000
PPC000 PPC002 110003 110004 110003 PPC002
110004 110009 110015 110014 109015 109009
109014 109008 109009 109012 109004 PPC001.
PPC001 110003 PPC000 110010 110009 110003
110006 110007 110007 110003 110007 110004
110008 110013 110020 109007 109011 109012
109008 109009 109011 109006 109008 110003.
110005 110009 110012 110006 110006 110010
110010 110018 110011 110012 111014 110015
110008 110012 110003 110010 109009 109009
109010 108012 108012 109009 109006 110010.
110003 110003 110017 110004 110009 110007
110006 111005 111004 111003 PPC002 110004
109003 109010 108015 108009 108010 108015
108012 107015 107012 108003 108006 109007.
109004 109004 109015 109007 110007 110009
PPC002 PPC002 PPC000 PPC002 PPC002 110004
109005 108009 108009 108006 107014 107012
107016 107015 107005 107012 108008 109018.
109010 109017 109009 110008 110006 110021
110025 110007 110003 110006 PPC002 PPC001
110012 110003 110007 110005 109010 109007
109020 109014 109023 109015 110012 110003.
110012 110007 110010 110007 110006 110009
110004 110012 110010 110004 110004 110013
110012 110016 109020 109017 109022 109029
109016 109012 109005 109016 109011 PPC002.
109010 110007 110010 110005 110010 110008
110003 110004 110015 110005 110008 PPC000
110018 110010 109017 109014 108027 108023
108033 108030 108034 109029 109016 109014.
109010 110012 110004 110004 110008 110024
110026 110035 110019 110014 110017 110021
110023 109015 108006 109013 109033 108019
108018 108024 107028 108029 109026 109017.
109014 109033 109019 110031 110031 110031
110033 110019 110014 110018 110015 110013
109021 108021 108021 108019 108034 108029
108037 108039 108026 108037 109020 109021.
109008 109008 109007 PPC001 110009 110013
110006 110011 110008 PPC000 PPC000 PPC002
108005 108008 108024 108023 108020 107018
107018 107018 107017 107025 108019 108020.
109025 109025 109014 109011 109020 109009
110007 PPC000 110003 PPC002 110005 109005
108006 108016 107014 107025 107023 107027
107017 107021 107027 107027 107008 108004.
109006 109011 109013 109014 109003 PPC000
PPC002 110004 PPC001 110016 110013 109010
108015 108010 107012 107022 107020 107017
107023 106019 106021 107021 108010 108006.
PPC002 PPC002 PPC002 109005 PPC000 PPC002
PPC000 109009 110005 110011 110004 109015
108016 108017 107013 106007 107015 106019
106018 106010 106030 107026 107004 108015.
108015 108006 108007 108008 109007 109013
109003 109004 PPC000 109005 109004 109005
108004 107006 107008 106014 106016 106023
106014 107027 107026 107012 107013 108004.
108004 108007 109003 109003 109003 PPC002
109004 109005 109006 109007 PPC000 109005
108011 107004 107006 106013 106012 106016
106021 106017 107026 107006 107016 108004.
108019 108027 108008 108007 108005 109008
109003 109004 109007 109008 PPC002 108005
108008 107018 107013 107019 106017 106008
106014 106012 106007 107027 107021 108005=
038111 1819 054111 1810
031109 1441 052109 1432
023110 1213 043111 1323
031111 1926 047111 2149
027111 1901 043111 1856
026109 1518 040109 1512
035111 1323 063111 1319
029111 0106 046111 0048
025109 1322 046109 1313
021110 1927 032109 1416
026109 1806 040109 1712
028110 0010 045110 0009
021109 1635 033109 1626
023109 2036 033109 1454
020110 1059 026110 1034
025110 0432 040110 0432
021108 1348 042108 1343
028107 1523 047109 1948
028110 0150 042109 2158
032109 1318 054109 1338
038108 1522 055108 1334
037110 0343 062110 0327
049110 2325 085110 2316
035107 1542 067107 1644
033108 1221 051107 1329
030108 0936 049107 1433
034106 1614 053106 1605
029107 1547 043107 1538
029107 1627 051107 1647
029108 2206 061108 2204=
DB
0145 0144 0134 0134 0132 0125 0123 0123 0119 0118 0118 0121
0127 0133 0135 0136 0127 0130 0128 0128 0129 0127 0125 0123 0148 2021 0118 0525.
0122 0121 0124 0121 0119 0114 0112 0115 0115 0114 0115 0118
0134 0155 0203 0262 0295 0315 0302 0295 0255 0212 0184 0169 0329 1351 0111 0640.
0161 0159 0154 0145 0144 0138 0137 0132 0129 0128 0126 0134
0141 0158 0164 0178 0164 0177 0191 0201 0175 0170 0153 0144 0205 1456 0126 0657.
0143 0138 0134 0128 0125 0126 0124 0121 0118 0116 0112 0132
0157 0223 0265 0290 0231 0201 0213 0181 0161 0150 0139 0129 0294 1106 0111 0643.
0125 0124 0124 0115 0114 0113 0113 0108 0106 0104 0105 0108
0118 0131 0128 0148 0143 0146 0135 0137 0129 0128 0117 0110 0171 1323 0103 0624.
0109 0107 0110 0110 0107 0103 0096 0101 0104 0103 0102 0112
0130 0165 0215 0237 0308 0309 0354 0315 0272 0196 0175 0166 0375 1445 0092 0237.
0164 0157 0152 0150 0149 0142 0139 0137 0124 0125 0132 0136
0136 0136 0151 0148 0151 0154 0153 0153 0145 0139 0130 0127 0168 1537 0124 0500.
0124 0119 0117 0104 0112 0111 0113 0110 0110 0109 0106 0109
0110 0116 0132 0136 0128 0170 0148 0150 0144 0127 0120 0119 0173 1358 0101 0730.
0108 0108 0106 0102 0099 0099 0099 0097 0094 0090 0090 0117
0148 0201 0325 0324 0355 0353 0346 0261 0237 0202 0183 0158 0383 1339 0077 0640.
0154 0152 0144 0137 0140 0141 0134 0136 0134 0134 0134 0180
0236 0302 0283 0283 0209 0267 0219 0205 0269 0233 0178 0150 0317 1039 0131 2333.
0144 0143 0137 0132 0130 0127 0120 0105 0091 0087 0086 0138
0234 0305 0344 0385 0394 0393 0386 0304 0242 0222 0206 0198 0421 1357 0084 0648.
0194 0177 0176 0173 0170 0166 0160 0156 0156 0157 0157 0159
0166 0155 0154 0171 0212 0276 0240 0220 0218 0193 0179 0164 0280 1401 0151 1043.
0146 0144 0150 0135 0130 0120 0123 0111 0137 0141 0142 0151
0162 0164 0182 0213 0362 0358 0323 0314 0259 0230 0210 0195 0377 1311 0110 0352.
0194 0188 0183 0178 0174 0171 0169 0165 0163 0163 0165 0174
0178 0184 0191 0214 0242 0247 0249 0247 0235 0212 0198 0183 0271 1425 0160 0423.
0176 0170 0157 0164 0168 0163 0160 0159 0161 0159 0163 0171
0181 0188 0218 0258 0255 0276 0262 0230 0216 0206 0194 0179 0288 1405 0154 2336.
0171 0165 0160 0156 0154 0155 0150 0150 0153 0148 0148 0160
0173 0172 0195 0211 0200 0269 0285 0285 0262 0238 0201 0162 0340 1616 0145 0611.
0159 0151 0157 0146 0147 0140 0129 0132 0121 0115 0114 0165
0278 0263 0353 0330 0369 0387 0400 0388 0328 0293 0247 0203 0439 1416 0107 0634.
0189 0165 0171 0154 0140 0134 0113 0107 0100 0093 0104 0170
0254 0282 0377 0322 0455 0446 0442 0333 0338 0299 0248 0223 0467 1234 0093 0559.
0212 0207 0186 0173 0168 0185 0159 0159 0160 0164 0166 0167
0165 0173 0187 0203 0205 0205 0213 0225 0229 0204 0190 0175 0245 1646 0156 0311.
0178 0173 0170 0165 0164 0164 0161 0165 0151 0152 0149 0168
0190 0212 0234 0254 0242 0261 0272 0289 0255 0223 0206 0175 0308 1624 0148 0601.
0184 0170 0165 0163 0162 0161 0159 0159 0160 0156 0158 0160
0164 0226 0232 0261 0359 0349 0365 0344 0284 0246 0217 0197 0393 1333 0155 0555.
0189 0186 0179 0175 0174 0163 0165 0167 0162 0154 0159 0181
0228 0291 0308 0335 0334 0425 0428 0392 0336 0272 0230 0213 0451 1409 0153 0635.
0203 0191 0190 0185 0180 0178 0172 0172 0158 0163 0163 0225
0324 0388 0444 0480 0472 0456 0430 0430 0383 0290 0239 0201 0487 1204 0151 0638.
0184 0184 0178 0168 0162 0164 0156 0152 0146 0140 0158 0247
0334 0360 0402 0446 0467 0490 0497 0460 0389 0354 0258 0227 0503 1419 0140 0600.
0218 0212 0198 0193 0193 0181 0161 0153 0142 0122 0134 0252
0335 0392 0434 0454 0481 0474 0479 0464 0413 0358 0267 0204 0514 1349 0120 0636.
0195 0194 0183 0165 0149 0139 0133 0127 0122 0144 0169 0248
0352 0414 0445 0467 0489 0490 0471 0469 0361 0359 0265 0210 0504 1505 0121 0539.
0198 0195 0175 0166 0160 0155 0153 0155 0150 0150 0164 0230
0308 0392 0445 0517 0499 0495 0483 0470 0393 0308 0280 0257 0518 1159 0146 0542.
0255 0223 0206 0199 0190 0202 0181 0174 0169 0167 0184 0253
0326 0373 0426 0477 0501 0445 0414 0377 0356 0358 0298 0232 0508 1305 0165 0619.
0214 0202 0195 0191 0191 0186 0183 0182 0176 0168 0176 0255
0322 0386 0441 0476 0486 0480 0447 0361 0313 0300 0293 0258 0499 1342 0165 0629.
0262 0270 0239 0222 0213 0209 0201 0197 0194 0192 0204 0264
0333 0381 0425 0458 0470 0474 0419 0388 0369 0308 0295 0269 0486 1310 0186 0623=
0150 0145 0141 0139 0137 0135 0133 0131 0129 0128 0127 0126
0126 0126 0127 0128 0128 0129 0129 0129 0128 0127 0126 0125.
0124 0123 0122 0122 0121 0120 0119 0118 0117 0116 0116 0116
0117 0121 0130 0148 0168 0186 0195 0201 0199 0192 0182 0173.
0166 0161 0156 0153 0151 0148 0146 0143 0141 0138 0136 0135
0135 0137 0141 0143 0145 0145 0150 0154 0154 0153 0149 0144.
0140 0138 0135 0133 0131 0128 0126 0125 0123 0122 0121 0121
0124 0132 0149 0167 0176 0173 0172 0169 0163 0156 0151 0145.
0141 0139 0135 0133 0131 0129 0127 0126 0124 0123 0121 0120
0121 0123 0125 0127 0131 0134 0133 0132 0131 0129 0127 0124.
0123 0121 0119 0118 0117 0116 0113 0112 0111 0111 0111 0111
0113 0118 0131 0147 0165 0184 0202 0213 0213 0202 0189 0179.
0171 0165 0160 0156 0153 0149 0146 0143 0141 0139 0137 0136
0136 0136 0136 0138 0139 0138 0137 0139 0137 0135 0132 0129.
0127 0125 0124 0123 0121 0118 0117 0115 0114 0113 0112 0112
0113 0115 0119 0123 0125 0127 0133 0133 0133 0132 0129 0125.
0123 0121 0119 0117 0116 0114 0113 0112 0110 0109 0107 0107
0115 0126 0153 0185 0208 0227 0238 0230 0220 0208 0196 0184.
0174 0167 0162 0158 0153 0150 0148 0145 0144 0142 0140 0141
0149 0166 0184 0192 0193 0187 0192 0186 0187 0189 0182 0172.
0165 0160 0156 0151 0148 0145 0142 0139 0134 0129 0125 0125
0135 0154 0179 0204 0225 0241 0249 0253 0238 0223 0211 0201.
0195 0188 0183 0179 0174 0171 0169 0165 0163 0161 0160 0158
0157 0158 0158 0159 0164 0175 0181 0185 0186 0182 0177 0172.
0166 0162 0159 0156 0152 0148 0145 0141 0141 0142 0143 0145
0146 0148 0151 0159 0172 0200 0216 0224 0220 0213 0204 0196.
0190 0186 0182 0179 0176 0174 0172 0170 0167 0166 0165 0164
0165 0166 0167 0170 0177 0185 0192 0194 0196 0192 0188 0183.
0179 0176 0173 0169 0167 0166 0165 0163 0162 0161 0160 0161
0162 0164 0168 0177 0185 0191 0197 0197 0193 0189 0185 0181.
0178 0175 0172 0169 0166 0165 0162 0160 0158 0156 0154 0154
0156 0159 0161 0167 0174 0185 0195 0200 0207 0203 0197 0188.
0180 0175 0170 0166 0163 0160 0157 0153 0150 0147 0143 0144
0156 0174 0191 0212 0224 0242 0257 0265 0263 0253 0242 0230.
0218 0209 0199 0193 0185 0178 0171 0164 0158 0153 0148 0150
0162 0181 0197 0218 0237 0256 0270 0275 0267 0258 0245 0232.
0222 0214 0206 0200 0194 0190 0187 0183 0181 0178 0177 0176
0176 0175 0177 0178 0181 0183 0185 0188 0190 0189 0185 0181.
0178 0175 0173 0171 0169 0168 0166 0165 0165 0164 0149 0162
0163 0169 0177 0186 0190 0195 0202 0207 0210 0205 0199 0192.
0186 0183 0180 0177 0174 0172 0170 0168 0167 0165 0164 0164
0164 0168 0179 0188 0206 0228 0240 0241 0239 0229 0219 0209.
0201 0195 0190 0187 0184 0181 0177 0172 0168 0165 0163 0163
0168 0178 0197 0206 0217 0236 0253 0256 0260 0251 0237 0224.
0214 0207 0200 0193 0188 0184 0179 0176 0173 0170 0167 0169
0181 0205 0229 0258 0279 0292 0294 0294 0288 0274 0258 0243.
0229 0219 0212 0206 0200 0195 0191 0186 0182 0178 0176 0178
0193 0214 0234 0259 0282 0299 0308 0309 0302 0289 0273 0258.
0245 0235 0227 0220 0214 0209 0204 0198 0193 0187 0180 0181
0197 0219 0244 0269 0290 0306 0316 0316 0310 0298 0281 0265.
0252 0241 0231 0222 0214 0208 0200 0194 0189 0184 0182 0184
0198 0220 0246 0270 0291 0307 0316 0319 0313 0301 0285 0269.
0256 0246 0236 0228 0220 0214 0208 0203 0199 0195 0192 0193
0204 0225 0250 0276 0299 0313 0322 0323 0317 0304 0289 0277.
0266 0257 0249 0241 0234 0228 0223 0218 0213 0209 0205 0208
0218 0232 0251 0275 0296 0310 0314 0307 0301 0293 0285 0273.
0261 0251 0243 0236 0231 0226 0222 0218 0214 0210 0207 0208
0219 0236 0257 0280 0300 0313 0321 0317 0302 0289 0280 0272.
0264 0258 0253 0248 0242 0240 0232 0228 0224 0221 0217 0219
0229 0244 0261 0280 0297 0310 0315 0309 0304 0295 0283 0274=
0155 0151 0148 0145 0143 0141 0140 0138 0137 0135 0134 0133
0132 0132 0132 0132 0132 0132 0133 0133 0132 0132 0132 0131.
0130 0129 0129 0128 0128 0127 0126 0125 0124 0124 0123 0123
0123 0124 0126 0132 0144 0156 0167 0175 0179 0180 0178 0174.
0169 0165 0162 0159 0156 0154 0152 0150 0148 0146 0144 0143
0142 0141 0142 0144 0145 0146 0147 0150 0152 0152 0151 0149.
0143 0145 0143 0141 0139 0138 0136 0134 0133 0132 0130 0130
0130 0132 0138 0147 0157 0161 0163 0164 0162 0159 0156 0153.
0150 0147 0144 0142 0140 0139 0137 0136 0134 0133 0131 0130
0129 0129 0130 0131 0133 0135 0136 0136 0136 0135 0134 0133.
0131 0130 0129 0128 0127 0126 0124 0123 0122 0121 0120 0120
0120 0120 0126 0134 0143 0155 0167 0179 0187 0189 0185 0179.
0175 0170 0166 0163 0160 0157 0154 0152 0150 0148 0146 0144
0143 0143 0142 0141 0143 0143 0143 0143 0143 0142 0140 0139.
0137 0135 0134 0133 0131 0130 0128 0127 0125 0124 0123 0123
0122 0122 0123 0126 0128 0129 0132 0134 0135 0135 0134 0133.
0131 0129 0128 0127 0126 0124 0123 0122 0121 0120 0119 0117
0119 0122 0131 0147 0164 0181 0195 0202 0202 0199 0194 0187.
0181 0175 0170 0166 0162 0159 0157 0154 0152 0150 0149 0148
0149 0154 0163 0172 0178 0179 0180 0181 0180 0181 0181 0177.
0173 0168 0165 0161 0158 0156 0153 0151 0148 0144 0141 0138
0139 0145 0155 0169 0185 0199 0211 0219 0221 0216 0210 0204.
0198 0193 0189 0185 0182 0179 0176 0173 0171 0169 0167 0166
0165 0164 0163 0163 0164 0168 0173 0176 0179 0180 0178 0176.
0173 0170 0167 0165 0163 0160 0157 0154 0152 0151 0151 0151
0152 0152 0153 0156 0160 0172 0186 0196 0201 0202 0199 0196.
0192 0189 0186 0183 0181 0179 0177 0175 0174 0172 0171 0170
0169 0169 0170 0170 0172 0177 0181 0185 0187 0188 0187 0185.
0183 0181 0178 0176 0174 0173 0171 0170 0169 0168 0167 0166
0166 0167 0168 0171 0176 0180 0185 0188 0189 0188 0186 0184.
0182 0180 0178 0176 0174 0172 0170 0168 0167 0165 0163 0162
0162 0163 0164 0165 0169 0173 0180 0186 0191 0194 0194 0191.
0187 0183 0179 0176 0173 0170 0168 0165 0163 0160 0157 0156
0157 0164 0172 0184 0195 0206 0219 0229 0235 0236 0233 0228.
0221 0215 0209 0203 0198 0192 0187 0181 0176 0172 0167 0165
0166 0172 0180 0191 0203 0217 0230 0240 0244 0243 0239 0233.
0226 0220 0215 0209 0205 0200 0197 0194 0191 0189 0187 0185
0184 0183 0183 0183 0184 0185 0185 0187 0188 0189 0189 0187.
0185 0183 0181 0179 0178 0176 0175 0174 0173 0172 0156 0171
0170 0171 0174 0178 0183 0186 0191 0195 0199 0200 0199 0196.
0192 0189 0187 0185 0182 0180 0179 0177 0175 0174 0173 0172
0171 0172 0175 0180 0187 0199 0209 0217 0221 0221 0217 0212.
0207 0203 0199 0195 0192 0190 0187 0184 0181 0178 0176 0174
0174 0176 0183 0191 0198 0207 0220 0234 0235 0236 0233 0227.
0221 0215 0210 0205 0200 0196 0193 0189 0186 0183 0180 0179
0180 0188 0200 0215 0232 0247 0257 0262 0265 0263 0256 0248.
0239 0231 0224 0219 0214 0209 0205 0201 0197 0196 0190 0189
0191 0198 0208 0221 0237 0252 0265 0273 0276 0275 0269 0261.
0252 0244 0238 0232 0226 0222 0217 0213 0208 0204 0199 0196
0197 0204 0216 0230 0246 0260 0273 0281 0284 0282 0276 0268.
0259 0251 0244 0236 0230 0223 0218 0213 0208 0203 0200 0198
0199 0206 0218 0232 0248 0262 0273 0282 0285 0284 0279 0271.
0263 0255 0248 0241 0235 0229 0224 0219 0215 0211 0208 0206
0207 0212 0224 0238 0254 0268 0279 0287 0290 0288 0282 0276.
0269 0262 0256 0250 0245 0240 0235 0231 0227 0223 0220 0217
0218 0223 0231 0242 0256 0270 0279 0282 0282 0280 0277 0272.
0265 0259 0252 0247 0242 0238 0234 0230 0227 0224 0220 0218
0219 0225 0234 0246 0260 0273 0283 0289 0287 0282 0276 0271.
0266 0261 0257 0253 0249 0245 0241 0238 0235 0231 0229 0227
0228 0233 0241 0251 0263 0274 0282 0285 0286 0284 0279 0273=
0138 0138 0138 0137 0136 0135 0135 0134 0133 0133 0132 0131
0131 0130 0130 0129 0129 0129 0128 0128 0128 0128 0128 0128.
0128 0128 0127 0127 0126 0126 0126 0126 0125 0125 0124 0124
0124 0123 0123 0123 0125 0127 0130 0133 0137 0141 0144 0146.
0147 0147 0147 0146 0146 0145 0144 0144 0143 0142 0141 0140
0140 0139 0138 0138 0138 0138 0138 0138 0139 0139 0140 0140.
0140 0140 0139 0139 0138 0138 0137 0136 0135 0134 0134 0133
0132 0132 0132 0132 0134 0136 0138 0140 0142 0143 0143 0143.
0143 0142 0141 0141 0140 0139 0138 0137 0136 0135 0135 0134
0133 0132 0132 0131 0131 0131 0131 0132 0132 0132 0132 0132.
0132 0131 0131 0130 0130 0129 0129 0128 0127 0127 0126 0126
0125 0125 0125 0125 0126 0128 0131 0135 0139 0144 0147 0150.
0151 0151 0151 0151 0150 0149 0148 0147 0146 0145 0144 0143
0143 0142 0141 0142 0140 0140 0139 0139 0139 0139 0139 0138.
0138 0137 0136 0136 0135 0134 0133 0133 0132 0131 0130 0129
0129 0128 0128 0127 0127 0128 0128 0128 0129 0130 0130 0130.
0130 0130 0130 0129 0129 0128 0128 0127 0127 0126 0126 0125
0124 0124 0124 0125 0128 0132 0137 0143 0148 0152 0155 0157.
0157 0157 0156 0155 0154 0153 0151 0150 0149 0148 0147 0146
0146 0145 0145 0146 0148 0150 0152 0154 0155 0156 0157 0158.
0158 0158 0157 0156 0155 0154 0153 0151 0150 0149 0147 0146
0145 0144 0144 0145 0147 0151 0155 0160 0165 0169 0172 0173.
0173 0173 0172 0171 0170 0169 0168 0167 0165 0164 0163 0162
0161 0160 0159 0159 0158 0158 0158 0159 0160 0161 0162 0162.
0162 0162 0162 0161 0160 0159 0158 0157 0156 0155 0154 0153
0152 0152 0151 0151 0152 0152 0154 0157 0161 0164 0167 0169.
0170 0170 0170 0170 0169 0169 0168 0167 0166 0166 0165 0165
0164 0163 0163 0163 0163 0163 0163 0164 0165 0167 0168 0168.
0169 0169 0169 0168 0167 0167 0166 0165 0165 0164 0164 0163
0163 0162 0161 0162 0162 0163 0164 0165 0167 0168 0169 0169.
0169 0169 0169 0169 0168 0167 0166 0166 0165 0164 0163 0163
0162 0161 0161 0160 0160 0161 0162 0163 0165 0167 0169 0170.
0171 0171 0171 0170 0169 0168 0167 0166 0165 0164 0163 0161
0160 0160 0160 0161 0163 0166 0170 0174 0179 0183 0187 0189.
0190 0191 0190 0189 0188 0186 0184 0182 0180 0178 0176 0174
0172 0170 0170 0170 0172 0174 0178 0183 0188 0192 0195 0197.
0198 0198 0197 0196 0195 0193 0191 0189 0188 0186 0185 0183
0182 0181 0180 0179 0179 0178 0178 0178 0178 0178 0178 0178.
0178 0178 0177 0177 0176 0175 0174 0174 0173 0172 0156 0171
0170 0170 0170 0170 0170 0171 0172 0174 0175 0177 0178 0179.
0179 0179 0179 0178 0178 0177 0176 0175 0174 0174 0173 0172
0171 0171 0170 0170 0171 0172 0175 0178 0181 0185 0187 0189.
0189 0189 0188 0187 0186 0185 0184 0183 0181 0180 0179 0177
0176 0175 0175 0175 0176 0178 0181 0183 0191 0192 0195 0197.
0198 0197 0197 0195 0194 0193 0191 0189 0187 0186 0184 0183
0181 0180 0180 0182 0185 0189 0194 0200 0205 0209 0212 0213.
0213 0213 0211 0209 0207 0205 0203 0200 0199 0196 0194 0193
0191 0190 0190 0191 0194 0198 0202 0208 0213 0218 0221 0223.
0223 0223 0221 0219 0217 0215 0213 0211 0209 0206 0204 0202
0200 0199 0198 0199 0202 0206 0210 0216 0221 0225 0229 0230.
0230 0230 0228 0226 0224 0222 0219 0216 0213 0211 0208 0206
0204 0202 0202 0203 0205 0209 0214 0219 0224 0228 0232 0233.
0234 0233 0232 0230 0228 0225 0223 0221 0218 0216 0213 0211
0210 0208 0208 0208 0211 0215 0219 0225 0230 0234 0237 0238.
0239 0238 0237 0235 0234 0232 0230 0228 0225 0223 0221 0219
0218 0216 0216 0216 0218 0221 0225 0230 0233 0236 0238 0239.
0239 0239 0237 0236 0234 0232 0230 0228 0226 0224 0222 0221
0219 0218 0217 0218 0220 0224 0228 0232 0236 0239 0241 0242.
0242 0241 0240 0239 0237 0234 0234 0232 0231 0229 0227 0226
0224 0223 0223 0224 0225 0228 0232 0236 0239 0242 0244 0245=
0144 0143 0141 0139 0138 0137 0135 0134 0133 0132 0131 0130
0129 0129 0128 0128 0128 0128 0128 0128 0128 0127 0127 0127.
0127 0126 0126 0125 0125 0124 0124 0123 0123 0122 0122 0121
0121 0121 0121 0124 0127 0132 0139 0145 0150 0154 0156 0157.
0156 0154 0153 0151 0149 0148 0146 0145 0144 0143 0141 0140
0139 0138 0137 0138 0138 0139 0139 0140 0141 0142 0142 0142.
0138 0140 0139 0138 0137 0136 0135 0134 0132 0131 0130 0129
0129 0129 0130 0133 0137 0141 0145 0147 0148 0148 0148 0146.
0145 0143 0141 0140 0138 0137 0136 0135 0133 0132 0131 0130
0129 0129 0128 0129 0129 0129 0130 0131 0131 0131 0131 0130.
0129 0129 0128 0127 0126 0126 0125 0124 0123 0122 0121 0121
0120 0119 0121 0123 0127 0132 0139 0146 0154 0159 0161 0162.
0161 0159 0157 0155 0153 0152 0150 0148 0146 0145 0143 0142
0141 0140 0139 0139 0139 0138 0138 0138 0138 0138 0137 0136.
0135 0134 0133 0132 0131 0130 0129 0128 0127 0126 0125 0124
0123 0123 0123 0123 0124 0125 0126 0127 0128 0129 0129 0129.
0129 0128 0127 0126 0125 0124 0124 0123 0122 0121 0120 0119
0119 0120 0122 0126 0134 0143 0153 0162 0167 0170 0170 0169.
0167 0165 0162 0159 0157 0155 0153 0151 0149 0148 0146 0145
0144 0145 0147 0151 0155 0159 0161 0162 0163 0164 0165 0165.
0164 0162 0160 0158 0155 0153 0151 0150 0148 0146 0143 0141
0140 0140 0142 0147 0154 0163 0171 0179 0185 0188 0188 0186.
0184 0181 0179 0177 0174 0172 0170 0168 0167 0165 0163 0162
0161 0160 0159 0158 0158 0159 0160 0162 0164 0166 0166 0166.
0165 0164 0163 0161 0160 0158 0156 0154 0153 0151 0150 0150
0149 0149 0149 0150 0151 0154 0160 0166 0172 0176 0178 0179.
0178 0177 0175 0174 0173 0171 0170 0169 0168 0167 0166 0165
0164 0163 0163 0163 0163 0165 0166 0169 0171 0172 0173 0173.
0173 0172 0171 0170 0169 0167 0166 0165 0164 0164 0163 0162
0161 0161 0162 0162 0164 0166 0168 0171 0173 0174 0174 0174.
0173 0172 0171 0170 0169 0167 0167 0165 0164 0163 0161 0160
0159 0159 0159 0159 0160 0162 0164 0168 0171 0174 0176 0177.
0176 0175 0173 0171 0170 0168 0166 0164 0163 0161 0159 0157
0156 0157 0159 0163 0169 0175 0183 0190 0197 0202 0205 0205.
0204 0201 0198 0195 0192 0189 0185 0182 0178 0175 0171 0169
0167 0166 0168 0172 0177 0184 0192 0200 0207 0211 0212 0212.
0210 0207 0204 0201 0198 0195 0193 0190 0188 0186 0184 0182
0181 0180 0179 0178 0178 0178 0178 0178 0179 0179 0180 0180.
0179 0178 0177 0176 0174 0173 0172 0171 0170 0170 0155 0168
0168 0167 0168 0169 0171 0173 0175 0178 0180 0183 0184 0184.
0183 0182 0180 0179 0178 0176 0175 0174 0173 0172 0171 0170
0169 0168 0169 0170 0172 0176 0183 0189 0194 0197 0198 0198.
0196 0194 0192 0190 0188 0186 0184 0182 0180 0178 0176 0174
0173 0172 0173 0176 0180 0184 0190 0197 0197 0207 0209 0209.
0207 0205 0202 0199 0196 0193 0190 0188 0185 0183 0181 0179
0178 0178 0181 0187 0195 0205 0214 0221 0226 0230 0230 0229.
0225 0221 0217 0213 0209 0206 0203 0200 0197 0197 0191 0189
0188 0188 0191 0196 0203 0212 0221 0229 0236 0239 0241 0239.
0236 0232 0229 0225 0221 0217 0214 0211 0208 0204 0201 0198
0196 0196 0199 0204 0211 0220 0229 0237 0243 0247 0248 0247.
0244 0240 0235 0231 0226 0223 0218 0214 0210 0207 0203 0200
0199 0199 0201 0207 0214 0222 0231 0239 0245 0250 0251 0249.
0246 0243 0239 0234 0230 0226 0223 0219 0216 0213 0210 0207
0205 0205 0207 0212 0220 0228 0237 0245 0251 0254 0255 0254.
0251 0248 0245 0241 0238 0234 0231 0228 0225 0222 0219 0216
0215 0215 0216 0220 0226 0233 0241 0247 0251 0252 0253 0252.
0250 0247 0243 0240 0236 0233 0230 0227 0225 0222 0220 0217
0216 0216 0218 0222 0229 0236 0244 0251 0255 0256 0255 0253.
0251 0249 0246 0243 0241 0238 0236 0233 0230 0228 0226 0224
0223 0223 0224 0228 0233 0240 0246 0252 0255 0257 0257 0256=
0127 0128 0129 0129 0130 0130 0130 0130 0131 0130 0131 0130
0130 0129 0129 0129 0129 0129 0129 0129 0129 0129 0129 0129.
0129 0129 0129 0128 0129 0129 0129 0128 0128 0128 0128 0128
0127 0126 0125 0123 0121 0120 0121 0122 0124 0126 0128 0130.
0132 0133 0134 0135 0136 0136 0137 0137 0137 0137 0137 0137
0137 0136 0136 0135 0135 0135 0134 0134 0135 0135 0134 0136.
0137 0137 0137 0137 0138 0138 0137 0137 0137 0137 0137 0136
0135 0134 0132 0131 0131 0132 0133 0134 0135 0136 0137 0138.
0138 0139 0139 0139 0139 0139 0139 0139 0139 0139 0138 0138
0137 0136 0136 0135 0135 0134 0135 0134 0134 0135 0135 0135.
0135 0135 0135 0135 0135 0135 0135 0134 0133 0134 0136 0133
0132 0130 0129 0128 0126 0125 0125 0126 0128 0131 0133 0135.
0136 0138 0139 0140 0140 0141 0141 0141 0142 0142 0141 0141
0141 0141 0140 0140 0140 0140 0139 0139 0139 0139 0139 0139.
0139 0139 0139 0139 0139 0139 0138 0138 0138 0137 0137 0136
0136 0135 0134 0134 0134 0133 0133 0133 0133 0133 0134 0134.
0134 0134 0134 0134 0134 0134 0134 0134 0134 0133 0133 0132
0131 0130 0126 0125 0125 0125 0125 0128 0130 0133 0135 0137.
0139 0140 0141 0143 0143 0143 0144 0144 0144 0144 0144 0143
0141 0139 0138 0139 0140 0140 0140 0142 0141 0142 0144 0146.
0146 0147 0148 0148 0149 0148 0149 0149 0150 0149 0149 0147
0145 0142 0140 0139 0138 0137 0139 0140 0143 0146 0148 0150.
0151 0152 0154 0154 0155 0155 0155 0155 0156 0155 0156 0155
0155 0155 0155 0154 0153 0151 0152 0151 0151 0153 0153 0154.
0155 0155 0156 0156 0156 0156 0156 0156 0156 0155 0154 0154
0153 0152 0152 0150 0148 0146 0146 0147 0149 0150 0152 0153.
0155 0156 0156 0157 0158 0158 0158 0159 0159 0159 0159 0158
0158 0158 0158 0157 0156 0155 0155 0155 0156 0157 0157 0158.
0159 0160 0160 0161 0161 0161 0161 0161 0161 0160 0160 0160
0159 0159 0158 0156 0156 0156 0156 0157 0158 0158 0159 0160.
0161 0161 0162 0162 0162 0163 0162 0162 0162 0162 0162 0161
0161 0160 0159 0159 0158 0156 0156 0156 0156 0157 0158 0161.
0162 0163 0163 0163 0164 0164 0164 0164 0164 0164 0164 0163
0160 0158 0156 0155 0154 0153 0154 0155 0157 0159 0161 0165.
0167 0169 0170 0171 0172 0173 0174 0174 0174 0175 0173 0171
0168 0166 0164 0162 0161 0161 0161 0162 0164 0166 0168 0171.
0173 0174 0176 0177 0177 0177 0177 0178 0178 0177 0177 0176
0176 0175 0175 0174 0173 0173 0172 0172 0171 0172 0172 0173.
0173 0173 0173 0173 0173 0173 0172 0172 0172 0172 0155 0171
0170 0169 0168 0167 0167 0166 0166 0166 0166 0168 0169 0170.
0171 0171 0172 0172 0172 0173 0172 0172 0172 0172 0172 0171
0171 0170 0169 0167 0165 0164 0164 0166 0167 0169 0171 0173.
0174 0175 0176 0176 0176 0177 0177 0176 0177 0176 0176 0175
0174 0173 0170 0170 0169 0167 0168 0169 0170 0171 0174 0176.
0178 0179 0179 0180 0180 0181 0181 0181 0180 0180 0180 0178
0176 0174 0172 0170 0170 0170 0172 0173 0175 0177 0180 0183.
0185 0187 0188 0188 0189 0189 0189 0189 0189 0188 0188 0185
0182 0180 0179 0177 0177 0177 0177 0179 0181 0183 0187 0189.
0191 0193 0194 0195 0195 0195 0196 0197 0196 0196 0196 0193
0190 0187 0185 0184 0183 0183 0183 0185 0187 0190 0192 0196.
0199 0200 0201 0202 0203 0204 0204 0203 0203 0202 0200 0198
0194 0192 0189 0188 0187 0187 0187 0189 0191 0193 0196 0200.
0203 0204 0206 0207 0207 0207 0207 0207 0206 0206 0205 0203
0200 0197 0194 0192 0191 0191 0192 0193 0198 0199 0202 0204.
0206 0208 0209 0210 0210 0210 0210 0210 0210 0210 0209 0207
0204 0202 0200 0198 0197 0197 0199 0200 0202 0203 0205 0209.
0211 0212 0213 0214 0214 0214 0214 0213 0213 0213 0212 0210
0207 0204 0203 0201 0200 0200 0201 0203 0207 0208 0209 0211.
0213 0214 0214 0216 0216 0217 0217 0217 0216 0216 0216 0214
0211 0209 0208 0206 0205 0205 0206 0208 0210 0212 0214 0216=
KB
0121 0121 0121 0122 0122 0122 0122 0123 0123 0123 0123 0123
0123 0123 0123 0123 0123 0124 0124 0124 0124 0124 0124 0124.
0124 0125 0125 0125 0125 0125 0125 0125 0125 0125 0125 0125
0125 0125 0123 0122 0120 0119 0119 0119 0120 0122 0123 0124.
0124 0124 0124 0125 0125 0125 0125 0126 0126 0126 0126 0126
0126 0126 0126 0126 0126 0126 0125 0125 0126 0126 0127 0127.
0128 0128 0128 0128 0129 0129 0129 0129 0129 0129 0130 0130
0129 0128 0126 0126 0126 0127 0127 0128 0129 0129 0130 0130.
0130 0131 0131 0131 0131 0131 0131 0131 0132 0132 0132 0132
0132 0131 0131 0131 0131 0131 0131 0131 0131 0132 0132 0132.
0132 0132 0132 0132 0133 0133 0133 0133 0133 0132 0138 0133
0132 0131 0130 0129 0127 0127 0126 0126 0127 0129 0130 0130.
0130 0130 0131 0131 0131 0131 0131 0131 0132 0132 0132 0132
0132 0132 0132 0132 0132 0132 0132 0132 0133 0133 0133 0133.
0134 0134 0134 0134 0134 0134 0135 0135 0135 0135 0135 0135
0135 0135 0134 0134 0134 0134 0134 0134 0134 0134 0134 0135.
0135 0135 0135 0135 0135 0135 0135 0135 0135 0135 0135 0135
0134 0133 0129 0128 0128 0128 0128 0129 0129 0131 0131 0132.
0132 0132 0132 0133 0133 0133 0133 0133 0133 0134 0134 0133
0132 0130 0130 0130 0131 0131 0131 0133 0131 0132 0133 0134.
0135 0135 0135 0136 0136 0136 0136 0137 0136 0138 0138 0137
0135 0133 0131 0131 0130 0130 0131 0131 0134 0135 0135 0136.
0136 0136 0137 0137 0137 0137 0138 0141 0138 0139 0139 0138
0139 0139 0139 0139 0138 0137 0138 0138 0138 0139 0140 0140.
0141 0141 0141 0142 0142 0142 0143 0143 0143 0142 0142 0142
0142 0142 0142 0141 0138 0137 0138 0138 0139 0140 0140 0141.
0141 0141 0142 0142 0142 0142 0143 0143 0143 0143 0143 0142
0143 0143 0143 0143 0142 0141 0141 0141 0142 0143 0143 0144.
0144 0145 0145 0145 0145 0145 0145 0146 0146 0146 0146 0146
0146 0146 0145 0144 0143 0143 0143 0144 0145 0145 0145 0146.
0146 0147 0147 0147 0148 0147 0147 0148 0148 0148 0148 0148
0148 0148 0148 0147 0146 0145 0145 0145 0145 0146 0147 0148.
0149 0149 0149 0149 0150 0150 0150 0150 0151 0151 0151 0150
0148 0147 0145 0145 0144 0144 0144 0144 0143 0146 0147 0148.
0149 0150 0150 0150 0151 0152 0152 0153 0153 0154 0154 0152
0151 0149 0147 0147 0146 0146 0146 0147 0147 0148 0149 0151.
0151 0152 0153 0153 0154 0154 0154 0155 0155 0155 0155 0155
0155 0155 0155 0155 0155 0155 0155 0155 0155 0155 0156 0156.
0157 0157 0157 0157 0158 0158 0158 0158 0158 0158 0147 0158
0158 0157 0156 0155 0156 0156 0155 0155 0155 0156 0156 0158.
0158 0158 0158 0158 0159 0159 0159 0159 0159 0159 0159 0159
0159 0158 0157 0157 0154 0154 0154 0154 0155 0156 0157 0158.
0158 0159 0159 0159 0159 0159 0159 0159 0161 0160 0160 0160
0159 0156 0156 0157 0156 0155 0155 0155 0156 0156 0158 0159.
0160 0160 0160 0160 0161 0161 0161 0161 0162 0162 0162 0162
0160 0158 0157 0156 0156 0156 0157 0158 0159 0159 0161 0162.
0163 0163 0163 0164 0164 0164 0165 0165 0165 0166 0166 0165
0163 0161 0160 0160 0159 0160 0160 0160 0161 0162 0163 0165.
0165 0166 0166 0166 0167 0167 0168 0169 0170 0170 0171 0169
0166 0165 0164 0163 0163 0163 0163 0164 0165 0166 0167 0170.
0170 0171 0171 0171 0173 0173 0174 0174 0175 0175 0173 0172
0170 0169 0167 0167 0167 0167 0167 0168 0168 0169 0171 0173.
0175 0175 0176 0176 0176 0177 0177 0177 0177 0178 0178 0177
0175 0173 0171 0170 0169 0170 0170 0171 0173 0174 0175 0176.
0176 0177 0178 0179 0179 0179 0179 0180 0180 0181 0181 0180
0177 0176 0175 0174 0173 0174 0175 0176 0176 0176 0177 0180.
0181 0182 0182 0183 0183 0183 0183 0183 0184 0184 0185 0183
0181 0179 0178 0177 0177 0176 0177 0179 0181 0181 0181 0182.
0183 0183 0183 0184 0185 0185 0186 0186 0186 0187 0187 0186
0184 0182 0181 0181 0180 0180 0181 0182 0182 0184 0184 0185=
0129 0129 0129 0130 0130 0130 0130 0130 0130 0130 0130 0130
0130 0130 0130 0129 0130 0130 0130 0130 0130 0130 0130 0130.
0130 0130 0130 0130 0130 0130 0130 0130 0130 0130 0130 0130
0130 0130 0128 0127 0125 0124 0124 0124 0125 0127 0128 0128.
0129 0129 0129 0129 0130 0130 0130 0130 0130 0130 0130 0130
0130 0130 0129 0129 0129 0129 0129 0128 0129 0129 0130 0130.
0130 0130 0130 0131 0131 0131 0131 0131 0131 0131 0131 0131
0130 0129 0128 0127 0127 0128 0129 0129 0130 0130 0131 0131.
0131 0131 0132 0132 0132 0132 0132 0132 0132 0133 0133 0133
0132 0132 0132 0131 0131 0131 0132 0131 0132 0132 0132 0132.
0133 0133 0133 0133 0133 0133 0133 0133 0133 0131 0131 0133
0133 0132 0130 0129 0128 0127 0126 0127 0128 0130 0131 0131.
0131 0131 0132 0132 0132 0132 0132 0133 0133 0133 0133 0133
0133 0133 0133 0132 0133 0133 0133 0132 0133 0133 0133 0133.
0133 0134 0134 0134 0134 0134 0134 0134 0134 0134 0134 0134
0134 0134 0133 0133 0134 0133 0133 0133 0134 0134 0134 0134.
0134 0135 0135 0135 0135 0135 0135 0135 0135 0135 0136 0135
0134 0133 0130 0129 0128 0128 0128 0130 0130 0132 0132 0133.
0133 0134 0134 0134 0134 0134 0134 0134 0134 0135 0135 0134
0133 0131 0130 0130 0132 0132 0132 0132 0131 0131 0133 0134.
0134 0134 0135 0135 0135 0135 0136 0136 0136 0137 0137 0136
0134 0131 0129 0129 0125 0128 0129 0129 0131 0132 0133 0133.
0133 0134 0134 0134 0134 0134 0135 0137 0135 0135 0135 0135
0135 0135 0135 0135 0134 0133 0133 0133 0133 0134 0134 0135.
0135 0136 0136 0136 0136 0136 0137 0137 0136 0136 0136 0136
0136 0135 0135 0134 0132 0130 0131 0131 0132 0133 0134 0134.
0135 0135 0135 0135 0135 0135 0136 0136 0136 0136 0136 0135
0136 0136 0135 0135 0134 0134 0133 0133 0134 0135 0135 0136.
0136 0136 0136 0137 0137 0137 0137 0137 0137 0137 0137 0137
0136 0136 0136 0134 0134 0134 0134 0135 0135 0136 0136 0136.
0137 0137 0137 0138 0138 0137 0138 0138 0138 0138 0139 0138
0138 0138 0138 0137 0136 0135 0135 0134 0135 0136 0136 0138.
0139 0139 0139 0139 0139 0139 0140 0140 0140 0140 0141 0140
0137 0136 0135 0134 0134 0135 0133 0133 0117 0135 0136 0138.
0139 0139 0140 0140 0140 0141 0142 0142 0142 0143 0143 0141
0139 0137 0136 0135 0134 0134 0134 0134 0135 0136 0138 0138.
0139 0139 0140 0141 0141 0141 0141 0141 0141 0141 0141 0141
0141 0141 0141 0141 0140 0140 0140 0140 0140 0140 0141 0141.
0141 0141 0142 0142 0142 0142 0142 0142 0143 0142 0146 0143
0142 0141 0141 0140 0140 0140 0140 0140 0140 0141 0141 0142.
0143 0143 0143 0143 0144 0144 0144 0144 0144 0144 0144 0144
0144 0143 0142 0141 0139 0138 0139 0139 0140 0141 0142 0143.
0143 0144 0144 0144 0144 0145 0144 0144 0144 0145 0145 0145
0144 0141 0141 0141 0141 0140 0139 0140 0140 0141 0143 0144.
0144 0144 0145 0145 0145 0146 0146 0146 0146 0146 0146 0146
0144 0142 0141 0140 0140 0140 0141 0141 0142 0143 0144 0145.
0146 0146 0147 0147 0147 0147 0147 0148 0148 0148 0148 0147
0145 0143 0142 0141 0141 0141 0141 0142 0143 0143 0146 0146.
0146 0146 0147 0147 0147 0148 0148 0149 0149 0150 0150 0149
0146 0144 0143 0142 0142 0141 0142 0142 0143 0143 0145 0148.
0148 0149 0149 0149 0150 0151 0151 0151 0152 0152 0150 0149
0147 0145 0143 0143 0142 0142 0143 0143 0144 0144 0146 0149.
0150 0150 0151 0151 0151 0152 0152 0152 0152 0152 0152 0151
0149 0147 0145 0143 0143 0143 0143 0144 0147 0146 0148 0149.
0149 0150 0151 0151 0152 0151 0152 0152 0153 0153 0153 0152
0149 0148 0146 0145 0145 0145 0146 0147 0147 0147 0148 0151.
0152 0153 0153 0153 0153 0154 0154 0154 0154 0154 0154 0153
0151 0149 0148 0147 0146 0146 0146 0148 0149 0150 0150 0151.
0152 0152 0152 0154 0154 0154 0155 0155 0155 0155 0156 0154
0152 0151 0150 0149 0148 0148 0149 0150 0150 0152 0152 0153=
0154 0154 0154 0154 0154 0154 0155 0155 0155 0155 0155 0155
0155 0154 0154 0154 0154 0154 0154 0154 0154 0154 0154 0155.
0154 0155 0154 0154 0155 0155 0155 0155 0155 0155 0155 0155
0154 0154 0153 0151 0149 0148 0148 0148 0149 0151 0152 0152.
0153 0153 0153 0153 0153 0154 0154 0154 0154 0154 0154 0154
0154 0153 0153 0153 0153 0153 0152 0152 0152 0152 0155 0153.
0153 0154 0154 0154 0154 0154 0154 0154 0154 0154 0155 0154
0154 0152 0151 0150 0150 0151 0151 0152 0153 0153 0154 0154.
0154 0154 0154 0154 0154 0154 0155 0155 0155 0155 0155 0154
0155 0154 0154 0154 0153 0153 0154 0154 0154 0154 0154 0155.
0155 0155 0155 0154 0155 0155 0155 0155 0155 0156 0149 0155
0154 0153 0152 0151 0149 0148 0148 0148 0149 0151 0152 0152.
0152 0153 0153 0153 0153 0153 0153 0154 0154 0154 0154 0154
0153 0154 0153 0153 0153 0153 0153 0153 0153 0153 0154 0154.
0154 0154 0154 0154 0154 0154 0154 0154 0154 0154 0155 0154
0154 0154 0154 0153 0154 0153 0153 0153 0153 0154 0154 0154.
0154 0154 0154 0155 0154 0155 0155 0155 0155 0155 0155 0154
0154 0152 0149 0148 0148 0148 0148 0149 0149 0151 0151 0152.
0153 0153 0153 0153 0153 0153 0153 0153 0153 0153 0153 0153
0151 0149 0149 0149 0150 0150 0150 0151 0150 0150 0151 0152.
0153 0153 0153 0153 0154 0153 0154 0154 0155 0155 0155 0154
0152 0149 0148 0147 0145 0146 0146 0147 0149 0150 0151 0151.
0151 0151 0152 0152 0152 0152 0152 0152 0153 0152 0152 0153
0152 0152 0152 0152 0151 0150 0151 0150 0150 0151 0151 0152.
0153 0153 0153 0153 0153 0153 0154 0154 0153 0153 0153 0153
0152 0152 0152 0151 0148 0147 0147 0147 0149 0149 0150 0151.
0151 0151 0151 0151 0151 0152 0152 0152 0152 0152 0152 0152
0151 0151 0151 0151 0150 0149 0149 0149 0149 0150 0150 0151.
0151 0152 0152 0152 0152 0152 0152 0152 0152 0152 0152 0152
0151 0151 0150 0149 0149 0149 0149 0149 0150 0150 0150 0151.
0151 0151 0152 0152 0152 0152 0152 0152 0152 0152 0153 0152
0152 0152 0151 0151 0150 0149 0148 0148 0148 0149 0150 0151.
0152 0152 0152 0152 0153 0152 0153 0153 0153 0153 0154 0153
0150 0149 0148 0147 0146 0147 0145 0146 0145 0147 0148 0150.
0151 0152 0152 0152 0153 0153 0154 0154 0154 0155 0155 0153
0151 0149 0147 0146 0145 0145 0145 0146 0147 0147 0148 0150.
0150 0151 0151 0152 0152 0152 0152 0152 0152 0152 0152 0152
0152 0152 0152 0151 0151 0151 0151 0150 0150 0151 0151 0151.
0152 0152 0152 0152 0152 0152 0152 0152 0152 0152 0158 0152
0152 0151 0150 0149 0150 0150 0149 0149 0149 0150 0150 0151.
0152 0152 0152 0152 0152 0152 0153 0152 0153 0152 0153 0153
0152 0151 0151 0150 0147 0147 0147 0148 0148 0150 0150 0151.
0151 0151 0152 0152 0152 0152 0152 0152 0152 0153 0153 0152
0151 0149 0148 0149 0148 0147 0146 0147 0147 0148 0150 0151.
0151 0151 0151 0152 0152 0152 0152 0152 0153 0153 0153 0152
0150 0148 0147 0146 0146 0146 0147 0147 0148 0149 0150 0151.
0152 0152 0152 0153 0153 0153 0153 0153 0154 0154 0154 0152
0150 0148 0147 0146 0146 0146 0146 0146 0147 0148 0149 0150.
0151 0151 0151 0152 0152 0152 0153 0154 0154 0154 0155 0153
0150 0148 0147 0146 0146 0145 0146 0146 0147 0148 0148 0151.
0152 0152 0152 0153 0154 0154 0155 0155 0155 0155 0153 0152
0150 0148 0146 0146 0145 0145 0145 0146 0146 0147 0149 0151.
0152 0152 0153 0153 0154 0154 0154 0154 0154 0154 0154 0152
0150 0148 0146 0145 0144 0144 0144 0145 0148 0147 0149 0150.
0150 0151 0152 0152 0152 0152 0152 0153 0153 0153 0153 0152
0149 0148 0146 0145 0145 0145 0146 0146 0147 0147 0148 0150.
0151 0152 0152 0153 0153 0153 0153 0153 0153 0153 0153 0152
0150 0147 0146 0145 0145 0144 0145 0146 0148 0148 0148 0149.
0150 0150 0150 0151 0152 0152 0152 0152 0153 0153 0153 0151
0149 0148 0147 0146 0145 0145 0145 0146 0147 0148 0149 0149=
A=
SA
NN NN NN NN NN 00 00 00 00 00 00 00 00 00 00 00 00 00 00 NN NN NN NN NN 0547 1813 000
NN NN NN NN NN 00 00 00 00 00 00 00 00 00 00 00 00 00 00 NN NN NN NN NN 0546 1814 000
NN NN NN NN NN 00 00 00 00 00 00 00 00 00 00 00 00 00 00 NN NN NN NN NN 0546 1815 000
NN NN NN NN NN 00 00 00 00 00 00 00 00 00 00 00 00 00 00 NN NN NN NN NN 0544 1816 000
NN NN NN NN NN 00 00 00 00 00 00 00 00 00 00 00 00 00 00 NN NN NN NN NN 0544 1817 000
NN NN NN NN NN 00 00 00 00 00 00 00 00 00 00 00 00 00 00 NN NN NN NN NN 0543 1818 000
NN NN NN NN NN 00 00 00 00 00 00 00 00 00 00 00 00 00 00 NN NN NN NN NN 0541 1819 000
NN NN NN NN NN 00 00 00 00 00 00 00 00 00 00 00 00 00 00 NN NN NN NN NN 0541 1820 000
NN NN NN NN NN 00 00 00 00 00 00 00 00 00 00 00 00 00 00 NN NN NN NN NN 0540 1820 000
NN NN NN NN NN 00 00 00 00 00 00 00 00 00 00 00 00 00 00 NN NN NN NN NN 0539 1822 000
NN NN NN NN NN 00 00 00 00 00 00 00 00 00 00 00 00 00 00 NN NN NN NN NN 0538 1823 000
NN NN NN NN NN 00 00 00 00 00 00 00 00 00 00 00 00 00 00 NN NN NN NN NN 0537 1823 000
NN NN NN NN NN 00 00 00 00 00 00 00 00 00 00 00 00 00 00 NN NN NN NN NN 0536 1825 000
NN NN NN NN NN 00 00 00 00 00 00 00 00 00 00 00 00 00 00 NN NN NN NN NN 0535 1825 000
NN NN NN NN NN 00 00 00 00 00 00 00 00 00 00 00 00 00 00 NN NN NN NN NN 0534 1826 000
NN NN NN NN NN 00 00 00 00 00 00 00 00 00 00 00 00 00 00 NN NN NN NN NN 0533 1827 000
NN NN NN NN NN 00 00 00 00 00 00 00 00 00 00 00 00 00 00 NN NN NN NN NN 0532 1828 000
NN NN NN NN NN 00 00 00 00 00 00 00 00 00 00 00 00 00 00 NN NN NN NN NN 0531 1829 000
NN NN NN NN NN 00 00 00 00 00 00 00 00 00 00 00 00 00 00 NN NN NN NN NN 0530 1830 000
NN NN NN NN NN 00 00 00 00 00 00 00 00 00 00 00 00 00 00 NN NN NN NN NN 0529 1831 000
NN NN NN NN NN 00 00 00 00 00 00 00 00 00 00 00 00 00 00 NN NN NN NN NN 0528 1832 000
NN NN NN NN NN 00 00 00 00 00 00 00 00 00 00 00 00 00 00 NN NN NN NN NN 0528 1833 000
NN NN NN NN NN 00 00 00 00 00 00 00 00 00 00 00 00 00 00 NN NN NN NN NN 0526 1834 000
NN NN NN NN NN 00 00 00 00 00 00 00 00 00 00 00 00 00 00 NN NN NN NN NN 0526 1835 000
NN NN NN NN NN 00 00 00 00 00 00 00 00 00 00 00 00 00 00 NN NN NN NN NN 0525 1835 000
NN NN NN NN NN 00 00 00 00 00 00 00 00 00 00 00 00 00 00 NN NN NN NN NN 0524 1837 000
NN NN NN NN NN 00 00 00 00 00 00 00 00 00 00 00 00 00 00 NN NN NN NN NN 0523 1837 000
NN NN NN NN NN 00 00 00 00 00 00 00 00 00 00 00 00 00 00 NN NN NN NN NN 0522 1838 000
NN NN NN NN NN 00 00 00 00 00 00 00 00 00 00 00 00 00 00 NN NN NN NN NN 0522 1839 000
NN NN NN NN NN 00 00 00 00 00 00 00 00 00 00 00 00 00 00 NN NN NN NN NN 0520 1840 000=
BA
0141 0138 0135 0134 0131 0129 0126 0125 0122 0122 0122 0123
0126 0129 0132 0134 0130 0135 0132 0130 0130 0128 0125 0121 0146 2001 0121 2000.
0121 0121 0121 0120 0118 0116 0114 0114 0114 0113 0113 0116
0127 0145 0194 0241 0277 0291 0280 0280 0242 0199 0176 0162 0296 1418 0112 0641.
0157 0152 0150 0148 0146 0141 0140 0134 0131 0129 0128 0133
0138 0151 0158 0170 0157 0166 0186 0188 0165 0161 0143 0134 0192 1456 0128 0658.
0133 0130 0127 0124 0120 0119 0117 0116 0114 0113 0114 0124
0144 0194 0240 0272 0233 0202 0210 0181 0161 0150 0140 0131 0272 1200 0112 0538.
0128 0125 0124 0121 0120 0118 0116 0114 0113 0111 0111 0113
0124 0134 0131 0147 0144 0148 0136 0138 0130 0127 0118 0115 0163 1325 0109 0625.
0113 0111 0111 0110 0108 0104 0100 0103 0104 0104 0104 0111
0127 0162 0203 0227 0297 0302 0365 0337 0285 0206 0182 0171 0369 1459 0098 0237.
0162 0157 0153 0149 0143 0139 0136 0135 0129 0128 0130 0133
0134 0133 0147 0146 0152 0147 0146 0149 0140 0134 0125 0121 0171 2001 0121 2000.
0118 0116 0115 0111 0106 0106 0105 0104 0103 0103 0103 0105
0111 0122 0135 0138 0134 0169 0153 0149 0144 0128 0120 0116 0171 1411 0102 0502.
0112 0112 0109 0105 0104 0104 0102 0101 0098 0094 0093 0116
0146 0186 0295 0347 0391 0414 0391 0286 0260 0214 0189 0164 0424 1428 0089 0635.
0155 0153 0150 0144 0140 0141 0138 0137 0136 0134 0133 0159
0207 0274 0291 0293 0219 0265 0230 0204 0267 0229 0178 0153 0299 1040 0132 0644.
0150 0144 0136 0133 0131 0131 0125 0115 0106 0101 0099 0129
0192 0261 0332 0394 0433 0451 0433 0344 0258 0227 0208 0197 0457 1357 0098 0642.
0190 0178 0177 0171 0168 0166 0161 0158 0156 0157 0156 0157
0162 0160 0160 0170 0208 0266 0238 0228 0224 0195 0178 0164 0273 1404 0154 0415.
0153 0149 0150 0139 0133 0128 0124 0119 0137 0141 0142 0150
0156 0158 0183 0204 0350 0370 0346 0343 0279 0237 0212 0199 0390 1516 0119 0359.
0192 0186 0182 0179 0175 0173 0170 0166 0165 0164 0164 0170
0173 0178 0185 0207 0237 0246 0254 0250 0240 0210 0196 0185 0267 1426 0163 0422.
0178 0171 0162 0163 0165 0163 0161 0159 0160 0159 0160 0166
0174 0180 0211 0246 0248 0272 0260 0228 0211 0202 0191 0180 0275 1405 0156 0434.
0174 0167 0163 0159 0157 0157 0153 0150 0149 0145 0146 0156
0168 0171 0184 0206 0207 0256 0271 0273 0263 0231 0201 0170 0318 1616 0144 0635.
0166 0160 0155 0150 0150 0146 0136 0135 0129 0125 0122 0157
0226 0245 0341 0343 0387 0432 0462 0435 0361 0300 0257 0219 0475 1416 0119 0637.
0203 0179 0177 0166 0152 0143 0130 0123 0117 0112 0116 0159
0219 0274 0361 0332 0490 0495 0498 0400 0368 0310 0257 0227 0502 1411 0111 0633.
0214 0205 0191 0182 0175 0182 0170 0167 0165 0168 0169 0171
0171 0177 0185 0194 0202 0201 0214 0223 0230 0202 0186 0178 0241 1647 0165 0328.
0172 0170 0168 0166 0163 0162 0162 0161 0156 0157 0148 0163
0182 0206 0239 0256 0251 0281 0289 0300 0264 0228 0206 0183 0313 1622 0147 0601.
0182 0176 0169 0167 0165 0163 0161 0160 0159 0157 0158 0161
0166 0210 0224 0244 0338 0355 0390 0358 0293 0248 0214 0192 0395 1457 0157 0558.
0184 0182 0174 0171 0170 0161 0160 0163 0157 0151 0155 0178
0226 0294 0314 0344 0336 0438 0444 0418 0345 0272 0227 0209 0461 1409 0149 0635.
0198 0189 0185 0181 0177 0174 0167 0166 0153 0157 0159 0216
0287 0388 0435 0480 0463 0464 0453 0458 0404 0297 0236 0195 0486 1329 0146 0638.
0178 0178 0173 0163 0157 0157 0150 0145 0141 0135 0153 0231
0306 0353 0401 0450 0486 0509 0506 0489 0417 0363 0256 0220 0520 1417 0134 0601.
0210 0205 0191 0187 0185 0175 0155 0147 0135 0116 0126 0219
0301 0390 0442 0468 0500 0493 0496 0490 0432 0364 0267 0202 0530 1349 0114 0636.
0191 0184 0172 0157 0143 0133 0127 0122 0118 0128 0158 0227
0324 0422 0461 0459 0497 0510 0501 0478 0376 0365 0263 0207 0534 1510 0116 0538.
0195 0190 0170 0162 0155 0151 0148 0148 0145 0144 0157 0218
0295 0393 0445 0528 0518 0514 0501 0490 0409 0306 0277 0251 0530 1159 0141 0542.
0247 0217 0201 0194 0185 0196 0176 0169 0164 0161 0177 0242
0317 0378 0432 0485 0519 0464 0424 0389 0371 0357 0299 0254 0523 1415 0160 0612.
0236 0223 0215 0210 0207 0203 0199 0194 0189 0184 0186 0219
0270 0340 0405 0467 0509 0531 0505 0382 0322 0303 0285 0269 0531 1400 0182 0627.
0259 0255 0245 0233 0225 0219 0214 0209 0204 0199 0206 0237
0288 0346 0401 0457 0500 0490 0451 0411 0376 0307 0291 0275 0508 1308 0198 0625=
=
??????
******
YF
13064
江苏省
吕泗国家基准气候站
启东市吕四港镇北门外滨海







=
JY
8888=
GK
01/
05/=
BZ
00/320400/1213600
10/24/逐时观测
10/24/24时连续观测
11/守班=
######
