58265 3204N 12136E 000055 000065 105 000 S11 11111999119199111911 0 2010 06
PC
9550 9559 9565 9566 9557 9554 9555 9551 9551 9556 9562 9564
9572 9577 9575 9577 9573 9568 9567 9565 9469 9565 9570 9576 9578 1027 9464 1611.
9586 9591 9599 9598 9596 9590 9586 9583 9584 9587 9590 9597
9601 9600 9597 9592 9587 9582 9577 9574 9573 9572 9578 9585 9603 0854 9570 1753.
9593 9599 9601 9603 9595 9591 9587 9587 9588 9591 9593 9597
9601 9601 9601 9597 9594 9586 9580 9573 9569 9564 9567 9571 9604 2356 9564 1756.
9574 9575 9575 9575 9573 9572 9568 9567 9569 9572 9577 9580
9582 9580 9578 9572 9562 9555 9554 9545 9546 9545 9550 9556 9582 0834 9544 1809.
9557 9564 9567 9567 9564 9561 9553 9551 9550 9553 9559 9562
9565 9565 9568 9568 9563 9554 9550 9541 9533 9530 9536 9534 9572 2329 9530 1736.
9534 9541 9539 9538 9535 9526 9519 9514 9514 9515 9515 9516
9518 9517 9514 9509 9504 9500 9495 9491 9489 9485 9490 9496 9543 2220 9484 1729.
9497 9503 9506 9502 9495 9484 9483 9479 9477 9476 9478 9483
9484 9485 9484 9486 9482 9482 9474 9472 9469 9469 9481 9491 9506 2226 9468 1653.
9498 9505 9515 9515 9503 9508 9505 9507 9514 9512 9519 9527
9532 9533 9531 9531 9525 9516 9511 9506 9505 9506 9515 9521 9533 0957 9490 2003.
9528 9532 9535 9531 9529 9523 9516 9513 9513 9517 9522 9528
9534 9534 9532 9531 9528 9522 9519 9518 9519 9525 9535 9545 9546 1955 9512 0441.
9556 9563 9566 9567 9561 9561 9556 9554 9555 9558 9562 9567
9568 9569 9567 9565 9559 9551 9547 9543 9537 9535 9538 9547 9569 0839 9534 1716.
9552 9560 9562 9565 9556 9553 9553 9552 9550 9553 9553 9553
9562 9565 9565 9566 9566 9561 9555 9548 9545 9546 9547 9551 9566 1156 9543 1821.
9555 9561 9562 9560 9553 9548 9544 9542 9540 9539 9540 9545
9547 9547 9551 9549 9547 9542 9541 9535 9530 9533 9535 9537 9564 2241 9530 1658.
9533 9540 9545 9542 9539 9536 9530 9526 9527 9528 9530 9534
9537 9535 9534 9533 9529 9524 9519 9515 9512 9509 9507 9514 9545 2300 9506 1849.
9522 9523 9526 9526 9525 9523 9518 9513 9514 9513 9517 9521
9527 9529 9530 9527 9520 9513 9506 9499 9492 9490 9489 9495 9532 1034 9487 1841.
9501 9506 9511 9511 9505 9499 9497 9489 9488 9489 9495 9500
9504 9502 9504 9501 9494 9489 9482 9474 9469 9467 9469 9473 9511 2300 9466 1739.
9481 9490 9492 9488 9487 9482 9477 9476 9474 9476 9477 9482
9485 9487 9487 9484 9483 9474 9470 9466 9460 9462 9464 9468 9494 2223 9458 1734.
9471 9475 9478 9478 9479 9474 9471 9469 9469 9466 9475 9483
9489 9489 9487 9483 9479 9472 9470 9467 9461 9460 9463 9468 9489 0854 9460 1753.
9468 9472 9478 9476 9471 9464 9463 9462 9463 9466 9470 9475
9476 9477 9474 9469 9460 9452 9448 9444 9437 9439 9447 9453 9478 2254 9434 1718.
9461 9476 9483 9484 9481 9468 9473 9467 9476 9468 9472 9483
9489 9496 9497 9501 9496 9489 9486 9485 9482 9488 9492 9503 9503 2000 9452 2006.
9515 9522 9526 9520 9517 9517 9512 9516 9521 9524 9530 9538
9541 9546 9546 9544 9538 9534 9527 9523 9519 9516 9518 9523 9546 1000 9503 2001.
9529 9532 9535 9535 9530 9526 9524 9522 9524 9527 9530 9534
9539 9539 9540 9537 9531 9523 9515 9507 9503 9497 9494 9502 9542 1038 9493 1836.
9509 9513 9518 9514 9508 9503 9499 9498 9500 9501 9505 9509
9515 9517 9515 9512 9509 9503 9501 9497 9495 9493 9494 9497 9518 2259 9492 1809.
9498 9506 9509 9506 9504 9501 9501 9500 9497 9500 9504 9508
9509 9508 9508 9508 9508 9506 9500 9497 9496 9491 9492 9497 9509 2250 9491 1759.
9502 9504 9506 9504 9502 9497 9490 9486 9488 9491 9496 9498
9503 9505 9505 9501 9497 9492 9488 9484 9480 9476 9477 9481 9508 2231 9475 1824.
9483 9490 9491 9489 9489 9483 9477 9476 9478 9478 9479 9482
9487 9491 9492 9491 9487 9483 9477 9471 9467 9470 9472 9476 9493 1023 9467 1658.
9479 9485 9493 9487 9485 9483 9476 9472 9474 9475 9477 9481
9484 9484 9485 9487 9484 9484 9480 9472 9473 9471 9475 9479 9494 2259 9470 0412.
9485 9486 9489 9490 9484 9481 9474 9472 9470 9472 9473 9475
9478 9477 9478 9481 9480 9477 9474 9471 9471 9471 9475 9479 9492 2337 9469 0430.
9484 9486 9493 9493 9486 9483 9478 9475 9474 9475 9479 9483
9487 9487 9487 9487 9487 9483 9479 9471 9466 9465 9468 9476 9495 2331 9465 1752.
9483 9489 9488 9489 9489 9482 9478 9477 9476 9476 9478 9484
9488 9488 9487 9485 9481 9477 9473 9468 9465 9462 9464 9468 9491 0017 9462 1800.
9476 9483 9485 9481 9480 9476 9472 9467 9468 9470 9474 9476
9475 9473 9471 9468 9463 9460 9457 9451 9443 9437 9436 9442 9486 2217 9435 1815=
9561 9571 9575 9583
9597 9604 9589 9592
9598 9604 9593 9578
9579 9587 9562 9563
9568 9569 9561 9541
9533 9523 9507 9503
9491 9490 9489 9498
9515 9534 9523 9528
9530 9535 9529 9552
9568 9574 9558 9554
9560 9560 9568 9558
9555 9552 9549 9544
9543 9541 9531 9521
9530 9528 9520 9502
9506 9507 9496 9480
9489 9489 9481 9475
9481 9490 9479 9475
9471 9482 9459 9460
9475 9490 9496 9510
9524 9545 9541 9530
9533 9541 9530 9509
9510 9516 9510 9504
9508 9515 9513 9504
9504 9505 9499 9488
9490 9489 9490 9483
9490 9488 9491 9486
9488 9482 9484 9486
9490 9490 9490 9483
9489 9491 9484 9475
9483 9483 9467 9449=
TB
0193 0185 0181 0179 0182 0181 0182 0184 0184 0185 0185 0188
0194 0202 0210 0214 0223 0231 0234 0232 0235 0220 0216 0210 0242 1517 0179 2340.
0203 0192 0184 0175 0175 0174 0173 0173 0173 0173 0173 0178
0185 0201 0215 0217 0229 0242 0242 0251 0243 0237 0230 0220 0253 1546 0172 0248.
0210 0206 0200 0199 0193 0189 0193 0185 0173 0170 0178 0204
0215 0228 0243 0252 0249 0264 0267 0262 0265 0260 0254 0231 0276 1454 0169 0539.
0212 0206 0201 0211 0214 0195 0187 0188 0184 0179 0186 0224
0232 0244 0247 0257 0246 0232 0206 0205 0210 0206 0198 0185 0267 1238 0177 0605.
0176 0180 0176 0174 0176 0177 0179 0180 0180 0181 0180 0179
0184 0187 0186 0182 0179 0188 0201 0206 0205 0203 0202 0199 0211 1618 0174 2359.
0197 0194 0191 0192 0187 0186 0185 0185 0184 0181 0181 0182
0183 0181 0181 0186 0185 0186 0184 0184 0183 0179 0177 0177 0199 2012 0177 1849.
0177 0178 0175 0172 0170 0170 0171 0170 0170 0171 0172 0174
0178 0179 0183 0192 0197 0206 0222 0233 0233 0225 0218 0214 0238 1637 0169 0346.
0203 0203 0202 0193 0199 0195 0192 0189 0183 0184 0188 0201
0209 0217 0248 0247 0261 0267 0277 0277 0277 0270 0243 0218 0286 1523 0182 0429.
0221 0216 0223 0212 0213 0210 0208 0208 0207 0204 0207 0222
0230 0236 0242 0247 0241 0239 0227 0214 0206 0202 0201 0200 0251 1141 0199 1822.
0196 0191 0192 0192 0194 0189 0188 0188 0187 0187 0187 0194
0198 0210 0219 0231 0230 0237 0243 0240 0238 0234 0228 0223 0245 1446 0186 0439.
0216 0209 0202 0196 0191 0196 0193 0193 0186 0179 0182 0186
0189 0190 0191 0201 0203 0210 0216 0211 0207 0201 0201 0198 0223 2001 0179 0600.
0201 0202 0192 0189 0188 0186 0187 0187 0187 0186 0187 0187
0189 0188 0189 0191 0192 0205 0206 0215 0218 0208 0204 0198 0220 1619 0185 0604.
0197 0199 0194 0190 0188 0184 0182 0183 0185 0185 0187 0188
0191 0202 0217 0228 0242 0248 0250 0248 0243 0244 0230 0226 0254 1425 0182 0241.
0215 0211 0208 0203 0201 0199 0194 0190 0193 0189 0197 0208
0228 0238 0248 0258 0270 0281 0283 0281 0287 0287 0273 0265 0292 1618 0188 0614.
0239 0231 0225 0225 0223 0227 0231 0229 0227 0218 0222 0233
0247 0256 0264 0272 0281 0296 0302 0298 0295 0284 0279 0254 0309 1545 0216 0614.
0249 0244 0247 0237 0240 0232 0230 0236 0226 0230 0230 0241
0246 0255 0258 0277 0291 0296 0302 0312 0310 0300 0292 0280 0315 1554 0225 0519.
0266 0264 0266 0262 0236 0234 0226 0224 0217 0216 0231 0249
0263 0277 0285 0296 0307 0311 0315 0317 0316 0314 0300 0281 0324 1623 0214 0535.
0258 0254 0239 0233 0227 0223 0222 0222 0217 0217 0236 0252
0263 0279 0294 0305 0314 0315 0321 0313 0305 0292 0245 0255 0324 1514 0216 0531.
0255 0236 0224 0226 0217 0213 0221 0220 0220 0219 0217 0224
0227 0238 0261 0275 0298 0311 0307 0312 0316 0304 0295 0287 0320 1639 0213 0159.
0272 0273 0275 0271 0255 0250 0243 0242 0245 0246 0233 0241
0251 0253 0259 0265 0275 0288 0288 0303 0298 0287 0276 0268 0303 1600 0229 0728.
0247 0256 0227 0226 0223 0219 0221 0219 0223 0220 0228 0242
0249 0254 0260 0271 0278 0285 0289 0300 0298 0297 0289 0274 0303 1626 0217 0345.
0248 0234 0228 0221 0218 0217 0216 0214 0210 0211 0220 0246
0259 0268 0265 0269 0273 0280 0278 0280 0273 0266 0259 0254 0283 1343 0209 0507.
0249 0246 0242 0239 0235 0230 0222 0213 0209 0208 0206 0208
0212 0220 0225 0224 0225 0225 0227 0232 0232 0224 0223 0219 0253 2001 0205 0636.
0217 0216 0216 0216 0214 0211 0207 0205 0205 0205 0205 0211
0213 0219 0226 0241 0257 0266 0271 0272 0263 0254 0253 0254 0281 1517 0204 0448.
0249 0244 0238 0225 0230 0226 0225 0225 0225 0221 0224 0226
0230 0237 0239 0243 0241 0246 0251 0252 0254 0249 0244 0239 0257 1545 0218 0619.
0231 0233 0229 0226 0225 0227 0227 0221 0218 0221 0221 0223
0225 0233 0234 0231 0230 0230 0231 0237 0234 0235 0230 0224 0241 2030 0215 0436.
0221 0219 0217 0213 0212 0212 0212 0212 0211 0210 0210 0209
0210 0210 0212 0211 0214 0218 0218 0220 0218 0215 0214 0213 0223 2001 0209 0754.
0213 0211 0212 0211 0210 0211 0211 0211 0212 0212 0213 0213
0217 0220 0221 0220 0222 0226 0226 0231 0236 0234 0233 0228 0237 1704 0210 0054.
0226 0224 0223 0223 0223 0222 0222 0220 0220 0219 0221 0229
0232 0236 0237 0240 0250 0264 0267 0260 0265 0264 0255 0247 0275 1445 0219 0524.
0237 0239 0234 0231 0234 0232 0229 0221 0221 0222 0229 0237
0255 0266 0272 0264 0270 0272 0280 0282 0283 0285 0279 0270 0286 1649 0219 0530=
IB
=
0158 0157 0155 0152 0151 0155 0156 0155 0147 0144 0146 0147
0149 0146 0137 0131 0142 0133 0127 0134 0221 0136 0138 0137.
0140 0159 0162 0160 0160 0159 0158 0158 0156 0158 0158 0160
0157 0151 0156 0151 0152 0140 0140 0143 0135 0133 0135 0146.
0155 0162 0166 0173 0162 0163 0165 0163 0158 0157 0165 0172
0169 0168 0158 0152 0141 0139 0145 0130 0129 0135 0145 0164.
0176 0174 0173 0163 0157 0162 0165 0166 0162 0161 0169 0167
0165 0161 0164 0168 0171 0167 0184 0177 0178 0174 0159 0150.
0151 0149 0154 0156 0161 0162 0162 0163 0165 0164 0163 0164
0167 0170 0171 0165 0162 0168 0173 0168 0173 0167 0170 0171.
0173 0170 0172 0170 0172 0173 0170 0172 0171 0168 0168 0170
0170 0168 0168 0173 0170 0169 0169 0169 0168 0166 0164 0164.
0164 0163 0162 0157 0157 0155 0156 0155 0155 0154 0155 0154
0156 0157 0157 0159 0160 0160 0160 0159 0156 0161 0174 0168.
0173 0171 0172 0174 0171 0176 0173 0169 0168 0167 0173 0175
0175 0171 0168 0159 0158 0163 0140 0150 0150 0157 0178 0197.
0191 0193 0191 0195 0198 0195 0193 0195 0192 0189 0194 0178
0179 0185 0191 0179 0194 0192 0187 0184 0178 0178 0177 0166.
0168 0165 0162 0166 0166 0167 0168 0168 0167 0165 0167 0174
0172 0172 0175 0171 0172 0160 0166 0158 0158 0160 0159 0168.
0174 0177 0181 0174 0174 0181 0180 0180 0173 0164 0169 0169
0169 0170 0163 0169 0171 0170 0168 0169 0169 0171 0175 0170.
0171 0178 0177 0176 0175 0174 0175 0174 0175 0174 0175 0174
0176 0175 0177 0176 0175 0175 0168 0173 0174 0170 0174 0176.
0177 0175 0175 0177 0175 0172 0170 0171 0173 0173 0175 0176
0178 0181 0175 0166 0170 0170 0172 0170 0175 0172 0188 0186.
0192 0190 0187 0184 0184 0184 0181 0177 0181 0177 0185 0191
0190 0193 0190 0187 0180 0182 0184 0176 0182 0182 0180 0189.
0198 0202 0199 0202 0200 0204 0201 0199 0199 0197 0201 0208
0202 0197 0200 0190 0193 0187 0186 0195 0198 0191 0189 0195.
0208 0209 0198 0204 0199 0202 0202 0201 0201 0203 0205 0202
0203 0203 0204 0203 0197 0205 0196 0121 0138 0133 0164 0175.
0190 0200 0197 0203 0213 0215 0211 0210 0203 0204 0219 0214
0208 0210 0215 0196 0194 0195 0192 0176 0189 0191 0203 0207.
0210 0209 0210 0210 0206 0206 0205 0207 0202 0203 0222 0211
0222 0207 0203 0204 0197 0195 0200 0203 0204 0204 0212 0210.
0214 0207 0203 0201 0194 0196 0195 0197 0199 0195 0198 0192
0197 0195 0197 0203 0192 0163 0167 0160 0160 0153 0170 0182.
0203 0196 0182 0167 0179 0172 0175 0170 0160 0155 0173 0176
0160 0159 0167 0170 0168 0150 0167 0184 0162 0185 0191 0192.
0202 0193 0195 0200 0200 0200 0202 0202 0206 0201 0205 0203
0199 0204 0208 0202 0199 0200 0214 0197 0189 0185 0192 0195.
0199 0205 0205 0202 0201 0202 0197 0197 0195 0197 0206 0215
0205 0206 0208 0217 0213 0208 0209 0195 0196 0209 0213 0219.
0216 0209 0211 0206 0190 0183 0188 0190 0179 0174 0180 0187
0191 0196 0197 0186 0191 0195 0191 0189 0179 0192 0191 0189.
0187 0188 0184 0182 0182 0185 0186 0186 0186 0184 0186 0185
0190 0189 0186 0187 0191 0192 0195 0193 0197 0202 0206 0200.
0195 0192 0199 0200 0202 0201 0200 0200 0202 0200 0203 0207
0205 0208 0204 0202 0204 0203 0206 0205 0204 0199 0207 0206.
0206 0206 0204 0205 0206 0206 0202 0204 0203 0206 0202 0202
0206 0206 0200 0191 0192 0190 0191 0192 0189 0192 0194 0196.
0193 0195 0196 0196 0198 0198 0198 0197 0197 0197 0197 0196
0197 0197 0198 0197 0199 0203 0203 0197 0195 0198 0200 0199.
0199 0197 0200 0199 0198 0199 0197 0197 0198 0198 0198 0198
0200 0201 0200 0205 0205 0207 0205 0206 0203 0207 0208 0209.
0211 0210 0209 0208 0208 0207 0207 0205 0205 0205 0207 0210
0207 0207 0208 0211 0205 0212 0203 0212 0215 0216 0212 0216.
0216 0216 0217 0214 0217 0216 0214 0207 0207 0210 0217 0223
0220 0220 0219 0216 0215 0222 0227 0217 0221 0225 0224 0228=
EA
179 179 176 172 171 176 178 176 167 164 166 167
169 166 157 150 161 153 147 153 266 156 157 157.
160 180 184 182 182 181 180 180 178 180 180 181
179 172 177 171 173 160 160 162 155 152 154 166.
176 184 189 197 183 186 188 185 180 178 187 196
192 191 179 173 161 158 165 150 149 155 165 186.
201 199 198 185 178 184 188 189 184 182 193 190
188 183 187 191 195 190 211 202 204 199 180 170.
171 169 175 177 183 184 184 186 188 187 186 187
190 194 195 188 184 191 198 192 198 190 194 195.
197 194 197 193 196 197 194 196 195 191 191 194
193 191 191 197 194 193 192 192 191 189 186 186.
186 185 184 178 178 176 177 176 176 175 177 175
177 178 179 180 181 182 182 180 177 183 198 191.
198 195 196 199 195 202 198 192 191 190 197 200
200 195 191 180 179 186 160 171 171 178 203 230.
221 224 221 226 230 226 223 226 222 218 225 203
205 213 220 205 225 222 215 211 204 203 202 189.
192 188 185 189 189 190 191 191 190 188 190 198
196 196 200 195 197 182 188 179 180 181 180 191.
199 203 208 198 199 207 206 206 197 187 192 193
192 193 186 193 195 194 191 193 193 195 200 194.
195 203 202 201 200 199 200 198 200 199 200 198
201 200 203 201 200 200 192 197 198 194 199 201.
202 200 200 202 200 197 194 195 198 198 200 202
203 208 200 189 193 194 196 194 200 196 216 214.
223 220 216 212 212 211 207 202 208 203 213 221
219 224 219 216 207 209 212 201 209 209 207 218.
231 237 232 237 234 240 235 232 232 230 235 246
236 230 234 220 224 216 215 226 231 220 218 227.
246 247 230 240 233 236 236 236 236 239 242 237
238 238 239 238 230 240 227 141 157 153 186 200.
219 234 230 238 253 256 249 249 239 240 263 255
246 249 257 228 225 226 222 201 218 221 238 243.
249 246 249 249 243 242 241 243 236 239 268 250
267 244 238 240 230 226 234 238 240 239 252 248.
254 245 238 236 226 228 226 230 233 226 231 222
229 227 230 239 222 185 190 182 181 174 194 209.
238 229 209 190 206 196 200 193 181 176 197 201
182 181 190 194 191 170 190 212 185 213 222 222.
236 223 226 233 234 234 237 236 242 235 241 238
233 240 245 237 232 233 255 229 218 213 223 226.
232 242 241 237 235 236 230 229 226 230 243 257
241 243 246 259 254 246 247 227 229 247 254 263.
258 247 251 243 220 211 217 220 205 199 206 216
221 227 229 214 221 226 221 219 205 222 221 218.
215 217 211 209 209 213 215 215 215 212 215 213
220 218 214 216 221 223 226 224 229 237 242 234.
227 223 233 234 236 236 234 234 237 234 238 244
242 246 240 237 240 238 242 240 240 233 244 243.
243 243 240 241 242 243 237 239 238 242 237 237
242 243 233 220 222 219 220 223 219 223 225 227.
223 226 228 228 232 232 232 229 230 229 229 227
229 229 232 230 232 238 238 230 227 231 234 233.
233 230 234 233 231 233 230 230 232 232 230 230
234 235 234 240 241 244 241 243 239 245 246 247.
249 249 248 245 245 243 243 240 240 242 245 248
244 245 246 251 241 251 238 252 256 258 251 258.
258 258 259 254 259 259 254 245 245 249 260 270
264 265 263 258 257 267 276 260 265 272 271 278=
UB
80 84 85 84 82 85 85 83 79 77 78 77
75 70 63 59 60 54 51 54 92 59 61 63 49 1519.
67 81 87 91 91 91 91 91 90 91 91 89
84 73 69 66 62 53 53 51 51 52 55 63 47 1637.
71 76 81 85 82 85 84 87 91 92 92 82
75 69 59 54 51 46 47 44 43 46 51 66 40 1451.
80 82 84 74 70 81 87 87 87 89 90 70
66 60 60 58 63 67 87 84 82 82 78 80 49 1239.
85 82 87 89 91 91 90 90 91 90 90 91
90 90 91 90 90 88 84 79 82 80 82 84 77 1619.
86 86 89 87 91 92 91 92 92 92 92 93
92 92 92 92 91 90 91 91 91 92 92 92 83 2325.
92 91 92 91 92 91 91 91 91 90 90 88
87 87 85 81 79 75 68 63 62 67 76 75 60 1614.
83 82 83 89 84 89 89 88 91 90 91 85
81 75 61 58 53 53 43 46 46 50 67 88 41 1521.
83 87 82 90 91 91 91 92 91 91 92 76
73 73 73 66 75 75 78 83 84 86 86 81 63 1141.
84 85 83 85 84 87 88 88 88 87 88 88
85 79 76 69 70 62 62 60 61 63 65 71 56 1626.
77 82 88 87 90 91 92 92 92 91 92 90
88 88 84 82 82 78 74 77 79 83 85 84 71 2001.
83 86 91 92 92 93 93 92 93 93 93 92
92 92 93 91 90 83 79 77 76 79 83 87 73 1628.
88 86 89 92 92 93 93 93 93 93 93 93
92 88 77 68 64 62 62 62 66 64 77 78 58 1420.
87 88 88 89 90 91 92 92 93 93 93 90
79 76 70 65 58 55 55 53 53 53 57 63 50 1452.
78 84 85 87 87 87 83 83 84 88 88 86
76 70 68 61 59 52 50 54 56 57 58 70 46 1534.
78 81 74 82 78 83 84 81 86 85 86 79
77 73 72 64 57 58 53 31 35 36 46 53 29 1555.
63 68 66 70 87 89 91 92 92 93 93 81
72 67 66 55 51 50 48 43 47 48 56 64 39 1620.
75 76 84 87 88 90 90 91 91 92 92 78
78 65 58 55 50 49 49 52 55 59 82 76 44 1516.
78 84 88 86 87 90 85 87 88 86 89 82
83 77 68 65 53 41 43 40 39 40 47 53 37 1704.
66 63 57 53 63 62 66 64 59 57 69 67
57 56 57 56 52 43 48 49 44 54 60 63 39 1610.
76 68 82 85 87 89 89 90 90 89 87 79
74 74 73 66 62 60 64 54 52 51 56 62 49 1758.
74 84 87 89 90 91 89 90 91 92 92 83
72 69 71 73 70 65 66 60 63 71 76 81 54 1622.
82 80 83 82 76 75 81 87 83 81 85 88
88 86 84 79 81 83 80 77 72 82 82 83 70 1655.
83 84 82 81 82 85 88 89 89 88 89 85
87 83 78 72 67 64 63 62 67 73 75 72 57 1524.
72 73 79 86 84 86 86 86 87 88 88 89
86 84 81 78 80 77 76 75 74 74 80 82 69 2024.
86 85 86 88 89 88 86 90 91 91 89 88
89 85 81 78 79 78 78 76 76 77 80 84 75 1535.
84 86 88 90 92 92 92 91 92 92 92 92
92 92 92 92 91 91 91 87 87 90 92 92 83 2006.
92 92 93 93 93 93 92 92 92 92 91 91
90 89 88 91 90 89 88 86 82 85 86 89 82 1659.
91 92 92 91 91 91 91 91 91 92 92 89
86 84 84 84 76 73 68 75 74 75 77 83 67 1444.
88 87 90 90 90 91 91 92 92 93 93 92
81 76 73 75 72 74 73 68 69 70 72 78 67 1555=
N=
H=
C=
VB
00108 00108 00108 00108 00108 00108 00108 00108 00108 00108 00108 00108
00108 00108 00109 00643 00679 00686 00679 00677 00137 00635 00632 00619 00036 1131.
00630 00599 00602 00108 00108 00108 00108 00108 00108 00108 00108 00108
00108 00109 00109 00109 00109 00109 00109 00109 00109 00108 00108 00108 00108 2337.
00108 00108 00108 00108 00108 00108 00108 00108 00108 00108 00108 00109
00109 00109 15100 00932 00199 00109 00075 00058 00077 00059 00034 00030 00030 2000.
00027 00025 00022 00021 00019 00018 00017 00016 00015 00014 00013 00013
00013 00013 00012 00011 00011 00010 00010 00010 00009 00009 00008 00008 00008 1848.
00008 00007 00007 00007 00007 00007 00007 00006 00006 00006 00006 00006
00006 00006 00005 00005 00005 00005 00005 00005 00005 00005 00005 00005 00005 1029.
00004 00004 00004 00004 00004 00004 00004 00004 00004 00004 00004 00004
00004 00004 00004 00004 00004 00003 00003 00003 00003 00003 00003 00003 00003 1321.
00003 00003 00003 00003 00003 00003 00003 00003 00003 00003 00003 00003
00003 00003 00003 00003 00003 00003 00003 00003 00003 00003 00002 00002 00002 1838.
00002 00002 00002 00002 00002 00002 00002 00002 00002 00002 00002 00002
00002 00002 00002 00002 00002 00002 00002 00002 00002 00002 00002 00002 00002 2001.
00002 00002 00002 00002 00002 00002 00002 00002 00002 00002 00002 00002
00002 00002 00002 00002 00002 00002 00002 00002 00002 00002 00002 00002 00002 2001.
00002 00002 00002 00002 00002 00002 00002 00002 00002 00002 00002 00002
00002 00002 00002 00002 00002 00002 00001 00001 00001 00001 00001 00001 00001 1451.
00001 00001 00001 00001 00001 00001 00001 00001 00001 00001 00001 00001
00001 00001 00001 00001 00001 00001 00001 00001 00001 00001 00001 00001 00001 2001.
00001 00001 00001 00001 00001 00001 00001 00001 00001 00001 00001 00001
00001 00001 00001 00001 00001 00001 00001 00001 00001 00001 00001 00001 00001 2001.
00001 00001 00001 00001 00001 00001 00001 00001 00001 00001 00001 00001
00001 00001 00001 00001 00001 00001 00001 00001 00001 00001 00001 00001 00001 2001.
00001 00001 00001 00001 00001 00001 00001 00001 00001 00001 00001 00001
00001 00001 00001 00001 00001 00001 00001 00001 00001 00001 00001 00001 00001 2001.
00001 00001 00001 00001 00001 00001 00001 00001 00001 00001 00001 00001
00001 00001 00001 00001 00001 00001 00001 00001 00001 00001 00001 00001 00001 2001.
00001 00001 00001 00001 00001 00001 00001 00001 00001 00001 00001 00001
00001 00001 00001 00001 00001 00001 00001 00001 00001 00001 00001 00001 00001 2001.
00001 00001 00001 00001 00001 00001 00001 00001 00001 00001 00001 00001
00001 00001 00001 00001 00001 00001 00001 00001 00001 00001 00001 00001 00001 2001.
00001 00001 00001 00001 00001 00001 00001 00001 00001 00001 00001 00001
00001 00001 00001 00001 00001 00001 00001 00001 00001 00001 00001 00001 00001 2001.
00001 00001 00001 00001 00001 00001 00001 00001 00001 00001 00001 00001
00001 00001 00001 00001 00001 00001 00001 00001 00001 00001 00001 00001 00001 2001.
00001 00001 00001 00001 00001 00001 00001 00001 00001 00001 00001 00001
00001 00001 00001 00001 00001 00001 00001 00001 00001 00001 00001 00001 00001 2001.
00001 00001 00001 00001 00001 00001 00001 00001 00001 00001 00001 00001
00001 00001 00001 00001 00001 00001 00001 00001 00001 00001 00001 00001 00001 2001.
00001 00001 00001 00001 00001 00001 00001 00001 00001 00001 00001 00001
00001 00001 00001 00001 00001 00001 00001 00001 00001 00001 00001 00001 00001 2001.
00001 00001 00001 00001 00001 00001 00001 00001 00001 00001 00001 00001
00001 00001 00001 00001 00001 00001 00001 00001 00001 00001 00001 00001 00001 2001.
00001 00001 00001 00001 00001 00001 00001 00001 00001 00001 00001 00001
00001 00001 00001 00001 00001 00001 00001 00001 00001 00001 00001 00000 00000 1926.
00000 00000 00000 00000 00000 00000 00000 00000 00000 00000 00000 00000
00000 00000 00000 00000 00000 00000 00000 00000 00000 00000 00000 00000 00000 2001.
00000 00000 00000 00000 00000 00000 00000 00000 00000 00000 00000 00000
00000 00000 00000 00000 00000 00000 00000 00000 00000 00000 00000 00000 00000 2001.
00000 00000 00000 00000 00000 00000 00000 00000 00000 00000 00000 00000
00000 00000 00000 00000 00000 00000 00000 00000 00000 00000 00000 00000 00000 2001.
00000 00000 00000 00000 00000 00000 00000 00000 00000 00000 00000 00000
00000 00000 00000 00000 00000 00000 00000 00000 00000 00000 00000 00000 00000 2001.
00000 00000 00000 00000 00000 00000 00000 00000 00000 00000 00000 00000
00000 00000 00000 00000 00000 00000 00000 00000 00000 00000 00000 00000 00000 2001.
00000 00000 00000 00000 00000 00000 00000 00000 00000 00000 00000 00000
00000 00000 00000 00000 00000 00000 00000 00000 00000 00000 00000 00000 00000 2001=
R6
0011 0000 0011
0055 0002 0057
0000 0000 0000
0000 0047 0047
0065 0079 0144
0106 0040 0146
0021 0000 0021
0005 0025 0030
0001 0012 0013
0006 0009 0015
0077 0002 0079
0117 0022 0139
0075 0002 0077
0002 0000 0002
0001 0000 0001
0000 0000 0000
0002 0000 0002
0000 0034 0034
0065 0001 0066
0000 0000 0000
0000 0000 0000
0000 0000 0000
0011 0021 0032
0000 0000 0000
0000 0007 0007
0000 0000 0000
0042 0091 0133
0022 0036 0058
0001 0002 0003
0000 0000 0000=
0000 0006 0003 0002 0000 0000 0000 0000 0000 0000 0000 0000
0000 0000 0000 0000 0000 0000 0000 0000 0000 0000 0000 0000.
0000 0001 0009 0026 0009 0002 0001 0000 0000 0002 0002 0003
0002 0000 0000 0000 0000 0000 0000 0000 0000 0000 0000 0000.
0000 0000 0000 0000 0000 0000 0000 0000 0000 0000 0000 0000
0000 0000 0000 0000 0000 0000 0000 0000 0000 0000 0000 0000.
0000 0000 0000 0000 0000 0000 0000 0000 0000 0000 0000 0000
0000 0000 0000 0000 0000 0000 0020 0019 0001 0004 0000 0003.
0020 0001 0005 0008 0001 0001 0000 0000 0000 0000 0008 0021
0003 0001 0016 0025 0030 0003 0001 0000 0000 0000 0000 0000.
0000 0000 0000 0000 0017 0009 0007 0014 0015 0031 0011 0002
0002 0009 0014 0003 0001 0000 0001 0000 0000 0004 0001 0005.
0004 0001 0006 0003 0004 0001 0000 0001 0001 0000 0000 0000
0000 0000 0000 0000 0000 0000 0000 0000 0000 0000 0000 0000.
0000 0000 0000 0000 0001 0002 0002 0000 0000 0000 0000 0000
0000 0000 0000 0000 0000 0000 0000 0000 0000 0000 0004 0021.
0001 0000 0000 0000 0000 0000 0000 0000 0000 0000 0000 0000
0000 0000 0000 0000 0000 0000 0000 0003 0008 0001 0000 0000.
0001 0004 0000 0000 0000 0000 0000 0000 0000 0001 0000 0000
0000 0000 0000 0000 0000 0000 0009 0000 0000 0000 0000 0000.
0000 0001 0005 0011 0003 0001 0001 0026 0017 0011 0001 0000
0000 0001 0001 0000 0000 0000 0000 0000 0000 0000 0000 0000.
0000 0000 0057 0026 0016 0012 0005 0000 0001 0000 0000 0000
0002 0003 0015 0002 0000 0000 0000 0000 0000 0000 0000 0000.
0000 0000 0007 0007 0011 0027 0015 0006 0001 0001 0000 0000
0000 0000 0000 0000 0000 0000 0000 0000 0000 0000 0000 0002.
0000 0001 0001 0000 0000 0000 0000 0000 0000 0000 0000 0000
0000 0000 0000 0000 0000 0000 0000 0000 0000 0000 0000 0000.
0000 0000 0000 0000 0000 0000 0000 0000 0000 0000 0001 0000
0000 0000 0000 0000 0000 0000 0000 0000 0000 0000 0000 0000.
0000 0000 0000 0000 0000 0000 0000 0000 0000 0000 0000 0000
0000 0000 0000 0000 0000 0000 0000 0000 0000 0000 0000 0000.
0000 0000 0000 0000 0001 0000 0001 0000 0000 0000 0000 0000
0000 0000 0000 0000 0000 0000 0000 0000 0000 0000 0000 0000.
0000 0000 0000 0000 0000 0000 0000 0000 0000 0000 0000 0000
0000 0000 0000 0000 0000 0000 0000 0000 0000 0000 0029 0005.
0000 0003 0035 0002 0020 0002 0000 0000 0000 0003 0000 0000
0000 0000 0000 0000 0000 0000 0001 0000 0000 0000 0000 0000.
0000 0000 0000 0000 0000 0000 0000 0000 0000 0000 0000 0000
0000 0000 0000 0000 0000 0000 0000 0000 0000 0000 0000 0000.
0000 0000 0000 0000 0000 0000 0000 0000 0000 0000 0000 0000
0000 0000 0000 0000 0000 0000 0000 0000 0000 0000 0000 0000.
0000 0000 0000 0000 0000 0000 0000 0000 0000 0000 0000 0000
0000 0000 0000 0000 0000 0000 0000 0000 0000 0000 0000 0000.
0000 0000 0000 0000 0000 0000 0000 0002 0001 0000 0001 0007
0009 0003 0000 0001 0001 0003 0003 0001 0000 0000 0000 0000.
0000 0000 0000 0000 0000 0000 0000 0000 0000 0000 0000 0000
0000 0000 0000 0000 0000 0000 0000 0000 0000 0000 0000 0000.
0000 0000 0000 0000 0000 0000 0000 0000 0000 0000 0000 0000
0000 0000 0001 0000 0001 0000 0004 0001 0000 0000 0000 0000.
0000 0000 0000 0000 0000 0000 0000 0000 0000 0000 0000 0000
0000 0000 0000 0000 0000 0000 0000 0000 0000 0000 0000 0000.
0000 0000 0000 0000 0003 0002 0001 0001 0011 0012 0007 0005
0013 0026 0008 0014 0007 0002 0001 0000 0000 0002 0013 0005.
0002 0008 0002 0006 0003 0000 0000 0001 0000 0000 0000 0000
0000 0000 0003 0023 0008 0000 0000 0001 0000 0001 0000 0000.
0001 0000 0000 0000 0000 0000 0000 0000 0000 0000 0000 0000
0000 0000 0000 0000 0000 0000 0000 0002 0000 0000 0000 0000.
0000 0000 0000 0000 0000 0000 0000 0000 0000 0000 0000 0000
0000 0000 0000 0000 0000 0000 0000 0000 0000 0000 0000 0000=
0000 ////////// 00000=
W=
LA
=
000 000 000 000 001 000 000 001 000 000 000 001
002 001 003 003 001 002 003 002 000 000 000 000 020.
000 000 000 002 002 001 001 000 000 000 000 000
000 004 002 000 002 000 002 002 000 000 000 000 018.
000 002 000 000 000 000 000 000 000 000 001 002
003 001 003 000 002 000 002 003 003 000 000 001 023.
000 000 000 000 000 000 002 000 000 001 000 001
003 004 002 000 003 000 000 003 002 000 000 000 021.
002 002 000 002 000 002 000 000 000 000 000 002
002 001 000 020 030 003 001 000 000 000 000 000 067.
000 000 000 000 017 009 007 014 015 031 011 002
002 009 014 003 001 000 001 000 000 004 001 005 146.
004 001 006 003 004 001 000 001 001 000 000 000
000 000 000 000 000 000 000 000 000 000 000 000 021.
000 000 000 000 001 002 002 000 000 000 000 000
000 000 000 000 000 000 000 000 000 000 003 021 029.
000 000 000 000 000 000 000 000 000 000 000 000
000 000 000 000 000 000 000 003 008 001 000 000 012.
001 004 000 000 000 000 000 000 000 001 000 000
000 000 000 000 000 000 009 000 000 000 000 000 015.
000 001 005 011 003 001 001 026 017 011 001 000
000 001 001 000 000 001 000 000 000 000 000 000 080.
000 000 057 026 016 012 005 000 001 000 000 000
002 003 015 002 000 000 001 000 000 000 000 000 140.
000 000 007 007 011 027 015 006 001 001 000 000
000 000 000 000 000 000 000 000 000 000 000 002 077.
000 001 000 000 000 000 000 000 000 000 000 000
000 000 000 000 000 000 000 000 000 000 000 000 001.
000 000 000 000 000 000 000 000 000 000 001 000
000 000 000 000 000 000 000 000 001 000 000 000 002.
000 000 000 000 000 000 000 000 000 000 000 000
000 000 000 000 000 000 000 000 000 001 001 000 002.
000 000 000 002 000 000 002 000 001 000 002 001
002 004 000 002 002 002 002 003 001 003 000 000 029.
000 000 000 000 001 000 000 002 000 000 000 002
000 002 002 002 003 002 003 000 000 000 002 004 025.
002 000 009 003 020 002 000 000 000 003 000 000
000 000 000 000 000 000 001 000 003 000 000 000 043.
000 001 003 003 002 000 002 001 002 002 001 000
003 002 003 002 000 002 000 000 000 000 000 000 029.
000 000 000 000 000 000 000 000 000 000 000 000
001 000 000 001 001 002 000 000 000 003 000 000 008.
000 000 000 000 000 000 000 000 000 000 000 000
003 000 000 002 002 001 000 001 000 001 002 000 012.
000 002 000 000 000 002 000 000 002 000 000 000
001 000 000 000 000 000 000 003 000 000 001 000 011.
001 010 000 001 000 000 000 000 000 000 000 000
002 000 001 004 000 002 000 004 002 000 000 002 029.
001 000 000 000 000 000 000 000 000 000 000 000
000 000 002 000 000 000 000 000 000 000 000 000 003.
000 000 000 001 000 000 000 000 000 000 000 000
000 001 000 000 000 001 000 001 000 000 000 000 004.
000 001 000 000 000 001 000 000 001 000 000 000
002 002 000 008 007 002 001 000 000 002 013 005 045.
002 008 002 006 003 000 000 000 000 000 000 000
000 000 003 023 008 000 000 001 000 001 000 000 057.
001 000 000 000 000 000 000 000 000 000 000 000
000 000 000 000 000 000 000 /// 000 000 000 000 ///.
000 000 000 000 000 000 000 000 000 000 000 000
001 003 002 000 000 000 000 000 000 000 000 000 006=
Z=
G=
FN
110012 110016 110010 110019 110013 110015
110012 110010 110017 110014 110010 PPC002
109009 109010 109034 109038 109018 108032
108037 108026 110006 109029 109009 109013.
109004 110017 110012 110005 PPC002 110009
110010 PPC002 110007 110003 110006 110009
110004 109014 108019 108013 108005 108016
108014 108027 108032 108025 109024 109012.
109024 109005 109003 109006 109004 110003
PPC002 PPC002 110003 PPC001 110006 109009
108014 108013 108022 107011 108015 107012
107027 108018 108011 108019 108004 109008.
109003 109004 109004 109009 109020 PPC000
109003 PPC000 109005 110005 110005 PPC000
PPC002 108010 107008 107011 107031 109046
109011 109025 109022 110018 110017 110009.
110017 110014 110009 110007 110005 110006
110011 110006 110014 110013 110010 110017
110007 110007 110012 110008 110004 110013
PPC002 109013 109011 109011 109008 110006.
110007 110004 110004 110007 110007 110012
110008 110008 110005 110006 110007 110010
110014 110011 110013 110009 110016 110021
110016 110013 110009 110019 110012 110006.
110010 110025 110010 110025 110011 110013
110011 110010 110014 110014 110012 110016
110012 110016 110018 109014 109018 109010
108019 108016 108009 109007 109004 109013.
109005 109006 109005 109006 110014 110015
110005 110009 110012 110011 110003 109007
109008 109014 107019 108019 108018 107030
107009 107017 107014 107014 109022 109008.
109019 109006 109015 PPC002 109006 PPC001
PPC001 109004 109004 109006 109003 109011
109003 108004 108003 108006 108015 108013
109027 109022 110026 110031 110015 110017.
110016 110008 110006 PPC000 110011 110014
110007 110007 110005 110012 110011 109005
109009 109010 109017 108015 108017 108022
108028 108023 108008 109019 109009 109020.
109015 109013 PPC001 110008 PPC001 110003
PPC000 110003 110007 110004 110004 110017
110006 110003 109012 109028 109017 109017
109008 109013 109013 109014 109008 109005.
109009 PPC002 110011 PPC002 110007 110004
110010 110004 110005 110005 110006 110010
110006 110010 110012 110013 110022 109018
109024 109011 109011 109021 PPC000 109003.
109010 110003 110004 PPC000 PPC002 110003
PPC002 110006 110005 PPC002 110004 PPC002
PPC000 109004 108010 108013 108004 107020
108008 108023 108017 108008 109006 109010.
109012 109006 109008 PPC000 109005 PPC000
PPC001 PPC000 110008 109003 109007 109005
108009 108008 108008 107020 107018 107016
107017 107007 107012 107007 108015 108008.
108004 108007 108003 109003 109009 109010
109010 109016 109015 109006 109006 109004
108003 108012 108003 107010 107023 106010
106023 106026 107020 108017 108012 108006.
PPC000 PPC000 109009 109003 109013 109008
109012 109010 109006 109004 109006 108008
108004 108009 108012 107011 106005 106017
107013 106017 106019 107015 107011 108010.
108011 108011 108014 108007 108007 109009
109005 PPC002 109005 PPC000 PPC002 108006
108012 107013 107017 107015 106015 106014
106024 106026 107011 106020 107022 107009.
108004 108011 108006 108003 108006 PPC001
PPC002 109003 PPC000 PPC000 108004 PPC002
108003 107003 107009 106014 106023 106015
106018 106009 107020 107011 109028 109018.
108011 109037 109036 109031 109020 109008
109016 109009 109018 109014 109003 109011
109018 108012 107011 107010 107006 106031
107023 106015 106038 107012 107008 108012.
108011 108008 108013 108024 108031 108013
109029 109006 109018 109040 109018 109008
108011 108023 108012 108015 107005 107003
107014 PPC002 107004 107012 108015 108006.
108005 108011 108003 PPC000 PPC001 109008
109005 109004 109010 109004 PPC000 108008
108009 108004 108007 108005 PPC001 107006
107020 107020 107016 107014 107018 108017.
108007 108003 108003 109003 PPC002 109008
109005 109006 109004 109004 109003 PPC000
108003 PPC000 107011 108015 107015 107007
107016 107019 108019 108013 108016 108012.
108021 108010 109009 109018 109020 109023
109015 109021 109018 109006 109007 109011
109016 109014 109013 109011 109013 109003
109004 109019 109012 109016 109014 109010.
109012 109016 109015 109007 109018 109006
109009 109017 109009 109014 109010 109010
109014 109006 109009 108019 108015 107027
107018 107026 108024 108021 108015 108011.
108019 108012 109004 109005 109011 109013
109012 109004 109007 PPC002 109012 109008
109006 108005 108007 108004 108008 108004
PPC002 PPC001 PPC001 108008 108016 109007.
109006 109007 109006 109008 109007 109014
109006 109004 PPC002 109007 PPC002 109006
109003 109005 109021 109024 109026 109018
109015 108018 109020 109016 109022 109014.
109014 109013 109011 109009 109010 109012
109016 109007 109012 109014 109012 109013
109012 109015 109018 109021 109014 109015
109016 109013 109014 109015 109007 109013.
109016 109012 109008 109008 109009 109009
109006 109008 109008 109007 109004 109010
109010 109004 109009 109005 109011 109004
109014 109011 109013 109005 109006 PPC002.
PPC002 PPC002 109006 109005 109005 109003
109003 109003 109006 PPC002 PPC002 PPC000
109003 108004 109004 108003 108010 107009
107013 108006 108008 108013 108017 108004.
108005 108003 PPC000 109003 109006 109007
109004 PPC000 109004 PPC000 109006 108004
PPC002 107003 107012 108015 107012 107020
107014 107011 107005 PPC000 107004 108004=
110023 110018 110012 110014 110014 110015
110010 110013 110013 110012 110013 110004
110013 109010 109021 109041 109024 108033
108040 108029 110005 109028 109014 109016.
109008 110015 110010 110009 110004 110009
110009 110007 110009 110004 110005 110009
110008 109014 108015 108016 108011 108020
108020 108021 108028 108024 109024 109014.
109014 109004 PPC002 109006 PPC002 110004
109003 110006 PPC000 110004 110006 109007
108013 108010 108012 107014 108018 107016
107014 108016 108012 108016 108007 109007.
109004 109004 109005 109012 109021 PPC002
109004 PPC001 109005 110005 110005 PPC001
PPC002 108006 108008 107009 107026 109038
109012 109021 109021 110017 110012 110011.
110019 110016 110007 110008 110004 110009
110013 110007 110009 110011 110006 110017
110008 110005 110011 110011 110003 110014
109003 109011 109013 109009 109008 109008.
110009 110006 110005 110006 110008 110012
110009 110008 110006 110009 110010 110012
110010 110012 110014 110015 110016 110019
110012 110012 110014 110014 110011 110007.
110013 110016 110007 110020 110011 110013
110011 110009 110013 110011 110011 110017
110012 110015 110015 109016 109018 109012
108014 108014 108010 109011 109006 109010.
109006 109004 109007 109004 110013 110012
110005 110009 110009 110010 PPC002 PPC002
109007 109018 107018 108017 107024 107023
107016 107015 107014 107015 109020 109006.
109019 109003 109019 109003 109006 109005
PPC002 109006 109004 109005 109003 109005
109006 PPC002 108004 108008 108018 108019
109024 109025 110021 110023 110018 110018.
110020 110011 110010 110007 110009 110016
110009 110008 110007 110011 110013 110006
109012 109011 109016 108012 108021 108018
108022 108016 108014 109013 109009 109016.
109016 109012 110003 110008 PPC002 110004
PPC001 110005 110009 110006 110005 110017
110004 PPC002 110013 109019 109018 109018
109008 109014 109018 109020 109008 109007.
109010 PPC002 110011 PPC002 110009 110004
110008 110006 110004 110003 110005 110009
110008 110009 110013 110015 110017 109018
109023 109011 109014 109018 PPC002 109003.
109007 PPC002 110003 PPC002 PPC001 PPC002
110004 110006 110004 110003 110004 PPC002
PPC002 109003 108008 108009 108007 107014
108012 108019 108017 108010 109004 109010.
109008 109006 109008 PPC002 109008 PPC001
PPC000 PPC002 110008 PPC002 109007 109006
108011 108010 108008 107019 107015 107015
107013 107016 107014 107013 108013 108009.
108005 108006 108003 PPC001 109010 109012
109008 109017 109010 109005 109004 109004
108004 108011 108006 107016 107018 106015
106016 106025 107019 108019 108016 108004.
PPC000 PPC000 108011 109003 109013 109006
109009 109012 PPC002 109006 109006 108008
108007 108010 108011 107008 106012 106012
107014 106018 106017 107011 107014 108011.
108013 108011 108010 108012 108005 109008
PPC002 PPC001 109005 PPC002 PPC000 108009
108012 107011 107017 107015 106012 106012
106017 106019 106013 106021 107021 107010.
108006 108010 108008 108004 108007 PPC002
PPC002 109004 PPC000 PPC001 108005 PPC002
PPC001 PPC002 106008 106014 106020 106013
106007 106012 107020 107012 109029 109020.
108015 109046 109044 109023 109021 109006
109013 109012 109018 109013 109004 109007
109014 108010 107011 107009 107006 106028
107014 106014 106027 107011 107007 108010.
108009 108010 108016 108022 108027 108016
109024 109010 109019 109034 109015 109009
108012 108023 108014 108013 107005 107003
107012 PPC002 107004 107013 108018 108008.
108006 108011 PPC001 PPC000 PPC001 109007
109007 PPC002 109008 109004 PPC002 108006
108007 108005 108006 108005 107005 107006
107015 107019 107019 107018 107017 108013.
108006 108003 PPC001 109004 PPC002 109007
109003 109004 109003 109003 PPC002 PPC000
108004 PPC002 107012 108017 107015 107012
107015 107014 108018 108017 108021 108013.
108016 108011 109014 109023 109020 109020
109018 109019 109013 109006 109007 109008
109010 109011 109007 109009 109010 109004
109006 109014 109014 109015 109012 109010.
109013 109020 109012 109009 109017 109007
109009 109014 109013 109018 109012 109011
109013 109010 109011 108013 108016 107024
107027 107023 108023 108020 108017 108011.
108017 108007 109007 109006 109011 109016
109014 109006 109009 PPC002 109012 109009
109008 109005 108008 108006 108009 108003
108005 108006 PPC000 108008 108015 109006.
109004 109007 109011 109006 109007 109011
109007 109006 PPC002 109004 PPC002 109005
109004 109005 109017 109021 109019 109019
109012 108018 109015 109017 109020 109014.
109015 109013 109010 109012 109009 109011
109012 109011 109014 109013 109011 109016
109012 109015 109023 109015 109015 109014
109017 109020 109020 109014 109009 109014.
109013 109014 109008 109012 109010 109010
109008 109011 109009 109007 109004 109009
109011 109003 109009 109006 109009 109008
109011 109013 109013 109008 109006 109004.
PPC002 109003 109006 109008 109003 109006
PPC002 109005 109006 PPC000 PPC002 PPC000
109004 108003 109003 108004 108006 107008
107011 108007 108008 108009 108018 108005.
108003 108003 108003 109004 109006 109005
109003 PPC000 109007 PPC002 109004 108004
108003 107004 107008 108015 107012 107017
107017 107013 107006 PPC000 107004 108006=
050109 1152 069108 1501
034108 1608 059108 1526
027108 1512 035108 1508
042109 1337 057109 1402
020110 2057 032110 2126
020110 1209 032110 1602
026110 2350 047110 2346
028107 1423 041107 1438
030110 1824 047110 1807
026108 1509 039110 2041
023109 1216 033109 1310
025109 1501 034109 1459
023108 1608 032108 1541
025107 1249 043107 1512
025106 1600 039106 1517
023107 1518 040107 1511
026106 1507 040106 1535
039109 1847 050109 1844
054109 2147 084109 2143
034109 0600 056108 2235
023107 1528 033107 1522
025108 1738 048108 1737
024109 2359 042109 2354
030107 1321 045107 1505
017108 2054 026108 2049
025109 1524 039109 1811
024109 1058 044109 1055
017109 2008 028109 2006
019108 1856 025108 1903
020107 1425 028107 1536=
DB
0181 0179 0177 0176 0174 0176 0177 0176 0173 0172 0175 0191
0200 0215 0266 0255 0317 0339 0319 0297 0236 0233 0214 0195 0403 1516 0170 0521.
0193 0187 0185 0179 0177 0175 0174 0173 0171 0171 0174 0187
0203 0280 0297 0311 0312 0381 0343 0366 0318 0265 0231 0213 0421 1523 0171 0500.
0202 0202 0200 0200 0192 0192 0192 0181 0169 0163 0185 0254
0312 0343 0383 0401 0316 0411 0383 0335 0317 0277 0258 0223 0440 1145 0162 0554.
0213 0204 0198 0196 0191 0186 0182 0185 0178 0171 0191 0259
0276 0355 0325 0358 0326 0249 0213 0223 0217 0205 0197 0185 0427 1216 0171 0600.
0181 0180 0180 0178 0180 0179 0180 0179 0179 0179 0182 0182
0201 0208 0192 0197 0199 0217 0238 0262 0237 0215 0206 0198 0281 1615 0176 2216.
0194 0193 0193 0191 0188 0187 0187 0186 0186 0183 0183 0187
0187 0188 0191 0207 0199 0205 0196 0193 0190 0185 0182 0182 0208 1153 0181 1944.
0180 0179 0177 0172 0174 0173 0174 0173 0170 0171 0175 0176
0186 0188 0198 0231 0244 0270 0308 0371 0291 0249 0225 0208 0395 1605 0170 0500.
0203 0199 0198 0195 0189 0191 0189 0181 0182 0181 0194 0221
0244 0296 0423 0367 0427 0417 0455 0364 0352 0287 0229 0231 0471 1513 0175 0416.
0223 0222 0217 0217 0217 0214 0212 0207 0206 0201 0217 0241
0248 0260 0284 0288 0294 0296 0239 0212 0205 0203 0199 0194 0300 1355 0193 1931.
0190 0187 0187 0188 0188 0185 0184 0184 0183 0181 0188 0214
0222 0270 0307 0329 0311 0312 0344 0291 0277 0248 0225 0215 0353 1142 0180 0558.
0209 0200 0201 0196 0195 0196 0194 0194 0190 0184 0191 0193
0196 0207 0214 0247 0252 0282 0270 0231 0217 0207 0205 0201 0309 1341 0184 0600.
0198 0200 0194 0192 0191 0189 0191 0191 0190 0189 0192 0194
0206 0200 0206 0207 0206 0261 0224 0267 0257 0216 0213 0205 0288 1446 0189 0200.
0198 0197 0194 0193 0190 0188 0187 0185 0187 0189 0193 0204
0207 0258 0294 0312 0376 0383 0342 0319 0279 0270 0237 0220 0406 1349 0185 0356.
0218 0213 0208 0204 0202 0199 0191 0191 0184 0185 0200 0226
0318 0335 0356 0398 0410 0440 0448 0372 0393 0345 0267 0250 0458 1413 0183 0442.
0240 0234 0230 0227 0224 0224 0223 0218 0216 0214 0223 0234
0265 0336 0337 0378 0402 0434 0438 0384 0352 0283 0268 0254 0453 1444 0210 0608.
0249 0244 0237 0232 0231 0229 0227 0226 0224 0224 0235 0256
0279 0321 0328 0403 0415 0401 0393 0423 0388 0305 0281 0258 0445 1217 0223 0549.
0248 0245 0242 0241 0235 0232 0218 0216 0208 0207 0239 0259
0329 0369 0393 0405 0430 0410 0442 0410 0374 0363 0290 0266 0465 1529 0206 0528.
0249 0239 0232 0227 0222 0216 0213 0214 0209 0209 0248 0257
0279 0334 0410 0449 0433 0410 0406 0358 0319 0291 0249 0252 0477 1229 0208 0528.
0249 0231 0224 0224 0218 0220 0215 0218 0215 0215 0224 0226
0245 0291 0380 0383 0405 0427 0386 0402 0418 0323 0286 0270 0499 1424 0213 0550.
0252 0254 0251 0251 0242 0236 0232 0224 0229 0230 0224 0245
0264 0262 0295 0301 0324 0343 0362 0345 0332 0302 0275 0252 0374 1452 0222 0655.
0236 0232 0219 0221 0213 0213 0210 0210 0212 0211 0226 0238
0267 0274 0299 0341 0331 0354 0344 0404 0377 0342 0294 0249 0421 1438 0210 0124.
0228 0220 0214 0208 0207 0205 0203 0200 0197 0199 0218 0250
0296 0310 0313 0320 0333 0343 0315 0315 0284 0269 0259 0244 0386 1347 0196 0503.
0238 0234 0231 0230 0224 0220 0207 0205 0197 0196 0201 0209
0217 0239 0235 0235 0240 0240 0247 0264 0241 0233 0228 0216 0266 1601 0195 0604.
0211 0211 0211 0209 0208 0206 0204 0203 0201 0201 0206 0223
0221 0239 0274 0314 0373 0374 0387 0355 0307 0265 0257 0246 0410 1517 0201 0448.
0239 0232 0223 0218 0221 0220 0219 0217 0217 0215 0224 0230
0237 0266 0266 0277 0250 0257 0278 0283 0272 0264 0244 0234 0294 1531 0215 0557.
0228 0227 0224 0222 0222 0221 0218 0216 0217 0217 0217 0221
0229 0240 0249 0238 0247 0252 0264 0273 0246 0244 0226 0221 0282 1532 0212 0430.
0218 0216 0213 0213 0213 0212 0212 0212 0211 0210 0211 0211
0214 0216 0220 0225 0226 0239 0243 0225 0220 0217 0216 0213 0244 1504 0210 0314.
0213 0212 0213 0212 0210 0211 0212 0210 0211 0211 0213 0215
0219 0228 0232 0241 0247 0249 0245 0254 0274 0239 0237 0229 0276 1658 0209 0412.
0227 0226 0223 0222 0223 0222 0221 0220 0219 0218 0226 0238
0245 0244 0250 0257 0304 0347 0325 0284 0287 0270 0258 0244 0396 1434 0217 0554.
0237 0235 0233 0230 0229 0228 0225 0215 0214 0219 0231 0265
0299 0335 0356 0284 0325 0310 0348 0330 0323 0310 0289 0265 0372 1104 0213 0505=
0196 0194 0191 0190 0188 0187 0186 0185 0184 0183 0182 0183
0186 0191 0197 0214 0217 0230 0238 0245 0235 0234 0223 0214.
0209 0205 0201 0197 0193 0191 0189 0187 0185 0183 0182 0184
0189 0198 0219 0229 0240 0248 0260 0267 0265 0256 0243 0231.
0222 0216 0212 0209 0207 0204 0202 0200 0195 0190 0186 0191
0206 0224 0244 0264 0274 0276 0274 0277 0274 0266 0254 0245.
0236 0229 0221 0217 0211 0207 0204 0201 0199 0195 0193 0199
0210 0221 0238 0248 0263 0258 0242 0231 0228 0224 0219 0213.
0207 0202 0199 0196 0194 0193 0192 0191 0190 0189 0188 0188
0190 0194 0196 0195 0196 0200 0205 0210 0217 0215 0211 0207.
0203 0200 0198 0197 0195 0194 0192 0192 0190 0189 0188 0188
0189 0189 0190 0193 0197 0198 0198 0198 0196 0194 0192 0190.
0188 0187 0186 0185 0183 0182 0181 0180 0180 0179 0179 0179
0180 0182 0185 0191 0197 0204 0221 0231 0243 0236 0228 0220.
0213 0209 0205 0202 0200 0197 0195 0194 0191 0189 0189 0192
0201 0212 0233 0256 0275 0295 0302 0305 0296 0286 0268 0254.
0245 0238 0233 0229 0225 0222 0220 0218 0214 0212 0210 0213
0219 0222 0226 0232 0238 0241 0242 0234 0226 0221 0216 0212.
0208 0205 0202 0200 0199 0197 0195 0194 0193 0191 0190 0193
0197 0205 0215 0233 0244 0249 0253 0255 0250 0243 0234 0227.
0220 0216 0213 0210 0207 0205 0203 0202 0199 0197 0196 0196
0197 0198 0203 0206 0212 0223 0228 0226 0221 0216 0212 0209.
0206 0204 0200 0198 0197 0196 0195 0195 0194 0194 0193 0194
0195 0198 0198 0202 0205 0210 0218 0217 0220 0220 0215 0211.
0208 0204 0202 0200 0198 0196 0194 0193 0192 0191 0191 0193
0195 0199 0211 0228 0236 0255 0264 0266 0262 0253 0245 0238.
0231 0226 0222 0218 0214 0211 0209 0206 0203 0200 0200 0201
0214 0229 0242 0262 0277 0288 0295 0303 0300 0293 0280 0265.
0256 0249 0243 0238 0235 0232 0229 0227 0225 0222 0221 0223
0227 0235 0247 0260 0276 0292 0303 0310 0306 0291 0276 0266.
0259 0254 0249 0244 0241 0237 0235 0232 0230 0229 0228 0230
0233 0241 0251 0263 0283 0287 0293 0299 0299 0289 0276 0267.
0260 0254 0250 0247 0243 0241 0237 0232 0229 0225 0223 0230
0237 0253 0268 0281 0294 0306 0307 0315 0310 0304 0292 0281.
0271 0263 0255 0249 0244 0239 0235 0231 0228 0225 0225 0231
0237 0245 0263 0281 0303 0308 0310 0308 0302 0291 0279 0269.
0263 0258 0250 0244 0240 0236 0233 0231 0229 0227 0225 0227
0227 0232 0250 0267 0283 0298 0310 0310 0310 0304 0293 0281.
0272 0265 0259 0253 0248 0243 0238 0235 0232 0228 0225 0225
0229 0232 0237 0246 0252 0262 0267 0272 0274 0273 0267 0261.
0254 0249 0243 0239 0235 0232 0229 0226 0225 0224 0223 0226
0230 0236 0239 0245 0257 0265 0276 0283 0288 0285 0276 0267.
0257 0249 0243 0237 0233 0229 0226 0224 0221 0219 0218 0222
0232 0240 0248 0254 0261 0270 0271 0269 0267 0261 0256 0251.
0246 0242 0238 0235 0233 0229 0226 0223 0221 0219 0217 0217
0218 0224 0229 0231 0234 0235 0238 0240 0241 0239 0236 0231.
0227 0224 0221 0219 0217 0216 0215 0213 0212 0211 0210 0211
0214 0216 0220 0233 0245 0265 0275 0285 0282 0271 0262 0255.
0248 0243 0238 0235 0231 0229 0227 0225 0224 0223 0222 0223
0227 0231 0236 0238 0241 0244 0248 0255 0255 0252 0249 0244.
0240 0236 0234 0231 0229 0228 0226 0225 0223 0222 0222 0221
0222 0224 0227 0228 0229 0231 0233 0237 0237 0235 0232 0229.
0226 0224 0222 0221 0220 0219 0218 0217 0216 0216 0215 0215
0215 0216 0218 0219 0222 0224 0227 0229 0227 0224 0222 0221.
0219 0218 0217 0216 0215 0214 0214 0214 0213 0213 0213 0213
0214 0216 0218 0222 0227 0230 0232 0236 0240 0240 0237 0234.
0231 0229 0227 0225 0224 0223 0222 0221 0221 0220 0219 0221
0224 0228 0229 0230 0234 0245 0259 0257 0255 0254 0250 0246.
0242 0239 0236 0234 0232 0231 0229 0227 0225 0223 0223 0225
0231 0242 0253 0260 0258 0262 0265 0270 0271 0271 0268 0264=
0207 0205 0203 0202 0200 0199 0198 0197 0196 0195 0194 0193
0194 0195 0197 0203 0209 0215 0221 0227 0240 0231 0228 0223.
0219 0215 0212 0209 0206 0203 0201 0200 0198 0196 0195 0194
0195 0197 0204 0213 0220 0227 0235 0242 0246 0247 0244 0238.
0232 0227 0223 0220 0217 0215 0213 0211 0209 0205 0202 0201
0203 0210 0221 0232 0244 0251 0255 0258 0259 0258 0255 0250.
0244 0239 0234 0230 0226 0222 0219 0215 0213 0210 0208 0208
0209 0214 0221 0230 0238 0245 0242 0237 0233 0231 0228 0224.
0220 0216 0213 0210 0208 0206 0204 0203 0202 0201 0200 0199
0199 0200 0201 0201 0202 0202 0205 0208 0212 0214 0214 0212.
0210 0209 0207 0205 0204 0203 0202 0201 0200 0198 0197 0196
0196 0196 0196 0197 0199 0200 0201 0201 0201 0201 0200 0199.
0197 0196 0195 0194 0193 0192 0191 0191 0190 0189 0189 0188
0188 0189 0190 0191 0195 0198 0204 0212 0220 0225 0224 0221.
0218 0215 0212 0210 0208 0206 0204 0203 0201 0199 0198 0198
0200 0204 0211 0225 0236 0251 0263 0270 0272 0272 0266 0259.
0252 0246 0242 0237 0234 0231 0229 0227 0224 0222 0219 0219
0220 0222 0224 0227 0230 0233 0235 0235 0232 0229 0226 0222.
0219 0217 0214 0212 0210 0209 0207 0205 0204 0203 0202 0201
0202 0204 0209 0216 0225 0231 0236 0240 0241 0240 0237 0233.
0229 0226 0223 0220 0218 0215 0214 0212 0210 0208 0207 0206
0205 0205 0206 0208 0211 0215 0219 0223 0222 0221 0218 0216.
0214 0213 0210 0206 0206 0205 0204 0204 0203 0203 0202 0202
0202 0203 0203 0204 0206 0208 0212 0214 0217 0218 0217 0216.
0214 0212 0210 0209 0207 0205 0204 0202 0201 0200 0200 0200
0200 0202 0205 0212 0220 0228 0238 0244 0247 0246 0244 0240.
0236 0233 0229 0227 0224 0221 0219 0217 0214 0212 0210 0209
0211 0218 0226 0235 0246 0256 0265 0272 0276 0277 0274 0268.
0262 0256 0252 0247 0244 0241 0238 0236 0234 0232 0230 0229
0229 0232 0236 0243 0251 0261 0271 0279 0284 0283 0277 0271.
0265 0261 0257 0253 0250 0247 0244 0242 0240 0238 0236 0235
0236 0238 0242 0248 0256 0265 0271 0276 0280 0281 0277 0271.
0266 0262 0258 0255 0252 0250 0247 0244 0241 0238 0235 0235
0237 0242 0250 0259 0268 0277 0283 0288 0292 0292 0289 0284.
0278 0272 0267 0262 0257 0254 0249 0246 0243 0240 0238 0238
0239 0242 0248 0258 0270 0280 0286 0289 0290 0288 0283 0277.
0272 0267 0263 0257 0254 0250 0247 0244 0241 0239 0238 0236
0236 0236 0240 0250 0259 0269 0280 0286 0289 0291 0288 0284.
0278 0273 0268 0264 0260 0256 0252 0249 0246 0243 0240 0238
0237 0238 0239 0242 0246 0251 0256 0261 0264 0265 0265 0263.
0260 0257 0254 0250 0247 0244 0242 0239 0237 0238 0234 0234
0235 0237 0239 0242 0246 0252 0258 0265 0271 0273 0273 0269.
0265 0260 0255 0251 0247 0244 0241 0238 0236 0233 0231 0231
0233 0237 0242 0246 0251 0256 0260 0262 0263 0261 0259 0257.
0254 0251 0248 0246 0243 0241 0238 0236 0234 0232 0230 0228
0228 0229 0231 0233 0235 0236 0238 0240 0241 0241 0241 0239.
0237 0234 0232 0230 0229 0227 0226 0224 0223 0222 0221 0220
0221 0222 0223 0226 0233 0242 0252 0260 0265 0266 0262 0259.
0255 0251 0248 0245 0242 0239 0237 0236 0234 0233 0232 0231
0231 0233 0235 0237 0239 0241 0244 0247 0250 0250 0250 0248.
0246 0244 0241 0239 0238 0236 0235 0234 0231 0231 0230 0230
0229 0229 0230 0232 0232 0233 0234 0236 0237 0237 0237 0235.
0234 0232 0231 0229 0228 0227 0226 0226 0225 0224 0223 0223
0222 0222 0223 0223 0224 0226 0227 0229 0230 0229 0228 0227.
0226 0225 0224 0224 0223 0222 0221 0221 0221 0220 0220 0220
0220 0220 0221 0223 0225 0228 0230 0232 0235 0237 0237 0236.
0235 0234 0232 0231 0230 0229 0229 0228 0227 0226 0226 0226
0226 0228 0230 0231 0232 0235 0242 0248 0249 0249 0249 0248.
0246 0244 0242 0240 0239 0237 0236 0235 0233 0231 0230 0230
0231 0235 0241 0247 0250 0252 0255 0258 0261 0263 0263 0262=
0210 0209 0208 0208 0207 0206 0205 0204 0203 0203 0202 0201
0200 0200 0199 0200 0200 0202 0203 0205 0240 0209 0211 0212.
0212 0211 0210 0210 0209 0208 0206 0205 0204 0203 0202 0201
0200 0200 0200 0200 0202 0204 0206 0209 0212 0215 0217 0218.
0219 0219 0218 0217 0216 0214 0213 0212 0211 0210 0209 0208
0207 0206 0206 0208 0211 0214 0217 0220 0223 0225 0227 0228.
0228 0227 0226 0225 0224 0222 0221 0219 0218 0216 0215 0214
0212 0212 0212 0213 0214 0216 0219 0220 0221 0221 0220 0220.
0219 0218 0216 0215 0214 0212 0211 0210 0209 0208 0207 0206
0205 0204 0204 0203 0203 0203 0203 0203 0204 0205 0206 0207.
0207 0207 0206 0206 0205 0205 0204 0204 0203 0202 0200 0199
0199 0198 0198 0198 0198 0198 0199 0199 0199 0199 0200 0199.
0199 0199 0198 0198 0197 0197 0196 0196 0195 0195 0194 0194
0193 0193 0193 0192 0193 0193 0194 0195 0197 0199 0202 0204.
0205 0205 0205 0205 0204 0204 0203 0203 0202 0201 0200 0200
0199 0199 0200 0201 0203 0207 0211 0216 0221 0226 0227 0229.
0229 0229 0228 0227 0226 0225 0223 0222 0221 0220 0219 0218
0217 0216 0216 0216 0216 0217 0219 0219 0220 0220 0219 0219.
0218 0217 0216 0215 0213 0212 0211 0210 0209 0208 0207 0207
0206 0205 0205 0206 0207 0209 0211 0213 0215 0217 0219 0219.
0219 0219 0218 0217 0216 0215 0214 0214 0212 0211 0210 0210
0209 0208 0208 0207 0207 0208 0208 0209 0210 0211 0211 0211.
0211 0211 0210 0209 0209 0208 0207 0207 0206 0205 0205 0205
0204 0204 0204 0203 0203 0204 0204 0205 0206 0206 0207 0208.
0208 0208 0208 0208 0207 0206 0206 0205 0204 0203 0203 0202
0202 0202 0202 0202 0203 0205 0207 0210 0213 0216 0218 0219.
0220 0220 0220 0219 0218 0218 0217 0216 0215 0214 0213 0212
0211 0210 0210 0212 0214 0217 0221 0225 0229 0232 0235 0237.
0237 0237 0236 0236 0234 0233 0232 0231 0230 0229 0227 0226
0226 0225 0225 0225 0226 0228 0231 0234 0238 0241 0244 0245.
0245 0244 0243 0242 0241 0240 0239 0237 0236 0235 0234 0233
0232 0231 0231 0231 0232 0234 0236 0239 0242 0244 0246 0247.
0247 0247 0246 0245 0244 0243 0241 0240 0239 0238 0236 0235
0234 0234 0234 0235 0237 0239 0243 0246 0249 0252 0254 0255.
0255 0255 0254 0253 0251 0250 0248 0247 0245 0243 0241 0240
0238 0238 0237 0238 0240 0242 0246 0249 0252 0255 0256 0256.
0256 0255 0254 0253 0251 0249 0248 0246 0244 0242 0241 0240
0238 0238 0237 0237 0238 0240 0243 0246 0249 0252 0255 0256.
0257 0256 0256 0255 0253 0252 0250 0249 0247 0245 0244 0242
0241 0239 0239 0238 0238 0238 0239 0240 0242 0244 0245 0246.
0246 0246 0246 0245 0244 0243 0242 0241 0240 0238 0237 0236
0235 0235 0235 0235 0235 0236 0237 0239 0241 0244 0246 0248.
0248 0248 0248 0247 0246 0244 0243 0241 0240 0239 0237 0236
0235 0234 0234 0235 0236 0237 0239 0240 0242 0243 0244 0244.
0244 0244 0243 0242 0241 0240 0239 0238 0237 0236 0235 0234
0233 0232 0231 0231 0231 0231 0232 0232 0233 0233 0233 0233.
0234 0233 0233 0232 0231 0230 0229 0229 0228 0227 0226 0225
0225 0224 0224 0224 0224 0225 0227 0230 0233 0236 0238 0240.
0240 0240 0240 0239 0238 0237 0236 0235 0235 0234 0233 0232
0231 0231 0231 0231 0231 0232 0232 0233 0234 0235 0236 0236.
0237 0237 0236 0236 0235 0234 0234 0233 0233 0232 0231 0230
0230 0229 0229 0229 0229 0229 0229 0229 0229 0230 0230 0230.
0230 0230 0229 0229 0228 0228 0227 0227 0226 0225 0225 0224
0224 0224 0223 0223 0223 0223 0223 0223 0224 0224 0224 0224.
0224 0224 0224 0223 0223 0223 0222 0222 0221 0221 0221 0220
0220 0220 0220 0220 0220 0220 0221 0222 0223 0224 0225 0225.
0226 0226 0226 0226 0226 0226 0225 0225 0225 0224 0224 0224
0224 0223 0223 0224 0224 0225 0225 0227 0228 0230 0231 0232.
0233 0233 0233 0232 0232 0232 0231 0231 0230 0230 0229 0228
0228 0228 0228 0229 0230 0232 0234 0235 0236 0238 0239 0240=
0208 0207 0205 0204 0203 0202 0201 0200 0199 0198 0197 0196
0196 0196 0197 0197 0200 0203 0206 0210 0239 0216 0216 0216.
0215 0213 0211 0209 0207 0205 0204 0202 0200 0199 0198 0197
0196 0196 0198 0201 0205 0209 0214 0219 0223 0226 0228 0227.
0226 0223 0220 0218 0216 0214 0213 0211 0210 0208 0206 0204
0203 0204 0208 0212 0219 0225 0230 0233 0236 0238 0238 0237.
0236 0233 0231 0228 0225 0223 0220 0218 0216 0214 0211 0211
0209 0210 0212 0215 0220 0224 0227 0227 0226 0225 0223 0222.
0220 0217 0215 0213 0211 0209 0207 0206 0205 0204 0203 0202
0201 0200 0200 0200 0200 0200 0201 0202 0204 0206 0207 0208.
0207 0206 0206 0205 0204 0203 0202 0201 0200 0199 0197 0196
0196 0196 0195 0195 0196 0197 0197 0198 0198 0198 0198 0198.
0197 0196 0196 0195 0194 0193 0193 0192 0191 0191 0190 0190
0189 0189 0189 0190 0191 0192 0194 0198 0202 0206 0209 0210.
0210 0208 0208 0206 0205 0204 0203 0202 0201 0200 0199 0197
0198 0199 0200 0205 0211 0218 0227 0234 0240 0243 0244 0243.
0240 0237 0235 0232 0230 0227 0226 0224 0222 0220 0219 0218
0217 0217 0217 0218 0220 0221 0223 0224 0224 0224 0222 0220.
0218 0216 0215 0213 0211 0210 0209 0207 0206 0205 0204 0203
0202 0203 0204 0206 0210 0214 0218 0221 0224 0226 0226 0225.
0224 0222 0220 0218 0217 0215 0214 0212 0210 0209 0208 0207
0206 0205 0205 0206 0206 0208 0210 0212 0213 0214 0213 0213.
0212 0211 0209 0207 0206 0205 0205 0204 0203 0203 0202 0202
0202 0201 0201 0202 0202 0203 0205 0206 0208 0209 0210 0210.
0209 0209 0208 0207 0206 0205 0204 0203 0202 0201 0200 0199
0199 0199 0200 0202 0206 0210 0215 0220 0224 0227 0228 0228.
0227 0225 0224 0222 0220 0219 0217 0216 0214 0212 0211 0210
0209 0210 0212 0217 0222 0228 0234 0240 0245 0249 0251 0251.
0249 0246 0244 0241 0239 0237 0235 0233 0231 0230 0228 0227
0226 0226 0227 0229 0233 0237 0243 0249 0254 0258 0259 0257.
0255 0252 0250 0248 0245 0243 0241 0239 0237 0236 0234 0233
0232 0232 0233 0235 0238 0243 0248 0252 0255 0258 0259 0258.
0256 0254 0252 0250 0248 0246 0244 0242 0240 0238 0236 0234
0234 0234 0237 0240 0245 0251 0256 0260 0265 0267 0269 0268.
0266 0264 0261 0258 0255 0252 0249 0246 0244 0241 0239 0238
0237 0237 0238 0242 0247 0253 0259 0264 0266 0268 0268 0266.
0264 0261 0259 0255 0253 0250 0247 0245 0243 0241 0239 0237
0236 0235 0235 0238 0242 0247 0253 0259 0263 0266 0268 0268.
0266 0264 0262 0259 0256 0254 0251 0249 0246 0244 0242 0240
0238 0237 0237 0237 0238 0240 0243 0246 0248 0250 0252 0252.
0252 0251 0249 0247 0245 0243 0241 0239 0238 0236 0235 0234
0233 0233 0234 0235 0237 0239 0242 0246 0250 0254 0256 0256.
0255 0254 0251 0249 0246 0244 0241 0239 0237 0236 0234 0233
0232 0232 0234 0236 0239 0241 0244 0247 0249 0250 0250 0249.
0248 0246 0245 0243 0242 0240 0238 0237 0235 0233 0232 0230
0229 0229 0229 0229 0230 0231 0232 0233 0234 0235 0235 0235.
0234 0233 0231 0230 0229 0228 0227 0225 0224 0224 0223 0222
0221 0221 0221 0222 0224 0227 0232 0238 0243 0246 0248 0247.
0246 0245 0243 0241 0239 0238 0236 0235 0233 0232 0231 0230
0230 0230 0230 0231 0232 0233 0235 0236 0238 0239 0240 0240.
0240 0239 0238 0236 0235 0234 0233 0232 0233 0230 0229 0229
0228 0227 0227 0228 0228 0228 0229 0229 0230 0231 0231 0231.
0230 0230 0229 0228 0227 0226 0225 0225 0224 0223 0223 0222
0222 0221 0221 0221 0221 0222 0223 0223 0224 0225 0224 0224.
0224 0223 0222 0222 0221 0221 0220 0220 0220 0219 0219 0219
0218 0218 0218 0219 0220 0221 0222 0223 0225 0226 0228 0228.
0228 0228 0228 0227 0227 0226 0225 0225 0224 0224 0223 0223
0223 0223 0224 0224 0225 0226 0228 0232 0234 0236 0237 0237.
0237 0236 0236 0235 0234 0233 0232 0231 0230 0230 0228 0228
0227 0228 0230 0233 0236 0238 0240 0242 0244 0246 0248 0248=
0210 0210 0210 0210 0209 0209 0208 0208 0207 0207 0206 0206
0205 0204 0203 0202 0201 0200 0200 0200 0239 0202 0203 0204.
0205 0206 0206 0207 0207 0207 0207 0207 0206 0206 0206 0205
0204 0201 0200 0200 0199 0198 0198 0199 0200 0202 0204 0205.
0206 0208 0208 0209 0209 0209 0209 0209 0210 0210 0209 0207
0205 0204 0202 0201 0202 0201 0211 0203 0204 0206 0208 0210.
0212 0213 0214 0214 0215 0215 0215 0215 0215 0215 0214 0212
0210 0208 0207 0207 0206 0209 0211 0211 0212 0212 0213 0214.
0214 0214 0214 0214 0214 0213 0213 0212 0211 0211 0210 0210
0209 0208 0208 0207 0207 0206 0205 0204 0204 0204 0204 0205.
0205 0205 0205 0205 0205 0205 0205 0205 0205 0205 0204 0204
0203 0203 0203 0202 0201 0201 0201 0201 0201 0201 0201 0201.
0201 0201 0201 0200 0200 0200 0200 0200 0199 0199 0199 0198
0198 0197 0197 0196 0195 0194 0192 0192 0192 0194 0195 0196.
0197 0198 0198 0199 0200 0200 0200 0200 0200 0200 0200 0199
0198 0197 0194 0193 0194 0194 0195 0195 0197 0200 0204 0206.
0208 0209 0211 0212 0212 0212 0212 0213 0213 0213 0213 0211
0210 0210 0209 0208 0209 0209 0210 0211 0212 0212 0212 0212.
0212 0212 0212 0212 0212 0211 0211 0211 0210 0210 0209 0208
0207 0205 0204 0203 0203 0202 0203 0204 0205 0206 0208 0209.
0209 0210 0211 0211 0211 0211 0211 0211 0211 0211 0211 0210
0210 0209 0208 0207 0207 0205 0205 0206 0208 0207 0207 0207.
0208 0207 0208 0208 0208 0208 0207 0207 0206 0206 0206 0206
0205 0205 0205 0204 0203 0202 0202 0204 0202 0202 0203 0204.
0204 0204 0204 0205 0205 0205 0205 0205 0204 0204 0204 0203
0203 0202 0200 0198 0198 0197 0198 0199 0200 0201 0203 0205.
0206 0207 0208 0209 0209 0210 0210 0210 0210 0210 0210 0208
0206 0205 0204 0203 0203 0203 0203 0205 0206 0207 0210 0213.
0215 0217 0218 0219 0220 0220 0220 0220 0220 0220 0220 0219
0218 0216 0215 0214 0213 0212 0213 0214 0215 0218 0220 0222.
0224 0225 0225 0226 0226 0227 0227 0227 0226 0226 0226 0225
0224 0223 0222 0220 0219 0219 0219 0220 0221 0223 0225 0226.
0228 0229 0230 0230 0230 0231 0231 0231 0231 0231 0230 0228
0227 0225 0224 0223 0222 0222 0223 0224 0225 0226 0229 0231.
0234 0235 0236 0237 0237 0238 0238 0238 0237 0237 0236 0234
0233 0231 0228 0227 0226 0226 0227 0228 0230 0232 0235 0236.
0237 0238 0239 0239 0239 0239 0239 0239 0238 0238 0237 0236
0233 0234 0230 0230 0229 0227 0228 0228 0229 0231 0233 0235.
0236 0237 0238 0238 0239 0239 0240 0239 0239 0239 0239 0238
0237 0236 0234 0233 0232 0231 0231 0230 0231 0232 0233 0234.
0235 0236 0237 0237 0237 0237 0237 0237 0236 0236 0235 0234
0233 0232 0231 0230 0229 0228 0228 0228 0229 0229 0230 0233.
0235 0236 0237 0237 0238 0238 0238 0238 0237 0237 0237 0234
0232 0231 0230 0230 0229 0228 0230 0230 0231 0232 0232 0233.
0234 0235 0235 0235 0235 0235 0235 0235 0235 0235 0235 0234
0233 0231 0231 0230 0230 0230 0229 0228 0229 0229 0229 0230.
0230 0229 0230 0230 0230 0229 0229 0229 0229 0228 0228 0227
0226 0226 0224 0222 0221 0220 0220 0220 0222 0224 0225 0227.
0228 0229 0229 0230 0230 0231 0231 0231 0230 0230 0230 0229
0229 0228 0227 0227 0227 0226 0226 0225 0226 0227 0228 0228.
0229 0229 0229 0230 0230 0229 0229 0229 0230 0229 0229 0228
0228 0227 0227 0227 0226 0226 0226 0225 0226 0225 0226 0226.
0226 0226 0226 0226 0226 0226 0226 0226 0226 0225 0225 0225
0224 0224 0224 0224 0223 0223 0222 0222 0222 0223 0222 0222.
0222 0222 0222 0222 0222 0222 0222 0221 0222 0221 0221 0219
0220 0220 0221 0219 0219 0218 0219 0218 0218 0218 0219 0219.
0220 0220 0220 0221 0221 0221 0221 0221 0221 0221 0221 0220
0220 0219 0219 0219 0218 0217 0216 0218 0218 0219 0220 0221.
0222 0223 0223 0224 0224 0224 0224 0225 0225 0224 0224 0223
0222 0220 0220 0221 0221 0221 0220 0221 0221 0222 0224 0225=
KB
0200 0200 0200 0201 0200 0200 0200 0200 0200 0200 0200 0200
0199 0199 0198 0197 0197 0196 0196 0196 0239 0197 0198 0198.
0199 0199 0199 0199 0199 0199 0199 0199 0199 0199 0199 0199
0198 0192 0195 0195 0195 0194 0194 0194 0195 0195 0196 0197.
0198 0198 0198 0198 0198 0198 0198 0198 0199 0199 0199 0197
0195 0195 0193 0193 0193 0193 0213 0194 0194 0195 0196 0196.
0198 0198 0198 0199 0198 0199 0199 0199 0199 0200 0199 0198
0196 0195 0195 0195 0195 0197 0199 0199 0199 0199 0199 0200.
0200 0200 0201 0201 0201 0201 0200 0201 0201 0201 0201 0201
0200 0200 0200 0200 0200 0200 0199 0199 0199 0199 0199 0200.
0200 0200 0200 0200 0200 0200 0200 0200 0200 0200 0200 0200
0200 0200 0199 0199 0199 0199 0199 0199 0199 0199 0199 0199.
0199 0199 0199 0199 0199 0199 0199 0199 0199 0199 0198 0198
0198 0198 0198 0197 0196 0195 0194 0194 0194 0195 0195 0196.
0195 0196 0196 0196 0196 0196 0196 0196 0196 0196 0196 0195
0194 0193 0191 0191 0190 0190 0190 0190 0191 0191 0194 0195.
0195 0195 0195 0195 0195 0195 0195 0195 0196 0196 0196 0195
0195 0195 0194 0194 0194 0195 0196 0197 0197 0198 0197 0198.
0198 0198 0198 0199 0199 0199 0199 0199 0199 0199 0199 0199
0198 0197 0197 0195 0195 0195 0195 0196 0197 0197 0198 0198.
0198 0199 0199 0199 0199 0199 0199 0199 0200 0200 0200 0200
0200 0199 0199 0199 0198 0197 0197 0198 0201 0199 0199 0199.
0199 0199 0200 0200 0200 0200 0198 0200 0200 0200 0200 0200
0200 0200 0200 0199 0199 0198 0198 0194 0197 0198 0199 0199.
0199 0199 0199 0199 0200 0200 0200 0200 0199 0199 0199 0199
0198 0198 0196 0195 0195 0193 0194 0195 0196 0196 0197 0198.
0198 0198 0198 0198 0199 0199 0198 0199 0199 0199 0199 0199
0196 0195 0195 0193 0193 0194 0193 0194 0194 0194 0196 0197.
0198 0199 0199 0199 0199 0199 0199 0199 0200 0200 0200 0199
0199 0198 0197 0196 0195 0195 0195 0196 0197 0199 0199 0200.
0201 0201 0201 0202 0202 0197 0202 0202 0203 0203 0203 0203
0202 0201 0201 0200 0198 0199 0199 0200 0200 0201 0202 0203.
0204 0204 0205 0205 0205 0206 0206 0206 0207 0207 0207 0205
0205 0203 0202 0203 0201 0201 0202 0202 0203 0203 0205 0206.
0207 0208 0209 0209 0209 0209 0210 0209 0210 0210 0210 0209
0208 0207 0205 0205 0204 0205 0205 0206 0207 0208 0211 0211.
0211 0211 0212 0212 0213 0213 0213 0213 0213 0213 0213 0213
0214 0212 0209 0209 0209 0208 0209 0209 0209 0210 0211 0212.
0213 0213 0213 0213 0214 0214 0214 0215 0215 0215 0215 0215
0214 0214 0213 0213 0212 0212 0212 0212 0212 0213 0214 0215.
0216 0216 0216 0217 0217 0217 0217 0217 0217 0217 0217 0217
0216 0215 0215 0214 0213 0213 0212 0213 0213 0213 0214 0215.
0217 0217 0218 0218 0218 0218 0218 0218 0218 0219 0218 0217
0215 0215 0215 0214 0214 0213 0215 0215 0215 0216 0216 0217.
0217 0217 0217 0218 0218 0218 0218 0219 0219 0219 0219 0219
0219 0218 0218 0218 0218 0217 0217 0217 0217 0218 0218 0218.
0219 0219 0218 0218 0219 0219 0219 0219 0219 0219 0219 0218
0218 0217 0217 0215 0214 0213 0213 0213 0214 0215 0216 0216.
0216 0216 0217 0217 0217 0217 0217 0217 0217 0217 0217 0216
0216 0216 0215 0215 0216 0215 0215 0214 0215 0215 0216 0216.
0216 0217 0217 0217 0217 0217 0217 0217 0217 0217 0217 0217
0217 0216 0216 0216 0216 0216 0216 0216 0216 0216 0217 0217.
0217 0217 0217 0217 0217 0217 0217 0217 0217 0217 0217 0217
0217 0217 0217 0217 0216 0216 0215 0216 0216 0216 0216 0216.
0216 0217 0216 0216 0216 0216 0216 0216 0216 0216 0216 0215
0215 0215 0216 0215 0214 0214 0214 0214 0213 0214 0214 0214.
0214 0214 0214 0214 0214 0214 0214 0214 0214 0214 0214 0213
0213 0213 0213 0213 0212 0210 0209 0211 0211 0211 0212 0213.
0213 0213 0213 0213 0213 0213 0214 0214 0214 0214 0213 0213
0212 0210 0210 0211 0211 0211 0210 0210 0210 0211 0211 0212=
0177 0178 0178 0178 0178 0178 0178 0178 0178 0178 0178 0178
0178 0177 0177 0176 0175 0175 0175 0175 0227 0176 0177 0178.
0178 0178 0179 0179 0179 0179 0179 0180 0180 0180 0180 0179
0179 0177 0176 0176 0176 0175 0175 0175 0176 0177 0178 0179.
0179 0179 0179 0179 0179 0180 0180 0180 0181 0181 0181 0179
0177 0176 0175 0175 0175 0174 0179 0176 0176 0176 0178 0179.
0180 0180 0180 0180 0180 0180 0181 0181 0181 0181 0181 0180
0178 0177 0176 0176 0176 0179 0180 0180 0180 0180 0180 0181.
0181 0181 0182 0182 0182 0182 0182 0182 0182 0181 0182 0182
0181 0181 0181 0181 0181 0181 0180 0180 0180 0180 0181 0181.
0181 0181 0181 0181 0182 0182 0182 0182 0182 0182 0182 0182
0182 0182 0182 0182 0182 0182 0182 0182 0182 0183 0183 0183.
0183 0183 0183 0183 0184 0184 0184 0184 0184 0184 0184 0183
0183 0183 0183 0182 0182 0181 0179 0180 0180 0181 0182 0183.
0182 0183 0183 0183 0183 0183 0183 0183 0184 0184 0183 0182
0182 0181 0178 0178 0178 0178 0178 0178 0178 0179 0181 0183.
0183 0183 0183 0183 0183 0183 0183 0183 0183 0183 0183 0182
0181 0181 0181 0180 0181 0181 0182 0182 0183 0183 0183 0183.
0184 0184 0184 0184 0184 0184 0184 0184 0184 0184 0184 0183
0183 0182 0181 0179 0180 0180 0179 0180 0181 0182 0183 0183.
0183 0184 0184 0184 0184 0184 0184 0184 0184 0184 0184 0184
0184 0184 0183 0183 0183 0181 0182 0182 0184 0184 0184 0184.
0184 0184 0184 0184 0185 0185 0185 0185 0185 0185 0185 0185
0185 0184 0185 0184 0184 0183 0183 0183 0183 0183 0184 0184.
0184 0185 0185 0185 0185 0185 0185 0185 0185 0185 0185 0185
0185 0184 0182 0181 0181 0180 0181 0181 0182 0183 0183 0184.
0184 0185 0185 0185 0185 0185 0186 0186 0186 0186 0185 0185
0183 0182 0181 0180 0180 0180 0180 0180 0180 0180 0182 0183.
0184 0184 0185 0185 0185 0185 0185 0185 0185 0185 0185 0184
0183 0182 0181 0180 0179 0179 0179 0179 0180 0182 0183 0184.
0184 0184 0184 0185 0185 0182 0185 0185 0185 0185 0185 0184
0184 0183 0182 0180 0179 0180 0180 0180 0180 0181 0183 0183.
0184 0184 0185 0184 0185 0185 0186 0186 0186 0186 0185 0183
0183 0182 0181 0180 0179 0179 0180 0180 0181 0181 0183 0184.
0185 0186 0186 0186 0186 0187 0187 0187 0187 0187 0186 0185
0185 0183 0181 0180 0180 0180 0181 0181 0182 0184 0186 0186.
0186 0186 0187 0187 0188 0187 0188 0188 0188 0188 0188 0187
0189 0186 0183 0183 0183 0181 0182 0182 0182 0184 0185 0186.
0186 0186 0186 0187 0187 0188 0188 0188 0188 0188 0188 0188
0187 0187 0186 0186 0185 0184 0185 0184 0185 0186 0187 0188.
0188 0189 0189 0189 0190 0190 0190 0190 0190 0190 0190 0189
0189 0188 0188 0187 0186 0185 0185 0185 0186 0186 0187 0188.
0190 0190 0191 0191 0192 0191 0191 0191 0192 0192 0191 0190
0189 0188 0188 0188 0187 0187 0188 0188 0189 0190 0190 0190.
0191 0191 0191 0191 0191 0192 0192 0193 0193 0193 0193 0193
0193 0191 0192 0191 0191 0191 0191 0191 0191 0192 0191 0193.
0193 0193 0193 0193 0193 0193 0193 0194 0194 0194 0194 0193
0193 0193 0192 0190 0190 0189 0189 0189 0190 0192 0192 0192.
0193 0193 0193 0194 0194 0194 0194 0194 0194 0194 0194 0194
0193 0193 0192 0192 0193 0192 0192 0191 0192 0193 0193 0194.
0194 0194 0194 0194 0195 0194 0194 0194 0195 0195 0195 0195
0194 0194 0194 0194 0194 0194 0194 0194 0194 0194 0195 0195.
0195 0195 0195 0195 0196 0195 0195 0195 0196 0196 0196 0196
0195 0196 0196 0196 0196 0195 0195 0195 0196 0196 0196 0196.
0196 0196 0196 0196 0196 0196 0196 0196 0196 0196 0196 0197
0196 0196 0197 0195 0195 0195 0195 0195 0195 0195 0195 0196.
0196 0196 0196 0196 0196 0196 0196 0196 0196 0196 0196 0196
0195 0195 0196 0195 0195 0193 0192 0194 0194 0194 0195 0195.
0196 0196 0196 0196 0196 0196 0197 0197 0197 0197 0196 0196
0195 0194 0193 0194 0194 0194 0193 0193 0193 0194 0194 0195=
0164 0164 0165 0165 0165 0165 0164 0164 0164 0164 0164 0164
0164 0163 0163 0162 0161 0161 0161 0161 0201 0163 0163 0164.
0164 0164 0165 0165 0165 0165 0165 0165 0165 0165 0165 0165
0164 0160 0162 0161 0161 0161 0160 0160 0161 0162 0163 0164.
0164 0164 0165 0165 0165 0165 0165 0165 0166 0166 0166 0164
0162 0161 0160 0160 0160 0159 0165 0160 0161 0161 0163 0164.
0165 0165 0165 0165 0165 0165 0166 0166 0166 0166 0166 0164
0163 0162 0161 0161 0161 0163 0164 0165 0165 0165 0165 0166.
0166 0166 0166 0166 0166 0166 0166 0166 0166 0166 0166 0166
0166 0165 0166 0166 0166 0165 0165 0164 0164 0165 0165 0165.
0166 0166 0166 0166 0166 0166 0166 0166 0166 0166 0166 0166
0166 0166 0166 0166 0166 0166 0166 0166 0166 0166 0166 0166.
0166 0167 0167 0167 0167 0167 0167 0167 0167 0167 0167 0167
0166 0167 0166 0165 0165 0165 0163 0163 0163 0164 0165 0166.
0166 0166 0166 0166 0166 0167 0167 0167 0167 0167 0167 0166
0165 0164 0162 0162 0161 0161 0161 0161 0162 0162 0165 0166.
0166 0166 0166 0166 0166 0166 0166 0167 0167 0167 0167 0166
0165 0165 0164 0164 0164 0164 0166 0166 0167 0167 0167 0167.
0167 0167 0167 0167 0167 0168 0168 0168 0168 0168 0168 0167
0167 0165 0165 0163 0164 0163 0163 0164 0165 0165 0166 0166.
0167 0167 0167 0168 0168 0168 0168 0168 0168 0168 0168 0168
0168 0168 0167 0167 0166 0165 0165 0167 0168 0167 0168 0168.
0168 0168 0168 0168 0168 0168 0168 0168 0168 0168 0168 0168
0168 0168 0168 0168 0168 0167 0166 0169 0166 0167 0168 0167.
0168 0168 0168 0169 0169 0169 0169 0169 0169 0169 0169 0169
0168 0167 0166 0164 0165 0163 0164 0165 0165 0166 0167 0168.
0168 0168 0168 0168 0169 0169 0169 0169 0169 0169 0169 0168
0166 0165 0164 0163 0163 0163 0163 0164 0164 0164 0165 0167.
0168 0168 0168 0168 0168 0168 0168 0168 0168 0169 0169 0168
0167 0166 0165 0164 0163 0163 0163 0163 0164 0166 0167 0167.
0168 0168 0168 0168 0168 0171 0169 0169 0169 0169 0169 0168
0168 0167 0166 0165 0163 0164 0164 0164 0164 0165 0166 0167.
0168 0168 0168 0168 0169 0169 0169 0169 0170 0170 0169 0167
0167 0165 0165 0164 0163 0163 0163 0164 0164 0164 0166 0167.
0169 0169 0169 0170 0170 0170 0170 0169 0170 0170 0170 0168
0168 0167 0165 0164 0163 0164 0164 0165 0165 0167 0169 0169.
0169 0169 0170 0170 0171 0171 0170 0170 0170 0170 0170 0170
0167 0169 0166 0166 0165 0164 0165 0165 0165 0166 0167 0168.
0169 0169 0169 0169 0169 0170 0170 0170 0170 0170 0170 0170
0169 0169 0168 0168 0167 0166 0166 0166 0166 0167 0168 0169.
0170 0170 0171 0171 0171 0171 0171 0171 0171 0171 0171 0170
0170 0169 0169 0168 0167 0166 0166 0166 0167 0167 0167 0169.
0170 0171 0171 0171 0172 0171 0172 0172 0172 0172 0172 0170
0169 0169 0168 0168 0168 0167 0168 0168 0169 0169 0170 0170.
0171 0171 0171 0171 0171 0171 0172 0173 0172 0172 0172 0172
0172 0171 0171 0171 0171 0171 0170 0170 0170 0171 0171 0172.
0172 0172 0172 0172 0172 0172 0172 0172 0172 0173 0173 0172
0172 0172 0171 0169 0169 0167 0167 0167 0169 0170 0170 0171.
0171 0171 0172 0172 0172 0172 0172 0172 0172 0172 0172 0172
0171 0171 0171 0170 0171 0170 0170 0170 0170 0171 0171 0172.
0172 0172 0172 0172 0172 0172 0172 0172 0172 0173 0173 0172
0172 0172 0172 0172 0172 0172 0172 0171 0172 0172 0172 0173.
0173 0173 0173 0173 0173 0173 0173 0173 0173 0173 0173 0174
0174 0173 0173 0173 0173 0173 0172 0173 0173 0173 0173 0173.
0173 0173 0173 0173 0174 0173 0173 0173 0173 0173 0173 0174
0173 0173 0171 0173 0172 0172 0172 0172 0172 0172 0172 0173.
0173 0173 0173 0173 0173 0173 0173 0173 0173 0173 0173 0173
0172 0172 0172 0172 0171 0170 0169 0171 0171 0171 0172 0172.
0173 0173 0173 0173 0173 0173 0173 0174 0174 0174 0173 0173
0172 0170 0170 0171 0171 0171 0170 0170 0170 0171 0171 0172=
A=
SA
NN NN NN NN 00 00 00 00 00 00 00 00 00 00 00 00 00 00 00 00 NN NN NN NN 0459 1901 000
NN NN NN NN 00 00 00 00 00 00 00 00 00 00 00 00 00 00 00 00 NN NN NN NN 0458 1902 000
NN NN NN NN 00 00 00 00 00 00 00 00 00 00 00 00 00 00 00 00 NN NN NN NN 0458 1902 000
NN NN NN NN 00 00 00 00 00 00 00 00 00 00 00 00 00 00 00 00 NN NN NN NN 0458 1902 000
NN NN NN NN 00 00 00 00 00 00 00 00 00 00 00 00 00 00 00 00 NN NN NN NN 0457 1903 000
NN NN NN NN 00 00 00 00 00 00 00 00 00 00 00 00 00 00 00 00 NN NN NN NN 0457 1904 000
NN NN NN NN 00 00 00 00 00 00 00 00 00 00 00 00 00 00 00 00 NN NN NN NN 0456 1904 000
NN NN NN NN 00 00 00 00 00 00 00 00 00 00 00 00 00 00 00 00 NN NN NN NN 0456 1904 000
NN NN NN NN 00 00 00 00 00 00 00 00 00 00 00 00 00 00 00 00 NN NN NN NN 0456 1904 000
NN NN NN NN 00 00 00 00 00 00 00 00 00 00 00 00 00 00 00 00 NN NN NN NN 0456 1905 000
NN NN NN NN 00 00 00 00 00 00 00 00 00 00 00 00 00 00 00 00 NN NN NN NN 0455 1905 000
NN NN NN NN 00 00 00 00 00 00 00 00 00 00 00 00 00 00 00 00 NN NN NN NN 0455 1905 000
NN NN NN NN 00 00 00 00 00 00 00 00 00 00 00 00 00 00 00 00 NN NN NN NN 0455 1905 000
NN NN NN NN 00 00 00 00 00 00 00 00 00 00 00 00 00 00 00 00 NN NN NN NN 0455 1905 000
NN NN NN NN 00 00 00 00 00 00 00 00 00 00 00 00 00 00 00 00 NN NN NN NN 0455 1905 000
NN NN NN NN 00 00 00 00 00 00 00 00 00 00 00 00 00 00 00 00 NN NN NN NN 0455 1906 000
NN NN NN NN 00 00 00 00 00 00 00 00 00 00 00 00 00 00 00 00 NN NN NN NN 0455 1906 000
NN NN NN NN 00 00 00 00 00 00 00 00 00 00 00 00 00 00 00 00 NN NN NN NN 0454 1906 000
NN NN NN NN 00 00 00 00 00 00 00 00 00 00 00 00 00 00 00 00 NN NN NN NN 0454 1906 000
NN NN NN NN 00 00 00 00 00 00 00 00 00 00 00 00 00 00 00 00 NN NN NN NN 0454 1906 000
NN NN NN NN 00 00 00 00 00 00 00 00 00 00 00 00 00 00 00 00 NN NN NN NN 0454 1906 000
NN NN NN NN 00 00 00 00 00 00 00 00 00 00 00 00 00 00 00 00 NN NN NN NN 0454 1906 000
NN NN NN NN 00 00 00 00 00 00 00 00 00 00 00 00 00 00 00 00 NN NN NN NN 0454 1906 000
NN NN NN NN 00 00 00 00 00 00 00 00 00 00 00 00 00 00 00 00 NN NN NN NN 0454 1906 000
NN NN NN NN 00 00 00 00 00 00 00 00 00 00 00 00 00 00 00 00 NN NN NN NN 0454 1906 000
NN NN NN NN 00 00 00 00 00 00 00 00 00 00 00 00 00 00 00 00 NN NN NN NN 0454 1906 000
NN NN NN NN 00 00 00 00 00 00 00 00 00 00 00 00 00 00 00 00 NN NN NN NN 0454 1906 000
NN NN NN NN 00 00 00 00 00 00 00 00 00 00 00 00 00 00 00 00 NN NN NN NN 0455 1906 000
NN NN NN NN 00 00 00 00 00 00 00 00 00 00 00 00 00 00 00 00 NN NN NN NN 0455 1906 000
NN NN NN NN 00 00 00 00 00 00 00 00 00 00 00 00 00 00 00 00 NN NN NN NN 0455 1905 000=
BA
0183 0180 0179 0177 0176 0174 0177 0176 0174 0173 0176 0192
0201 0213 0259 0248 0295 0315 0297 0279 0234 0225 0206 0193 0368 1516 0172 0537.
0191 0187 0184 0180 0178 0176 0175 0174 0172 0172 0174 0187
0204 0276 0282 0291 0293 0342 0308 0331 0281 0247 0220 0207 0363 1523 0172 0500.
0201 0200 0199 0199 0194 0193 0193 0186 0174 0169 0182 0226
0281 0311 0351 0374 0296 0368 0343 0300 0291 0258 0243 0224 0406 1146 0169 0557.
0216 0208 0202 0198 0193 0190 0187 0188 0182 0177 0189 0243
0257 0325 0307 0335 0313 0243 0213 0224 0220 0209 0201 0189 0394 1216 0177 0556.
0183 0181 0181 0180 0181 0181 0181 0181 0180 0180 0181 0182
0200 0204 0191 0194 0199 0217 0229 0247 0231 0213 0205 0198 0259 1616 0178 2216.
0194 0193 0192 0191 0189 0187 0187 0186 0185 0183 0183 0187
0187 0188 0191 0208 0200 0205 0198 0195 0191 0186 0183 0182 0208 1200 0182 0624.
0180 0179 0178 0174 0174 0174 0174 0173 0172 0172 0175 0177
0186 0187 0196 0219 0229 0251 0283 0322 0274 0237 0220 0208 0337 1605 0171 0438.
0203 0200 0197 0195 0190 0191 0190 0184 0183 0182 0192 0218
0241 0271 0395 0338 0407 0392 0410 0333 0320 0271 0230 0233 0430 1246 0180 0417.
0226 0224 0219 0219 0217 0214 0213 0210 0207 0203 0214 0231
0236 0245 0263 0269 0275 0278 0239 0217 0210 0205 0203 0197 0280 1355 0197 1959.
0192 0190 0191 0190 0189 0187 0186 0185 0184 0182 0187 0206
0212 0251 0279 0302 0286 0284 0309 0273 0258 0237 0218 0211 0318 1142 0182 0558.
0206 0202 0202 0198 0197 0197 0195 0194 0190 0187 0191 0194
0196 0207 0210 0233 0236 0263 0256 0224 0212 0204 0204 0200 0277 1341 0186 0606.
0199 0199 0195 0192 0191 0189 0191 0191 0190 0189 0191 0192
0203 0199 0204 0209 0209 0252 0225 0246 0242 0216 0211 0206 0261 1446 0188 0201.
0200 0199 0195 0194 0191 0188 0187 0186 0187 0189 0192 0200
0204 0237 0264 0290 0325 0343 0309 0292 0264 0255 0236 0223 0355 1349 0185 0405.
0221 0215 0211 0208 0205 0203 0198 0195 0191 0190 0199 0218
0283 0297 0325 0359 0374 0388 0391 0336 0340 0291 0258 0247 0404 1413 0190 0554.
0241 0235 0231 0228 0226 0225 0223 0219 0218 0216 0222 0232
0255 0299 0302 0331 0356 0384 0391 0347 0323 0273 0259 0252 0395 1349 0214 0608.
0248 0245 0238 0233 0232 0229 0228 0226 0225 0224 0231 0245
0259 0289 0297 0354 0375 0356 0355 0365 0333 0289 0266 0253 0391 1250 0224 0548.
0248 0245 0242 0240 0236 0234 0224 0221 0215 0213 0233 0251
0294 0332 0347 0360 0395 0374 0393 0371 0340 0313 0278 0266 0410 1523 0212 0531.
0252 0243 0237 0232 0227 0222 0218 0218 0215 0213 0239 0251
0265 0304 0370 0409 0408 0385 0378 0342 0311 0287 0250 0252 0443 1239 0213 0547.
0249 0234 0226 0226 0220 0223 0218 0219 0217 0215 0223 0226
0235 0270 0347 0347 0366 0396 0358 0366 0364 0308 0280 0265 0436 1425 0214 0602.
0259 0252 0245 0238 0232 0228 0223 0220 0217 0214 0215 0231
0243 0242 0272 0280 0296 0313 0326 0316 0307 0287 0264 0252 0329 1452 0213 0612.
0243 0237 0230 0228 0222 0221 0218 0217 0217 0220 0225 0235
0251 0259 0271 0302 0305 0326 0325 0354 0321 0288 0268 0248 0368 1438 0215 0604.
0237 0231 0225 0220 0217 0215 0213 0211 0208 0208 0219 0248
0273 0282 0290 0299 0311 0325 0299 0297 0273 0261 0253 0243 0348 1351 0207 0519.
0237 0233 0230 0227 0221 0216 0211 0208 0206 0205 0206 0213
0221 0243 0240 0242 0247 0246 0255 0269 0247 0237 0231 0219 0270 1602 0204 0548.
0215 0212 0213 0210 0208 0209 0207 0205 0205 0203 0206 0216
0218 0227 0254 0290 0339 0343 0351 0333 0293 0260 0252 0242 0371 1517 0203 0542.
0235 0232 0227 0223 0222 0221 0220 0219 0219 0218 0222 0229
0240 0252 0254 0264 0255 0258 0275 0284 0270 0259 0245 0238 0292 1533 0218 0556.
0233 0231 0228 0226 0225 0224 0222 0220 0219 0220 0220 0223
0227 0237 0242 0234 0241 0246 0254 0263 0241 0238 0226 0223 0267 1532 0216 0503.
0219 0218 0216 0215 0216 0215 0214 0214 0213 0212 0213 0213
0215 0219 0223 0226 0232 0243 0246 0232 0225 0222 0220 0217 0249 1518 0212 0447.
0215 0214 0214 0213 0212 0213 0213 0212 0212 0213 0214 0215
0220 0226 0232 0241 0248 0249 0249 0257 0266 0246 0240 0233 0266 1658 0211 0421.
0229 0227 0225 0224 0224 0223 0222 0222 0220 0219 0224 0234
0241 0244 0243 0246 0273 0310 0303 0270 0273 0264 0252 0245 0341 1434 0219 0557.
0240 0238 0235 0233 0231 0230 0227 0221 0219 0220 0229 0246
0269 0296 0322 0275 0296 0289 0314 0303 0299 0290 0277 0263 0332 1104 0219 0500=
=
??????
******
YF
13064
江苏省
吕泗国家基准气候站
启东市吕四港镇北门外滨海







=
JY
8888=
GK
01/
05/=
BZ
00/320400/1213600
10/24/逐时观测
10/24/24时连续观测
11/守班=
######
