58265 3204N 12136E 000055 000065 105 000 S11 11111999119199111911 0 2010 05
PC
9571 9580 9586 9587 9584 9575 9572 9569 9568 9573 9578 9586
9592 9595 9593 9588 9575 9565 9555 9549 9550 9543 9543 9547 9595 0956 9540 1838.
9553 9557 9560 9557 9554 9549 9542 9537 9537 9541 9544 9550
9554 9553 9550 9543 9530 9517 9505 9493 9486 9482 9484 9485 9560 2255 9481 1805.
9490 9493 9485 9485 9490 9485 9477 9471 9467 9466 9469 9475
9473 9472 9472 9468 9459 9452 9447 9444 9446 9449 9452 9464 9498 0024 9443 1546.
9461 9470 9472 9462 9463 9456 9446 9448 9446 9448 9450 9451
9450 9445 9442 9433 9423 9417 9411 9405 9409 9409 9410 9418 9472 2300 9402 1630.
9426 9430 9435 9439 9440 9437 9436 9435 9440 9447 9456 9465
9466 9470 9471 9468 9463 9461 9459 9456 9455 9457 9465 9479 9479 2000 9418 2001.
9487 9501 9505 9511 9518 9516 9526 9525 9529 9537 9543 9556
9565 9573 9577 9578 9578 9571 9567 9561 9557 9555 9559 9561 9579 1129 9478 2001.
9568 9574 9574 9573 9566 9559 9557 9556 9554 9553 9557 9555
9557 9556 9551 9547 9537 9527 9518 9510 9501 9500 9501 9507 9576 2312 9498 1732.
9513 9521 9525 9522 9515 9506 9502 9496 9494 9493 9497 9500
9502 9502 9499 9496 9488 9486 9482 9478 9476 9476 9480 9489 9526 2245 9475 1643.
9498 9512 9518 9522 9527 9525 9523 9520 9519 9524 9534 9544
9555 9560 9565 9565 9567 9562 9560 9556 9557 9563 9568 9579 9579 2000 9489 2001.
9585 9590 9594 9597 9594 9589 9585 9579 9577 9578 9580 9584
9584 9584 9577 9571 9565 9554 9542 9537 9536 9539 9545 9553 9598 2338 9535 1639.
9557 9565 9571 9570 9570 9566 9560 9559 9560 9563 9569 9572
9578 9576 9572 9570 9566 9559 9547 9539 9531 9527 9527 9531 9578 0859 9526 1745.
9538 9542 9544 9541 9532 9532 9522 9517 9515 9513 9515 9519
9525 9525 9520 9516 9510 9504 9496 9491 9493 9493 9496 9506 9545 2253 9491 1558.
9514 9521 9528 9525 9520 9518 9511 9508 9501 9504 9510 9514
9521 9524 9527 9522 9523 9519 9515 9511 9511 9517 9526 9537 9537 1959 9500 0503.
9550 9558 9565 9568 9566 9565 9563 9564 9566 9570 9575 9577
9583 9585 9583 9577 9567 9552 9540 9533 9529 9525 9527 9533 9585 1000 9524 1755.
9539 9547 9549 9548 9542 9538 9536 9531 9526 9523 9526 9530
9527 9528 9520 9516 9509 9501 9492 9485 9481 9483 9490 9495 9551 2319 9479 1717.
9498 9507 9508 9513 9508 9502 9498 9496 9494 9496 9501 9502
9505 9504 9507 9504 9504 9496 9491 9490 9497 9501 9509 9523 9523 1959 9489 1522.
9535 9543 9543 9541 9534 9533 9525 9523 9521 9519 9518 9526
9522 9517 9512 9504 9496 9490 9483 9477 9474 9480 9497 9511 9546 2236 9473 1623.
9529 9541 9549 9558 9555 9549 9547 9547 9544 9545 9548 9555
9556 9556 9555 9553 9547 9541 9534 9529 9528 9533 9532 9543 9559 2346 9511 2001.
9552 9564 9566 9568 9566 9557 9546 9545 9548 9551 9557 9561
9561 9560 9558 9556 9552 9545 9538 9534 9533 9535 9537 9546 9572 2340 9531 1622.
9535 9547 9555 9553 9550 9537 9532 9529 9527 9524 9531 9537
9539 9540 9539 9533 9528 9523 9513 9511 9507 9508 9510 9516 9556 2309 9505 1725.
9517 9527 9535 9536 9531 9530 9526 9523 9528 9531 9534 9541
9549 9549 9548 9546 9539 9533 9526 9522 9519 9517 9522 9527 9550 0934 9514 2052.
9541 9543 9552 9549 9546 9539 9532 9530 9526 9529 9532 9538
9537 9534 9528 9527 9520 9507 9498 9488 9485 9490 9494 9499 9553 2247 9485 1659.
9513 9518 9517 9513 9508 9502 9499 9498 9498 9503 9507 9511
9512 9513 9509 9504 9498 9490 9481 9475 9472 9469 9470 9477 9519 2240 9469 1756.
9480 9483 9487 9489 9489 9486 9483 9481 9483 9486 9491 9494
9494 9491 9487 9480 9471 9462 9452 9445 9438 9437 9442 9445 9495 0850 9436 1721.
9451 9454 9457 9456 9453 9447 9447 9445 9442 9443 9446 9457
9462 9463 9462 9465 9464 9461 9455 9452 9448 9447 9451 9455 9467 1225 9442 0452.
9458 9465 9467 9460 9457 9454 9450 9450 9451 9455 9463 9473
9480 9488 9493 9498 9496 9496 9492 9490 9487 9486 9496 9506 9506 1956 9450 0256.
9516 9527 9536 9538 9539 9533 9531 9529 9528 9531 9537 9541
9543 9548 9545 9539 9537 9531 9524 9517 9513 9513 9515 9525 9548 0959 9506 2003.
9532 9543 9550 9551 9549 9545 9542 9543 9545 9548 9556 9561
9565 9566 9565 9559 9554 9550 9541 9537 9531 9532 9534 9540 9568 0930 9525 2001.
9546 9552 9555 9554 9548 9547 9539 9535 9535 9543 9549 9552
9554 9552 9553 9548 9537 9528 9520 9514 9506 9502 9502 9509 9556 2228 9501 1824.
9514 9521 9525 9526 9523 9521 9514 9513 9513 9513 9517 9520
9524 9523 9522 9516 9519 9514 9505 9498 9495 9495 9498 9505 9527 2337 9494 1643.
9511 9517 9521 9521 9516 9511 9503 9500 9504 9507 9509 9515
9517 9521 9522 9525 9526 9523 9519 //// 9521 9525 9533 9542 9542 1958 9500 0355=
9582 9593 9572 9554
9556 9557 9524 9492
9492 9482 9459 9471
9463 9458 9424 9425
9444 9472 9468 9486
9523 9563 9578 9568
9566 9562 9534 9514
9513 9507 9493 9496
9532 9551 9569 9586
9596 9591 9561 9560
9573 9579 9566 9538
9539 9526 9511 9513
9525 9521 9526 9544
9572 9584 9559 9540
9545 9537 9508 9502
9509 9509 9503 9530
9540 9533 9497 9518
9556 9562 9548 9550
9564 9568 9552 9553
9544 9544 9530 9523
9537 9548 9540 9534
9546 9545 9514 9506
9509 9518 9497 9484
9493 9501 9469 9452
9454 9464 9468 9462
9461 9480 9503 9513
9540 9548 9538 9532
9552 9568 9557 9547
9554 9559 9535 9516
9528 9527 9521 9512
9518 9522 9530 9549=
TB
0217 0208 0210 0206 0195 0191 0189 0207 0187 0190 0189 0211
0231 0246 0257 0263 0275 0274 0280 0275 0270 0263 0253 0232 0288 1456 0184 0537.
0214 0205 0201 0198 0190 0188 0186 0182 0181 0175 0175 0200
0221 0244 0264 0278 0287 0295 0305 0302 0299 0294 0278 0250 0309 1553 0173 0616.
0240 0235 0255 0248 0212 0211 0208 0210 0209 0207 0207 0209
0217 0226 0228 0236 0242 0249 0240 0237 0232 0222 0215 0211 0256 2247 0207 0556.
0196 0197 0196 0193 0192 0192 0189 0187 0187 0185 0189 0197
0214 0237 0253 0268 0277 0289 0299 0299 0298 0295 0283 0272 0308 1711 0185 0548.
0242 0242 0245 0216 0219 0208 0206 0202 0214 0216 0222 0224
0225 0231 0235 0250 0259 0257 0255 0249 0251 0246 0245 0223 0272 2001 0201 0354.
0235 0222 0222 0224 0202 0187 0180 0174 0169 0171 0168 0170
0175 0180 0189 0193 0203 0199 0208 0212 0213 0211 0207 0196 0235 2100 0165 0650.
0192 0192 0182 0176 0174 0179 0178 0175 0173 0173 0168 0176
0185 0188 0194 0201 0204 0211 0219 0216 0217 0214 0204 0197 0227 1518 0166 0653.
0194 0191 0186 0183 0179 0178 0177 0173 0172 0171 0172 0180
0195 0194 0210 0221 0229 0233 0233 0233 0241 0238 0228 0223 0244 1715 0169 0551.
0207 0217 0212 0195 0194 0192 0180 0177 0176 0177 0177 0180
0184 0189 0192 0186 0165 0168 0184 0191 0192 0188 0184 0184 0223 2001 0163 1254.
0183 0175 0164 0171 0165 0163 0160 0154 0154 0146 0147 0155
0163 0177 0193 0205 0214 0217 0225 0241 0226 0217 0204 0194 0241 1559 0143 0632.
0186 0179 0174 0169 0165 0159 0153 0150 0150 0140 0146 0167
0182 0202 0206 0200 0200 0217 0228 0226 0231 0226 0216 0205 0236 1509 0137 0621.
0182 0176 0177 0175 0174 0173 0171 0172 0173 0176 0172 0172
0169 0176 0183 0189 0192 0201 0189 0190 0181 0181 0181 0180 0204 2001 0168 0855.
0179 0172 0172 0173 0173 0171 0171 0169 0167 0164 0169 0176
0180 0186 0194 0199 0208 0228 0222 0236 0219 0218 0212 0194 0237 1559 0160 0621.
0184 0184 0182 0174 0172 0174 0171 0166 0168 0170 0171 0174
0198 0202 0208 0221 0233 0234 0236 0235 0238 0234 0222 0213 0251 1531 0166 0400.
0207 0202 0196 0182 0183 0181 0180 0178 0177 0175 0177 0178
0185 0189 0191 0192 0193 0192 0197 0199 0200 0195 0193 0193 0213 2001 0174 0548.
0192 0191 0186 0182 0180 0180 0180 0174 0174 0175 0176 0180
0185 0191 0204 0222 0222 0228 0236 0231 0233 0230 0225 0210 0239 1451 0173 0409.
0211 0200 0202 0194 0190 0186 0189 0189 0182 0178 0187 0194
0207 0224 0236 0242 0244 0239 0250 0244 0243 0240 0233 0231 0258 1221 0177 0607.
0226 0215 0211 0192 0188 0180 0180 0180 0180 0179 0182 0186
0188 0200 0200 0205 0209 0211 0213 0202 0199 0196 0187 0184 0232 2017 0178 0246.
0194 0174 0166 0167 0166 0163 0165 0159 0162 0165 0163 0168
0178 0184 0198 0206 0214 0219 0217 0206 0197 0193 0195 0193 0222 1315 0159 0400.
0184 0181 0177 0170 0168 0147 0148 0147 0149 0150 0153 0157
0165 0173 0178 0184 0189 0194 0194 0192 0190 0188 0184 0177 0200 1433 0142 0222.
0173 0170 0170 0166 0166 0166 0165 0165 0165 0164 0166 0169
0170 0179 0188 0193 0200 0210 0212 0209 0208 0201 0194 0180 0217 1530 0163 0556.
0177 0180 0178 0172 0174 0173 0173 0175 0167 0162 0166 0187
0203 0219 0240 0251 0260 0275 0276 0285 0280 0283 0271 0259 0291 1649 0159 0516.
0201 0192 0193 0182 0174 0170 0166 0176 0167 0159 0171 0218
0230 0249 0268 0278 0287 0301 0309 0310 0300 0280 0261 0236 0314 1549 0158 0603.
0221 0211 0205 0199 0194 0193 0188 0186 0185 0193 0199 0245
0263 0277 0293 0301 0309 0318 0325 0321 0319 0321 0303 0266 0328 1503 0184 0438.
0245 0242 0242 0239 0234 0231 0237 0239 0233 0229 0229 0239
0225 0230 0236 0224 0222 0206 0202 0199 0199 0196 0196 0197 0265 2001 0195 1757.
0196 0195 0195 0195 0197 0196 0195 0196 0196 0195 0196 0196
0194 0194 0194 0197 0202 0206 0213 0213 0218 0220 0214 0207 0221 1739 0193 1042.
0199 0194 0188 0187 0180 0177 0176 0176 0177 0177 0179 0183
0191 0205 0210 0220 0235 0245 0254 0263 0272 0269 0259 0222 0273 1708 0175 0220.
0210 0227 0224 0217 0209 0200 0197 0191 0189 0190 0199 0211
0224 0242 0246 0262 0271 0262 0256 0258 0254 0251 0246 0240 0278 1231 0189 0500.
0233 0229 0215 0211 0190 0186 0184 0180 0178 0180 0190 0234
0242 0254 0266 0272 0285 0286 0283 0296 0294 0290 0279 0261 0302 1717 0175 0503.
0233 0224 0221 0225 0218 0212 0210 0213 0222 0208 0213 0232
0247 0265 0274 0272 0208 0207 0214 0220 0221 0218 0217 0214 0289 1123 0201 1329.
0213 0215 0210 0204 0202 0200 0200 0203 0203 0202 0201 0202
0205 0202 0199 0195 0194 0196 0198 //// 0203 0199 0198 0198 0216 2154 0194 1224=
IB
=
0164 0166 0170 0170 0165 0167 0167 0169 0165 0170 0169 0171
0166 0163 0154 0160 0158 0161 0166 0158 0151 0157 0170 0174.
0176 0175 0175 0174 0170 0171 0169 0167 0168 0162 0162 0174
0164 0167 0169 0164 0156 0145 0142 0139 0141 0148 0161 0164.
0170 0175 0169 0178 0193 0196 0193 0195 0192 0190 0192 0190
0193 0188 0181 0183 0179 0188 0180 0177 0179 0176 0175 0171.
0179 0184 0183 0181 0180 0180 0177 0175 0175 0173 0179 0185
0188 0177 0183 0170 0157 0161 0167 0167 0166 0177 0172 0179.
0211 0201 0184 0188 0191 0189 0191 0187 0199 0197 0199 0196
0200 0201 0199 0196 0200 0196 0199 0195 0195 0178 0154 0147.
0076 0076 0080 0070 0114 0127 0133 0143 0144 0138 0143 0141
0140 0137 0140 0133 0110 0140 0130 0129 0135 0133 0129 0103.
0105 0094 0106 0125 0131 0112 0114 0115 0122 0126 0129 0133
0127 0128 0122 0121 0121 0128 0125 0119 0120 0120 0124 0127.
0127 0128 0130 0130 0130 0135 0136 0136 0135 0138 0137 0137
0141 0140 0132 0132 0128 0123 0126 0132 0133 0134 0136 0139.
0150 0148 0146 0160 0155 0155 0156 0160 0161 0162 0162 0165
0169 0170 0170 0171 0154 0157 0153 0146 0136 0109 0115 0108.
0099 0109 0128 0128 0134 0130 0133 0136 0139 0131 0134 0128
0132 0134 0123 0127 0131 0125 0106 0114 0117 0125 0126 0127.
0128 0132 0133 0132 0134 0134 0133 0132 0132 0124 0133 0140
0137 0134 0131 0132 0130 0136 0136 0134 0130 0131 0140 0151.
0160 0161 0162 0158 0159 0156 0154 0155 0158 0159 0157 0159
0142 0147 0152 0148 0142 0145 0144 0145 0150 0150 0150 0154.
0152 0155 0159 0160 0160 0158 0153 0151 0151 0149 0154 0149
0147 0141 0147 0145 0142 0144 0138 0146 0153 0149 0151 0159.
0164 0166 0167 0154 0155 0161 0158 0153 0155 0155 0136 0127
0123 0129 0122 0106 0120 0115 0113 0106 0108 0101 0125 0122.
0119 0122 0128 0143 0142 0142 0145 0145 0142 0146 0142 0141
0140 0137 0142 0138 0146 0145 0143 0143 0144 0143 0141 0141.
0142 0144 0145 0145 0145 0145 0145 0149 0150 0148 0147 0147
0146 0148 0147 0143 0146 0149 0140 0141 0140 0140 0151 0160.
0150 0154 0156 0157 0162 0162 0160 0160 0160 0158 0163 0166
0161 0153 0138 0131 0130 0135 0136 0136 0129 0126 0132 0121.
0134 0151 0147 0166 0171 0167 0165 0162 0167 0166 0169 0173
0162 0144 0104 0097 0079 0077 0082 0112 0098 0100 0118 0124.
0114 0133 0139 0147 0141 0145 0138 0141 0146 0142 0112 0106
0111 0105 0105 0113 0106 0110 0117 0128 0134 0137 0134 0123.
0133 0140 0144 0143 0148 0127 0127 0129 0133 0132 0137 0139
0136 0134 0135 0126 0131 0124 0138 0138 0138 0143 0143 0148.
0153 0152 0150 0150 0148 0148 0147 0143 0143 0139 0139 0140
0139 0138 0134 0135 0141 0137 0124 0138 0142 0147 0157 0151.
0151 0160 0152 0152 0150 0151 0151 0144 0138 0146 0146 0146
0144 0148 0144 0123 0125 0123 0116 0124 0111 0114 0127 0124.
0155 0155 0158 0151 0149 0148 0148 0149 0145 0141 0154 0159
0156 0155 0149 0130 0130 0116 0113 0093 0095 0135 0155 0166.
0166 0167 0165 0160 0157 0163 0162 0162 0163 0165 0171 0177
0168 0140 0154 0150 0128 0126 0132 0129 0132 0133 0144 0179.
0172 0191 0193 0185 0193 0184 0188 0181 0188 0187 0189 0179
0189 0188 0180 0182 0178 0182 0183 0184 0186 0181 0179 0178.
0177 0180 0182 0182 0184 0183 0182 0183 0183 0182 0179 0176
0175 0177 0177 0173 0170 0168 0167 0167 0167 0154 0157 0161.
0171 0174 0169 0169 0165 0162 0161 0163 0164 0162 0164 0168
0165 0163 0153 0151 0161 0152 0160 0151 0142 0146 0134 0165.
0164 0163 0167 0169 0169 0170 0167 0165 0165 0170 0177 0171
0160 0160 0166 0143 0152 0153 0153 0146 0165 0163 0166 0168.
0175 0174 0175 0173 0168 0169 0167 0165 0165 0167 0177 0181
0182 0181 0174 0171 0168 0159 0162 0142 0144 0159 0159 0166.
0173 0175 0183 0189 0184 0186 0184 0185 0186 0187 0194 0207
0186 0194 0187 0177 0196 0195 0204 0210 0209 0195 0196 0191.
0190 0191 0188 0187 0183 0183 0185 0181 0181 0180 0175 0176
0177 0172 0177 0176 0177 0177 0176 //// 0167 0158 0155 0155=
EA
187 189 194 194 188 190 190 193 188 193 192 195
189 186 175 181 180 182 189 180 171 178 193 199.
201 200 200 199 193 195 193 190 191 184 184 199
186 189 193 187 177 165 162 159 160 168 183 187.
194 200 192 203 224 228 223 226 222 220 222 220
223 217 208 210 205 217 206 202 205 201 200 195.
205 211 210 208 207 207 203 200 200 198 205 213
217 202 210 194 178 183 190 190 189 202 196 206.
251 235 212 217 221 219 221 215 232 230 233 227
234 235 232 228 234 228 232 227 226 204 175 167.
104 104 107 100 135 147 153 163 164 158 163 161
160 157 159 152 131 160 150 148 154 153 149 125.
127 118 127 145 151 133 134 136 142 146 149 153
147 147 142 141 141 148 144 139 140 140 144 147.
146 148 150 149 150 155 156 156 155 158 157 157
161 160 152 152 148 143 146 152 153 153 155 159.
171 169 166 181 176 176 177 182 183 184 184 188
192 194 193 195 174 178 173 166 156 130 135 129.
122 130 147 148 154 150 153 156 159 151 154 148
152 154 143 147 150 145 128 135 137 145 146 146.
148 152 153 152 154 153 153 152 152 144 153 160
157 154 150 152 150 156 155 153 150 151 160 171.
182 183 184 180 181 178 175 177 180 181 178 180
162 167 172 168 162 165 164 165 170 170 170 175.
172 177 180 182 182 179 173 171 171 170 175 169
167 161 167 165 162 164 158 166 173 170 171 180.
186 188 190 175 177 183 179 174 176 176 156 147
143 149 142 128 140 135 134 127 130 124 144 142.
139 142 148 163 162 162 165 165 162 166 162 161
160 157 161 158 166 165 163 163 164 163 161 161.
162 164 165 165 165 165 165 169 171 168 167 167
166 168 168 163 166 169 160 161 160 160 172 181.
170 175 177 178 184 184 181 181 182 179 185 189
183 173 157 151 150 154 155 156 149 146 152 141.
153 172 168 189 195 190 188 184 190 189 192 197
184 164 126 121 106 105 109 133 121 123 138 144.
135 153 159 167 160 165 158 161 166 161 133 128
132 127 127 133 127 131 138 148 154 157 154 143.
152 160 164 163 168 147 146 149 152 152 156 159
156 154 155 146 151 144 158 158 158 163 163 168.
174 172 170 170 168 168 167 163 163 158 159 160
159 158 154 154 161 157 143 158 162 167 178 171.
172 182 173 173 171 172 172 164 158 166 166 166
164 168 164 143 145 143 137 144 132 135 147 144.
176 176 179 171 169 168 168 169 165 161 175 180
177 176 169 149 150 137 134 117 119 155 176 189.
189 190 188 181 178 186 184 184 185 188 195 203
192 160 175 171 147 146 152 148 151 153 164 205.
197 220 223 213 224 212 217 208 217 215 218 205
218 216 207 209 203 209 211 211 214 207 205 204.
203 206 208 208 211 210 208 210 210 208 205 201
200 203 203 197 194 192 190 190 191 174 178 183.
195 198 193 192 188 184 183 185 186 184 187 191
188 186 174 172 182 172 182 171 162 167 154 187.
186 185 190 192 193 194 190 188 188 193 202 195
181 181 189 163 172 173 174 166 188 185 189 191.
200 198 200 198 191 193 190 188 187 190 202 207
208 208 198 195 191 180 185 162 164 180 180 189.
197 200 210 218 211 214 211 213 214 216 225 244
215 225 215 202 228 227 239 248 247 227 228 222.
220 220 216 216 211 210 213 207 207 206 200 201
202 196 202 202 203 203 201 /// 190 179 175 175=
UB
72 77 78 80 83 86 87 79 87 88 88 78
67 60 53 53 49 50 50 49 48 52 60 70 46 1341.
79 83 85 86 88 90 90 91 92 92 92 85
70 62 56 50 45 40 37 37 38 41 49 59 36 1513.
65 69 59 65 89 91 91 91 90 90 91 89
86 79 75 72 68 69 69 69 72 75 78 78 58 2002.
90 92 92 93 93 93 93 93 93 93 94 93
85 69 65 55 48 46 45 45 45 49 51 57 42 1456.
83 78 69 84 84 89 91 91 91 89 87 84
86 83 80 72 70 69 71 72 71 66 57 62 47 1930.
36 39 40 37 57 68 74 82 85 81 85 83
80 76 73 68 55 69 61 59 61 61 61 55 34 2121.
57 53 61 72 76 65 66 68 72 74 78 76
69 68 63 60 59 59 55 54 54 55 60 64 50 1507.
65 67 70 71 73 76 77 79 79 81 80 76
71 71 61 57 53 50 51 53 51 52 56 59 50 1400.
70 65 66 80 78 79 86 90 91 91 91 91
91 89 87 91 93 93 82 75 70 60 64 61 59 2004.
58 65 79 76 82 81 84 89 91 91 92 84
82 76 64 61 59 56 47 45 50 56 61 65 42 1432.
69 74 77 79 82 85 88 89 89 90 92 84
75 65 62 65 64 60 56 56 53 55 62 71 51 1715.
87 91 91 90 91 90 90 90 91 90 91 92
84 83 82 77 73 70 75 75 82 82 82 85 67 1404.
84 90 92 92 92 92 89 89 90 91 91 84
81 75 74 71 66 59 59 57 66 65 68 80 55 1555.
88 89 91 88 90 92 92 92 92 91 80 74
62 63 58 48 49 47 46 44 44 43 54 56 40 1537.
57 60 65 78 77 78 80 81 80 83 80 79
75 72 73 71 74 74 71 70 70 72 72 72 55 2020.
73 74 77 79 80 80 80 85 86 84 83 81
78 76 70 61 62 61 55 57 56 57 63 73 54 1508.
68 75 75 79 84 86 83 83 87 88 86 84
75 64 54 50 49 52 49 51 49 49 53 50 42 1224.
56 67 67 85 90 92 91 89 92 92 92 92
85 70 54 50 43 42 43 56 52 54 64 68 41 1345.
60 77 84 88 85 89 84 89 90 86 72 67
65 60 55 55 50 50 53 61 67 70 68 64 48 1403.
72 77 81 84 88 88 87 89 90 89 90 89
83 78 76 69 69 64 70 71 72 75 77 83 63 2006.
88 89 88 90 89 89 89 87 87 85 84 83
82 77 71 69 69 63 57 64 66 71 79 83 55 1526.
85 88 85 88 86 87 87 82 83 90 88 77
69 64 55 45 43 39 37 37 35 35 41 43 29 1642.
75 79 80 82 85 87 89 84 87 89 90 69
63 56 48 40 38 32 30 26 28 41 52 65 23 1544.
71 76 78 78 79 83 85 86 87 84 84 66
56 43 43 40 33 31 31 31 32 32 38 59 28 1647.
64 73 74 72 78 75 74 70 76 77 78 69
80 77 71 77 76 86 89 91 92 91 90 89 57 2002.
89 91 92 92 92 92 92 92 92 92 90 88
89 90 90 86 82 79 75 75 73 66 70 75 65 1757.
84 88 89 89 91 91 91 92 92 91 91 91
85 77 70 65 63 56 56 50 45 47 46 70 40 1817.
75 67 70 74 78 83 83 85 86 88 87 78
67 60 61 48 48 51 53 50 58 58 61 64 45 1214.
70 71 78 79 87 90 90 91 92 92 92 72
69 64 57 54 49 46 48 39 40 45 48 56 36 1738.
69 74 79 80 81 85 85 84 80 88 89 86
69 65 59 56 93 93 94 94 93 87 88 87 54 1118.
87 86 87 90 89 90 91 87 87 87 85 85
84 83 87 89 90 89 87 // 80 77 76 76 75 1901=
N=
H=
C=
VB
00097 00097 00097 00097 00097 00097 00097 00097 00097 00097 00097 00097
00097 00097 00097 00097 00097 00097 00097 00097 00097 00097 00097 00097 00097 2001.
00097 00097 00097 00097 00097 00097 00097 00097 00097 00097 00097 00097
00097 00097 00097 00097 00097 00097 00097 00097 00097 00097 00097 00097 00097 2001.
00097 00097 00097 00097 00097 00097 00097 00097 00097 00097 00097 00097
00097 00097 00097 00097 00097 00097 00097 00097 00097 00097 00097 00097 00097 2001.
00097 00097 00097 00097 00097 00097 00097 00097 00097 00097 00097 00097
00097 00097 00097 00097 00097 15100 15100 15100 15100 15100 15100 15100 00097 2001.
15100 15100 15100 15100 15100 15100 15100 15100 15100 15100 15100 15100
15100 15100 15100 15100 15100 15100 15100 15100 15100 15100 15100 15100 15100 2001.
15100 15100 15100 15100 15100 15100 15100 15100 15100 15100 15100 15100
15100 15100 15100 15100 15100 15100 15100 15100 15100 15100 15100 15100 15100 2001.
15100 15100 15100 15100 15100 15100 15100 15100 15100 15100 15100 15100
15100 15100 15100 15100 15100 15100 15100 15100 15100 15100 15100 15100 15100 2001.
15100 15100 15100 15100 15100 15100 15100 15100 15100 15100 15100 15100
15100 15100 15100 15100 15100 15100 15100 15100 15100 15100 15100 15100 15100 2001.
15100 15100 15100 15100 15100 15100 15100 15100 15100 15100 15100 15100
15100 15100 15100 15100 15100 15100 15100 15100 15100 15100 15100 15100 15100 2001.
15100 15100 15100 15100 15100 15100 15100 15100 15100 15100 15100 15100
15100 15100 15100 15100 15100 15100 15100 15100 15100 15100 15100 15100 15100 2001.
15100 15100 15100 15100 15100 15100 15100 15100 15100 15100 15100 15100
15100 15100 15100 15100 15100 15100 15100 15100 15100 15100 15100 15100 15100 2001.
15100 15100 15100 15100 15100 15100 15100 15100 15100 15100 15100 15100
15100 15100 15100 15100 15100 15100 15100 15100 15100 15100 15100 15100 15100 2001.
15100 15100 15100 15100 15100 15100 15100 15100 15100 15100 15100 15100
15100 15100 15100 15100 15100 15100 15100 15100 15100 15100 15100 15100 15100 2001.
15100 15100 15100 15100 15100 15100 15100 15100 15100 15100 15100 15100
15100 15100 15100 15100 15100 15100 15100 15100 15100 15100 15100 15100 15100 2001.
15100 15100 15100 15100 15100 15100 15100 15100 15100 15100 15100 15100
15100 15100 15100 15100 15100 15100 15100 15100 15100 15100 15100 15100 15100 2001.
15100 15100 15100 15100 15100 15100 15100 15100 15100 15100 15100 15100
15100 15100 15100 15100 15100 15100 15100 15100 15100 15100 15100 15100 15100 2001.
15100 15100 15100 15100 15100 15100 15100 15100 15100 15100 15100 15100
15100 15100 15100 15100 15100 15100 15100 15100 15100 15100 15100 15100 15100 2001.
15100 15100 15100 15100 15100 15100 15100 15100 15100 15100 15100 15100
15100 15100 15100 15100 15100 15100 15100 15100 15100 15100 15100 15100 15100 2001.
15100 15100 15100 15100 15100 15100 15100 15100 15100 15100 15100 15100
15100 15100 15100 15100 15100 15100 15100 15100 15100 15100 15100 15100 15100 2001.
15100 15100 15100 15100 15100 15100 15100 15100 15100 15100 15100 15100
15100 15100 15100 15100 15100 15100 15100 15100 15100 15100 15100 15100 15100 2001.
15100 15100 15100 15100 15100 15100 15100 15100 15100 15100 15100 15100
15100 15100 15100 15100 15100 15100 15100 15100 15100 15100 15100 15100 15100 2001.
15100 15100 15100 15100 15100 15100 15100 15100 15100 15100 15100 15100
15100 15100 15100 15100 15100 15100 15100 15100 15100 15100 15100 15100 15100 2001.
15100 15100 15100 15100 15100 15100 15100 15100 15100 15100 15100 15100
15100 15100 15100 15100 15100 15100 15100 15100 15100 15100 15100 15100 15100 2001.
15100 15100 15100 15100 15100 15100 15100 15100 00119 00119 00119 00119
15100 15100 15100 15100 15100 15100 15100 15100 15100 15100 15100 15100 00119 0453.
15100 15100 15100 15100 15100 15100 15100 15100 15100 15100 15100 15100
15100 15100 15100 15100 15100 15100 15100 15100 15100 15100 03930 03990 01930 1613.
04170 04950 06010 00110 00110 00110 00110 00110 00110 00110 00110 00110
00110 00111 00111 00111 00111 00111 00111 00111 00111 00111 00110 15100 00110 2324.
08900 10500 08520 09280 00108 00108 00108 00108 00108 00108 00108 00108
00109 00109 00109 00109 00109 00109 00109 00109 00109 00109 00108 00108 00108 0034.
00108 00108 00108 00108 00108 00108 00108 00108 00108 00108 00108 00108
00109 00109 00109 00109 00109 01660 01550 01600 01550 01500 01420 01390 00108 2001.
01390 00108 00108 00108 00108 00108 00108 00108 00108 00108 00108 00109
00109 00109 00109 00109 00109 00109 00109 00109 00109 00109 00109 00108 00108 2108.
00108 00108 00108 00108 00108 00108 00108 00108 00108 00108 00108 00108
00109 00109 00109 00108 00108 00108 00108 00108 00108 00108 00108 00108 00108 2001.
00108 00108 00108 00108 00108 00108 00108 00108 00108 00108 00108 00108
00108 00108 00108 00108 00108 00108 00108 ///// 00108 00108 00108 00108 00000 ////=
R6
0000 0000 0000
0000 0000 0000
0062 0000 0062
0157 0001 0158
0002 0003 0005
0008 0000 0008
0000 0000 0000
0000 0000 0000
0010 0268 0278
0015 0000 0015
0000 0000 0000
0103 0000 0103
0012 0003 0015
0019 0000 0019
0000 0000 0000
0000 0000 0000
0000 0000 0000
0055 0000 0055
0009 0006 0015
0062 0002 0064
0014 0000 0014
0012 0000 0012
0000 0000 0000
0000 0000 0000
0000 0098 0098
0028 0001 0029
0091 0000 0091
0000 0000 0000
0000 0000 0000
0000 0279 0279
0011 0009 0020=
0000 0000 0000 0000 0000 0000 0000 0000 0000 0000 0000 0000
0000 0000 0000 0000 0000 0000 0000 0000 0000 0000 0000 0000.
0000 0000 0000 0000 0000 0000 0000 0000 0000 0000 0000 0000
0000 0000 0000 0000 0000 0000 0000 0000 0000 0000 0000 0000.
0000 0000 0000 0000 0048 0010 0002 0001 0001 0000 0000 0000
0000 0000 0000 0000 0000 0000 0000 0000 0000 0000 0000 0000.
0021 0025 0038 0045 0016 0002 0007 0003 0000 0000 0000 0000
0000 0000 0000 0000 0001 0000 0000 0000 0000 0000 0000 0000.
0002 0000 0000 0000 0000 0000 0000 0000 0000 0000 0000 0000
0000 0000 0000 0000 0000 0000 0000 0000 0000 0000 0000 0003.
0001 0000 0000 0000 0000 0002 0000 0002 0001 0000 0002 0000
0000 0000 0000 0000 0000 0000 0000 0000 0000 0000 0000 0000.
0000 0000 0000 0000 0000 0000 0000 0000 0000 0000 0000 0000
0000 0000 0000 0000 0000 0000 0000 0000 0000 0000 0000 0000.
0000 0000 0000 0000 0000 0000 0000 0000 0000 0000 0000 0000
0000 0000 0000 0000 0000 0000 0000 0000 0000 0000 0000 0000.
0000 0000 0000 0003 0001 0000 0002 0003 0000 0001 0000 0000
0002 0002 0000 0094 0160 0008 0002 0000 0000 0000 0000 0000.
0000 0000 0000 0000 0000 0000 0000 0002 0002 0009 0002 0000
0000 0000 0000 0000 0000 0000 0000 0000 0000 0000 0000 0000.
0000 0000 0000 0000 0000 0000 0000 0000 0000 0000 0000 0000
0000 0000 0000 0000 0000 0000 0000 0000 0000 0000 0000 0000.
0026 0057 0013 0001 0001 0000 0000 0000 0000 0000 0002 0003
0000 0000 0000 0000 0000 0000 0000 0000 0000 0000 0000 0000.
0002 0008 0001 0001 0000 0000 0000 0000 0000 0000 0000 0000
0000 0000 0000 0000 0000 0000 0000 0000 0000 0000 0000 0003.
0015 0002 0000 0000 0000 0000 0000 0002 0000 0000 0000 0000
0000 0000 0000 0000 0000 0000 0000 0000 0000 0000 0000 0000.
0000 0000 0000 0000 0000 0000 0000 0000 0000 0000 0000 0000
0000 0000 0000 0000 0000 0000 0000 0000 0000 0000 0000 0000.
0000 0000 0000 0000 0000 0000 0000 0000 0000 0000 0000 0000
0000 0000 0000 0000 0000 0000 0000 0000 0000 0000 0000 0000.
0000 0000 0000 0000 0000 0000 0000 0000 0000 0000 0000 0000
0000 0000 0000 0000 0000 0000 0000 0000 0000 0000 0000 0000.
0000 0000 0000 0015 0001 0031 0006 0002 0000 0000 0000 0000
0000 0000 0000 0000 0000 0000 0000 0000 0000 0000 0000 0000.
0000 0003 0003 0000 0000 0003 0000 0000 0000 0000 0000 0000
0000 0000 0000 0000 0000 0000 0006 0000 0000 0000 0000 0000.
0000 0000 0000 0001 0011 0029 0021 0000 0000 0000 0000 0000
0000 0000 0000 0000 0000 0000 0000 0000 0000 0000 0000 0002.
0002 0004 0003 0004 0000 0000 0000 0001 0000 0000 0000 0000
0000 0000 0000 0000 0000 0000 0000 0000 0000 0000 0000 0000.
0001 0001 0004 0001 0003 0002 0000 0000 0000 0000 0000 0000
0000 0000 0000 0000 0000 0000 0000 0000 0000 0000 0000 0000.
0000 0000 0000 0000 0000 0000 0000 0000 0000 0000 0000 0000
0000 0000 0000 0000 0000 0000 0000 0000 0000 0000 0000 0000.
0000 0000 0000 0000 0000 0000 0000 0000 0000 0000 0000 0000
0000 0000 0000 0000 0000 0000 0000 0000 0000 0000 0000 0000.
0000 0000 0000 0000 0000 0000 0000 0000 0000 0000 0000 0000
0003 0000 0001 0000 0000 0011 0012 0027 0034 0008 0001 0001.
0001 0001 0008 0007 0001 0006 0002 0001 0000 0000 0001 0000
0000 0000 0001 0000 0000 0000 0000 0000 0000 0000 0000 0000.
0002 0018 0016 0001 0022 0013 0011 0006 0001 0000 0000 0001
0000 0000 0000 0000 0000 0000 0000 0000 0000 0000 0000 0000.
0000 0000 0000 0000 0000 0000 0000 0000 0000 0000 0000 0000
0000 0000 0000 0000 0000 0000 0000 0000 0000 0000 0000 0000.
0000 0000 0000 0000 0000 0000 0000 0000 0000 0000 0000 0000
0000 0000 0000 0000 0000 0000 0000 0000 0000 0000 0000 0000.
0000 0000 0000 0000 0000 0000 0000 0000 0000 0000 0000 0000
0000 0000 0000 0000 0188 0089 0001 0000 0000 0000 0001 0000.
0000 0000 0000 0000 0002 0006 0002 0000 0000 0000 0001 0000
0000 0000 0001 0003 0003 0002 0000 0000 0000 0000 0000 0000=
0000 ////////// 00000=
W=
LA
=
000 000 001 000 000 000 001 000 000 000 000 002
002 004 001 003 000 002 002 000 000 000 000 000 018.
000 000 000 000 000 000 000 000 000 000 000 002
003 003 002 001 002 000 002 003 002 000 000 000 020.
000 000 001 002 001 002 000 000 001 000 000 000
000 000 002 003 003 001 000 001 000 000 001 000 018.
000 004 004 005 003 001 002 000 000 000 000 002
000 006 000 000 002 001 003 003 002 003 000 000 041.
000 001 000 000 001 000 000 000 002 000 000 001
000 000 002 003 001 001 000 000 001 002 001 002 018.
004 000 003 004 002 000 001 000 001 002 000 000
000 002 000 000 003 002 001 002 000 000 000 000 027.
000 000 000 000 000 000 001 001 001 000 000 000
002 001 002 002 003 000 002 000 000 000 000 000 015.
002 002 001 001 000 000 000 000 001 000 000 000
003 001 003 002 002 000 002 000 002 000 000 000 022.
001 001 001 000 000 000 001 000 000 002 000 000
000 001 000 006 093 008 002 000 000 000 000 000 116.
000 000 000 000 000 000 000 002 002 009 002 000
000 000 000 000 000 000 000 000 000 000 000 000 015.
000 000 000 000 000 000 000 000 000 000 000 000
000 000 000 000 000 000 000 000 000 000 000 000 000.
026 057 013 001 001 000 000 000 000 000 002 003
000 000 000 000 000 000 000 000 000 000 000 000 103.
002 008 001 001 000 000 000 000 000 000 000 000
000 000 000 000 000 000 000 000 000 000 000 003 015.
015 002 000 000 000 000 000 002 000 000 000 000
000 000 000 000 000 000 000 000 000 000 000 000 019.
000 000 000 000 000 000 000 000 000 000 000 000
000 000 000 000 000 000 000 000 000 000 000 000 000.
000 000 000 000 000 000 000 000 000 000 000 000
000 000 000 000 000 000 000 000 000 000 000 000 000.
000 000 000 000 000 000 000 000 000 000 000 000
000 000 000 000 000 000 000 000 000 000 000 002 002.
002 002 000 009 002 031 006 002 000 000 000 000
000 000 000 000 000 000 000 000 000 000 000 000 054.
000 003 003 000 000 003 000 000 000 000 000 000
000 000 000 000 000 000 006 000 000 000 000 000 015.
000 000 000 001 011 029 021 000 000 000 000 000
000 000 000 000 000 000 000 000 000 000 000 002 064.
002 004 003 004 000 000 000 000 000 000 000 000
000 000 000 000 000 000 000 000 000 000 000 000 013.
001 001 004 001 003 002 000 000 000 000 000 000
000 000 000 000 000 000 000 000 000 000 000 000 012.
000 000 000 000 000 000 000 000 000 000 000 000
000 000 000 000 000 000 000 000 000 000 000 000 000.
000 000 000 000 000 000 000 000 000 000 000 000
000 000 000 000 000 001 000 004 002 002 000 000 009.
000 000 002 000 000 001 000 001 000 000 000 000
000 001 002 000 000 000 000 002 003 001 002 000 015.
002 000 002 001 001 000 000 001 000 000 002 000
000 000 000 001 001 002 000 001 000 000 000 000 014.
000 000 002 000 000 002 002 002 002 000 000 002
002 004 000 003 000 002 000 004 003 003 000 000 033.
000 002 000 001 001 000 000 000 001 000 000 002
001 004 003 003 000 001 000 001 003 000 000 000 023.
000 000 000 000 000 000 001 000 000 000 002 004
005 003 000 000 000 003 001 005 004 004 000 000 032.
000 000 000 001 001 000 000 000 000 000 001 000
003 002 002 003 000 013 003 000 000 000 001 000 030.
000 000 000 000 000 002 002 000 000 000 002 001
000 000 000 000 000 000 000 /// 000 000 000 001 ///=
Z=
G=
FN
109003 109006 PPC000 109003 PPC002 109011
109003 109006 109003 109012 PPC000 PPC000
PPC000 108004 107007 107017 107016 107018
107017 107025 108007 108015 108006 108008.
PPC000 PPC000 109003 109007 109004 PPC000
PPC000 PPC000 110008 110006 110005 109003
109005 108003 107013 107023 107020 107008
106020 106017 107014 107020 108005 108005.
PPC000 PPC002 108013 108016 109013 109011
109009 109016 PPC002 109003 109006 109012
109005 109010 109019 108028 108027 108016
108014 108025 109029 109031 109027 109024.
110019 PPC000 110009 110012 110011 110011
110011 110014 110011 PPC000 110010 109003
109005 107010 107011 107006 107014 107017
106023 106023 107009 107007 108019 108005.
PPC000 108009 108031 109008 109007 109003
109009 109006 PPC000 PPC000 109005 109005
109003 109004 109011 108024 108020 108031
108029 108025 108023 108024 109027 109017.
109049 109058 109026 109022 109015 110013
110013 110020 110009 110010 110004 110009
110009 110015 109011 109030 109013 109033
109022 109022 109019 109011 109009 109015.
110011 110014 110008 110007 110005 110003
110012 110010 110015 110009 110006 PPC002
110004 109010 109005 109011 108014 109028
108021 109015 109025 109020 109034 110024.
110015 110020 110020 110016 110007 110010
110008 110008 110005 110012 110012 110007
109003 109016 109007 108009 108016 108007
108017 108018 108012 108023 109016 109017.
109005 109016 109011 110014 110004 110009
110016 110012 PPC000 110014 110008 110007
PPC001 110010 110014 110012 110011 110020
110029 110013 110024 110034 110019 110013.
110010 110008 110007 110007 110008 110015
110006 111006 PPC002 111007 111006 111007
110015 109010 109019 108027 108022 108033
108017 108015 108030 109021 109034 110027.
110033 110028 110016 110018 110012 110006
PPC000 PPC001 110009 111006 110006 110007
109008 109006 108008 PPC000 109005 108016
108009 108020 108012 108017 109008 109023.
110008 110004 110009 110016 110011 110015
110006 110005 110005 110013 110009 110008
110019 110006 110013 109015 109006 109012
110011 110010 110018 110012 PPC001 110004.
110012 110004 PPC002 110003 110003 110012
110008 110012 110005 110005 110006 110009
110008 110008 PPC002 109013 109011 108004
108017 108023 109010 109023 109014 110015.
110004 110007 PPC002 110004 110005 PPC002
PPC000 110004 110005 110010 110010 110018
109010 109011 109003 108008 108009 108010
108017 108018 108017 108015 109030 109020.
109016 109019 110022 110010 110013 110012
110009 110008 110009 110005 110013 110017
110015 109011 109006 109006 109011 109012
109027 109019 109020 110017 110026 110020.
110016 110022 110019 110008 110006 110014
110006 PPC000 110009 110004 110006 110006
110008 109007 109013 108003 108009 108009
108005 109017 109017 109019 109016 PPC000.
109007 109010 109010 109008 109003 110008
110009 110007 110007 PPC000 110009 PPC001
PPC000 108021 108014 108014 108011 108024
108020 108027 108029 109015 109028 109022.
109039 109028 109015 110006 110007 110011
110017 110003 110003 110007 110007 110003
110007 109010 109013 109008 109012 109006
PPC000 109009 109019 110010 110012 110008.
110009 110013 110007 PPC000 110007 110007
110003 110006 110009 110023 110031 110023
110004 109010 109007 108016 108011 108007
109013 109012 109023 110004 110008 110011.
110010 110010 110012 PPC002 110011 111005
111019 111007 111007 111006 PPC001 110003
110007 110007 109004 109007 109003 109010
109012 110008 110010 110009 110009 110007.
110003 110011 110017 110012 110012 110018
110006 110025 110014 110015 110003 110006
110009 110006 109005 109022 109021 109011
109015 109013 109005 109006 109004 PPC000.
PPC002 110004 110009 110005 110013 110016
110012 110007 110003 110011 110010 109005
108008 108012 108029 108025 108025 107038
107016 107019 107029 107005 107009 108009.
PPC000 109005 109010 109008 109003 110006
PPC000 110009 110005 110005 110004 PPC002
108011 107013 107007 107013 107024 107010
107013 106037 107006 PPC001 PPC001 PPC000.
PPC000 PPC000 PPC000 PPC000 PPC000 PPC000
PPC000 109005 109005 109006 109003 PPC000
107009 107015 107010 106011 106016 106025
106007 106011 106009 106007 107013 107003.
108004 PPC001 PPC000 PPC000 108005 108004
108005 108005 108005 108003 PPC001 108022
109009 109016 109027 109024 109017 109015
109021 109018 109011 110021 110017 110022.
110012 110004 110007 110007 110014 110009
110009 110018 110015 110024 110018 110026
110028 110025 110020 110023 109027 109017
109014 109013 109004 109010 109007 109007.
109012 110011 110020 110017 110017 110011
110012 110007 110016 110013 PPC000 110009
109015 109015 109017 108028 108019 108030
108014 107027 107016 107014 108021 109007.
109009 109004 109013 109015 109007 109005
PPC000 PPC000 PPC002 109005 PPC002 109006
109010 108005 108011 107009 107018 108027
108032 108018 108015 108020 108015 109010.
109014 109014 109005 109006 PPC000 109003
PPC000 110004 110007 110007 109003 108005
107007 107010 107012 107014 107008 107023
107015 107018 107025 107020 107015 108010.
108007 PPC000 PPC000 108003 109005 109005
109003 PPC000 109003 109005 PPC000 PPC000
108010 107007 107010 107012 109020 109018
109008 109006 109009 109011 109009 109010.
109018 109017 109016 109016 110010 110010
110008 110013 110015 109011 109014 109021
109024 110023 110033 110029 110031 110022
110029 ////// 109028 109045 110030 110041=
PPC002 109007 PPC000 109004 109003 109005
109005 109008 PPC000 109007 PPC000 PPC000
PPC002 108007 107005 107013 107019 107017
107013 107018 108008 108016 108004 108008.
PPC002 PPC002 109003 109005 109003 PPC000
PPC002 PPC000 110007 110007 110005 PPC002
109005 108004 107008 107015 107010 107017
106014 106015 107015 107011 108006 108005.
PPC000 108003 108012 108015 109015 109006
109011 109011 109007 109006 109006 109012
109007 109013 109016 108025 108017 108019
108016 108023 109030 109031 109026 109029.
110022 110003 110009 110008 110011 110012
110008 110012 110010 PPC002 110008 PPC002
109003 107011 107017 107016 107013 107020
106012 106018 107012 107008 108014 108013.
108003 108007 108025 109007 109006 PPC002
109007 109004 PPC002 PPC000 109003 109007
PPC002 109006 109016 108018 108022 108023
108027 108023 108027 108031 109032 109022.
109048 109042 109027 109025 109020 110018
110015 110014 110009 110011 110004 110009
110011 110012 109014 109024 109020 109021
109024 109021 109016 109010 109009 109017.
110008 110015 110007 110005 110005 110007
110013 110011 110013 110011 110007 PPC001
110004 109007 109008 109010 108016 109021
108012 109011 109022 109015 109026 110021.
110016 110021 110018 110011 110008 110007
110005 110009 110005 110007 110009 110004
109006 109015 108012 108014 108013 108005
108014 108017 108008 108020 109013 109014.
109004 109016 109011 110012 110012 110009
110023 110010 PPC002 110011 110007 110003
PPC002 110011 110015 110007 110024 110018
110028 110024 110031 110034 110025 110023.
110023 110011 110006 110011 110010 110011
110006 111007 PPC002 111007 111006 111005
110012 109007 109017 108021 108019 108029
108025 108012 108028 109029 109033 110033.
110026 110024 110015 110015 110012 110008
PPC001 110005 110012 111006 111006 110007
109010 109008 108005 109003 109007 108016
108018 108020 108014 108013 109009 109018.
110008 110004 110011 110015 110013 110011
110005 110005 110004 110011 110008 110009
110015 110009 110015 109018 109009 109011
110011 110007 110014 110010 110004 110005.
110008 110005 PPC000 110006 110004 110008
110006 110010 110008 110005 110008 110012
110008 110009 PPC001 109010 109013 108008
108016 108012 109011 109015 109013 110017.
110005 110007 110005 110007 110004 PPC000
110003 110004 110006 110008 110014 110019
109011 109008 109005 108008 108007 108011
108012 108021 108010 108012 109031 109020.
109019 109021 110018 110008 110011 110011
110010 110007 110011 110007 110011 110016
110015 109011 109005 109007 109013 109016
109015 109017 109015 109022 110023 110019.
110013 110017 110016 110009 110007 110010
110008 PPC000 110007 110005 110008 110005
110008 109008 109010 108005 109013 108013
108012 109021 109017 109019 109014 PPC002.
109007 109007 109008 109006 PPC002 110004
110008 110008 110006 PPC001 110012 110003
PPC001 108021 108018 108009 108008 108018
108018 108024 108027 109018 109027 109031.
109044 109038 109013 110009 110005 110010
110011 110005 PPC002 110005 110006 110004
110010 109010 109013 109008 109008 109005
PPC002 109008 109015 110011 110007 110007.
110011 110011 110010 PPC002 PPC002 110003
110003 110007 110007 110020 110029 110020
110004 109011 109006 108017 108009 108007
109014 109017 109020 110008 110011 110008.
110011 110006 110008 110003 110009 111015
111020 111008 111006 111007 111004 110003
110007 PPC002 110004 109008 109003 109010
109008 109006 110011 110012 110008 110007.
110004 110011 110017 110015 110011 110015
110005 110021 110011 110015 110006 110006
110009 110005 109005 109017 109019 109009
109012 109014 109004 109009 109004 PPC000.
110005 110007 110007 110003 110015 110013
110016 110012 110006 110012 110012 109004
108009 108014 108021 108019 108030 107023
107021 107016 107028 107012 107012 108012.
PPC002 PPC002 109008 109005 109005 PPC002
PPC002 110011 110005 110005 110005 PPC002
108014 107014 107007 107018 107031 107013
107017 106020 107012 PPC002 PPC002 PPC000.
PPC000 PPC000 PPC000 PPC000 PPC000 PPC000
PPC000 109005 109005 109005 109003 PPC000
107005 107010 107010 106011 106013 106016
106007 106016 106016 106005 107013 107003.
108005 108003 108003 PPC000 108003 108003
108005 108006 108006 108004 PPC002 108017
109007 109020 109023 109021 109018 109019
109020 109017 109014 110023 110019 110019.
110015 110009 110010 110009 110017 110013
110009 110017 110014 110023 110024 110023
110024 110024 110021 110024 109029 109018
109015 109012 109007 109015 109009 109007.
109010 110011 110018 110016 110021 110011
110011 110005 110014 110012 PPC001 110007
109017 109020 109021 108020 108019 108023
108022 107017 107016 107013 108016 108006.
109009 109007 109014 109014 109007 109007
PPC000 PPC000 PPC002 109005 109004 109004
109011 108008 108014 107011 107018 108015
108027 108014 108015 108022 108018 109012.
109013 109016 109003 109007 109003 109005
PPC002 110004 110003 110005 109004 PPC002
107010 107011 107012 107014 107013 107020
107022 107017 107023 107022 107016 108011.
108007 PPC000 PPC000 108004 109005 109006
109004 PPC000 109005 PPC002 PPC000 PPC000
108010 107005 107005 107010 109009 109016
109011 109006 109010 109015 109009 109012.
109016 109014 109019 109015 110015 110015
110008 110013 110018 110013 109022 109025
109024 109035 110031 110031 110029 110029
110031 ////// 109031 109036 110027 110029=
022107 1524 054107 1254
024107 1712 038107 1617
035109 1953 056109 1644
029110 2001 044107 1411
038109 1942 062109 1934
049109 2059 084109 2145
027109 1840 042109 1835
025110 2004 037110 2048
041110 1727 072110 1739
039108 1621 055109 1725
032110 2001 043110 2109
023110 2007 031110 2324
019108 1502 031109 1315
031109 1858 047108 1411
027109 1749 043110 1828
024110 2150 040109 1848
034109 1944 056109 1957
046109 2058 075109 2042
030110 0646 041110 0651
028111 0147 037111 0143
023110 0403 039110 0520
031108 1258 044108 1120
033107 1244 054107 1404
027106 1417 049106 1414
030109 1125 048109 1119
032109 1311 062109 1318
030108 1334 052108 1426
031108 1504 043108 1802
028107 1454 043107 1537
051109 1324 074109 1322
039109 0958 081110 1840=
DB
0213 0201 0204 0197 0189 0180 0183 0186 0178 0174 0186 0222
0279 0336 0372 0385 0436 0375 0383 0327 0283 0263 0258 0227 0438 1301 0174 0600.
0210 0198 0191 0189 0182 0178 0174 0170 0166 0163 0171 0215
0260 0325 0373 0421 0422 0475 0469 0431 0374 0327 0283 0250 0480 1427 0162 0622.
0240 0237 0239 0225 0217 0217 0215 0212 0211 0210 0210 0211
0228 0256 0255 0291 0304 0327 0268 0256 0271 0236 0215 0205 0350 1349 0204 1954.
0201 0202 0199 0197 0194 0192 0192 0186 0186 0185 0190 0219
0270 0333 0357 0415 0436 0447 0452 0429 0371 0332 0272 0253 0457 1409 0185 0354.
0249 0238 0223 0215 0210 0204 0200 0201 0211 0213 0215 0217
0224 0233 0254 0336 0345 0322 0283 0255 0253 0241 0223 0205 0353 1218 0198 0350.
0199 0186 0185 0186 0182 0175 0175 0173 0172 0171 0173 0178
0190 0204 0220 0233 0261 0253 0285 0276 0265 0231 0208 0188 0294 1510 0170 0620.
0185 0180 0178 0176 0174 0173 0169 0167 0165 0164 0167 0187
0207 0224 0252 0284 0278 0311 0327 0264 0262 0241 0208 0191 0345 1505 0164 0549.
0185 0182 0179 0176 0175 0174 0174 0172 0171 0171 0172 0200
0257 0235 0304 0308 0316 0303 0292 0297 0307 0276 0223 0203 0375 1125 0170 0344.
0197 0197 0192 0187 0184 0182 0178 0179 0177 0176 0176 0182
0186 0204 0205 0192 0184 0204 0231 0225 0203 0183 0173 0167 0237 1445 0167 1958.
0163 0163 0163 0160 0159 0159 0158 0155 0154 0152 0155 0172
0201 0240 0301 0327 0363 0377 0363 0398 0331 0259 0217 0193 0414 1444 0151 0606.
0184 0177 0170 0164 0161 0157 0155 0151 0144 0139 0149 0178
0257 0335 0274 0218 0228 0347 0370 0322 0342 0255 0216 0202 0403 1443 0138 0610.
0185 0184 0182 0176 0177 0176 0175 0175 0175 0176 0172 0176
0173 0187 0222 0249 0242 0261 0200 0198 0185 0183 0183 0179 0271 1310 0171 0631.
0174 0173 0174 0174 0174 0171 0170 0167 0165 0158 0178 0197
0192 0219 0220 0265 0308 0347 0336 0342 0230 0221 0208 0187 0385 1543 0154 0621.
0187 0186 0184 0178 0175 0174 0174 0170 0168 0168 0164 0178
0306 0265 0271 0357 0354 0382 0378 0283 0278 0263 0223 0200 0441 1321 0163 0641.
0195 0190 0186 0176 0171 0175 0175 0175 0173 0173 0177 0184
0224 0220 0213 0219 0228 0223 0237 0254 0231 0207 0192 0185 0272 1612 0169 0108.
0183 0183 0179 0174 0173 0175 0173 0170 0171 0169 0171 0186
0202 0232 0302 0326 0318 0319 0307 0266 0256 0240 0225 0204 0381 1416 0169 0547.
0200 0195 0191 0185 0185 0182 0180 0179 0178 0175 0186 0219
0263 0352 0379 0323 0293 0305 0353 0306 0273 0242 0224 0215 0414 1225 0174 0553.
0212 0205 0192 0188 0188 0181 0179 0180 0180 0180 0185 0191
0201 0221 0224 0237 0252 0244 0236 0214 0198 0192 0183 0176 0259 1255 0175 1958.
0177 0166 0164 0167 0165 0165 0162 0163 0163 0160 0156 0171
0192 0208 0271 0316 0303 0287 0259 0235 0208 0200 0192 0184 0342 1243 0156 0647.
0175 0176 0171 0169 0166 0150 0145 0152 0153 0154 0159 0169
0174 0201 0229 0231 0232 0243 0215 0205 0191 0187 0182 0174 0262 1426 0144 0256.
0175 0171 0168 0167 0165 0165 0165 0161 0162 0159 0165 0170
0176 0215 0230 0232 0256 0264 0268 0236 0228 0210 0195 0182 0276 1449 0158 0558.
0176 0176 0172 0169 0166 0164 0164 0160 0155 0155 0170 0219
0306 0375 0390 0404 0389 0433 0433 0442 0394 0366 0268 0223 0449 1409 0153 0522.
0193 0183 0179 0172 0167 0161 0155 0153 0149 0144 0168 0259
0329 0390 0411 0430 0426 0458 0460 0440 0331 0309 0268 0228 0474 1431 0141 0606.
0211 0203 0195 0192 0186 0184 0180 0176 0180 0185 0200 0279
0339 0382 0420 0443 0453 0451 0451 0435 0393 0357 0300 0254 0490 1328 0176 0400.
0235 0236 0238 0233 0227 0223 0229 0229 0226 0222 0228 0218
0227 0230 0237 0214 0217 0207 0203 0203 0202 0197 0197 0196 0254 2001 0195 1942.
0194 0196 0197 0196 0197 0196 0196 0195 0196 0194 0193 0194
0194 0196 0198 0205 0213 0219 0240 0238 0244 0225 0209 0198 0251 1617 0192 2107.
0193 0192 0185 0184 0180 0177 0176 0177 0177 0177 0183 0210
0238 0271 0284 0312 0391 0400 0384 0369 0402 0351 0264 0214 0435 1532 0174 0625.
0209 0206 0204 0203 0199 0195 0192 0189 0189 0188 0205 0223
0264 0330 0310 0373 0373 0309 0283 0300 0275 0275 0244 0225 0453 1233 0187 0516.
0219 0216 0207 0199 0182 0177 0172 0167 0163 0164 0190 0281
0357 0392 0414 0421 0452 0412 0382 0429 0402 0352 0284 0238 0470 1209 0161 0531.
0219 0211 0212 0218 0208 0207 0204 0208 0209 0202 0213 0247
0288 0353 0340 0292 0218 0217 0223 0230 0222 0215 0216 0211 0411 1122 0201 0247.
0209 0209 0205 0203 0201 0200 0201 0199 0198 0197 0196 0199
0205 0197 0201 0200 0204 0210 0212 //// 0200 0197 0191 0189 0219 1434 0189 1957=
0225 0218 0213 0209 0204 0200 0195 0194 0191 0188 0186 0190
0199 0215 0234 0252 0268 0278 0281 0279 0267 0256 0248 0240.
0230 0222 0215 0210 0205 0200 0196 0192 0188 0185 0182 0184
0195 0210 0230 0253 0274 0290 0302 0307 0303 0292 0278 0265.
0254 0246 0240 0236 0229 0224 0220 0217 0215 0212 0210 0209
0211 0215 0220 0227 0237 0247 0247 0243 0238 0234 0225 0217.
0211 0207 0204 0201 0198 0197 0195 0194 0192 0190 0189 0191
0199 0222 0249 0272 0292 0305 0314 0315 0308 0297 0281 0265.
0254 0248 0239 0232 0225 0220 0215 0211 0210 0211 0212 0212
0213 0216 0220 0230 0250 0258 0257 0247 0240 0234 0230 0221.
0213 0204 0199 0195 0192 0189 0187 0185 0183 0181 0180 0180
0181 0185 0190 0195 0202 0209 0216 0224 0227 0223 0214 0206.
0197 0193 0188 0186 0183 0181 0179 0177 0175 0173 0172 0172
0178 0184 0193 0205 0219 0219 0228 0235 0229 0225 0217 0207.
0199 0193 0189 0186 0183 0181 0180 0178 0177 0176 0175 0177
0184 0195 0205 0225 0236 0235 0238 0237 0238 0238 0229 0217.
0209 0204 0200 0197 0194 0191 0189 0186 0185 0183 0181 0181
0182 0185 0191 0191 0186 0187 0195 0201 0201 0193 0185 0180.
0175 0172 0170 0169 0167 0166 0165 0164 0162 0161 0160 0161
0168 0179 0198 0223 0239 0258 0273 0276 0271 0253 0235 0220.
0207 0199 0192 0186 0181 0176 0173 0170 0166 0162 0159 0163
0174 0195 0216 0213 0205 0212 0248 0252 0252 0245 0232 0220.
0211 0201 0197 0195 0191 0189 0187 0185 0184 0183 0182 0181
0181 0181 0184 0192 0200 0206 0205 0200 0195 0192 0189 0187.
0185 0182 0181 0180 0179 0178 0177 0176 0174 0172 0170 0174
0178 0180 0185 0191 0203 0217 0232 0243 0238 0224 0216 0208.
0202 0198 0195 0191 0188 0186 0184 0182 0180 0178 0176 0175
0180 0199 0207 0216 0233 0255 0265 0273 0256 0245 0235 0221.
0211 0203 0198 0194 0191 0188 0187 0185 0183 0182 0181 0181
0184 0191 0193 0194 0195 0198 0200 0204 0207 0204 0199 0193.
0189 0186 0184 0181 0179 0178 0177 0176 0175 0175 0174 0174
0177 0183 0194 0211 0219 0229 0237 0233 0227 0221 0216 0208.
0204 0201 0198 0195 0192 0190 0188 0186 0185 0183 0182 0185
0191 0206 0233 0244 0255 0245 0250 0251 0247 0236 0225 0216.
0209 0203 0200 0197 0195 0193 0190 0188 0187 0186 0185 0186
0188 0192 0195 0198 0202 0206 0207 0205 0201 0195 0191 0188.
0185 0181 0179 0177 0176 0175 0173 0172 0171 0171 0170 0167
0169 0175 0187 0202 0219 0227 0224 0217 0211 0204 0199 0194.
0190 0186 0184 0181 0179 0176 0170 0167 0166 0166 0165 0166
0168 0172 0179 0187 0190 0196 0200 0197 0193 0190 0186 0183.
0181 0179 0177 0176 0174 0173 0172 0171 0170 0169 0168 0168
0169 0172 0180 0189 0196 0202 0206 0209 0206 0203 0199 0194.
0189 0185 0183 0180 0178 0175 0173 0171 0169 0167 0165 0170
0185 0210 0239 0260 0274 0287 0293 0296 0294 0284 0265 0248.
0233 0222 0213 0205 0199 0193 0188 0183 0179 0175 0173 0179
0198 0222 0248 0271 0288 0302 0312 0316 0306 0288 0276 0262.
0249 0238 0229 0222 0216 0210 0206 0202 0198 0197 0196 0200
0215 0233 0256 0278 0295 0311 0318 0319 0314 0304 0291 0278.
0264 0255 0249 0244 0239 0236 0233 0231 0229 0227 0226 0225
0223 0224 0228 0226 0223 0219 0216 0214 0211 0209 0208 0206.
0204 0203 0202 0201 0201 0200 0199 0199 0199 0198 0197 0197
0197 0197 0198 0199 0201 0203 0206 0209 0212 0213 0210 0206.
0202 0199 0196 0194 0192 0189 0187 0185 0185 0184 0183 0186
0193 0203 0216 0225 0246 0263 0281 0286 0289 0277 0263 0247.
0236 0227 0221 0216 0212 0209 0206 0204 0201 0199 0198 0201
0206 0218 0234 0255 0276 0271 0264 0254 0254 0247 0241 0234.
0227 0222 0218 0215 0209 0204 0199 0195 0191 0187 0186 0194
0212 0235 0258 0277 0297 0306 0309 0309 0305 0298 0281 0266.
0253 0244 0236 0231 0228 0224 0220 0218 0217 0215 0214 0216
0225 0237 0255 0267 0239 0226 0226 0226 0226 0224 0222 0220.
0218 0216 0214 0212 0210 0208 0207 0206 0205 0204 0203 0202
0203 0203 0203 0204 0204 0207 0209 //// 0209 0206 0202 0199=
0229 0225 0220 0216 0213 0210 0206 0203 0201 0199 0196 0195
0197 0201 0210 0221 0231 0242 0249 0254 0254 0250 0245 0241.
0236 0231 0225 0220 0216 0212 0209 0205 0202 0199 0196 0194
0195 0200 0208 0220 0233 0246 0259 0267 0273 0272 0269 0263.
0256 0250 0245 0241 0236 0232 0228 0226 0223 0220 0218 0217
0216 0216 0218 0220 0224 0229 0235 0235 0234 0232 0230 0225.
0221 0217 0214 0210 0208 0206 0204 0203 0201 0200 0198 0198
0199 0205 0217 0232 0247 0260 0271 0278 0281 0280 0275 0267.
0260 0254 0249 0245 0237 0233 0228 0225 0222 0220 0218 0218
0218 0219 0219 0222 0229 0238 0243 0242 0239 0236 0234 0230.
0225 0220 0215 0211 0207 0204 0201 0199 0197 0195 0194 0192
0192 0192 0193 0196 0199 0202 0206 0211 0215 0218 0215 0213.
0208 0204 0201 0198 0196 0194 0192 0190 0188 0186 0185 0183
0184 0186 0190 0194 0201 0208 0213 0218 0220 0219 0218 0214.
0209 0205 0201 0198 0196 0193 0192 0190 0189 0187 0186 0185
0186 0191 0195 0203 0213 0219 0222 0224 0226 0228 0227 0223.
0218 0213 0210 0207 0204 0202 0200 0198 0196 0194 0193 0191
0191 0191 0193 0194 0192 0191 0193 0197 0199 0199 0196 0192.
0189 0186 0183 0181 0180 0178 0177 0176 0175 0174 0172 0172
0173 0176 0183 0195 0207 0219 0231 0240 0246 0244 0237 0229.
0221 0214 0208 0203 0198 0194 0190 0187 0184 0181 0178 0176
0178 0184 0194 0203 0203 0203 0210 0223 0230 0232 0229 0224.
0219 0212 0208 0205 0203 0200 0198 0196 0194 0193 0192 0191
0190 0190 0189 0191 0195 0199 0202 0202 0200 0198 0196 0195.
0193 0191 0190 0189 0188 0187 0186 0185 0184 0183 0181 0181
0182 0183 0186 0188 0193 0200 0208 0216 0223 0221 0216 0213.
0209 0206 0203 0200 0198 0196 0194 0192 0190 0189 0187 0186
0185 0190 0197 0202 0210 0220 0231 0240 0242 0239 0234 0228.
0222 0216 0211 0206 0203 0201 0198 0196 0195 0193 0192 0191
0190 0192 0194 0195 0196 0198 0199 0201 0203 0204 0203 0200.
0198 0195 0193 0191 0190 0188 0187 0186 0185 0184 0183 0183
0183 0184 0188 0195 0203 0210 0216 0220 0220 0219 0216 0214.
0210 0208 0205 0203 0201 0199 0197 0195 0194 0193 0191 0191
0192 0196 0205 0218 0226 0231 0231 0235 0236 0234 0229 0224.
0217 0214 0210 0207 0205 0203 0200 0199 0197 0196 0195 0194
0194 0195 0196 0198 0200 0203 0204 0205 0204 0202 0200 0197.
0195 0193 0191 0189 0187 0186 0185 0183 0182 0181 0182 0179
0178 0179 0182 0189 0198 0207 0212 0212 0210 0208 0205 0202.
0199 0196 0194 0192 0190 0188 0184 0181 0179 0178 0177 0177
0177 0177 0179 0183 0187 0190 0194 0196 0195 0194 0192 0190.
0189 0187 0186 0185 0183 0182 0181 0180 0179 0178 0177 0177
0176 0177 0179 0183 0188 0192 0196 0199 0201 0201 0200 0198.
0196 0194 0191 0189 0187 0185 0183 0182 0180 0179 0177 0176
0180 0189 0203 0218 0232 0243 0253 0260 0264 0264 0260 0252.
0243 0235 0227 0221 0216 0211 0206 0202 0198 0194 0191 0189
0193 0202 0215 0230 0245 0258 0269 0278 0282 0277 0272 0265.
0257 0250 0242 0236 0231 0226 0221 0218 0214 0211 0209 0208
0211 0218 0228 0241 0255 0268 0278 0285 0288 0288 0284 0277.
0270 0263 0257 0253 0249 0245 0242 0239 0237 0235 0233 0232
0230 0229 0230 0230 0229 0227 0225 0223 0220 0219 0217 0216.
0214 0213 0211 0210 0209 0209 0208 0207 0207 0206 0206 0205
0204 0204 0204 0204 0205 0206 0207 0209 0211 0212 0212 0211.
0209 0208 0206 0204 0202 0200 0198 0197 0195 0195 0194 0193
0195 0199 0205 0211 0219 0231 0243 0253 0259 0259 0257 0251.
0244 0237 0232 0228 0224 0221 0218 0215 0213 0211 0209 0209
0211 0213 0219 0228 0241 0250 0251 0250 0247 0246 0243 0240.
0235 0232 0229 0225 0222 0219 0215 0211 0208 0205 0202 0201
0205 0215 0228 0241 0255 0266 0275 0280 0282 0282 0278 0270.
0263 0255 0250 0248 0240 0236 0233 0230 0228 0226 0225 0223
0225 0229 0236 0245 0249 0239 0235 0233 0232 0231 0230 0228.
0227 0225 0223 0222 0220 0219 0217 0216 0215 0214 0213 0212
0211 0211 0210 0210 0210 0211 0212 //// 0214 0213 0211 0209=
0208 0208 0207 0206 0204 0203 0202 0200 0199 0197 0196 0195
0194 0193 0193 0194 0196 0199 0203 0206 0210 0212 0214 0214.
0214 0214 0213 0211 0210 0208 0206 0205 0203 0201 0200 0198
0197 0195 0195 0196 0198 0201 0205 0210 0215 0219 0222 0224.
0225 0225 0224 0223 0222 0221 0219 0218 0216 0214 0213 0212
0211 0210 0209 0208 0208 0209 0209 0211 0212 0213 0213 0213.
0212 0211 0210 0209 0207 0206 0205 0203 0202 0201 0200 0199
0198 0198 0198 0200 0203 0208 0213 0218 0223 0227 0230 0232.
0232 0231 0231 0228 0228 0226 0224 0222 0220 0218 0218 0216
0214 0214 0213 0213 0213 0213 0215 0217 0218 0218 0219 0218.
0218 0217 0215 0213 0212 0210 0208 0206 0204 0203 0201 0200
0199 0198 0197 0196 0196 0196 0197 0197 0198 0200 0201 0202.
0202 0202 0201 0200 0199 0198 0196 0195 0194 0193 0192 0191
0190 0189 0189 0189 0190 0191 0193 0195 0197 0199 0200 0201.
0201 0201 0200 0199 0198 0196 0195 0194 0193 0192 0191 0190
0190 0189 0189 0190 0191 0193 0196 0198 0200 0202 0203 0205.
0205 0205 0204 0203 0202 0201 0200 0199 0198 0197 0196 0195
0194 0193 0193 0192 0191 0192 0191 0191 0192 0192 0192 0192.
0192 0191 0190 0189 0187 0186 0185 0184 0183 0182 0181 0181
0180 0180 0180 0180 0183 0185 0189 0194 0198 0202 0205 0206.
0207 0206 0205 0203 0201 0199 0197 0195 0194 0192 0190 0189
0187 0186 0186 0187 0189 0191 0192 0194 0196 0199 0201 0203.
0204 0204 0204 0202 0201 0200 0199 0198 0197 0196 0195 0194
0193 0192 0192 0191 0191 0191 0192 0193 0193 0193 0193 0193.
0192 0192 0191 0191 0190 0189 0189 0188 0187 0187 0186 0185
0185 0185 0185 0185 0185 0186 0187 0190 0192 0195 0196 0198.
0198 0198 0197 0197 0196 0195 0194 0193 0192 0191 0190 0190
0189 0189 0188 0189 0190 0192 0195 0198 0202 0205 0207 0208.
0208 0207 0206 0205 0203 0202 0200 0199 0198 0196 0195 0194
0194 0193 0192 0192 0192 0193 0193 0193 0193 0194 0194 0195.
0194 0194 0193 0193 0192 0191 0190 0190 0189 0188 0187 0187
0186 0186 0186 0186 0187 0189 0191 0193 0196 0198 0199 0199.
0199 0199 0199 0198 0198 0197 0196 0195 0194 0194 0193 0192
0192 0191 0192 0193 0195 0198 0201 0204 0205 0207 0208 0208.
0208 0207 0206 0205 0204 0202 0201 0200 0199 0198 0197 0196
0195 0195 0194 0194 0194 0194 0195 0196 0196 0196 0196 0196.
0195 0194 0193 0193 0192 0191 0190 0189 0188 0187 0187 0186
0185 0185 0184 0184 0185 0187 0189 0192 0193 0194 0195 0195.
0195 0194 0193 0193 0192 0191 0190 0189 0188 0186 0185 0184
0184 0183 0182 0182 0183 0183 0184 0185 0186 0187 0187 0187.
0187 0187 0186 0186 0185 0185 0184 0184 0183 0183 0182 0181
0181 0180 0180 0180 0181 0182 0183 0184 0186 0187 0188 0189.
0189 0189 0189 0188 0188 0187 0186 0185 0185 0184 0183 0182
0181 0181 0182 0185 0189 0193 0198 0203 0208 0212 0215 0217.
0218 0217 0216 0214 0213 0210 0208 0206 0204 0202 0200 0199
0197 0196 0197 0199 0202 0206 0211 0216 0221 0226 0229 0230.
0230 0230 0229 0227 0225 0223 0221 0219 0217 0215 0213 0212
0210 0209 0210 0211 0214 0218 0222 0227 0231 0235 0238 0240.
0240 0240 0239 0238 0236 0235 0233 0232 0230 0229 0228 0227
0225 0225 0224 0223 0222 0222 0221 0220 0219 0218 0217 0216.
0215 0214 0213 0213 0211 0211 0210 0209 0209 0208 0207 0207
0206 0206 0205 0205 0205 0204 0204 0204 0204 0205 0205 0206.
0206 0205 0205 0205 0204 0203 0202 0201 0201 0200 0199 0198
0198 0198 0198 0199 0200 0202 0205 0209 0224 0217 0220 0222.
0223 0223 0222 0221 0220 0218 0217 0215 0214 0213 0212 0210
0210 0209 0209 0210 0211 0214 0217 0220 0222 0223 0223 0224.
0224 0223 0221 0221 0220 0219 0217 0216 0214 0213 0211 0209
0208 0208 0208 0210 0214 0218 0223 0227 0231 0235 0237 0239.
0239 0239 0237 0234 0234 0232 0231 0229 0227 0226 0225 0224
0223 0222 0222 0223 0228 0232 0230 0229 0227 0227 0226 0225.
0224 0224 0223 0222 0221 0220 0219 0218 0217 0216 0216 0215
0214 0214 0213 0212 0212 0211 0211 //// 0211 0211 0211 0210=
0218 0216 0214 0211 0209 0207 0204 0202 0200 0198 0196 0195
0194 0194 0197 0201 0206 0212 0219 0224 0227 0229 0228 0227.
0225 0223 0220 0217 0214 0211 0208 0206 0203 0201 0199 0196
0195 0195 0197 0201 0207 0214 0222 0230 0236 0241 0243 0242.
0240 0238 0235 0232 0230 0227 0224 0222 0220 0218 0215 0214
0213 0212 0211 0212 0213 0215 0217 0220 0220 0221 0220 0219.
0217 0214 0212 0210 0208 0206 0204 0203 0202 0200 0199 0198
0197 0198 0201 0207 0215 0224 0232 0239 0245 0249 0250 0249.
0246 0243 0240 0240 0234 0230 0227 0224 0221 0219 0216 0216
0216 0215 0214 0215 0216 0220 0224 0226 0227 0228 0225 0224.
0222 0219 0216 0213 0210 0208 0205 0203 0201 0199 0197 0196
0195 0194 0194 0194 0195 0196 0198 0200 0203 0205 0207 0206.
0205 0203 0201 0199 0197 0196 0194 0193 0191 0190 0188 0187
0186 0186 0187 0189 0191 0194 0198 0201 0204 0206 0207 0206.
0205 0203 0201 0199 0197 0195 0193 0192 0191 0189 0188 0187
0187 0187 0189 0191 0195 0200 0204 0207 0209 0211 0213 0212.
0211 0209 0207 0205 0203 0201 0200 0198 0197 0195 0194 0193
0192 0191 0191 0191 0190 0190 0190 0191 0193 0194 0193 0192.
0190 0188 0187 0185 0183 0182 0181 0180 0179 0177 0177 0176
0175 0175 0177 0181 0187 0193 0201 0208 0215 0219 0219 0218.
0215 0211 0208 0204 0201 0198 0195 0192 0190 0188 0185 0183
0182 0182 0185 0190 0193 0194 0199 0201 0206 0210 0213 0213.
0211 0209 0206 0204 0202 0200 0198 0197 0195 0194 0193 0192
0191 0190 0189 0189 0190 0192 0194 0195 0195 0195 0194 0193.
0192 0191 0190 0189 0188 0187 0186 0186 0185 0184 0183 0182
0182 0182 0183 0184 0185 0188 0192 0196 0201 0204 0204 0204.
0203 0201 0200 0198 0197 0195 0194 0192 0191 0190 0189 0187
0186 0186 0188 0191 0194 0199 0205 0211 0216 0219 0219 0217.
0215 0212 0209 0206 0204 0201 0199 0198 0196 0195 0193 0192
0191 0191 0191 0192 0192 0193 0194 0194 0195 0196 0197 0196.
0195 0194 0193 0192 0190 0189 0188 0187 0186 0185 0185 0184
0184 0183 0184 0186 0190 0194 0198 0201 0204 0205 0206 0205.
0204 0203 0201 0200 0199 0197 0196 0195 0194 0193 0192 0191
0190 0191 0193 0198 0204 0209 0212 0214 0217 0218 0217 0216.
0213 0211 0208 0206 0204 0202 0201 0199 0198 0196 0195 0194
0194 0193 0193 0194 0195 0196 0197 0198 0198 0198 0197 0196.
0195 0193 0192 0190 0189 0188 0187 0186 0185 0184 0183 0182
0181 0181 0181 0183 0186 0190 0195 0198 0199 0199 0199 0198.
0196 0195 0193 0192 0190 0189 0187 0185 0183 0182 0181 0180
0179 0179 0179 0180 0181 0183 0185 0187 0188 0189 0188 0188.
0187 0186 0185 0184 0184 0183 0182 0181 0180 0180 0179 0178
0178 0177 0178 0179 0180 0183 0186 0188 0190 0191 0192 0192.
0191 0190 0189 0188 0187 0186 0185 0183 0182 0181 0180 0179
0179 0180 0185 0192 0200 0208 0216 0223 0229 0233 0234 0234.
0231 0227 0223 0219 0216 0212 0209 0205 0202 0199 0197 0195
0193 0195 0199 0205 0213 0222 0230 0238 0244 0248 0248 0247.
0244 0241 0237 0233 0229 0226 0222 0219 0216 0214 0211 0210
0209 0210 0213 0218 0225 0233 0241 0248 0253 0257 0258 0257.
0255 0252 0249 0246 0243 0240 0238 0235 0233 0232 0230 0229
0227 0226 0225 0225 0224 0224 0222 0221 0220 0218 0217 0215.
0214 0213 0212 0210 0210 0209 0208 0207 0207 0206 0205 0205
0204 0204 0203 0203 0203 0203 0204 0204 0205 0206 0207 0207.
0206 0206 0205 0204 0202 0201 0200 0199 0197 0196 0196 0195
0195 0195 0197 0200 0204 0209 0215 0222 0233 0232 0235 0235.
0233 0230 0228 0225 0222 0220 0218 0216 0214 0212 0210 0208
0208 0208 0210 0213 0218 0224 0229 0231 0232 0232 0232 0231.
0229 0227 0225 0223 0221 0219 0216 0214 0212 0209 0207 0205
0205 0206 0211 0217 0225 0233 0240 0246 0251 0254 0255 0254.
0251 0248 0244 0244 0238 0235 0232 0230 0228 0226 0224 0223
0222 0222 0224 0228 0237 0238 0234 0231 0229 0228 0227 0226.
0225 0224 0222 0221 0220 0219 0217 0216 0215 0214 0213 0212
0212 0211 0210 0210 0210 0209 0209 //// 0210 0210 0210 0209=
0186 0188 0188 0189 0189 0189 0190 0189 0189 0189 0188 0187
0185 0183 0182 0180 0180 0181 0181 0183 0185 0187 0188 0190.
0193 0194 0194 0195 0195 0195 0195 0195 0195 0194 0194 0192
0190 0187 0194 0184 0183 0183 0183 0184 0187 0189 0192 0195.
0196 0198 0198 0199 0201 0201 0201 0201 0201 0201 0201 0200
0200 0198 0198 0197 0196 0195 0197 0196 0197 0198 0199 0200.
0200 0200 0200 0200 0200 0200 0200 0199 0199 0199 0198 0196
0195 0192 0190 0189 0189 0189 0190 0191 0194 0195 0199 0201.
0204 0205 0207 0208 0209 0210 0210 0210 0209 0208 0208 0207
0207 0206 0205 0203 0202 0202 0203 0204 0204 0204 0205 0206.
0206 0207 0207 0207 0207 0207 0206 0205 0205 0205 0204 0203
0202 0201 0200 0199 0197 0197 0196 0195 0196 0196 0196 0197.
0198 0198 0198 0199 0199 0198 0198 0197 0197 0197 0196 0195
0194 0193 0192 0191 0189 0190 0189 0190 0190 0191 0193 0194.
0195 0195 0195 0196 0196 0195 0195 0195 0195 0194 0194 0193
0191 0190 0189 0188 0187 0188 0188 0189 0189 0190 0192 0193.
0195 0195 0195 0196 0197 0196 0197 0197 0196 0196 0196 0195
0195 0194 0193 0193 0193 0192 0191 0190 0190 0190 0191 0191.
0191 0191 0191 0191 0191 0190 0190 0190 0189 0189 0189 0187
0186 0184 0182 0181 0181 0180 0181 0181 0183 0186 0188 0190.
0192 0194 0194 0195 0195 0196 0196 0196 0196 0195 0195 0193
0190 0188 0187 0188 0188 0186 0184 0185 0186 0187 0190 0191.
0193 0194 0195 0195 0195 0195 0195 0195 0195 0195 0194 0194
0194 0193 0192 0191 0192 0190 0191 0190 0191 0191 0191 0191.
0191 0191 0191 0191 0191 0191 0191 0190 0190 0190 0189 0188
0188 0187 0186 0186 0185 0183 0183 0183 0186 0186 0187 0189.
0190 0190 0191 0191 0192 0192 0192 0192 0192 0191 0191 0191
0189 0188 0187 0185 0184 0183 0184 0185 0187 0188 0190 0192.
0194 0194 0195 0196 0196 0196 0196 0196 0196 0196 0195 0195
0194 0193 0193 0192 0192 0192 0191 0191 0191 0191 0192 0192.
0192 0192 0192 0192 0192 0192 0192 0191 0191 0191 0190 0190
0189 0188 0186 0185 0185 0185 0185 0186 0186 0188 0188 0189.
0191 0191 0192 0192 0193 0193 0193 0193 0193 0193 0193 0192
0190 0188 0186 0187 0187 0188 0188 0189 0191 0192 0193 0194.
0195 0196 0196 0197 0198 0198 0198 0198 0197 0197 0196 0196
0195 0194 0194 0193 0192 0191 0192 0193 0193 0193 0194 0194.
0194 0194 0194 0194 0194 0194 0193 0193 0192 0192 0191 0191
0190 0189 0187 0185 0184 0185 0186 0187 0188 0189 0190 0190.
0191 0191 0191 0192 0192 0192 0192 0192 0192 0191 0191 0189
0189 0188 0187 0186 0185 0185 0185 0185 0186 0186 0186 0187.
0187 0187 0187 0187 0187 0187 0187 0187 0187 0186 0186 0186
0185 0184 0183 0182 0182 0181 0181 0181 0182 0183 0184 0185.
0185 0186 0186 0186 0187 0187 0187 0186 0186 0186 0186 0184
0182 0181 0179 0178 0178 0178 0179 0180 0182 0184 0186 0190.
0194 0197 0198 0199 0200 0200 0201 0201 0200 0200 0199 0197
0194 0192 0190 0189 0189 0189 0189 0190 0193 0195 0198 0201.
0204 0206 0207 0208 0208 0209 0209 0209 0209 0208 0207 0205
0202 0201 0199 0198 0197 0197 0198 0199 0201 0203 0205 0209.
0211 0213 0213 0214 0215 0213 0215 0215 0215 0215 0215 0214
0215 0214 0213 0213 0213 0214 0214 0213 0213 0213 0213 0212.
0212 0211 0211 0210 0210 0209 0209 0209 0208 0208 0207 0207
0206 0206 0205 0205 0204 0204 0203 0203 0202 0202 0203 0203.
0203 0203 0204 0203 0204 0203 0203 0203 0203 0202 0202 0200
0199 0198 0197 0196 0195 0194 0195 0195 0196 0197 0200 0203.
0205 0207 0208 0208 0209 0209 0210 0210 0210 0209 0209 0208
0206 0205 0203 0201 0201 0203 0204 0205 0205 0207 0208 0209.
0210 0211 0211 0212 0213 0213 0213 0213 0213 0213 0211 0209
0206 0205 0203 0202 0201 0202 0203 0204 0205 0207 0210 0213.
0216 0218 0219 0219 0220 0220 0220 0220 0219 0219 0218 0217
0215 0214 0212 0212 0216 0217 0217 0217 0216 0217 0217 0217.
0217 0217 0217 0217 0217 0217 0216 0216 0215 0215 0215 0214
0214 0213 0213 0213 0212 0212 0211 //// 0210 0210 0210 0210=
KB
0163 0164 0164 0164 0165 0165 0165 0165 0165 0166 0166 0165
0164 0162 0161 0161 0160 0161 0161 0162 0164 0164 0165 0166.
0167 0168 0168 0168 0168 0169 0169 0169 0170 0170 0170 0169
0168 0166 0155 0164 0163 0163 0163 0164 0165 0166 0167 0169.
0169 0170 0170 0170 0170 0171 0171 0171 0172 0172 0173 0172
0172 0171 0171 0171 0170 0170 0171 0171 0172 0173 0174 0174.
0175 0175 0175 0175 0176 0176 0176 0176 0176 0176 0176 0176
0174 0172 0171 0171 0170 0170 0170 0170 0172 0172 0173 0174.
0175 0175 0176 0177 0177 0178 0178 0178 0178 0178 0178 0178
0179 0178 0178 0176 0176 0176 0177 0178 0178 0178 0179 0179.
0180 0181 0181 0181 0181 0183 0183 0183 0183 0183 0184 0184
0183 0183 0183 0182 0182 0181 0181 0181 0181 0182 0183 0183.
0183 0184 0184 0184 0184 0184 0184 0184 0184 0184 0184 0184
0183 0182 0182 0181 0180 0180 0180 0180 0181 0181 0182 0183.
0183 0183 0183 0183 0183 0183 0183 0183 0183 0183 0183 0183
0181 0181 0180 0179 0178 0179 0179 0179 0179 0179 0180 0182.
0182 0181 0181 0182 0182 0182 0183 0183 0183 0183 0183 0183
0183 0182 0182 0182 0183 0183 0182 0182 0182 0183 0183 0183.
0183 0183 0184 0184 0184 0184 0184 0184 0184 0184 0184 0184
0182 0181 0179 0178 0178 0177 0178 0178 0179 0179 0180 0181.
0182 0183 0182 0182 0183 0183 0183 0183 0184 0184 0184 0182
0181 0179 0178 0180 0181 0178 0177 0178 0178 0179 0181 0181.
0182 0182 0182 0182 0183 0182 0183 0182 0183 0182 0182 0183
0183 0183 0182 0181 0180 0181 0182 0182 0183 0183 0183 0183.
0183 0183 0183 0183 0183 0183 0183 0183 0183 0183 0183 0182
0182 0182 0181 0181 0179 0179 0178 0178 0180 0180 0181 0182.
0182 0182 0182 0182 0182 0182 0182 0182 0182 0182 0183 0182
0181 0180 0179 0178 0178 0176 0177 0178 0179 0179 0180 0181.
0181 0181 0182 0182 0182 0182 0183 0183 0183 0183 0183 0183
0182 0182 0182 0182 0182 0182 0182 0182 0182 0182 0183 0183.
0183 0183 0183 0184 0184 0184 0184 0184 0184 0184 0184 0183
0183 0182 0181 0180 0180 0180 0179 0180 0180 0181 0181 0182.
0182 0182 0182 0183 0183 0183 0183 0183 0183 0183 0183 0182
0181 0180 0178 0178 0178 0181 0179 0180 0180 0181 0181 0182.
0182 0182 0183 0183 0183 0184 0184 0184 0184 0184 0184 0184
0184 0183 0183 0183 0182 0183 0182 0183 0184 0184 0185 0185.
0185 0185 0185 0185 0185 0185 0186 0186 0186 0186 0186 0185
0185 0184 0182 0181 0180 0181 0182 0183 0183 0184 0184 0184.
0184 0184 0185 0185 0185 0186 0186 0186 0185 0185 0185 0186
0185 0184 0183 0183 0183 0182 0182 0183 0184 0184 0184 0184.
0184 0184 0184 0184 0184 0184 0184 0184 0184 0184 0184 0184
0183 0183 0182 0181 0181 0180 0180 0180 0181 0181 0182 0182.
0183 0183 0183 0183 0183 0183 0183 0183 0183 0183 0183 0181
0180 0178 0177 0176 0176 0176 0176 0176 0176 0176 0177 0179.
0181 0182 0182 0182 0183 0183 0183 0183 0184 0184 0184 0182
0180 0179 0177 0177 0177 0177 0177 0177 0177 0179 0180 0182.
0184 0184 0184 0185 0185 0185 0185 0186 0186 0186 0186 0183
0182 0181 0180 0179 0180 0179 0180 0180 0181 0181 0183 0185.
0186 0187 0186 0187 0187 0187 0187 0188 0188 0188 0188 0189
0189 0190 0189 0190 0190 0191 0191 0191 0192 0192 0192 0192.
0192 0193 0193 0193 0193 0193 0193 0193 0193 0193 0193 0193
0193 0193 0193 0193 0193 0193 0192 0192 0192 0192 0193 0193.
0193 0193 0194 0194 0194 0194 0194 0194 0194 0194 0194 0193
0192 0191 0190 0190 0188 0188 0188 0188 0188 0188 0189 0191.
0192 0192 0192 0192 0192 0192 0193 0193 0193 0193 0193 0192
0191 0190 0189 0187 0187 0189 0190 0191 0190 0191 0191 0192.
0193 0193 0193 0194 0194 0195 0195 0195 0196 0196 0195 0193
0191 0190 0190 0189 0189 0189 0190 0189 0190 0190 0191 0193.
0195 0195 0195 0195 0195 0196 0196 0196 0195 0196 0196 0195
0194 0193 0192 0192 0197 0197 0197 0196 0197 0197 0198 0198.
0198 0198 0198 0198 0199 0199 0199 0199 0199 0199 0199 0199
0199 0199 0200 0200 0200 0200 0199 //// 0199 0199 0200 0200=
0150 0151 0151 0151 0151 0151 0152 0151 0152 0152 0152 0150
0149 0147 0147 0146 0145 0146 0146 0147 0148 0149 0149 0150.
0152 0152 0152 0152 0152 0153 0153 0153 0153 0153 0153 0152
0151 0149 0146 0146 0146 0146 0146 0146 0147 0148 0149 0151.
0151 0151 0151 0151 0152 0152 0153 0152 0153 0153 0153 0153
0152 0152 0152 0151 0150 0150 0151 0152 0151 0152 0153 0153.
0154 0154 0154 0154 0154 0155 0155 0155 0155 0155 0155 0154
0153 0151 0149 0149 0148 0148 0148 0149 0150 0150 0151 0152.
0154 0154 0154 0155 0155 0156 0156 0156 0155 0155 0155 0155
0155 0155 0154 0153 0152 0153 0153 0154 0154 0154 0155 0155.
0156 0156 0156 0156 0157 0158 0158 0158 0159 0159 0159 0159
0158 0158 0158 0157 0157 0157 0156 0156 0156 0157 0158 0158.
0159 0159 0159 0160 0160 0160 0160 0160 0160 0160 0160 0160
0159 0159 0158 0157 0157 0157 0157 0157 0158 0158 0159 0160.
0160 0160 0161 0161 0161 0161 0161 0161 0161 0161 0162 0161
0160 0160 0158 0158 0157 0158 0158 0158 0158 0159 0160 0160.
0161 0161 0161 0162 0162 0162 0163 0163 0163 0163 0163 0163
0162 0162 0162 0162 0163 0163 0162 0162 0162 0163 0163 0163.
0163 0163 0164 0164 0164 0164 0164 0164 0165 0165 0165 0164
0164 0163 0161 0160 0160 0159 0160 0159 0161 0162 0163 0164.
0164 0165 0165 0165 0165 0166 0166 0166 0166 0166 0166 0165
0163 0162 0161 0163 0164 0161 0160 0161 0161 0162 0163 0164.
0165 0165 0165 0165 0165 0166 0166 0166 0165 0166 0166 0166
0166 0166 0165 0164 0164 0163 0165 0165 0165 0166 0165 0166.
0166 0166 0166 0166 0166 0166 0166 0166 0167 0167 0167 0166
0166 0165 0165 0164 0163 0163 0162 0162 0164 0165 0165 0166.
0166 0166 0166 0167 0167 0167 0167 0167 0167 0167 0167 0167
0165 0165 0164 0163 0162 0162 0162 0163 0164 0164 0165 0166.
0166 0167 0167 0167 0167 0168 0168 0168 0168 0168 0168 0168
0167 0166 0167 0167 0167 0167 0166 0166 0166 0167 0167 0167.
0168 0168 0168 0168 0168 0168 0168 0168 0168 0168 0168 0168
0168 0167 0166 0165 0165 0165 0164 0165 0166 0166 0166 0167.
0167 0168 0168 0168 0168 0168 0168 0168 0169 0169 0169 0168
0167 0165 0163 0164 0164 0165 0164 0165 0166 0166 0167 0167.
0167 0168 0168 0169 0169 0169 0169 0169 0169 0169 0169 0169
0169 0168 0168 0168 0167 0167 0167 0168 0169 0169 0169 0170.
0170 0170 0170 0170 0170 0170 0170 0170 0170 0170 0170 0170
0170 0169 0168 0166 0166 0166 0167 0168 0169 0169 0170 0170.
0170 0170 0170 0170 0171 0171 0172 0172 0172 0171 0171 0171
0171 0170 0170 0169 0169 0169 0169 0170 0170 0170 0170 0171.
0171 0171 0171 0171 0171 0171 0171 0171 0171 0171 0171 0171
0171 0170 0170 0169 0169 0169 0168 0169 0169 0169 0170 0171.
0171 0171 0171 0171 0171 0172 0171 0172 0172 0172 0171 0170
0169 0168 0166 0166 0165 0165 0165 0166 0166 0166 0167 0169.
0171 0171 0172 0172 0172 0172 0173 0173 0173 0173 0173 0171
0169 0167 0166 0165 0165 0165 0165 0165 0166 0167 0168 0170.
0171 0171 0171 0172 0172 0172 0172 0172 0172 0172 0172 0169
0168 0166 0165 0165 0164 0164 0164 0165 0165 0166 0167 0169.
0170 0170 0170 0170 0171 0175 0170 0170 0170 0170 0170 0170
0170 0170 0170 0171 0171 0171 0172 0172 0172 0172 0172 0172.
0172 0172 0172 0172 0172 0172 0172 0172 0172 0172 0172 0172
0172 0172 0172 0172 0172 0172 0171 0171 0171 0171 0172 0172.
0173 0173 0173 0173 0173 0173 0174 0174 0174 0174 0174 0173
0172 0171 0171 0170 0169 0169 0169 0169 0169 0169 0170 0172.
0173 0173 0173 0173 0173 0174 0174 0174 0174 0174 0174 0173
0172 0171 0170 0168 0168 0170 0171 0172 0171 0172 0172 0173.
0173 0174 0174 0175 0175 0176 0176 0176 0176 0176 0175 0174
0172 0171 0170 0169 0169 0169 0170 0170 0170 0170 0171 0173.
0175 0175 0175 0175 0175 0175 0176 0175 0175 0175 0175 0174
0173 0172 0171 0171 0175 0176 0175 0175 0175 0175 0175 0176.
0176 0175 0176 0176 0176 0176 0176 0176 0176 0176 0176 0176
0176 0176 0177 0177 0177 0177 0177 //// 0177 0177 0177 0177=
0157 0157 0157 0157 0157 0158 0158 0157 0158 0158 0158 0156
0155 0153 0152 0152 0151 0151 0151 0153 0154 0155 0155 0156.
0157 0157 0157 0157 0158 0158 0158 0158 0158 0158 0158 0157
0155 0153 0144 0151 0151 0150 0150 0150 0151 0152 0154 0155.
0156 0156 0155 0155 0157 0157 0157 0157 0157 0157 0156 0156
0156 0156 0155 0154 0154 0153 0154 0154 0155 0156 0156 0157.
0157 0157 0157 0157 0157 0157 0157 0157 0158 0158 0157 0156
0156 0153 0152 0151 0151 0151 0151 0151 0152 0152 0153 0154.
0155 0155 0155 0157 0157 0157 0157 0157 0157 0156 0156 0156
0156 0156 0155 0154 0153 0153 0154 0155 0155 0155 0156 0156.
0156 0157 0157 0157 0157 0158 0158 0158 0159 0158 0158 0158
0158 0158 0157 0157 0156 0156 0156 0155 0155 0156 0157 0158.
0158 0158 0158 0158 0159 0159 0159 0159 0159 0159 0159 0158
0157 0157 0156 0156 0154 0155 0155 0155 0156 0156 0157 0158.
0158 0158 0158 0158 0159 0159 0159 0159 0159 0159 0159 0158
0157 0157 0155 0154 0154 0155 0155 0155 0154 0155 0156 0157.
0157 0157 0157 0158 0158 0158 0159 0159 0159 0159 0159 0159
0158 0158 0158 0158 0159 0159 0158 0158 0158 0158 0158 0159.
0159 0159 0159 0159 0159 0159 0159 0160 0160 0160 0160 0159
0159 0157 0156 0154 0154 0154 0154 0154 0155 0157 0157 0158.
0159 0159 0159 0159 0160 0160 0160 0160 0161 0161 0161 0159
0158 0156 0155 0157 0158 0155 0154 0155 0155 0156 0157 0158.
0159 0159 0159 0159 0159 0159 0159 0159 0159 0159 0159 0159
0159 0159 0159 0158 0158 0157 0158 0158 0159 0159 0159 0159.
0159 0159 0159 0159 0159 0159 0160 0160 0160 0160 0160 0159
0159 0159 0158 0158 0157 0155 0155 0155 0156 0158 0157 0159.
0159 0159 0159 0160 0160 0160 0160 0160 0160 0160 0160 0160
0158 0157 0157 0156 0155 0154 0154 0155 0156 0157 0157 0158.
0159 0159 0159 0160 0160 0160 0160 0160 0160 0160 0160 0160
0159 0159 0159 0159 0159 0159 0159 0158 0159 0159 0159 0160.
0160 0160 0160 0160 0160 0160 0160 0160 0160 0160 0160 0160
0160 0159 0157 0156 0157 0157 0156 0157 0157 0158 0158 0158.
0159 0159 0160 0160 0160 0160 0160 0160 0160 0160 0160 0160
0159 0157 0155 0156 0156 0158 0156 0157 0158 0158 0158 0159.
0159 0159 0160 0160 0160 0161 0161 0161 0161 0161 0161 0160
0160 0160 0160 0159 0159 0158 0159 0159 0160 0160 0161 0161.
0161 0161 0162 0161 0162 0162 0162 0162 0162 0162 0162 0161
0161 0160 0159 0157 0157 0158 0159 0159 0160 0160 0161 0161.
0161 0161 0162 0162 0162 0162 0163 0163 0163 0163 0162 0162
0162 0161 0161 0160 0160 0159 0160 0160 0161 0161 0161 0161.
0162 0162 0162 0162 0162 0162 0162 0162 0162 0162 0162 0162
0162 0161 0160 0160 0160 0159 0159 0160 0160 0160 0161 0161.
0162 0162 0162 0162 0162 0162 0162 0162 0162 0163 0163 0161
0159 0158 0157 0157 0156 0156 0156 0156 0156 0157 0157 0159.
0161 0162 0162 0163 0163 0163 0163 0163 0164 0164 0163 0161
0159 0158 0157 0156 0156 0155 0156 0156 0157 0158 0159 0160.
0161 0162 0162 0162 0163 0163 0163 0163 0163 0163 0162 0161
0158 0157 0156 0155 0155 0155 0155 0155 0156 0156 0158 0159.
0161 0161 0161 0161 0161 0163 0161 0161 0161 0161 0161 0161
0161 0161 0161 0161 0162 0162 0162 0162 0162 0162 0163 0162.
0162 0163 0162 0162 0162 0162 0162 0162 0162 0162 0163 0162
0162 0162 0162 0162 0162 0162 0161 0161 0161 0161 0161 0162.
0162 0162 0163 0163 0163 0163 0163 0163 0163 0163 0163 0163
0162 0160 0160 0160 0159 0158 0158 0158 0158 0158 0159 0161.
0162 0162 0162 0162 0162 0163 0163 0163 0163 0163 0163 0163
0161 0160 0159 0157 0157 0159 0160 0160 0160 0161 0161 0162.
0162 0162 0163 0163 0164 0164 0164 0164 0164 0165 0164 0162
0160 0159 0158 0157 0157 0157 0158 0158 0158 0158 0159 0161.
0163 0163 0163 0163 0163 0163 0163 0163 0163 0163 0163 0163
0161 0160 0159 0158 0163 0163 0163 0163 0163 0163 0162 0163.
0163 0163 0163 0163 0164 0164 0164 0164 0164 0164 0164 0163
0163 0163 0164 0164 0164 0164 0164 //// 0163 0164 0164 0164=
A=
SA
NN NN NN NN NN 00 00 00 00 00 00 00 00 00 00 00 00 00 00 NN NN NN NN NN 0519 1841 000
NN NN NN NN NN 00 00 00 00 00 00 00 00 00 00 00 00 00 00 NN NN NN NN NN 0519 1841 000
NN NN NN NN NN 00 00 00 00 00 00 00 00 00 00 00 00 00 00 NN NN NN NN NN 0518 1843 000
NN NN NN NN NN 00 00 00 00 00 00 00 00 00 00 00 00 00 00 NN NN NN NN NN 0517 1843 000
NN NN NN NN NN 00 00 00 00 00 00 00 00 00 00 00 00 00 00 NN NN NN NN NN 0516 1844 000
NN NN NN NN NN 00 00 00 00 00 00 00 00 00 00 00 00 00 00 NN NN NN NN NN 0516 1845 000
NN NN NN NN NN 00 00 00 00 00 00 00 00 00 00 00 00 00 00 NN NN NN NN NN 0514 1846 000
NN NN NN NN NN 00 00 00 00 00 00 00 00 00 00 00 00 00 00 NN NN NN NN NN 0514 1846 000
NN NN NN NN NN 00 00 00 00 00 00 00 00 00 00 00 00 00 00 NN NN NN NN NN 0513 1847 000
NN NN NN NN NN 00 00 00 00 00 00 00 00 00 00 00 00 00 00 NN NN NN NN NN 0512 1848 000
NN NN NN NN NN 00 00 00 00 00 00 00 00 00 00 00 00 00 00 NN NN NN NN NN 0511 1849 000
NN NN NN NN NN 00 00 00 00 00 00 00 00 00 00 00 00 00 00 NN NN NN NN NN 0511 1850 000
NN NN NN NN NN 00 00 00 00 00 00 00 00 00 00 00 00 00 00 NN NN NN NN NN 0510 1850 000
NN NN NN NN NN 00 00 00 00 00 00 00 00 00 00 00 00 00 00 NN NN NN NN NN 0510 1851 000
NN NN NN NN NN 00 00 00 00 00 00 00 00 00 00 00 00 00 00 NN NN NN NN NN 0508 1852 000
NN NN NN NN NN 00 00 00 00 00 00 00 00 00 00 00 00 00 00 NN NN NN NN NN 0508 1852 000
NN NN NN NN NN 00 00 00 00 00 00 00 00 00 00 00 00 00 00 NN NN NN NN NN 0507 1853 000
NN NN NN NN NN 00 00 00 00 00 00 00 00 00 00 00 00 00 00 NN NN NN NN NN 0507 1854 000
NN NN NN NN NN 00 00 00 00 00 00 00 00 00 00 00 00 00 00 NN NN NN NN NN 0506 1855 000
NN NN NN NN NN 00 00 00 00 00 00 00 00 00 00 00 00 00 00 NN NN NN NN NN 0505 1855 000
NN NN NN NN NN 00 00 00 00 00 00 00 00 00 00 00 00 00 00 NN NN NN NN NN 0505 1856 000
NN NN NN NN NN 00 00 00 00 00 00 00 00 00 00 00 00 00 00 NN NN NN NN NN 0504 1856 000
NN NN NN NN NN 00 00 00 00 00 00 00 00 00 00 00 00 00 00 NN NN NN NN NN 0504 1857 000
NN NN NN NN NN 00 00 00 00 00 00 00 00 00 00 00 00 00 00 NN NN NN NN NN 0503 1858 000
NN NN NN NN NN 00 00 00 00 00 00 00 00 00 00 00 00 00 00 NN NN NN NN NN 0502 1858 000
NN NN NN NN NN 00 00 00 00 00 00 00 00 00 00 00 00 00 00 NN NN NN NN NN 0502 1859 000
NN NN NN NN NN 00 00 00 00 00 00 00 00 00 00 00 00 00 00 NN NN NN NN NN 0501 1859 000
NN NN NN NN NN 00 00 00 00 00 00 00 00 00 00 00 00 00 00 NN NN NN NN NN 0501 1859 000
NN NN NN NN NN 00 00 00 00 00 00 00 00 00 00 00 00 00 00 NN NN NN NN NN 0500 1900 000
NN NN NN NN NN 00 00 00 00 00 00 00 00 00 00 00 00 00 00 00 NN NN NN NN 0500 1901 000
NN NN NN NN 00 00 00 00 00 00 00 00 00 00 00 00 00 00 00 // NN NN NN NN 0459 1901 ///=
BA
0217 0205 0206 0200 0192 0184 0185 0187 0180 0177 0184 0212
0254 0306 0348 0370 0407 0361 0376 0319 0282 0261 0257 0232 0413 1309 0176 0620.
0215 0203 0196 0193 0186 0181 0178 0173 0170 0166 0170 0204
0240 0298 0347 0397 0413 0449 0444 0406 0355 0322 0286 0256 0453 1429 0165 0622.
0244 0239 0237 0228 0215 0215 0213 0210 0209 0207 0207 0208
0219 0236 0235 0257 0269 0287 0249 0241 0244 0223 0209 0201 0293 1350 0201 2000.
0198 0198 0196 0194 0192 0190 0190 0185 0185 0184 0187 0210
0249 0302 0337 0365 0380 0378 0383 0358 0318 0295 0263 0245 0389 1409 0184 0356.
0243 0235 0220 0212 0209 0204 0201 0200 0209 0211 0214 0215
0220 0225 0238 0290 0300 0285 0262 0242 0239 0229 0215 0202 0303 1218 0198 0350.
0183 0176 0178 0174 0175 0171 0171 0172 0170 0169 0170 0174
0181 0190 0202 0208 0223 0224 0244 0242 0238 0216 0198 0181 0252 1518 0168 0620.
0179 0175 0175 0174 0172 0170 0166 0164 0161 0161 0164 0177
0191 0202 0223 0248 0249 0263 0272 0246 0239 0227 0202 0187 0287 1508 0161 0500.
0181 0179 0175 0174 0173 0172 0172 0170 0169 0169 0169 0189
0228 0215 0265 0280 0290 0273 0272 0270 0275 0251 0218 0200 0323 1213 0168 0449.
0197 0194 0191 0186 0182 0180 0176 0177 0176 0174 0175 0179
0183 0196 0200 0188 0180 0193 0215 0208 0192 0173 0165 0160 0218 1446 0160 1956.
0156 0157 0158 0156 0156 0156 0156 0154 0154 0152 0153 0165
0186 0215 0267 0283 0302 0316 0307 0316 0265 0224 0200 0183 0336 1444 0151 0630.
0176 0171 0166 0162 0159 0156 0154 0151 0146 0141 0146 0170
0211 0259 0246 0209 0203 0274 0311 0273 0273 0239 0213 0200 0319 1455 0140 0619.
0191 0187 0186 0182 0180 0179 0177 0177 0176 0177 0175 0178
0177 0181 0200 0217 0216 0229 0197 0193 0185 0184 0182 0180 0230 1402 0175 0656.
0177 0175 0175 0174 0175 0173 0171 0169 0167 0162 0169 0183
0182 0195 0197 0218 0247 0272 0274 0278 0224 0213 0202 0194 0289 1543 0159 0624.
0190 0189 0186 0182 0179 0177 0176 0174 0172 0171 0167 0171
0233 0225 0227 0273 0282 0309 0315 0268 0250 0234 0209 0191 0330 1340 0167 0654.
0186 0180 0177 0180 0178 0176 0177 0175 0174 0174 0175 0177
0197 0200 0198 0201 0204 0203 0210 0220 0210 0196 0185 0179 0227 1612 0173 0509.
0177 0176 0174 0172 0172 0171 0171 0171 0171 0169 0170 0175
0185 0200 0241 0264 0258 0260 0265 0236 0229 0217 0209 0201 0294 1419 0169 0555.
0197 0195 0191 0188 0186 0183 0182 0180 0179 0177 0183 0197
0220 0272 0307 0278 0275 0260 0284 0265 0244 0221 0209 0198 0331 1225 0177 0559.
0194 0192 0189 0189 0188 0183 0181 0181 0181 0181 0183 0187
0193 0202 0202 0209 0217 0214 0211 0200 0188 0181 0180 0176 0218 1256 0176 1958.
0171 0170 0168 0169 0168 0167 0165 0165 0165 0163 0155 0160
0172 0186 0221 0251 0255 0247 0229 0210 0200 0191 0186 0181 0264 1244 0155 0700.
0176 0177 0174 0173 0170 0158 0152 0155 0157 0157 0159 0164
0169 0185 0199 0204 0203 0215 0206 0196 0186 0183 0179 0175 0221 1436 0151 0302.
0175 0173 0171 0169 0167 0167 0166 0164 0164 0161 0163 0166
0169 0188 0200 0208 0220 0227 0227 0214 0208 0201 0194 0185 0229 1451 0161 0559.
0180 0178 0175 0172 0169 0167 0165 0163 0160 0158 0163 0189
0244 0299 0325 0338 0332 0357 0353 0344 0311 0266 0246 0219 0368 1409 0157 0540.
0207 0197 0190 0183 0177 0172 0167 0163 0160 0156 0165 0209
0259 0310 0348 0368 0380 0409 0404 0380 0315 0294 0269 0242 0411 1431 0154 0605.
0227 0215 0207 0202 0197 0193 0189 0185 0185 0188 0193 0227
0271 0313 0356 0390 0407 0414 0400 0382 0349 0316 0285 0265 0426 1329 0184 0426.
0246 0242 0241 0236 0232 0228 0230 0229 0227 0224 0225 0223
0226 0228 0234 0220 0218 0210 0208 0206 0205 0202 0201 0199 0264 2001 0198 1959.
0197 0197 0198 0197 0198 0197 0197 0196 0196 0195 0194 0195
0195 0197 0200 0202 0205 0208 0219 0218 0223 0214 0205 0199 0224 1628 0194 0640.
0195 0193 0189 0187 0183 0181 0179 0179 0179 0179 0181 0196
0215 0241 0247 0269 0314 0330 0325 0313 0297 0259 0240 0222 0344 1419 0177 0625.
0214 0209 0206 0203 0201 0199 0196 0194 0193 0191 0197 0209
0228 0264 0266 0314 0317 0275 0260 0278 0262 0256 0234 0220 0358 1233 0191 0559.
0214 0211 0207 0201 0187 0181 0177 0172 0168 0168 0186 0245
0318 0377 0404 0424 0463 0421 0371 0422 0374 0302 0268 0239 0473 1335 0167 0538.
0225 0217 0215 0216 0210 0209 0205 0209 0209 0203 0212 0238
0270 0331 0334 0295 0220 0218 0223 0228 0224 0218 0218 0212 0398 1122 0203 0247.
0210 0210 0205 0204 0201 0200 0201 0200 0198 0197 0196 0200
0203 0198 0201 0200 0206 0211 0214 //// 0203 0198 0190 0187 0220 1434 0187 2000=
=
??????
******
YF
13064
江苏省
吕泗国家基准气候站
启东市吕四港镇北门外滨海







=
JY
8888=
GK
01/
05/=
BZ
00/320400/1213600
10/24/逐时观测
10/24/24时连续观测
11/守班=
######
