58265 3204N 12136E 000055 000065 105 000 S11 11111999119199111911 0 2010 10
PC
9604 9607 9603 9604 9600 9595 9590 9585 9585 9587 9590 9595
9598 9600 9603 9603 9596 9595 9593 9593 9598 9608 9616 9620 9621 1956 9584 0416.
9632 9634 9643 9642 9645 9647 9649 9646 9645 9651 9656 9660
9665 9667 9667 9663 9653 9642 9631 9627 9624 9627 9631 9638 9669 1031 9620 2002.
9643 9649 9651 9653 9650 9649 9646 9646 9646 9649 9653 9663
9669 9673 9672 9667 9659 9648 9641 9637 9636 9634 9638 9642 9673 1000 9634 1737.
9646 9649 9648 9647 9643 9639 9633 9631 9631 9636 9640 9647
9658 9657 9657 9651 9641 9629 9621 9615 9612 9615 9620 9626 9660 0921 9612 1641.
9631 9633 9632 9628 9626 9620 9616 9614 9615 9620 9622 9626
9630 9636 9634 9628 9618 9609 9604 9597 9595 9595 9599 9602 9637 1022 9594 1744.
9611 9615 9615 9614 9616 9612 9605 9601 9599 9600 9605 9609
9617 9622 9621 9617 9609 9598 9593 9590 9590 9595 9601 9608 9623 1019 9588 1539.
9616 9621 9626 9627 9623 9616 9611 9607 9604 9605 9610 9616
9622 9626 9623 9616 9603 9591 9582 9579 9578 9580 9584 9591 9627 2321 9578 1653.
9595 9600 9600 9599 9594 9590 9583 9583 9578 9579 9579 9585
9589 9588 9584 9579 9564 9557 9549 9545 9543 9542 9543 9549 9602 2237 9541 1730.
9551 9553 9552 9549 9545 9539 9533 9528 9522 9527 9526 9531
9535 9536 9533 9528 9517 9507 9498 9491 9487 9486 9486 9490 9555 2139 9485 1722.
9492 9493 9490 9485 9480 9473 9469 9465 9461 9464 9466 9476
9485 9491 9495 9500 9501 9502 9505 9506 9516 9526 9534 9544 9544 2000 9461 0459.
//// 9576 9582 9583 9588 9587 9584 9580 9580 9581 9589 9592
9600 9600 9599 9591 9581 9571 9563 9561 9561 9565 9569 9580 9601 0915 9560 1631.
9587 9592 9594 9594 9593 9591 9587 9582 9580 9584 9589 9597
9603 9604 9602 9594 9585 9578 9573 9572 9576 9582 9589 9600 9604 0958 9572 1554.
9607 9614 9615 9611 9607 9605 9599 9596 9595 9599 9600 9604
9612 9612 9610 9599 9591 9577 9570 9570 9570 9569 9580 9588 9615 2214 9567 1729.
9597 9602 9603 9602 9616 9612 9612 9614 9614 9618 9627 9635
9641 9645 9643 9637 9631 9620 9614 9611 9615 9617 9619 9625 9647 0939 9588 2006.
9634 9639 9642 9640 9641 9636 9631 9636 9637 9641 9646 9652
9658 9664 9658 9657 9642 9631 9624 9618 9616 9617 9616 9623 9664 0956 9613 1719.
9625 9627 9625 9621 9620 9615 9608 9603 9600 9599 9602 9607
9612 9615 9610 9602 9593 9583 9577 9579 9583 9589 9597 9607 9627 2159 9576 1520.
9615 9622 9627 9628 9626 9621 9617 9614 9612 9617 9622 9628
9636 9640 9637 9628 9623 9618 9608 9607 9604 9608 9612 9619 9640 1000 9603 1648.
9627 9632 9634 9635 9629 9625 9627 9626 9621 9623 9631 9634
9641 9643 9641 9637 9630 9620 9614 9614 9617 9623 9630 9638 9644 1041 9612 1535.
9649 9652 9654 9650 9648 9643 9640 9634 9632 9633 9637 9642
9651 9654 9652 9645 9634 9623 9614 9611 9614 9616 9616 9623 9655 2248 9611 1558.
9632 9636 9634 9631 9630 9631 9630 9625 9623 9625 9629 9634
9638 9640 //// //// //// //// //// //// 9580 9581 9583 9589 9641 0958 9580 1659.
9593 9596 9596 9590 9587 9586 9580 9576 9574 9574 9576 9582
9583 9584 9580 9570 9558 9543 9534 9530 9528 9526 9528 9535 9598 2241 9525 1752.
9537 9540 9541 9536 9532 9528 9527 9525 9522 9524 9527 9535
9543 9549 9548 9542 9534 9524 9521 9521 9522 9524 9532 9538 9549 1000 9519 1522.
9543 9548 9553 9558 9555 9554 9549 9545 9544 9544 9546 9552
9560 9562 9559 9552 9545 9535 9530 9526 9524 9526 9530 9536 9563 0941 9523 1622.
9541 9542 9544 9545 9545 9543 9541 9542 9538 9544 9550 9558
9565 9570 9573 9572 9567 9565 9567 9566 9568 9573 9580 9590 9590 1954 9536 2006.
9602 9610 9618 9619 9619 9619 9620 9622 9625 9629 9638 9648
9658 9665 9667 9665 9658 9651 9646 9644 9643 9647 9653 9663 9668 1051 9590 2001.
9671 9677 9680 9681 9680 9678 9679 9679 9681 9685 9691 9701
9709 9712 9710 9701 9693 9684 9680 9680 9678 9682 9688 9699 9712 0959 9663 2001.
9707 9714 9717 9717 9716 9714 9714 9715 9715 9715 9717 9721
9726 9730 9726 9716 9706 9697 9690 9683 9685 9686 9688 9695 9730 0957 9682 1622.
9703 9706 9705 9703 9700 9696 9694 9693 9692 9695 9701 9706
9713 9715 9716 9710 9701 9695 9689 9689 9693 9695 9699 9708 9716 0950 9688 1549.
9715 9717 9720 9721 9718 9718 9714 9716 9719 9718 9723 9731
9732 9739 9737 9731 9720 9708 9701 9701 9705 9704 9712 9719 9739 0959 9697 1622.
9726 9727 9728 9729 9725 9722 9718 9716 9716 9720 9723 9725
9733 9737 9732 9721 9708 9696 9686 9683 9681 9681 9683 9689 9737 0955 9680 1725.
9693 9694 9694 9690 9686 9681 9678 9674 9668 9670 9672 9673
9679 9678 9672 9662 9653 9641 9633 9629 9627 9629 9635 9643 9694 2142 9627 1655=
9602 9602 9602 9627
9654 9667 9649 9645
9656 9670 9655 9649
9646 9654 9636 9633
9627 9633 9616 9609
9619 9616 9605 9615
9623 9623 9598 9598
9597 9592 9564 9556
9546 9538 9514 9497
9480 9483 9509 9551
9594 9599 9578 9587
9598 9604 9585 9607
9612 9611 9584 9595
9619 9642 9627 9632
9643 9659 9638 9630
9622 9614 9590 9614
9628 9635 9625 9626
9632 9641 9627 9645
9650 9649 9630 9630
9638 9641 //// 9596
//// 9589 9550 9542
9535 9542 9531 9545
9561 9559 9542 9543
9550 9565 9572 9597
9626 9655 9658 9670
9686 9709 9692 9707
9722 9729 9705 9703
9704 9714 9703 9716
9726 9739 9716 9727
9730 9733 9704 9697
9688 9680 9648 9650=
TB
0196 0196 0195 0194 0193 0190 0185 0183 0182 0180 0177 0176
0175 0177 0176 0179 0184 0186 0191 0190 0191 0190 0181 0179 0197 2044 0174 0913.
0180 0178 0179 0181 0179 0175 0171 0172 0172 0168 0172 0175
0196 0201 0212 0229 0240 0255 0254 0249 0242 0233 0203 0194 0261 1526 0167 0611.
0184 0181 0184 0180 0179 0176 0173 0175 0178 0183 0175 0180
0193 0196 0212 0221 0232 0236 0244 0244 0233 0227 0200 0209 0249 1538 0173 0300.
0181 0170 0166 0163 0165 0166 0168 0166 0165 0164 0172 0177
0186 0199 0216 0226 0238 0246 0252 0253 0247 0236 0219 0216 0255 1556 0162 0003.
0213 0205 0192 0186 0198 0197 0181 0181 0187 0180 0178 0179
0183 0193 0198 0203 0214 0225 0221 0225 0229 0214 0194 0200 0234 1642 0175 0626.
0191 0184 0183 0179 0172 0171 0169 0167 0165 0168 0166 0171
0180 0194 0187 0192 0200 0213 0219 0212 0206 0198 0189 0183 0224 1414 0164 0458.
0176 0174 0172 0169 0168 0161 0162 0155 0153 0150 0152 0156
0159 0167 0191 0210 0223 0230 0235 0237 0233 0223 0217 0202 0244 1432 0148 0543.
0187 0176 0175 0185 0176 0168 0170 0168 0168 0174 0173 0179
0186 0194 0209 0217 0225 0226 0224 0217 0216 0211 0203 0205 0228 1442 0166 0238.
0203 0203 0200 0198 0188 0190 0187 0187 0190 0187 0189 0191
0194 0199 0204 0206 0207 0205 0205 0197 0194 0192 0186 0184 0212 1321 0184 1956.
0183 0183 0180 0181 0181 0179 0179 0179 0180 0180 0180 0181
0184 0189 0193 0193 0189 0189 0196 0209 0205 0202 0200 0194 0214 1609 0178 0205.
//// 0178 0170 0170 0164 0167 0161 0162 0161 0168 0164 0169
0177 0197 0216 0219 0230 0235 0243 0240 0230 0220 0211 0201 0251 1504 0160 0322.
0196 0190 0179 0181 0185 0184 0180 0176 0172 0174 0174 0173
0182 0192 0196 0210 0212 0218 0214 0219 0217 0212 0206 0202 0225 1418 0169 0741.
0191 0195 0182 0181 0187 0181 0185 0184 0182 0178 0174 0174
0183 0191 0195 0205 0205 0206 0201 0198 0195 0193 0193 0189 0217 1323 0171 0717.
0180 0186 0183 0174 0182 0178 0178 0175 0173 0174 0173 0169
0173 0177 0197 0213 0218 0211 0205 0202 0200 0198 0181 0179 0226 1212 0168 0510.
0179 0182 0180 0172 0175 0172 0165 0166 0164 0160 0159 0163
0176 0195 0197 0203 0216 0220 0227 0221 0215 0207 0176 0164 0231 1503 0158 0619.
0161 0154 0149 0143 0143 0140 0137 0132 0131 0130 0129 0140
0174 0202 0224 0228 0227 0233 0225 0220 0212 0207 0204 0202 0234 1359 0126 0648.
0199 0198 0193 0186 0183 0179 0178 0182 0173 0169 0159 0165
0187 0201 0211 0215 0218 0215 0213 0208 0206 0201 0195 0191 0222 1309 0158 0657.
0180 0186 0181 0174 0175 0174 0175 0169 0168 0167 0166 0172
0177 0184 0194 0214 0220 0227 0230 0215 0214 0203 0200 0195 0235 1452 0165 0648.
0194 0192 0187 0184 0178 0173 0163 0160 0158 0165 0166 0174
0180 0194 0198 0219 0228 0239 0238 0235 0235 0213 0194 0184 0244 1436 0158 0447.
0177 0177 0172 0166 0163 0165 0161 0173 0174 0173 0169 0171
0194 0204 //// //// //// //// //// //// 0248 0236 0204 0208 0252 1601 0160 0254.
0197 0184 0181 0172 0174 0170 0174 0175 0176 0174 0177 0183
0199 0214 0237 0243 0249 0256 0257 0257 0249 0237 0229 0218 0264 1434 0169 0159.
0212 0209 0209 0207 0207 0206 0203 0201 0199 0199 0195 0197
0202 0206 0211 0211 0204 0206 0204 0203 0201 0202 0198 0195 0232 1323 0194 1947.
0196 0194 0189 0192 0187 0188 0185 0186 0184 0176 0180 0179
0184 0194 0191 0201 0202 0201 0202 0200 0199 0195 0192 0190 0204 1237 0175 0626.
0189 0187 0188 0187 0185 0176 0180 0178 0177 0178 0175 0174
0175 0176 0178 0177 0178 0180 0166 0158 0161 0160 0162 0163 0190 2016 0158 1553.
0166 0158 0154 0154 0155 0157 0165 0166 0162 0158 0156 0155
0155 0153 0151 0150 0148 0147 0146 0144 0143 0139 0138 0133 0189 1610 0133 1956.
0132 0126 0127 0126 0120 0120 0112 0113 0111 0108 0106 0101
0100 0102 0108 0114 0118 0119 0119 0121 0121 0119 0117 0114 0134 2002 0099 0917.
0113 0112 0108 0102 0099 0101 0102 0105 0101 0104 0104 0105
0107 0112 0118 0120 0124 0121 0126 0127 0123 0119 0117 0116 0132 1521 0099 0048.
0114 0114 0113 0114 0109 0107 0108 0107 0105 0106 0106 0107
0108 0111 0108 0106 0109 0107 0104 0103 0104 0102 0104 0105 0116 2001 0102 1531.
0103 0104 0104 0101 0100 0100 0098 0099 0100 0099 0089 0093
0112 0124 0131 0143 0152 0160 0163 0165 0162 0152 0142 0133 0176 1542 0081 0737.
0115 0102 0098 0095 0091 0089 0094 0099 0090 0083 0077 0091
0093 0110 0145 0156 0170 0182 0187 0165 0163 0158 0152 0144 0189 1459 0076 0651.
0145 0135 0134 0129 0138 0137 0135 0130 0131 0130 0133 0131
0136 0139 0140 0147 0142 0145 0146 0146 0141 0134 0131 0129 0150 2019 0128 0725=
IB
=
0161 0163 0165 0164 0162 0162 0165 0165 0164 0163 0164 0165
0165 0166 0165 0168 0169 0160 0158 0155 0154 0157 0161 0164.
0165 0165 0166 0161 0162 0158 0158 0155 0155 0155 0152 0148
0146 0142 0144 0142 0123 0120 0112 0092 0101 0114 0137 0140.
0160 0159 0167 0160 0161 0159 0158 0160 0161 0159 0160 0167
0165 0157 0151 0142 0131 0129 0114 0114 0120 0118 0135 0134.
0154 0152 0148 0148 0152 0155 0155 0153 0154 0154 0159 0160
0158 0162 0152 0147 0153 0132 0099 0122 0130 0120 0133 0133.
0140 0144 0161 0164 0155 0156 0163 0161 0159 0162 0165 0168
0170 0171 0172 0155 0133 0119 0132 0133 0131 0123 0138 0139.
0142 0153 0156 0155 0159 0154 0153 0151 0152 0146 0151 0158
0141 0140 0140 0134 0125 0130 0133 0139 0145 0148 0150 0152.
0149 0149 0150 0145 0146 0145 0146 0142 0142 0140 0142 0146
0149 0152 0156 0155 0149 0156 0156 0162 0154 0147 0158 0150.
0154 0158 0157 0157 0158 0153 0153 0153 0157 0159 0160 0159
0160 0157 0157 0158 0156 0157 0157 0158 0157 0161 0161 0163.
0161 0159 0164 0161 0164 0168 0170 0170 0164 0169 0167 0165
0164 0163 0164 0162 0165 0163 0161 0167 0168 0170 0171 0171.
0171 0173 0167 0168 0164 0164 0164 0162 0163 0163 0163 0163
0162 0167 0167 0169 0176 0174 0174 0171 0173 0174 0176 0179.
//// 0133 0148 0150 0146 0142 0146 0151 0150 0152 0153 0159
0157 0154 0130 0119 0114 0102 0095 0113 0120 0102 0100 0105.
0103 0113 0128 0130 0113 0105 0113 0114 0119 0123 0127 0132
0129 0129 0133 0124 0113 0112 0120 0116 0120 0131 0138 0141.
0146 0147 0156 0161 0158 0157 0154 0153 0151 0156 0159 0157
0165 0154 0137 0130 0125 0110 0126 0121 0120 0123 0123 0129.
0137 0132 0136 0145 0137 0135 0137 0140 0148 0143 0148 0153
0153 0159 0143 0122 0124 0147 0132 0132 0132 0137 0150 0153.
0150 0151 0151 0152 0150 0150 0149 0148 0146 0145 0148 0152
0141 0150 0149 0149 0152 0144 0132 0132 0132 0139 0141 0142.
0143 0139 0138 0132 0133 0131 0128 0124 0123 0122 0121 0132
0164 0139 0145 0133 0129 0117 0122 0139 0141 0146 0145 0141.
0134 0130 0137 0149 0152 0153 0152 0149 0153 0154 0148 0154
0159 0153 0150 0154 0144 0144 0142 0149 0149 0159 0162 0156.
0158 0162 0161 0157 0160 0157 0158 0158 0157 0156 0156 0159
0159 0160 0159 0157 0161 0155 0156 0158 0161 0173 0172 0171.
0172 0172 0165 0164 0160 0158 0152 0150 0148 0155 0156 0163
0163 0164 0166 0166 0164 0159 0156 0158 0158 0175 0168 0166.
0160 0164 0161 0156 0153 0155 0151 0163 0164 0163 0159 0161
0177 0170 //// //// //// //// //// //// 0154 0166 0172 0170.
0173 0167 0166 0159 0159 0159 0163 0164 0165 0164 0167 0171
0175 0174 0167 0168 0161 0150 0142 0145 0158 0167 0169 0174.
0174 0175 0175 0175 0175 0174 0171 0169 0173 0173 0173 0167
0154 0133 0125 0123 0154 0136 0134 0133 0126 0119 0113 0123.
0126 0136 0150 0142 0142 0139 0142 0143 0141 0147 0149 0150
0139 0131 0137 0128 0124 0118 0117 0125 0124 0120 0118 0125.
0126 0129 0125 0127 0134 0141 0127 0118 0117 0127 0122 0121
0124 0116 0118 0122 0125 0129 0129 0140 0141 0140 0137 0138.
0128 0140 0139 0139 0135 0132 0114 0100 0087 0068 0061 0054
0057 0058 0056 0052 0050 0052 0046 0050 0054 0065 0049 0045.
0051 0055 0051 0050 0056 0056 0067 0058 0062 0066 0067 0070
0078 0078 0077 0071 0071 0066 0068 0068 0059 0049 0047 0044.
0047 0040 0045 0052 0057 0057 0054 0046 0059 0048 0050 0051
0046 0053 0059 0063 0065 0068 0069 0074 0074 0076 0078 0079.
0079 0083 0082 0086 0088 0091 0096 0095 0094 0095 0094 0096
0097 0100 0094 0094 0092 0088 0085 0086 0085 0086 0085 0086.
0081 0076 0078 0082 0081 0083 0084 0083 0081 0082 0077 0085
0079 0079 0071 0078 0070 0067 0064 0063 0069 0077 0082 0086.
0091 0088 0087 0087 0085 0085 0093 0098 0089 0082 0076 0091
0093 0110 0099 0081 0079 0070 0065 0085 0088 0083 0098 0100.
0097 0107 0113 0108 0104 0097 0097 0102 0103 0105 0099 0105
0104 0097 0094 0093 0104 0105 0094 0092 0097 0089 0092 0092=
EA
182 185 188 187 183 184 187 187 186 186 186 187
188 188 187 191 192 182 179 176 175 178 183 187.
188 187 189 183 184 180 179 177 177 176 173 168
166 162 164 162 143 140 133 116 124 134 157 160.
182 181 190 182 182 181 180 182 183 181 182 190
188 178 171 162 151 149 134 134 140 138 154 153.
174 172 168 169 173 176 176 174 174 175 180 182
180 183 173 167 174 152 122 142 149 140 152 152.
160 164 182 186 175 177 185 183 181 184 187 191
193 195 196 176 153 139 152 153 151 143 158 159.
161 173 177 176 180 175 173 171 173 166 172 179
161 160 159 153 145 149 152 159 165 169 170 172.
169 169 171 165 166 165 166 162 162 160 162 166
170 173 177 176 170 177 177 185 174 167 179 170.
175 179 178 179 179 174 174 174 178 181 182 180
182 178 178 179 177 178 179 179 178 183 183 186.
183 181 187 182 187 191 194 194 187 192 190 188
187 186 187 184 188 186 183 190 191 193 195 195.
195 198 190 191 187 187 187 184 186 186 186 185
184 190 190 192 201 199 198 195 198 199 201 205.
/// 153 168 170 166 162 166 171 170 172 173 181
178 174 150 139 135 124 118 134 140 124 123 127.
125 134 148 149 134 127 134 135 139 143 147 152
148 149 153 144 133 133 140 137 140 151 158 161.
166 168 178 183 179 179 175 173 171 177 181 179
187 175 156 149 145 131 146 141 140 143 143 148.
157 152 156 165 157 155 157 160 168 163 168 173
174 180 163 142 144 168 152 151 152 157 170 174.
170 171 171 173 170 171 169 168 166 165 168 172
161 170 170 169 173 164 152 152 151 159 161 162.
163 159 157 151 153 150 147 144 143 142 141 152
187 159 165 153 149 137 142 159 161 166 165 161.
153 150 157 169 172 174 173 169 174 175 168 174
181 174 170 174 164 164 162 169 170 181 184 177.
179 184 183 179 182 179 180 179 178 177 177 180
180 182 180 178 182 176 177 179 183 198 196 195.
196 196 188 186 181 180 172 171 169 176 177 185
186 187 189 189 186 181 177 179 179 200 191 188.
182 186 182 177 174 176 172 186 187 186 181 183
203 194 /// /// /// /// /// /// 175 189 196 194.
197 190 189 180 181 180 185 186 187 187 190 195
200 199 190 191 183 171 162 165 179 190 193 198.
199 200 200 200 200 199 195 193 197 197 197 190
175 153 145 143 175 155 153 152 146 140 134 143.
146 155 170 162 162 158 162 163 161 167 169 170
159 151 157 148 144 139 137 145 144 140 138 145.
146 149 145 147 153 161 146 139 138 147 142 141
144 137 139 142 145 149 149 160 161 160 156 157.
147 160 159 159 155 152 135 123 112 099 094 090
092 092 091 089 087 089 085 087 090 097 087 084.
088 090 088 087 091 091 098 092 095 097 098 100
106 106 105 101 101 097 099 099 093 086 085 084.
086 081 084 088 091 091 090 085 093 086 087 088
085 089 093 095 096 099 099 103 103 104 106 106.
106 109 108 112 113 116 119 118 118 119 118 120
120 123 118 118 116 113 111 111 111 112 111 112.
108 105 106 109 108 109 110 110 108 108 105 111
106 106 101 106 100 098 096 096 099 105 108 111.
115 113 113 113 111 111 117 121 114 108 104 116
117 131 122 108 107 100 097 111 113 109 121 123.
120 128 134 129 126 121 121 124 125 127 122 127
126 121 118 117 126 127 118 116 121 114 116 116=
UB
80 81 83 83 82 84 88 89 89 90 92 93
94 93 93 93 91 85 81 80 79 81 88 91 78 1654.
91 92 92 88 90 90 92 90 90 92 88 84
73 69 65 58 48 43 41 37 41 47 66 71 34 1447.
86 87 90 88 89 90 91 91 90 86 91 92
84 78 68 61 53 51 44 44 49 50 66 62 38 1510.
84 89 89 91 92 93 92 92 93 94 92 90
84 79 67 61 59 49 38 44 48 48 58 59 36 1453.
63 68 82 87 76 77 89 88 84 89 92 93
92 87 85 74 60 51 57 56 54 56 70 68 49 1630.
73 82 84 86 92 90 90 90 92 87 91 92
78 71 74 69 62 59 58 63 68 73 78 82 55 1524.
84 85 87 86 87 90 90 92 93 94 94 94
94 91 80 71 63 63 61 63 61 62 69 72 55 1443.
81 89 89 84 89 91 90 91 93 91 92 88
85 79 72 69 65 65 66 69 69 73 77 77 62 1253.
77 76 80 79 86 87 90 90 85 89 87 85
83 80 78 76 77 77 76 83 85 87 91 92 74 1322.
93 94 92 92 90 91 91 90 90 90 90 89
87 87 85 86 92 91 87 79 82 84 86 91 77 1612.
// 75 87 88 89 85 91 93 93 90 93 94
88 76 58 53 48 43 39 45 50 47 49 54 38 1506.
55 61 72 72 63 60 65 67 71 72 74 77
71 67 67 58 53 51 55 52 54 60 65 68 47 1419.
75 74 85 88 83 86 82 82 82 87 91 90
89 79 69 62 60 54 62 61 62 64 64 68 53 1329.
76 71 74 83 75 76 77 80 85 82 85 90
88 89 71 56 55 67 63 64 65 68 82 85 53 1155.
83 82 83 88 85 87 90 89 89 91 93 93
80 75 74 71 67 62 55 57 59 65 80 87 50 1550.
89 91 93 93 94 94 94 95 95 95 95 95
94 67 61 55 54 48 52 60 64 68 69 68 47 1402.
66 65 70 79 82 85 85 81 88 91 93 93
84 74 68 68 63 64 64 69 70 77 81 80 61 1314.
87 86 88 90 91 90 90 93 93 93 94 92
89 86 80 70 69 64 63 70 72 83 84 86 62 1352.
87 88 87 88 89 91 93 94 94 94 94 93
90 83 82 72 67 61 60 62 62 79 85 89 57 1438.
90 92 93 94 94 94 94 94 94 94 94 94
90 81 // // // // // // 56 65 82 79 51 1603.
86 90 91 92 91 93 93 93 93 94 94 93
86 78 65 63 58 52 49 50 57 65 69 76 48 1459.
79 81 81 82 82 82 82 82 85 85 87 83
74 63 58 57 73 64 64 64 62 59 58 63 54 1209.
64 69 78 73 75 73 76 76 76 83 82 83
75 67 71 63 61 59 58 62 62 62 62 66 57 1454.
67 69 67 68 72 80 71 68 68 72 71 71
72 68 68 70 71 72 79 89 88 88 85 85 65 2001.
78 89 91 91 88 85 72 65 61 55 53 51
52 53 53 52 52 53 51 53 55 61 55 55 00 1609.
58 62 60 60 65 65 74 69 72 75 77 81
86 85 81 75 73 70 71 70 66 62 62 62 55 2001.
64 61 65 71 75 74 72 67 75 68 69 69
66 67 67 68 67 70 68 70 72 75 77 78 59 2149.
79 81 81 83 87 90 92 92 93 93 92 93
93 93 91 92 89 88 88 89 88 90 88 88 78 2001.
86 83 84 88 88 89 91 90 88 89 92 95
80 74 67 65 58 54 52 51 54 61 67 73 46 1527.
85 91 93 95 96 97 99 99 99 99 99 %%
%% %% 74 61 55 48 45 59 61 61 70 75 42 1447.
73 83 87 87 80 77 78 83 83 85 80 84
81 76 74 70 78 77 71 70 75 74 77 78 67 2018=
N=
H=
C=
VB
00000 00000 00000 00000 00000 00000 00000 00000 00000 00000 00000 00000
00000 00000 00000 00000 00000 00000 00000 00000 00000 00000 00000 00000 00000 2001.
00000 00000 00000 00000 00000 00000 00000 00000 00000 00000 00000 00000
00000 00000 00000 00000 00000 00000 00000 00000 00000 00000 00000 00000 00000 2001.
00000 00000 00000 00000 00000 00000 00000 00000 00000 00000 00000 00000
00000 00000 00000 00000 00000 00000 00000 00000 00000 00000 00000 00000 00000 2001.
00000 00000 00000 00000 00000 00000 00000 00000 00000 00000 00000 00000
00000 00000 00000 00000 00000 00000 00000 00000 00000 00000 00000 00000 00000 2001.
00000 00000 00000 00000 00000 00000 00000 00000 00000 00000 00000 00000
00000 00000 00000 00000 00000 00000 00000 00000 00000 00000 00000 00000 00000 2001.
00000 00000 00000 00000 00000 00000 00000 00000 00000 00000 00000 00000
00000 00000 00000 00000 00000 00000 00000 00000 00000 00000 00000 00000 00000 2001.
00000 00000 00000 00000 00000 00000 00000 00000 00000 00000 00000 00000
00000 00000 00000 00000 00000 00000 00000 00000 00000 00000 00000 00000 00000 2001.
00000 00000 00000 00000 00000 00000 00000 00000 00000 00000 00000 00000
00000 00000 00000 00000 00000 00000 00000 00000 00000 00000 00000 00000 00000 2001.
00000 00000 00000 00000 00000 00000 00000 00000 00000 00000 00000 00000
00000 00000 00000 00000 00000 00000 00000 00000 00000 00000 00000 00000 00000 2001.
00000 00000 00000 00000 00000 00000 00000 00000 00000 00000 00000 00000
00000 00000 00000 00000 00000 00000 00000 00000 00000 00000 00000 00000 00000 2001.
///// 00000 00000 00000 00000 00000 00000 00000 00000 00000 00000 00000
00000 00000 00000 00000 00000 00000 00000 00000 00000 00000 00000 00000 00000 ////.
00000 00000 00000 00000 00000 00000 00000 00000 00000 00000 00000 00000
00000 00000 00000 00000 00000 00000 00000 00000 00000 00000 00000 00000 00000 2001.
00000 00000 00000 00000 00000 00000 00000 00000 00000 00000 00000 00000
00000 00000 00000 00000 00000 00000 00000 00000 00000 00000 00000 00000 00000 2001.
00000 00000 00000 00000 00000 00000 00000 00000 00000 00000 00000 00000
00000 00000 00000 00000 00000 00000 00000 00000 00000 00000 00000 00000 00000 2001.
00000 00000 00000 00000 00000 00000 00000 00000 00000 00000 00000 00000
00000 00000 00000 00000 00000 00000 00000 00000 00000 00000 00000 00000 00000 2001.
00000 00000 00000 00000 00000 00000 00000 00000 00000 00000 00000 00000
00000 00000 00000 00000 00000 00000 00000 00000 00000 00000 00000 00000 00000 2001.
00000 00000 00000 00000 00000 00000 00000 00000 00000 00000 00000 00000
00000 00000 00000 00000 00000 00000 00000 00000 00000 00000 00000 00000 00000 2001.
00000 00000 00000 00000 00000 00000 00000 00000 00000 00000 00000 00000
00000 00000 00000 00000 00000 00000 00000 00000 00000 00000 00000 00000 00000 2001.
00000 00000 00000 00000 00000 00000 00000 00000 00000 00000 00000 00000
00000 00000 00000 00000 00000 00000 00000 00000 00000 00000 00000 00000 00000 2001.
00000 00000 00000 00000 00000 00000 00000 00000 00000 00000 00000 00000
00000 00000 ///// ///// ///// ///// ///// ///// 00000 00000 00000 00000 00000 2001.
00000 00000 00000 00000 00000 00000 00000 00000 00000 00000 00000 00000
00000 00000 00000 00000 00000 00000 00000 00000 00000 00000 00000 00000 00000 2001.
00000 00000 00000 00000 00000 00000 00000 00000 00000 00000 00000 00000
00000 00000 00000 00000 00000 00000 00000 00000 00000 00000 00000 00000 00000 2001.
00000 00000 00000 00000 00000 00000 00000 00000 00000 00000 00000 00000
00000 00000 00000 00000 00000 00000 00000 00000 00000 00000 00000 00000 00000 2001.
00000 00000 00000 00000 00000 00000 00000 00000 00000 00000 00000 00000
00000 00000 00000 00000 00000 00000 00000 00000 00000 00000 00000 00000 00000 2001.
00000 00000 00000 00000 00000 00000 00000 00000 00000 00000 00000 00000
00000 00000 00000 00000 00000 00000 00000 00000 00000 00000 00000 00000 00000 2001.
00000 00000 00000 00000 00000 00000 00000 00000 00000 00000 00000 00000
00000 00000 00000 00000 00000 00000 00000 00000 00000 00000 00000 00000 00000 2001.
00000 00000 00000 00000 00000 00000 00000 00000 00000 00000 00000 00000
00000 00000 00000 00000 00000 00000 00000 00000 00000 00000 00000 00000 00000 2001.
00000 00000 00000 00000 00000 00000 00000 00000 00000 00000 00000 00000
00000 00000 00000 00000 00000 00000 00000 00000 00000 00000 00000 00000 00000 2001.
00000 00000 00000 00000 00000 00000 00000 00000 00000 00000 00000 00000
00000 00000 00000 00000 00000 00000 00000 00000 00000 00000 00000 00000 00000 2001.
00000 00000 00000 00000 00000 00000 00000 00000 00000 00000 00000 00000
00000 00000 00000 00000 00000 00000 00000 00000 00000 00000 00000 00000 00000 2001.
00000 00000 00000 00000 00000 00000 00000 00000 00000 00000 00000 00000
00000 00000 00000 00000 00000 00000 00000 00000 00000 00000 00000 00000 00000 2001=
R6
0005 0033 0038
0001 0001 0002
0000 0000 0000
0000 0000 0000
0002 0001 0003
0027 0001 0028
0000 0000 0000
0000 0000 0000
0000 0010 0010
0006 0003 0009
0007 0000 0007
0000 0000 0000
0000 0000 0000
0000 0007 0007
0000 0042 0042
0000 0000 0000
0000 0000 0000
0000 0000 0000
0000 0004 0004
0000 //// ////
0000 0000 0000
0000 0000 0000
0000 0000 0000
0000 0002 0002
0005 0000 0005
0000 0003 0003
0000 0000 0000
0029 0006 0035
0001 0000 0001
0000 0000 0000
0000 0000 0000=
0000 0000 0000 0000 0000 0000 0000 0000 0000 0000 0002 0003
0010 0004 0006 0009 0000 0000 0000 0000 0000 0000 0003 0001.
0000 0001 0000 0000 0000 0000 0000 0000 0000 0000 0000 0000
0000 0000 0000 0000 0001 0000 0000 0000 0000 0000 0000 0000.
0000 0000 0000 0000 0000 0000 0000 0000 0000 0000 0000 0000
0000 0000 0000 0000 0000 0000 0000 0000 0000 0000 0000 0000.
0000 0000 0000 0000 0000 0000 0000 0000 0000 0000 0000 0000
0000 0000 0000 0000 0000 0000 0000 0000 0000 0000 0000 0000.
0000 0000 0000 0000 0000 0000 0000 0000 0000 0001 0000 0001
0000 0000 0001 0000 0000 0000 0000 0000 0000 0000 0000 0000.
0000 0000 0000 0000 0018 0005 0003 0001 0000 0000 0000 0000
0000 0000 0000 0000 0000 0000 0000 0000 0000 0001 0000 0000.
0000 0000 0000 0000 0000 0000 0000 0000 0000 0000 0000 0000
0000 0000 0000 0000 0000 0000 0000 0000 0000 0000 0000 0000.
0000 0000 0000 0000 0000 0000 0000 0000 0000 0000 0000 0000
0000 0000 0000 0000 0000 0000 0000 0000 0000 0000 0000 0000.
0000 0000 0000 0000 0000 0000 0000 0000 0000 0000 0000 0000
0000 0000 0000 0000 0000 0000 0000 0000 0001 0001 0004 0004.
0005 0000 0001 0000 0000 0000 0000 0000 0000 0000 0000 0000
0000 0000 0000 0000 0001 0002 0000 0000 0000 0000 0000 0000.
//// 0005 0000 0001 0000 0001 0000 0000 0000 0000 0000 0000
0000 0000 0000 0000 0000 0000 0000 0000 0000 0000 0000 0000.
0000 0000 0000 0000 0000 0000 0000 0000 0000 0000 0000 0000
0000 0000 0000 0000 0000 0000 0000 0000 0000 0000 0000 0000.
0000 0000 0000 0000 0000 0000 0000 0000 0000 0000 0000 0000
0000 0000 0000 0000 0000 0000 0000 0000 0000 0000 0000 0000.
0000 0000 0000 0000 0000 0000 0000 0000 0000 0000 0000 0000
0001 0004 0001 0000 0001 0000 0000 0000 0000 0000 0000 0000.
0000 0000 0000 0000 0000 0000 0000 0000 0000 0000 0000 0000
0000 0000 0000 0000 0000 0042 0000 0000 0000 0000 0000 0000.
0000 0000 0000 0000 0000 0000 0000 0000 0000 0000 0000 0000
0000 0000 0000 0000 0000 0000 0000 0000 0000 0000 0000 0000.
0000 0000 0000 0000 0000 0000 0000 0000 0000 0000 0000 0000
0000 0000 0000 0000 0000 0000 0000 0000 0000 0000 0000 0000.
0000 0000 0000 0000 0000 0000 0000 0000 0000 0000 0000 0000
0000 0000 0000 0000 0000 0000 0000 0000 0000 0000 0000 0000.
0000 0000 0000 0000 0000 0000 0000 0000 0000 0000 0000 0000
0000 0000 0004 0000 0000 0000 0000 0000 0000 0000 0000 0000.
0000 0000 0000 0000 0000 0000 0000 0000 0000 0000 0000 0000
0000 0000 //// //// //// //// //// //// 0000 0000 0000 0000.
0000 0000 0000 0000 0000 0000 0000 0000 0000 0000 0000 0000
0000 0000 0000 0000 0000 0000 0000 0000 0000 0000 0000 0000.
0000 0000 0000 0000 0000 0000 0000 0000 0000 0000 0000 0000
0000 0000 0000 0000 0000 0000 0000 0000 0000 0000 0000 0000.
0000 0000 0000 0000 0000 0000 0000 0000 0000 0000 0000 0000
0000 0000 0000 0000 0000 0000 0000 0000 0000 0000 0000 0000.
0000 0000 0000 0000 0000 0000 0000 0000 0000 0000 0000 0000
0000 0000 0000 0000 0000 0000 0000 0000 0000 0001 0000 0001.
0000 0001 0003 0001 0000 0000 0000 0000 0000 0000 0000 0000
0000 0000 0000 0000 0000 0000 0000 0000 0000 0000 0000 0000.
0000 0000 0000 0000 0000 0000 0000 0000 0000 0000 0000 0000
0000 0001 0001 0001 0000 0000 0000 0000 0000 0000 0000 0000.
0000 0000 0000 0000 0000 0000 0000 0000 0000 0000 0000 0000
0000 0000 0000 0000 0000 0000 0000 0000 0000 0000 0000 0000.
0000 0000 0000 0000 0005 0003 0005 0007 0005 0002 0000 0002
0002 0001 0001 0002 0000 0000 0000 0000 0000 0000 0000 0000.
0001 0000 0000 0000 0000 0000 0000 0000 0000 0000 0000 0000
0000 0000 0000 0000 0000 0000 0000 0000 0000 0000 0000 0000.
0000 0000 0000 0000 0000 0000 0000 0000 0000 0000 0000 0000
0000 0000 0000 0000 0000 0000 0000 0000 0000 0000 0000 0000.
0000 0000 0000 0000 0000 0000 0000 0000 0000 0000 0000 0000
0000 0000 0000 0000 0000 0000 0000 0000 0000 0000 0000 0000=
0000 ////////// 00000=
W=
LA
=
002 000 000 000 000 000 000 000 000 000 000 000
000 000 000 002 000 003 002 002 000 000 000 000 011.
000 001 000 001 000 000 000 000 000 000 000 000
006 001 005 006 000 001 001 000 004 000 000 000 026.
000 000 000 000 000 000 001 000 000 000 000 000
002 000 002 004 004 002 000 005 000 000 000 000 020.
000 000 000 002 000 000 000 000 000 000 001 000
002 003 001 002 006 003 001 003 004 000 000 000 028.
000 000 000 000 000 000 000 000 000 000 000 003
000 002 002 002 000 004 003 005 004 000 000 000 025.
000 001 000 000 000 000 000 000 000 002 000 000
000 006 000 002 001 005 001 003 000 001 000 000 022.
000 000 000 000 000 000 000 000 000 000 002 000
002 002 006 004 003 000 004 000 002 000 000 000 025.
000 000 000 001 000 000 000 000 000 002 000 000
001 002 002 003 003 001 000 000 000 000 000 000 015.
000 000 000 000 000 000 000 000 000 000 001 000
001 001 002 000 000 001 001 000 000 000 000 000 007.
000 000 000 000 000 000 000 000 000 000 000 001
000 001 002 000 000 000 000 000 003 000 000 000 007.
/// 000 000 000 000 002 000 000 000 000 000 000
001 005 007 000 000 000 002 004 000 000 000 000 ///.
001 000 000 001 002 000 000 000 000 000 000 000
002 003 003 003 002 003 000 000 000 000 000 000 020.
000 000 001 000 000 000 000 000 000 002 000 001
001 000 001 002 002 004 000 000 000 000 000 000 014.
000 000 000 001 000 000 000 001 000 000 000 000
001 000 003 008 001 000 000 000 000 000 000 000 015.
000 001 000 001 000 000 000 000 000 000 000 000
001 003 001 004 002 043 000 002 000 000 000 000 058.
000 002 000 000 000 000 000 001 000 001 000 004
005 004 000 005 002 000 000 000 000 000 000 000 024.
001 001 000 000 000 000 000 000 000 000 000 000
003 002 002 002 000 001 000 000 000 000 000 000 012.
000 000 000 000 000 001 000 000 000 000 000 001
002 000 003 006 000 001 000 000 000 000 000 000 014.
000 000 000 001 000 000 000 000 000 000 001 001
001 003 006 003 002 003 000 000 000 000 000 000 021.
000 000 001 000 000 000 002 001 000 000 000 000
006 000 /// /// /// /// /// /// 000 001 000 000 ///.
000 001 000 000 000 000 000 000 000 000 000 000
001 000 000 000 000 000 000 000 000 000 000 000 002.
000 000 000 000 000 000 000 000 000 000 000 000
000 000 000 000 000 000 000 000 000 000 000 000 000.
000 000 000 000 000 000 000 000 000 000 000 000
000 000 000 000 000 000 000 000 000 000 000 000 000.
000 000 000 000 000 000 000 000 000 000 000 000
000 000 000 000 000 000 000 000 000 001 000 001 002.
000 001 003 001 000 000 000 000 000 000 000 000
000 000 000 000 000 000 000 000 000 000 000 000 005.
000 000 000 000 000 000 000 000 000 000 000 000
000 001 001 001 000 000 000 000 000 000 000 000 003.
000 000 000 000 000 000 000 000 000 000 000 000
000 000 000 000 000 000 001 000 000 000 001 000 002.
000 000 000 000 000 003 005 007 005 002 000 002
002 001 001 002 000 000 000 000 000 000 000 000 030.
001 000 000 000 000 000 000 000 000 000 000 000
000 000 000 000 000 000 000 000 000 000 000 000 001.
000 000 000 000 000 000 000 000 000 000 000 000
000 003 003 002 000 002 001 000 000 000 000 000 011.
000 000 000 000 000 000 000 000 000 000 000 000
000 000 000 002 000 000 000 000 000 000 000 000 002=
Z=
G=
FN
110017 110009 110007 110012 110020 110017
110007 110023 110008 110011 110009 110010
110012 110014 110020 110022 110024 110034
110028 110022 110022 110016 110008 110005.
110006 PPC002 110011 110012 110008 110013
110005 110008 110005 110006 110010 110006
109009 109011 109007 108030 108021 108029
108032 108032 108022 109023 PPC000 109005.
109004 PPC001 PPC002 PPC002 PPC000 PPC001
PPC000 110008 110003 PPC000 110004 110003
PPC000 110004 109010 109016 108012 108014
108007 108008 109021 109013 109011 109005.
109007 110009 PPC001 PPC002 PPC000 PPC002
PPC000 110003 110005 PPC002 110006 110011
110013 109004 109007 108011 108015 108016
108020 108022 108023 108028 109009 109013.
109009 109009 109003 110005 110009 110012
110004 110004 110007 PPC001 110008 110008
110005 110007 109006 109008 109004 108014
109013 109024 108020 109018 109009 110014.
110009 110007 110007 110003 110004 110014
110021 110021 110003 110015 110006 PPC002
110003 109003 110010 PPC002 PPC002 108007
108009 109011 109026 109014 110016 110011.
110010 110006 110006 110010 110013 110008
110014 110008 111008 111009 111012 110004
110004 110006 109015 108004 108014 108009
108015 108015 108010 109016 109014 109009.
110007 110007 110015 110015 110008 110005
PPC000 110005 110005 PPC002 110005 110009
110006 109008 109006 109007 108015 109006
109005 109020 109008 109007 109008 109010.
109006 109008 110007 110005 110005 110003
PPC001 110004 110005 110005 110006 110005
110005 109008 PPC000 109007 109010 109014
109012 110008 110005 110009 110011 PPC001.
110006 PPC001 110009 PPC000 110009 110004
110006 110006 110007 110004 110008 110007
110013 110011 110012 110020 110019 110025
110011 109006 109008 PPC000 110005 110003.
////// 110009 PPC002 110005 110003 110009
PPC000 110005 110003 110008 110006 110007
110013 109008 109019 109024 108021 108013
108007 108026 108018 109020 109028 109014.
110012 110003 110009 110009 110010 110010
110009 110006 110006 110004 110009 110007
110005 109003 109005 109003 109012 109020
109025 109019 109017 109008 109018 109009.
PPC000 110007 PPC000 PPC000 PPC000 PPC000
110014 110009 110010 PPC000 PPC000 110004
PPC001 110007 109007 109008 109007 109017
109015 109011 110017 110013 110017 110006.
110008 110006 110006 110006 110016 110011
110004 PPC002 PPC001 110004 110008 110005
110012 110012 109015 109021 109019 109019
109018 109012 109012 110009 110008 110007.
110006 110010 110010 110004 110013 110006
110003 110004 110003 PPC000 PPC000 110003
110011 PPC000 109010 109013 109012 109018
109006 109012 109019 109016 PPC000 110010.
PPC002 PPC000 PPC000 110004 111007 111004
PPC000 PPC000 PPC000 111004 PPC002 111004
PPC001 PPC001 PPC001 108018 108011 108010
109012 109010 109012 109007 109010 109030.
110024 110011 110012 110007 110006 110007
110007 110006 PPC000 PPC000 110006 110004
110009 PPC000 109007 109012 109014 109018
109016 109017 109005 109012 110014 PPC002.
110004 110015 PPC002 110003 110012 110006
110005 110004 PPC000 110015 110020 110008
110012 110009 109006 109010 108003 108011
108009 109026 109008 109015 110013 110005.
110007 110009 110013 110004 110010 110003
110003 110004 PPC002 110007 PPC000 110005
110007 PPC002 109012 109004 108006 108014
108017 108009 108011 109008 109006 109004.
110004 110006 110005 110006 110005 110004
110004 110003 110003 110004 110003 110005
PPC000 109011 ////// ////// ////// //////
////// ////// 108008 109009 109005 109009.
109005 109004 PPC000 110009 110003 PPC000
PPC002 110004 PPC000 PPC000 110004 PPC000
109006 109005 108012 108010 108004 108018
PPC002 108011 108011 109011 109017 109016.
109013 109015 109007 109009 109007 110009
110010 110011 110016 110013 110012 110014
110020 109022 109022 109037 109026 109024
109022 109018 110012 110022 110011 110011.
110008 110005 110006 110006 110005 110007
110005 110014 110006 PPC002 110003 110009
110011 110022 110014 110013 109011 109016
109020 110013 110014 110008 110007 110013.
110008 110013 110007 110010 PPC000 110009
110017 110015 110009 110012 110015 110026
110007 110013 110011 110010 110009 PPC002
110021 111014 110016 111012 111013 110005.
110027 111008 111015 111018 111016 111012
110015 110032 110014 111022 111027 111015
111015 111022 111030 110018 111021 111011
111020 111022 111012 111016 111019 111017.
111023 111032 111020 111013 111019 111010
112011 111016 112018 112008 112018 112005
112012 112012 112007 111011 111015 111010
111010 111013 111015 111016 111008 111009.
112010 112024 112021 112018 112014 112008
112016 112013 112009 112014 112012 112019
112021 111024 111014 111023 111016 111011
111024 111023 111015 111019 111014 111018.
111015 111013 111005 111006 PPC000 PPC000
112005 112005 112007 112012 112011 112007
112011 112010 112022 112012 112011 112018
112021 112016 112018 112019 112015 112010.
112012 112011 112005 PPC000 112008 112005
112003 112005 112008 PPC001 112005 PPC000
111004 111006 110004 110009 110015 109021
110009 110008 110003 111013 111015 111012.
111008 PPC000 112006 112007 112007 112012
112010 112015 112004 112005 PPC001 PPC001
112007 111007 110010 109017 109015 109011
109018 110020 110014 110011 111007 111010.
111011 PPC000 111010 111004 111008 111007
111007 PPC002 111004 PPC002 PPC002 111008
PPC000 PPC000 PPC002 PPC000 111009 PPC000
111012 111012 111019 111016 111013 111008=
110015 110012 110007 110013 110019 110016
110009 110022 110011 110013 110013 110013
110011 110013 110017 110020 110021 110028
110024 110024 110021 110015 110012 110008.
110009 110003 110007 110012 110009 110012
110005 110007 110009 PPC002 110007 110006
109005 109017 109015 108024 108020 108021
108034 108028 108017 109021 109004 109005.
109005 PPC000 PPC002 PPC002 PPC000 PPC000
PPC002 110005 110005 110006 110004 110005
110003 110009 109012 108019 108010 108010
108009 108012 109018 109017 109008 109008.
109008 110009 PPC001 PPC002 110004 PPC001
PPC001 110004 110006 PPC002 110004 110008
110011 109005 109007 108011 108021 108016
108028 108025 108023 108020 109011 109009.
109011 109011 109005 110004 110011 110012
110003 110003 110009 110004 110010 110007
110004 110006 109003 109007 109003 108015
109018 108022 108022 109018 109009 110016.
110010 110006 110005 PPC002 PPC002 110011
110020 110014 110004 110015 110007 PPC000
110006 109004 110007 109003 109004 108009
108012 109012 109024 109017 110015 110015.
110008 110007 110007 110010 110010 110005
110011 110010 111008 111010 111010 110003
110003 110009 109013 108011 108008 108010
108014 108017 108013 109018 109012 109013.
110009 110007 110012 110015 110008 110007
110005 110005 110005 110003 110006 110008
110008 109009 109003 109006 108010 109010
109008 109017 109009 109006 109008 109009.
109006 109012 110008 110009 110005 110005
110003 110003 110006 110005 110006 110006
110005 109008 109003 109008 109011 109014
109014 110011 110010 110009 110008 110004.
110003 PPC000 110005 PPC001 110007 110003
110006 110008 110008 110003 110007 110011
110015 110016 110011 110020 110014 110023
110015 109005 109010 109003 109008 PPC002.
////// 110012 PPC002 110008 110004 110007
PPC000 110006 PPC002 110009 110004 110007
110010 109008 109018 109022 108017 108012
108010 108025 108015 109021 109025 109015.
110012 110004 110007 110009 110007 110011
110010 110006 110006 110007 110008 110005
110006 109007 109004 109003 109016 109014
109020 109018 109010 109009 109016 109012.
PPC001 110007 PPC000 PPC002 110003 PPC002
110013 110010 110012 PPC000 PPC000 110005
PPC000 110007 109010 109005 109009 109016
109014 109014 110015 110015 110016 110008.
110007 110008 110007 110005 110015 110009
110006 110007 110004 110004 110007 110003
110011 110010 110012 109020 109017 109019
109014 109013 109016 110011 110009 110009.
110007 110011 110012 110004 110012 110010
110003 110006 110004 PPC000 PPC001 PPC002
110008 PPC002 109006 109013 109014 109018
109013 109010 109020 109019 110003 110008.
PPC002 PPC000 PPC000 111003 111004 111005
PPC000 PPC000 PPC000 111004 111004 111004
PPC002 109003 PPC002 108020 108013 108007
109015 109012 109016 109009 109009 109027.
110015 110014 110011 110006 110008 110007
110006 110009 PPC000 PPC000 110006 110003
110007 PPC000 109006 109010 109015 109016
109014 109016 109005 109012 110015 110005.
110003 110014 110005 PPC001 110012 110004
110009 110004 110003 110014 110020 110015
110013 110011 109006 109014 108009 108007
108013 109024 109011 109016 110013 110007.
110010 110010 110013 110005 110010 110004
PPC002 110004 PPC002 110004 PPC000 110006
110010 PPC002 109015 109007 108012 108013
108018 109012 108011 109008 109007 109007.
110005 110006 110005 110003 110006 110004
110004 110003 110003 PPC001 110005 110005
PPC001 109013 ////// ////// ////// //////
////// ////// 108009 108011 109005 109009.
109006 109004 PPC001 110009 110003 PPC000
110003 110004 110003 PPC000 110003 PPC000
109006 109007 108007 108010 108009 107017
108007 108009 108014 109012 109021 109016.
109015 109014 109010 109010 109007 110009
110009 110012 110014 110017 110022 110017
110023 109026 109027 109033 109023 109026
109020 109022 110013 110017 110013 110009.
110008 110008 110006 110008 110008 110008
110004 110015 110011 PPC002 110004 110007
110013 110018 110009 110012 109012 109015
109021 110018 110018 110012 110011 110009.
110009 110008 110011 110010 PPC000 110011
110017 110014 110007 110016 110016 110022
110009 110012 110007 110011 110007 110004
110019 111013 110020 111008 111013 110006.
110019 111009 111013 111014 111014 111013
110017 110024 110012 110020 111021 111018
111015 111024 111023 111016 111022 111019
111026 111024 111008 111012 111020 111018.
111020 111029 111017 111022 111015 111011
111012 111014 112010 112010 112012 112008
112009 112012 112009 111016 111015 111012
111013 111011 111016 111013 111010 111014.
111010 111024 112018 112018 112015 112009
112020 112014 112009 112016 112011 112019
112021 111016 111021 111025 111015 111014
111018 111018 111021 111017 111015 111019.
111016 111012 111008 111007 PPC002 PPC000
112003 112006 112007 112010 112007 112010
112009 112008 112021 112015 112015 112017
112020 112018 112018 112018 112017 112010.
112021 112014 112007 112003 112006 112003
112003 112003 112008 112003 112005 PPC000
111005 111005 111005 110013 110013 109015
110012 110010 110004 111010 111015 111011.
111005 PPC002 112006 112007 112006 112008
112011 112016 112004 112007 112004 112004
112006 111008 110008 110009 109011 109018
109013 110025 110017 110013 111007 111007.
111008 PPC002 111006 111003 111010 111007
111007 PPC002 111004 PPC000 111004 111007
PPC002 PPC000 111003 PPC000 111008 111005
111009 111013 111019 111019 111015 111012=
035110 1409 056110 1411
034108 1459 051109 1034
020108 1233 035109 1617
032108 1551 050108 1542
029109 1428 038109 1534
025109 1701 033109 1640
022109 1744 038108 1308
018110 2317 029109 1615
019109 1451 032110 1504
023110 1400 044110 1127
032109 1916 048109 1908
022109 1505 035109 1323
022109 1537 031109 1523
028109 1414 038109 1409
023109 1332 032109 1649
027109 2000 044109 1956
028110 2002 038110 2046
025109 1602 034109 1544
022109 1506 035109 1503
014109 0955 020108 1605
021109 1900 044109 1852
035109 1202 058109 1159
023109 1218 041109 1453
023110 0806 037110 0303
030111 1345 051111 0733
033111 2014 057111 2006
032112 2224 056112 2249
026112 1429 042112 1434
026112 2051 036112 2056
032110 1535 042110 1545
024111 1742 038111 1746=
DB
0193 0196 0197 0194 0192 0189 0191 0189 0190 0188 0187 0188
0190 0196 0193 0202 0230 0223 0226 0207 0201 0196 0184 0184 0233 1456 0184 1859.
0182 0182 0180 0178 0177 0174 0174 0172 0170 0170 0169 0180
0239 0251 0289 0381 0374 0431 0402 0365 0272 0232 0206 0200 0436 1358 0168 0654.
0189 0189 0189 0189 0185 0182 0180 0180 0180 0178 0176 0194
0207 0214 0274 0294 0338 0312 0339 0312 0250 0225 0198 0192 0385 1526 0176 0654.
0178 0169 0163 0163 0168 0165 0168 0164 0163 0162 0170 0181
0194 0223 0274 0304 0350 0355 0359 0368 0304 0231 0195 0198 0418 1227 0159 2324.
0194 0183 0189 0188 0183 0182 0181 0180 0180 0178 0178 0181
0192 0200 0215 0218 0255 0299 0263 0274 0298 0204 0189 0185 0361 1538 0178 0548.
0186 0184 0184 0182 0178 0174 0171 0166 0171 0169 0172 0183
0199 0268 0211 0224 0258 0318 0319 0257 0236 0205 0186 0177 0361 1421 0165 0409.
0174 0174 0170 0164 0158 0159 0155 0146 0144 0140 0159 0174
0199 0226 0318 0379 0395 0362 0317 0317 0280 0230 0209 0188 0407 1302 0139 0438.
0178 0174 0170 0178 0170 0163 0162 0167 0172 0177 0175 0186
0200 0219 0261 0299 0324 0307 0276 0240 0242 0215 0200 0201 0329 1228 0159 0324.
0199 0196 0194 0192 0190 0191 0190 0190 0189 0189 0189 0191
0199 0213 0221 0245 0244 0220 0225 0209 0206 0196 0194 0191 0252 1315 0188 0028.
0191 0190 0187 0186 0185 0184 0185 0185 0185 0183 0181 0185
0194 0213 0215 0212 0216 0202 0208 0253 0211 0204 0198 0197 0259 1604 0181 0657.
//// 0175 0176 0173 0170 0168 0167 0166 0165 0165 0167 0179
0197 0285 0383 0391 0416 0416 0407 0353 0266 0223 0201 0193 0425 1352 0164 0531.
0187 0187 0185 0184 0182 0174 0173 0174 0173 0173 0173 0181
0196 0239 0261 0320 0351 0338 0275 0273 0237 0214 0198 0193 0351 1300 0171 0613.
0191 0189 0187 0186 0185 0185 0181 0179 0177 0179 0177 0180
0190 0205 0218 0261 0262 0261 0230 0218 0203 0193 0183 0182 0323 1323 0177 0500.
0180 0179 0176 0175 0175 0174 0173 0171 0171 0170 0168 0171
0174 0198 0254 0322 0318 0286 0258 0232 0223 0198 0180 0179 0359 1212 0166 0620.
0177 0175 0173 0172 0169 0167 0165 0165 0163 0160 0158 0169
0188 0222 0255 0278 0305 0293 0306 0260 0246 0203 0172 0159 0338 1230 0158 0656.
0157 0148 0142 0134 0132 0128 0124 0121 0118 0116 0114 0142
0211 0269 0326 0405 0318 0309 0247 0229 0207 0200 0194 0186 0407 1204 0114 0652.
0184 0182 0181 0180 0176 0177 0176 0174 0173 0164 0148 0173
0203 0230 0251 0273 0280 0243 0246 0216 0214 0196 0187 0179 0294 1307 0148 0700.
0174 0173 0167 0165 0167 0165 0164 0157 0158 0154 0156 0175
0183 0216 0272 0379 0341 0336 0328 0226 0215 0208 0202 0193 0393 1228 0152 0540.
0192 0191 0189 0183 0176 0167 0159 0152 0159 0162 0164 0179
0199 0239 0251 0346 0374 0393 0343 0285 0264 0211 0184 0174 0396 1359 0151 0416.
0169 0166 0159 0153 0151 0152 0153 0172 0169 0170 0151 0167
0220 0251 //// //// //// //// //// //// 0286 0225 0196 0193 0329 1601 0148 0242.
0184 0174 0167 0159 0155 0158 0169 0166 0165 0171 0176 0184
0206 0245 0333 0340 0350 0365 0331 0311 0260 0227 0209 0199 0402 1317 0153 0122.
0195 0199 0200 0199 0199 0197 0195 0192 0192 0191 0187 0191
0207 0215 0250 0257 0233 0258 0228 0221 0207 0195 0188 0186 0291 1213 0186 2000.
0182 0184 0184 0182 0181 0179 0178 0177 0176 0176 0176 0177
0179 0187 0195 0210 0213 0215 0221 0210 0204 0188 0180 0180 0228 1445 0175 0821.
0179 0176 0177 0177 0176 0170 0165 0165 0168 0166 0165 0165
0169 0172 0177 0180 0186 0185 0168 0167 0164 0162 0160 0161 0186 1300 0159 1859.
0158 0159 0157 0156 0155 0154 0153 0149 0148 0143 0140 0142
0146 0156 0161 0173 0163 0165 0165 0156 0154 0141 0134 0131 0182 1138 0130 1958.
0129 0125 0125 0123 0121 0121 0118 0116 0115 0114 0112 0113
0117 0121 0136 0153 0169 0162 0151 0144 0136 0124 0119 0116 0172 1334 0110 0717.
0115 0110 0109 0104 0104 0106 0104 0106 0105 0105 0106 0113
0121 0134 0174 0190 0194 0169 0204 0183 0148 0132 0126 0123 0227 1522 0103 2349.
0120 0122 0122 0123 0120 0120 0120 0119 0118 0118 0118 0119
0121 0127 0122 0124 0134 0124 0122 0119 0116 0115 0112 0114 0140 1312 0112 1859.
0110 0110 0110 0108 0108 0107 0106 0105 0108 0105 0083 0110
0143 0177 0216 0260 0257 0276 0268 0224 0186 0155 0141 0123 0348 1321 0080 0727.
0112 0104 0097 0092 0087 0083 0080 0088 0078 0074 0075 0107
0123 0173 0279 0311 0298 0338 0319 0204 0186 0164 0156 0151 0347 1328 0071 0629.
0147 0141 0140 0136 0139 0138 0138 0137 0136 0136 0135 0138
0145 0151 0153 0179 0164 0172 0164 0168 0154 0139 0134 0131 0182 1203 0131 1956=
0210 0208 0207 0205 0204 0203 0202 0201 0200 0200 0199 0198
0198 0199 0199 0200 0202 0206 0208 0209 0209 0207 0204 0201.
0199 0197 0196 0194 0193 0192 0190 0189 0188 0187 0186 0185
0189 0196 0208 0220 0243 0262 0274 0273 0266 0255 0242 0232.
0225 0219 0214 0211 0208 0205 0203 0201 0199 0198 0196 0195
0197 0200 0206 0216 0226 0235 0240 0247 0245 0238 0230 0222.
0215 0209 0204 0199 0196 0194 0192 0190 0189 0187 0186 0186
0188 0194 0202 0213 0229 0241 0251 0257 0255 0245 0233 0224.
0218 0214 0209 0207 0205 0202 0200 0199 0197 0196 0195 0194
0194 0196 0199 0203 0206 0215 0221 0227 0231 0227 0219 0212.
0207 0204 0202 0200 0198 0195 0193 0192 0190 0189 0188 0187
0190 0194 0199 0202 0205 0217 0229 0234 0230 0224 0217 0210.
0204 0200 0196 0193 0190 0187 0184 0181 0178 0175 0174 0176
0179 0186 0198 0217 0236 0249 0258 0255 0251 0244 0234 0225.
0217 0211 0205 0201 0199 0195 0192 0189 0188 0188 0188 0189
0191 0195 0200 0210 0222 0230 0232 0231 0228 0224 0219 0215.
0212 0209 0207 0205 0203 0201 0200 0199 0199 0198 0197 0197
0197 0199 0202 0205 0210 0212 0211 0210 0210 0208 0205 0203.
0201 0200 0199 0197 0196 0195 0195 0194 0193 0193 0192 0192
0192 0194 0197 0199 0199 0201 0203 0204 0210 0208 0205 0203.
//// 0199 0196 0194 0191 0189 0187 0185 0184 0183 0182 0182
0184 0191 0205 0227 0245 0260 0270 0272 0264 0250 0236 0226.
0218 0212 0209 0205 0203 0200 0197 0195 0193 0192 0190 0189
0190 0195 0202 0211 0221 0231 0236 0235 0232 0226 0219 0213.
0209 0206 0204 0201 0200 0198 0197 0195 0194 0192 0191 0190
0191 0192 0196 0202 0208 0215 0216 0214 0211 0207 0203 0199.
0197 0195 0193 0191 0190 0189 0187 0186 0185 0184 0183 0182
0182 0184 0192 0208 0221 0223 0224 0219 0216 0211 0206 0201.
0198 0195 0193 0191 0189 0187 0185 0183 0182 0181 0179 0178
0179 0185 0193 0200 0212 0221 0225 0226 0222 0217 0209 0200.
0194 0189 0184 0179 0174 0171 0167 0164 0161 0158 0156 0155
0159 0172 0188 0210 0230 0233 0230 0223 0216 0210 0206 0203.
0199 0196 0194 0192 0191 0189 0188 0187 0185 0184 0181 0178
0181 0189 0197 0203 0210 0213 0212 0210 0207 0205 0201 0197.
0194 0191 0188 0186 0184 0183 0181 0179 0178 0176 0174 0174
0178 0182 0190 0208 0221 0234 0237 0234 0224 0218 0213 0209.
0205 0202 0200 0198 0195 0192 0188 0184 0181 0180 0179 0179
0181 0189 0199 0211 0226 0241 0249 0245 0238 0230 0221 0213.
0205 0200 0196 0191 0187 0184 0181 0181 0182 0182 0181 0178
0181 0189 //// //// //// //// //// //// 0237 0231 0223 0216.
0210 0205 0200 0196 0191 0188 0186 0186 0184 0183 0183 0184
0187 0191 0203 0218 0229 0241 0249 0249 0244 0237 0229 0222.
0215 0211 0209 0207 0205 0204 0203 0201 0200 0198 0197 0196
0197 0197 0199 0204 0209 0210 0210 0211 0209 0205 0201 0198.
0195 0193 0192 0191 0190 0189 0188 0187 0186 0185 0184 0184
0184 0184 0184 0186 0189 0191 0192 0194 0193 0192 0189 0187.
0186 0184 0183 0182 0181 0181 0180 0178 0177 0176 0175 0174
0174 0174 0174 0175 0176 0176 0177 0176 0175 0174 0173 0171.
0171 0170 0169 0168 0168 0167 0166 0165 0164 0162 0160 0158
0156 0156 0157 0159 0160 0160 0159 0159 0158 0157 0155 0152.
0149 0147 0146 0144 0142 0141 0140 0139 0138 0137 0137 0136
0136 0136 0138 0141 0146 0149 0150 0150 0148 0146 0143 0140.
0138 0136 0134 0132 0131 0130 0129 0128 0127 0127 0126 0125
0126 0128 0131 0138 0143 0147 0149 0155 0155 0151 0147 0144.
0141 0139 0138 0137 0137 0136 0136 0135 0134 0133 0133 0132
0132 0132 0133 0133 0134 0136 0135 0134 0133 0132 0131 0130.
0129 0128 0127 0126 0125 0124 0124 0123 0122 0122 0120 0116
0119 0127 0137 0149 0167 0181 0188 0189 0183 0176 0167 0161.
0153 0147 0141 0136 0131 0127 0123 0120 0118 0115 0112 0113
0117 0124 0138 0158 0177 0192 0202 0200 0191 0181 0175 0169.
0165 0161 0157 0155 0153 0151 0149 0148 0148 0147 0146 0145
0145 0146 0148 0150 0153 0155 0156 0156 0156 0154 0150 0147=
0220 0218 0217 0216 0215 0214 0213 0212 0211 0210 0210 0209
0208 0208 0208 0208 0209 0210 0212 0213 0214 0214 0213 0211.
0209 0208 0207 0206 0205 0204 0202 0201 0200 0199 0199 0198
0198 0200 0204 0211 0221 0233 0245 0252 0254 0252 0247 0241.
0235 0231 0227 0223 0220 0218 0216 0214 0212 0210 0209 0208
0207 0208 0209 0213 0219 0225 0230 0235 0238 0237 0235 0231.
0227 0223 0219 0215 0212 0209 0207 0205 0204 0202 0200 0200
0200 0201 0204 0209 0215 0225 0232 0239 0243 0243 0238 0233.
0229 0225 0222 0219 0217 0215 0213 0211 0210 0208 0207 0206
0205 0205 0206 0207 0209 0212 0217 0220 0224 0226 0224 0221.
0218 0215 0213 0211 0210 0208 0206 0205 0203 0201 0200 0200
0199 0200 0203 0205 0207 0211 0218 0224 0226 0226 0223 0220.
0216 0213 0210 0207 0205 0202 0200 0198 0195 0193 0191 0190
0190 0192 0196 0204 0215 0226 0235 0240 0241 0240 0237 0233.
0228 0223 0219 0215 0212 0209 0207 0204 0202 0201 0200 0200
0200 0201 0203 0207 0213 0220 0224 0226 0227 0226 0224 0222.
0220 0218 0216 0214 0213 0211 0210 0209 0208 0207 0207 0206
0206 0206 0207 0209 0211 0213 0214 0214 0214 0214 0213 0211.
0210 0209 0208 0207 0206 0205 0204 0203 0203 0202 0202 0201
0201 0201 0202 0203 0204 0205 0206 0207 0210 0211 0211 0210.
//// 0208 0206 0204 0203 0201 0199 0198 0196 0195 0194 0193
0193 0195 0200 0209 0221 0232 0242 0249 0251 0248 0242 0235.
0229 0224 0220 0217 0215 0212 0210 0208 0206 0204 0203 0201
0201 0201 0204 0208 0213 0219 0225 0228 0229 0227 0225 0222.
0219 0216 0214 0212 0210 0209 0207 0206 0205 0204 0202 0201
0201 0201 0202 0204 0207 0211 0214 0215 0215 0213 0211 0209.
0207 0205 0204 0202 0201 0200 0199 0198 0197 0196 0195 0194
0193 0193 0195 0200 0209 0215 0218 0219 0218 0216 0214 0211.
0208 0206 0204 0202 0200 0199 0197 0196 0194 0193 0192 0191
0190 0191 0194 0198 0204 0210 0215 0219 0220 0219 0216 0212.
0208 0204 0200 0196 0193 0190 0187 0184 0181 0178 0176 0174
0174 0176 0183 0193 0206 0216 0220 0220 0218 0215 0212 0210.
0208 0205 0204 0202 0200 0199 0198 0197 0196 0195 0194 0191
0191 0192 0196 0200 0204 0208 0210 0211 0210 0209 0208 0206.
0204 0202 0200 0198 0196 0195 0193 0192 0190 0189 0188 0186
0187 0188 0191 0197 0213 0216 0222 0225 0224 0221 0218 0216.
0213 0211 0209 0207 0205 0203 0201 0198 0196 0194 0192 0191
0191 0193 0197 0202 0210 0219 0228 0233 0232 0230 0227 0222.
0217 0213 0209 0206 0202 0200 0197 0195 0194 0194 0193 0192
0191 0193 //// //// //// //// //// //// 0231 0231 0228 0224.
0221 0217 0214 0210 0207 0204 0201 0200 0198 0197 0196 0196
0196 0197 0201 0208 0216 0224 0232 0236 0238 0237 0234 0230.
0225 0222 0219 0217 0215 0214 0213 0211 0210 0209 0208 0206
0206 0206 0206 0208 0210 0212 0213 0214 0214 0212 0211 0208.
0206 0205 0203 0202 0201 0200 0199 0198 0197 0196 0196 0195
0195 0194 0194 0195 0196 0197 0198 0199 0199 0199 0199 0197.
0196 0195 0194 0193 0193 0192 0191 0190 0189 0188 0187 0187
0186 0185 0185 0185 0185 0186 0186 0186 0185 0185 0184 0183.
0183 0182 0181 0181 0180 0179 0179 0178 0177 0176 0175 0173
0172 0171 0170 0170 0171 0171 0171 0171 0170 0170 0169 0167.
0166 0164 0162 0161 0160 0158 0157 0156 0155 0154 0153 0152
0152 0151 0151 0152 0154 0157 0158 0159 0159 0159 0157 0156.
0154 0153 0151 0149 0148 0147 0146 0145 0144 0143 0143 0142
0141 0142 0143 0145 0148 0152 0154 0157 0159 0159 0158 0156.
0155 0153 0152 0151 0150 0149 0149 0148 0148 0147 0146 0146
0146 0145 0146 0146 0146 0146 0147 0146 0146 0145 0145 0144.
0143 0142 0141 0141 0140 0139 0139 0138 0137 0137 0136 0134
0134 0135 0140 0146 0154 0164 0173 0178 0180 0178 0175 0171.
0167 0163 0159 0155 0151 0147 0144 0141 0139 0136 0134 0132
0132 0134 0139 0147 0159 0170 0180 0187 0187 0184 0181 0177.
0174 0171 0169 0166 0164 0163 0161 0160 0159 0158 0157 0157
0156 0156 0156 0157 0159 0160 0161 0162 0162 0162 0161 0159=
0223 0222 0222 0221 0221 0220 0220 0219 0218 0218 0217 0217
0216 0216 0215 0215 0215 0215 0215 0215 0215 0215 0215 0215.
0215 0215 0214 0214 0213 0213 0212 0211 0211 0210 0209 0209
0209 0208 0208 0208 0210 0212 0215 0218 0222 0225 0227 0228.
0228 0227 0226 0225 0224 0223 0222 0221 0220 0219 0218 0217
0216 0215 0215 0215 0215 0216 0217 0219 0220 0222 0224 0224.
0224 0224 0223 0222 0220 0219 0218 0217 0215 0214 0213 0212
0211 0211 0210 0210 0211 0213 0214 0217 0219 0222 0223 0224.
0224 0224 0223 0222 0221 0220 0219 0218 0217 0216 0215 0215
0214 0213 0213 0213 0213 0213 0213 0214 0215 0216 0217 0218.
0218 0218 0217 0216 0215 0215 0214 0213 0212 0211 0211 0210
0209 0209 0208 0209 0209 0209 0210 0211 0213 0215 0216 0216.
0216 0216 0215 0214 0213 0212 0211 0210 0209 0208 0206 0205
0204 0204 0203 0203 0205 0207 0210 0213 0216 0218 0220 0221.
0221 0221 0220 0219 0218 0216 0215 0214 0213 0212 0211 0210
0209 0209 0208 0208 0209 0210 0211 0213 0214 0216 0216 0217.
0217 0217 0216 0216 0215 0215 0214 0213 0213 0212 0212 0211
0211 0210 0210 0210 0210 0210 0211 0211 0212 0212 0212 0212.
0212 0212 0211 0211 0210 0210 0210 0209 0209 0208 0208 0207
0207 0207 0206 0206 0206 0206 0207 0207 0207 0208 0208 0209.
//// 0209 0209 0208 0208 0207 0207 0206 0205 0205 0204 0203
0203 0202 0202 0203 0204 0206 0210 0213 0217 0220 0222 0223.
0222 0221 0220 0219 0218 0217 0215 0214 0213 0212 0211 0210
0209 0208 0208 0208 0208 0209 0210 0212 0214 0215 0216 0216.
0216 0216 0215 0214 0214 0213 0212 0211 0211 0210 0209 0209
0208 0207 0207 0207 0207 0207 0208 0209 0210 0210 0210 0210.
0210 0209 0209 0208 0207 0207 0206 0205 0205 0204 0204 0203
0202 0202 0201 0201 0202 0203 0205 0207 0208 0209 0209 0209.
0209 0209 0208 0207 0207 0206 0205 0204 0204 0203 0202 0201
0201 0200 0200 0200 0200 0201 0203 0205 0206 0208 0209 0209.
0209 0208 0207 0206 0205 0203 0202 0200 0199 0197 0196 0195
0194 0192 0192 0192 0194 0196 0199 0202 0204 0205 0206 0206.
0206 0206 0205 0205 0204 0204 0203 0202 0202 0201 0201 0200
0200 0199 0199 0199 0199 0200 0201 0203 0204 0204 0205 0205.
0204 0204 0204 0203 0202 0202 0201 0200 0200 0199 0198 0197
0197 0196 0196 0196 0189 0199 0201 0204 0206 0208 0208 0209.
0209 0209 0208 0208 0207 0206 0205 0205 0204 0203 0202 0201
0200 0200 0199 0199 0200 0202 0204 0207 0210 0211 0213 0213.
0213 0212 0211 0210 0209 0208 0207 0205 0204 0203 0202 0201
0201 0200 //// //// //// //// //// //// 0210 0212 0213 0214.
0214 0214 0213 0212 0211 0210 0209 0208 0207 0205 0205 0204
0203 0203 0202 0203 0204 0205 0208 0211 0213 0215 0217 0218.
0218 0217 0217 0216 0215 0214 0214 0213 0212 0211 0211 0210
0209 0209 0209 0208 0208 0208 0209 0209 0209 0209 0209 0209.
0209 0208 0208 0207 0206 0206 0205 0204 0204 0203 0203 0202
0202 0201 0201 0200 0200 0200 0200 0200 0200 0200 0201 0200.
0200 0200 0200 0199 0199 0198 0198 0198 0197 0196 0196 0195
0195 0195 0194 0194 0193 0193 0193 0193 0192 0192 0192 0192.
0191 0191 0191 0190 0190 0189 0189 0189 0188 0188 0187 0186
0186 0185 0184 0184 0183 0183 0182 0182 0182 0181 0181 0180.
0180 0179 0179 0178 0177 0176 0175 0174 0174 0173 0172 0171
0170 0170 0169 0169 0169 0169 0169 0169 0169 0169 0169 0169.
0169 0168 0168 0167 0166 0166 0165 0164 0164 0163 0162 0161
0161 0160 0160 0160 0160 0160 0161 0162 0162 0163 0164 0164.
0164 0164 0164 0164 0163 0163 0162 0162 0161 0161 0161 0160
0160 0160 0159 0159 0159 0159 0159 0159 0159 0158 0158 0158.
0158 0157 0157 0156 0156 0155 0155 0154 0154 0154 0153 0153
0152 0152 0152 0152 0153 0155 0157 0160 0163 0165 0167 0168.
0168 0168 0167 0166 0165 0164 0162 0161 0159 0158 0156 0155
0154 0153 0153 0153 0154 0156 0159 0162 0165 0168 0170 0170.
0171 0171 0170 0170 0169 0169 0168 0167 0167 0166 0165 0165
0165 0164 0164 0164 0164 0164 0164 0164 0164 0165 0165 0165=
0219 0218 0217 0216 0215 0215 0214 0213 0212 0212 0211 0210
0210 0209 0209 0209 0209 0209 0210 0210 0211 0211 0211 0211.
0210 0209 0208 0208 0207 0206 0205 0204 0204 0203 0202 0201
0201 0201 0202 0204 0208 0213 0220 0226 0231 0233 0233 0232.
0230 0228 0225 0223 0221 0219 0217 0216 0214 0213 0211 0210
0209 0209 0209 0210 0211 0214 0217 0220 0223 0225 0226 0225.
0224 0222 0220 0217 0215 0213 0211 0210 0208 0207 0205 0204
0203 0203 0203 0205 0207 0211 0215 0220 0224 0227 0227 0226.
0225 0223 0221 0219 0217 0216 0214 0213 0211 0210 0209 0209
0208 0207 0207 0207 0207 0208 0210 0212 0214 0216 0217 0217.
0216 0214 0213 0212 0211 0209 0208 0207 0206 0205 0204 0203
0202 0202 0202 0203 0204 0205 0208 0211 0214 0216 0216 0216.
0214 0213 0211 0209 0207 0206 0204 0202 0201 0199 0198 0196
0195 0195 0196 0198 0202 0208 0213 0219 0222 0224 0225 0224.
0223 0221 0218 0216 0214 0212 0210 0208 0206 0205 0204 0203
0202 0202 0202 0203 0205 0208 0211 0214 0216 0217 0217 0217.
0216 0215 0214 0213 0212 0211 0210 0209 0208 0208 0207 0206
0206 0205 0205 0206 0206 0208 0209 0209 0210 0210 0210 0209.
0209 0208 0207 0206 0206 0205 0205 0204 0203 0203 0202 0202
0201 0201 0200 0201 0202 0202 0203 0204 0204 0205 0206 0206.
//// 0205 0205 0204 0203 0202 0201 0200 0199 0198 0197 0196
0196 0196 0196 0199 0204 0210 0216 0222 0227 0229 0229 0227.
0225 0222 0219 0217 0215 0213 0211 0209 0208 0206 0205 0204
0203 0202 0202 0203 0205 0208 0211 0214 0216 0217 0217 0216.
0215 0214 0212 0211 0210 0209 0208 0207 0206 0205 0204 0203
0202 0202 0201 0202 0203 0204 0206 0208 0209 0209 0208 0208.
0206 0205 0204 0203 0202 0201 0200 0199 0199 0198 0197 0196
0196 0195 0195 0196 0199 0203 0206 0208 0209 0209 0209 0208.
0207 0205 0204 0203 0202 0200 0199 0198 0197 0196 0195 0194
0194 0193 0194 0195 0197 0199 0203 0206 0208 0209 0209 0208.
0207 0205 0203 0200 0198 0196 0194 0191 0189 0187 0185 0184
0182 0182 0183 0186 0191 0197 0202 0205 0207 0207 0206 0206.
0205 0204 0202 0201 0200 0199 0198 0198 0197 0196 0195 0194
0193 0193 0193 0195 0197 0199 0201 0203 0203 0204 0203 0203.
0202 0201 0200 0199 0197 0196 0195 0194 0193 0192 0191 0190
0190 0189 0190 0191 0189 0199 0204 0208 0210 0211 0210 0210.
0209 0208 0206 0205 0204 0203 0201 0200 0199 0197 0195 0194
0194 0193 0194 0196 0199 0203 0208 0213 0215 0217 0217 0215.
0214 0211 0209 0207 0205 0203 0201 0199 0198 0196 0196 0195
0194 0194 //// //// //// //// //// //// 0215 0217 0217 0216.
0215 0214 0212 0210 0208 0206 0204 0202 0201 0200 0198 0198
0197 0197 0198 0199 0203 0207 0212 0216 0220 0221 0222 0221.
0220 0218 0216 0215 0213 0212 0211 0210 0209 0208 0207 0206
0205 0205 0204 0204 0205 0206 0207 0208 0208 0208 0207 0207.
0205 0204 0203 0202 0201 0201 0200 0199 0198 0198 0197 0196
0196 0195 0195 0195 0195 0195 0196 0196 0196 0197 0197 0196.
0196 0195 0195 0194 0193 0193 0192 0192 0191 0190 0190 0189
0188 0188 0187 0187 0187 0186 0186 0187 0186 0186 0186 0185.
0185 0184 0184 0183 0183 0182 0181 0181 0180 0180 0179 0178
0177 0176 0175 0175 0175 0174 0174 0174 0174 0173 0173 0172.
0171 0170 0169 0168 0167 0166 0165 0164 0163 0162 0161 0160
0160 0159 0159 0158 0159 0159 0160 0161 0161 0162 0161 0161.
0160 0159 0158 0157 0156 0155 0154 0153 0152 0152 0151 0150
0150 0149 0149 0149 0150 0152 0153 0155 0157 0158 0158 0158.
0158 0157 0156 0155 0155 0154 0154 0153 0153 0152 0152 0151
0151 0151 0150 0150 0150 0150 0150 0150 0150 0150 0149 0149.
0149 0148 0147 0147 0146 0146 0145 0145 0144 0144 0143 0142
0142 0141 0142 0144 0147 0152 0157 0162 0166 0168 0168 0168.
0166 0164 0162 0160 0158 0155 0153 0151 0149 0147 0145 0143
0142 0141 0142 0144 0148 0154 0160 0166 0170 0172 0172 0172.
0170 0169 0168 0166 0165 0164 0163 0162 0161 0160 0160 0159
0158 0158 0158 0158 0158 0159 0159 0160 0160 0160 0160 0160=
0225 0225 0224 0224 0224 0224 0224 0224 0224 0223 0223 0223
0223 0222 0222 0221 0221 0220 0220 0220 0220 0220 0220 0220.
0220 0220 0220 0220 0219 0219 0219 0219 0219 0218 0218 0218
0215 0214 0212 0210 0209 0209 0209 0211 0213 0216 0218 0220.
0221 0222 0222 0223 0223 0223 0224 0223 0223 0223 0222 0222
0221 0220 0218 0217 0216 0215 0215 0215 0217 0218 0220 0221.
0222 0223 0223 0224 0223 0225 0223 0222 0222 0222 0221 0220
0219 0218 0216 0214 0212 0212 0212 0212 0214 0216 0218 0219.
0220 0221 0221 0222 0222 0221 0222 0222 0221 0221 0221 0220
0220 0219 0218 0217 0216 0215 0215 0214 0214 0216 0218 0218.
0219 0219 0219 0219 0219 0219 0219 0219 0219 0218 0218 0217
0216 0215 0215 0214 0213 0211 0211 0211 0213 0214 0215 0216.
0216 0217 0217 0217 0217 0217 0217 0217 0217 0217 0216 0215
0214 0212 0209 0225 0206 0206 0206 0208 0209 0211 0213 0214.
0216 0217 0218 0217 0218 0218 0218 0218 0217 0217 0216 0216
0215 0214 0212 0211 0210 0210 0210 0211 0212 0213 0214 0214.
0215 0215 0215 0215 0216 0216 0216 0215 0215 0215 0215 0215
0214 0214 0213 0212 0212 0212 0213 0213 0213 0213 0214 0214.
0214 0214 0214 0214 0214 0214 0213 0213 0213 0213 0213 0212
0212 0211 0211 0211 0211 0211 0210 0209 0209 0210 0210 0210.
//// 0211 0211 0212 0211 0212 0211 0211 0212 0211 0210 0210
0209 0206 0204 0202 0201 0202 0202 0204 0207 0209 0211 0212.
0213 0214 0215 0215 0215 0215 0216 0215 0215 0215 0215 0215
0214 0212 0211 0210 0209 0208 0209 0209 0210 0211 0212 0213.
0213 0214 0214 0214 0214 0214 0214 0214 0214 0214 0213 0213
0213 0212 0211 0210 0209 0209 0210 0210 0210 0211 0211 0211.
0211 0211 0211 0211 0211 0211 0211 0211 0210 0210 0210 0210
0209 0209 0208 0204 0204 0205 0205 0206 0207 0207 0208 0209.
0209 0209 0210 0210 0210 0210 0210 0210 0209 0209 0209 0209
0208 0206 0205 0204 0202 0203 0203 0203 0205 0206 0207 0209.
0209 0210 0210 0211 0211 0210 0210 0210 0210 0209 0209 0208
0204 0201 0199 0197 0197 0198 0199 0201 0201 0202 0203 0204.
0204 0205 0205 0206 0206 0206 0206 0206 0206 0206 0206 0206
0205 0203 0202 0201 0201 0201 0202 0202 0203 0204 0204 0205.
0205 0205 0206 0206 0206 0206 0206 0206 0205 0205 0205 0204
0203 0203 0201 0198 0197 0198 0198 0200 0202 0203 0204 0204.
0205 0205 0206 0206 0206 0207 0207 0207 0207 0208 0206 0206
0205 0203 0202 0200 0199 0198 0199 0201 0202 0204 0206 0207.
0208 0209 0209 0210 0210 0210 0210 0209 0208 0208 0208 0207
0205 0204 //// //// //// //// //// //// 0202 0204 0206 0207.
0208 0209 0210 0210 0210 0210 0210 0210 0209 0209 0209 0208
0207 0205 0202 0201 0200 0200 0201 0202 0204 0206 0208 0209.
0210 0210 0211 0211 0211 0211 0211 0211 0211 0211 0211 0210
0210 0209 0209 0208 0208 0208 0208 0208 0208 0208 0209 0209.
0209 0209 0209 0209 0209 0208 0208 0208 0208 0208 0207 0207
0206 0206 0205 0205 0204 0204 0204 0204 0204 0204 0204 0204.
0204 0204 0204 0204 0203 0204 0203 0203 0203 0203 0202 0202
0202 0201 0201 0201 0200 0200 0200 0200 0200 0200 0200 0200.
0199 0199 0199 0199 0199 0198 0198 0197 0197 0197 0197 0197
0196 0196 0195 0194 0194 0194 0194 0194 0193 0193 0193 0193.
0193 0193 0192 0192 0191 0191 0191 0190 0190 0189 0189 0189
0188 0187 0186 0185 0184 0184 0184 0184 0184 0184 0184 0183.
0183 0183 0184 0183 0183 0182 0182 0181 0181 0180 0180 0179
0179 0178 0177 0176 0175 0175 0175 0174 0175 0175 0176 0176.
0176 0176 0176 0176 0176 0176 0176 0175 0175 0175 0175 0175
0174 0174 0174 0174 0173 0173 0172 0173 0173 0173 0172 0172.
0172 0172 0172 0171 0171 0171 0170 0170 0170 0170 0170 0170
0168 0166 0165 0164 0161 0161 0163 0163 0166 0167 0169 0170.
0172 0173 0174 0174 0174 0174 0174 0173 0173 0173 0173 0171
0170 0168 0164 0162 0161 0161 0161 0165 0166 0167 0169 0170.
0171 0171 0172 0172 0173 0172 0173 0173 0173 0173 0172 0172
0170 0171 0171 0171 0171 0170 0170 0170 0171 0171 0171 0172=
KB
0231 0230 0230 0230 0230 0230 0231 0230 0230 0230 0231 0231
0230 0230 0230 0230 0230 0229 0229 0229 0229 0229 0230 0230.
0230 0229 0229 0229 0229 0229 0229 0229 0229 0229 0229 0229
0227 0226 0224 0222 0221 0221 0221 0222 0224 0225 0226 0227.
0227 0227 0227 0227 0227 0227 0227 0227 0227 0227 0227 0227
0226 0226 0224 0223 0222 0222 0222 0222 0223 0224 0225 0226.
0226 0227 0227 0227 0227 0226 0227 0227 0228 0227 0227 0226
0226 0224 0223 0222 0220 0220 0220 0221 0222 0223 0224 0225.
0225 0225 0225 0225 0225 0225 0225 0225 0225 0225 0225 0225
0225 0224 0224 0224 0223 0221 0222 0221 0221 0223 0224 0225.
0225 0225 0225 0225 0225 0225 0225 0225 0225 0225 0225 0224
0224 0222 0223 0222 0222 0220 0220 0220 0222 0222 0223 0224.
0224 0224 0224 0224 0224 0224 0224 0224 0225 0224 0224 0224
0223 0222 0219 0241 0216 0217 0217 0218 0219 0220 0221 0221.
0222 0222 0222 0222 0222 0222 0222 0222 0222 0222 0222 0221
0221 0220 0219 0218 0217 0218 0218 0219 0219 0220 0220 0220.
0220 0220 0220 0220 0220 0220 0220 0220 0220 0220 0220 0220
0220 0219 0219 0218 0219 0219 0219 0219 0219 0220 0220 0220.
0220 0220 0220 0220 0220 0220 0220 0220 0220 0220 0220 0220
0219 0219 0219 0219 0219 0219 0218 0217 0218 0218 0218 0218.
//// 0219 0219 0219 0219 0219 0219 0219 0219 0219 0219 0219
0218 0215 0214 0212 0211 0211 0211 0212 0215 0216 0217 0217.
0217 0217 0218 0218 0218 0218 0218 0218 0218 0218 0218 0217
0217 0216 0215 0214 0214 0214 0215 0215 0215 0216 0217 0217.
0217 0217 0217 0218 0217 0217 0217 0218 0218 0218 0218 0218
0217 0217 0216 0216 0215 0215 0216 0216 0216 0217 0217 0217.
0217 0217 0217 0217 0217 0217 0217 0217 0217 0217 0217 0217
0217 0216 0212 0212 0213 0214 0214 0215 0215 0215 0216 0216.
0216 0216 0216 0216 0216 0216 0216 0216 0216 0216 0216 0216
0215 0214 0214 0213 0211 0212 0212 0212 0213 0214 0215 0216.
0216 0216 0216 0217 0217 0217 0217 0217 0217 0217 0217 0216
0214 0211 0210 0208 0209 0210 0211 0212 0212 0213 0213 0213.
0213 0213 0213 0213 0213 0213 0213 0213 0213 0213 0214 0214
0212 0211 0210 0210 0210 0210 0210 0211 0211 0211 0212 0212.
0212 0212 0212 0213 0213 0212 0212 0213 0213 0213 0213 0212
0212 0211 0210 0207 0206 0207 0207 0209 0210 0210 0210 0211.
0211 0211 0211 0211 0211 0211 0211 0212 0212 0214 0212 0211
0211 0209 0209 0207 0206 0205 0206 0208 0208 0209 0210 0211.
0211 0211 0212 0212 0212 0212 0212 0211 0212 0211 0211 0211
0210 0209 //// //// //// //// //// //// 0207 0208 0210 0210.
0210 0211 0211 0211 0211 0212 0211 0211 0211 0211 0211 0211
0210 0209 0206 0205 0205 0205 0205 0206 0208 0209 0209 0210.
0210 0210 0210 0210 0210 0210 0210 0210 0210 0210 0211 0211
0210 0210 0210 0209 0210 0210 0210 0210 0210 0211 0211 0211.
0211 0211 0211 0211 0211 0211 0211 0212 0211 0212 0212 0212
0212 0211 0211 0210 0210 0210 0210 0210 0210 0211 0211 0211.
0211 0211 0211 0211 0211 0211 0211 0211 0211 0211 0211 0211
0211 0211 0210 0210 0210 0210 0210 0211 0211 0211 0211 0211.
0211 0210 0210 0210 0210 0210 0210 0210 0210 0210 0210 0210
0210 0210 0209 0209 0209 0209 0209 0209 0209 0209 0209 0209.
0209 0209 0209 0209 0209 0209 0209 0209 0209 0209 0209 0209
0209 0209 0208 0207 0207 0207 0207 0207 0207 0207 0207 0206.
0206 0206 0206 0206 0206 0206 0206 0205 0205 0205 0205 0205
0204 0204 0203 0202 0202 0202 0201 0201 0202 0202 0202 0202.
0202 0202 0201 0201 0201 0201 0201 0201 0200 0200 0200 0200
0200 0200 0199 0199 0199 0199 0199 0199 0199 0199 0198 0198.
0198 0198 0198 0198 0197 0198 0197 0197 0197 0197 0197 0197
0195 0194 0193 0191 0189 0189 0190 0190 0192 0192 0194 0193.
0194 0195 0195 0195 0195 0195 0195 0194 0194 0195 0195 0194
0193 0191 0188 0186 0185 0185 0185 0189 0190 0190 0190 0190.
0190 0190 0190 0190 0190 0190 0190 0190 0190 0190 0190 0190
0188 0189 0189 0189 0189 0189 0190 0189 0189 0189 0189 0189=
0231 0230 0230 0230 0230 0230 0231 0231 0231 0231 0231 0231
0231 0231 0231 0230 0230 0230 0230 0230 0230 0230 0230 0230.
0230 0230 0230 0230 0230 0230 0230 0230 0230 0230 0230 0230
0228 0227 0226 0224 0223 0223 0223 0225 0226 0227 0229 0229.
0230 0230 0230 0230 0230 0230 0230 0230 0230 0230 0230 0230
0229 0228 0227 0226 0225 0225 0224 0224 0226 0227 0228 0229.
0229 0230 0230 0230 0230 0225 0230 0230 0230 0230 0229 0229
0228 0227 0226 0225 0224 0223 0223 0223 0224 0226 0227 0227.
0228 0228 0228 0228 0228 0228 0228 0228 0228 0228 0228 0228
0228 0227 0227 0226 0225 0224 0225 0224 0224 0226 0227 0227.
0227 0228 0227 0227 0228 0228 0228 0228 0228 0228 0228 0227
0227 0225 0226 0225 0225 0223 0223 0224 0225 0225 0226 0227.
0227 0227 0227 0227 0227 0227 0228 0228 0228 0228 0228 0227
0226 0225 0223 0230 0220 0221 0221 0222 0223 0224 0225 0225.
0226 0226 0226 0226 0226 0227 0227 0227 0226 0226 0226 0226
0225 0224 0223 0222 0221 0222 0222 0223 0223 0224 0224 0224.
0224 0224 0224 0224 0225 0225 0225 0225 0225 0225 0224 0224
0224 0224 0223 0223 0223 0223 0223 0224 0224 0224 0224 0224.
0224 0224 0224 0224 0224 0224 0224 0224 0224 0224 0224 0224
0224 0223 0223 0223 0223 0223 0223 0222 0222 0222 0223 0223.
//// 0224 0224 0224 0224 0224 0224 0224 0224 0224 0224 0224
0223 0221 0219 0217 0216 0216 0216 0218 0220 0221 0222 0222.
0223 0223 0223 0223 0223 0223 0223 0223 0223 0223 0223 0223
0223 0221 0221 0220 0219 0219 0220 0220 0220 0221 0221 0222.
0222 0222 0222 0222 0222 0222 0222 0222 0222 0222 0222 0222
0222 0221 0221 0220 0220 0219 0220 0221 0221 0221 0221 0221.
0222 0222 0222 0222 0222 0222 0222 0222 0222 0222 0222 0222
0222 0221 0217 0217 0218 0219 0219 0220 0220 0220 0221 0221.
0221 0221 0221 0221 0221 0221 0222 0222 0222 0222 0222 0222
0221 0220 0219 0218 0217 0217 0217 0218 0218 0219 0221 0221.
0222 0222 0222 0222 0223 0223 0223 0223 0223 0223 0223 0222
0219 0217 0216 0214 0214 0216 0217 0218 0219 0219 0219 0219.
0219 0219 0220 0220 0220 0220 0220 0220 0220 0220 0221 0220
0219 0218 0217 0217 0217 0217 0217 0218 0218 0218 0219 0219.
0219 0219 0219 0220 0220 0219 0219 0220 0220 0220 0220 0219
0219 0218 0217 0214 0213 0214 0214 0216 0217 0217 0218 0218.
0218 0218 0218 0218 0218 0219 0219 0219 0219 0217 0219 0218
0218 0216 0216 0214 0213 0212 0213 0214 0215 0216 0217 0218.
0218 0218 0218 0219 0219 0219 0219 0218 0217 0218 0218 0218
0216 0215 //// //// //// //// //// //// 0214 0214 0216 0216.
0217 0217 0217 0218 0218 0218 0217 0217 0217 0217 0217 0216
0216 0215 0211 0211 0211 0210 0211 0211 0213 0214 0215 0215.
0216 0215 0215 0215 0215 0215 0215 0215 0215 0216 0216 0216
0215 0215 0214 0214 0214 0214 0215 0215 0215 0215 0215 0215.
0215 0215 0216 0215 0216 0216 0216 0216 0216 0216 0216 0216
0215 0215 0215 0215 0214 0214 0214 0214 0215 0215 0215 0215.
0215 0215 0215 0215 0215 0215 0215 0216 0215 0215 0215 0216
0215 0215 0215 0215 0215 0215 0215 0216 0216 0216 0216 0216.
0216 0216 0216 0216 0216 0216 0216 0216 0216 0216 0216 0216
0216 0216 0216 0216 0216 0216 0216 0216 0216 0216 0217 0217.
0217 0217 0217 0217 0217 0217 0217 0217 0217 0218 0218 0218
0218 0217 0217 0216 0216 0216 0216 0216 0216 0217 0217 0217.
0217 0217 0218 0217 0217 0217 0217 0217 0217 0217 0217 0217
0217 0216 0216 0215 0215 0215 0215 0214 0215 0216 0216 0216.
0216 0216 0216 0216 0216 0216 0216 0216 0216 0216 0216 0216
0216 0216 0216 0216 0215 0215 0216 0216 0216 0216 0215 0215.
0215 0215 0215 0215 0215 0215 0215 0215 0215 0215 0216 0216
0214 0213 0212 0211 0208 0209 0209 0210 0211 0212 0213 0213.
0214 0215 0215 0215 0215 0215 0215 0215 0215 0215 0216 0214
0214 0212 0208 0207 0206 0206 0206 0210 0210 0212 0211 0211.
0211 0212 0212 0212 0211 0211 0211 0211 0211 0211 0211 0211
0212 0210 0210 0210 0210 0210 0209 0210 0210 0210 0210 0210=
0211 0211 0211 0211 0211 0211 0211 0211 0211 0211 0212 0212
0212 0211 0212 0211 0211 0211 0211 0211 0211 0211 0211 0212.
0212 0212 0212 0212 0212 0212 0212 0212 0212 0212 0212 0212
0210 0209 0207 0206 0205 0205 0205 0207 0208 0209 0211 0211.
0212 0212 0212 0212 0212 0212 0212 0212 0212 0212 0212 0212
0211 0211 0210 0208 0208 0208 0207 0207 0209 0210 0211 0211.
0212 0213 0213 0213 0213 0209 0213 0213 0213 0213 0213 0212
0212 0211 0209 0208 0206 0207 0206 0207 0208 0209 0211 0211.
0211 0212 0212 0212 0212 0212 0212 0212 0212 0212 0212 0212
0212 0211 0211 0210 0210 0208 0209 0208 0209 0210 0211 0212.
0212 0212 0212 0212 0212 0213 0213 0213 0213 0213 0213 0212
0212 0210 0211 0211 0210 0208 0208 0209 0210 0211 0212 0212.
0212 0213 0213 0213 0213 0213 0213 0213 0214 0214 0213 0213
0212 0211 0209 0218 0206 0207 0207 0208 0209 0210 0211 0211.
0212 0213 0213 0212 0213 0213 0213 0213 0213 0212 0212 0212
0211 0211 0210 0209 0208 0208 0209 0210 0210 0210 0211 0211.
0211 0211 0211 0211 0211 0211 0212 0211 0212 0212 0211 0211
0211 0211 0210 0210 0210 0210 0210 0211 0211 0211 0211 0212.
0212 0211 0212 0212 0212 0212 0212 0212 0212 0212 0212 0212
0211 0211 0211 0211 0211 0211 0211 0210 0210 0210 0211 0211.
//// 0212 0212 0212 0212 0212 0212 0212 0212 0213 0212 0212
0211 0210 0207 0205 0205 0205 0205 0206 0209 0210 0211 0211.
0211 0212 0212 0212 0212 0212 0212 0212 0212 0212 0212 0212
0212 0211 0210 0209 0208 0208 0209 0209 0210 0210 0211 0211.
0211 0212 0212 0212 0212 0212 0212 0212 0212 0212 0212 0212
0212 0211 0210 0210 0210 0209 0210 0210 0211 0211 0211 0211.
0212 0212 0212 0212 0212 0212 0212 0212 0212 0212 0212 0212
0212 0211 0209 0207 0208 0209 0209 0210 0210 0211 0211 0212.
0212 0212 0212 0212 0212 0212 0212 0213 0212 0212 0212 0212
0212 0210 0210 0209 0208 0208 0208 0209 0209 0210 0212 0213.
0213 0213 0213 0214 0214 0214 0214 0214 0214 0214 0214 0214
0210 0208 0207 0205 0206 0207 0209 0209 0210 0210 0211 0211.
0211 0211 0211 0211 0211 0211 0211 0211 0211 0212 0213 0212
0211 0210 0209 0209 0209 0209 0209 0210 0210 0210 0211 0211.
0211 0211 0211 0212 0212 0211 0212 0212 0212 0212 0212 0211
0211 0210 0209 0206 0206 0206 0207 0209 0210 0210 0210 0210.
0210 0211 0211 0211 0211 0211 0213 0212 0212 0212 0212 0211
0211 0209 0209 0207 0206 0205 0206 0208 0208 0209 0210 0211.
0211 0211 0212 0212 0212 0212 0212 0211 0211 0211 0211 0212
0210 0209 //// //// //// //// //// //// 0207 0208 0210 0210.
0210 0211 0211 0211 0211 0211 0211 0211 0211 0211 0211 0210
0210 0209 0206 0205 0205 0204 0205 0205 0207 0208 0209 0209.
0210 0210 0210 0210 0210 0210 0210 0210 0210 0210 0210 0210
0210 0209 0209 0208 0209 0209 0209 0209 0209 0210 0210 0210.
0210 0210 0210 0210 0210 0210 0210 0210 0210 0210 0210 0210
0210 0210 0210 0209 0209 0209 0209 0209 0209 0210 0210 0210.
0210 0210 0210 0210 0210 0210 0210 0210 0210 0210 0210 0211
0210 0210 0210 0210 0210 0210 0210 0211 0211 0211 0211 0211.
0211 0211 0211 0211 0211 0211 0211 0211 0211 0211 0211 0211
0211 0211 0211 0211 0211 0211 0211 0211 0211 0212 0212 0212.
0212 0212 0212 0212 0213 0213 0213 0213 0213 0212 0213 0213
0213 0213 0213 0212 0212 0212 0212 0212 0212 0212 0213 0213.
0213 0213 0213 0213 0213 0213 0213 0213 0213 0213 0213 0213
0213 0212 0212 0211 0211 0211 0211 0211 0211 0212 0212 0212.
0212 0212 0212 0212 0212 0212 0213 0212 0213 0212 0212 0213
0212 0212 0212 0213 0212 0212 0213 0213 0213 0213 0212 0212.
0212 0213 0212 0213 0213 0213 0213 0213 0213 0213 0213 0213
0212 0210 0209 0208 0206 0206 0207 0208 0209 0210 0211 0211.
0212 0213 0213 0213 0214 0214 0214 0213 0213 0214 0214 0213
0212 0211 0207 0205 0205 0205 0205 0209 0209 0210 0210 0211.
0211 0211 0211 0211 0211 0211 0211 0211 0211 0211 0211 0211
0210 0210 0210 0210 0210 0210 0208 0210 0210 0211 0211 0211=
A=
SA
NN NN NN NN NN NN 00 00 00 00 00 00 00 00 00 00 00 00 NN NN NN NN NN NN 0604 1756 000
NN NN NN NN NN NN 00 00 00 00 00 00 00 00 00 00 00 00 NN NN NN NN NN NN 0605 1755 000
NN NN NN NN NN NN 00 00 00 00 00 00 00 00 00 00 00 00 NN NN NN NN NN NN 0606 1754 000
NN NN NN NN NN NN 00 00 00 00 00 00 00 00 00 00 00 00 NN NN NN NN NN NN 0607 1753 000
NN NN NN NN NN NN 00 00 00 00 00 00 00 00 00 00 00 00 NN NN NN NN NN NN 0608 1752 000
NN NN NN NN NN NN 00 00 00 00 00 00 00 00 00 00 00 00 NN NN NN NN NN NN 0609 1751 000
NN NN NN NN NN NN 00 00 00 00 00 00 00 00 00 00 00 00 NN NN NN NN NN NN 0610 1750 000
NN NN NN NN NN NN 00 00 00 00 00 00 00 00 00 00 00 00 NN NN NN NN NN NN 0611 1749 000
NN NN NN NN NN NN 00 00 00 00 00 00 00 00 00 00 00 00 NN NN NN NN NN NN 0612 1748 000
NN NN NN NN NN NN 00 00 00 00 00 00 00 00 00 00 00 00 NN NN NN NN NN NN 0613 1747 000
NN NN NN NN NN NN 00 00 00 00 00 00 00 00 00 00 00 00 NN NN NN NN NN NN 0614 1746 000
NN NN NN NN NN NN 00 00 00 00 00 00 00 00 00 00 00 00 NN NN NN NN NN NN 0615 1746 000
NN NN NN NN NN NN 00 00 00 00 00 00 00 00 00 00 00 00 NN NN NN NN NN NN 0616 1744 000
NN NN NN NN NN NN 00 00 00 00 00 00 00 00 00 00 00 00 NN NN NN NN NN NN 0617 1743 000
NN NN NN NN NN NN 00 00 00 00 00 00 00 00 00 00 00 00 NN NN NN NN NN NN 0618 1743 000
NN NN NN NN NN NN 00 00 00 00 00 00 00 00 00 00 00 00 NN NN NN NN NN NN 0619 1741 000
NN NN NN NN NN NN 00 00 00 00 00 00 00 00 00 00 00 00 NN NN NN NN NN NN 0620 1741 000
NN NN NN NN NN NN 00 00 00 00 00 00 00 00 00 00 00 00 NN NN NN NN NN NN 0620 1740 000
NN NN NN NN NN NN 00 00 00 00 00 00 00 00 00 00 00 00 NN NN NN NN NN NN 0622 1738 000
NN NN NN NN NN NN 00 00 00 00 00 00 00 00 // // // // NN NN NN NN NN NN 0623 1738 ///
NN NN NN NN NN NN 00 00 00 00 00 00 00 00 00 00 00 00 NN NN NN NN NN NN 0623 1737 000
NN NN NN NN NN NN 00 00 00 00 00 00 00 00 00 00 00 00 NN NN NN NN NN NN 0625 1736 000
NN NN NN NN NN NN 00 00 00 00 00 00 00 00 00 00 00 00 NN NN NN NN NN NN 0625 1735 000
NN NN NN NN NN NN 00 00 00 00 00 00 00 00 00 00 00 00 NN NN NN NN NN NN 0626 1734 000
NN NN NN NN NN NN 00 00 00 00 00 00 00 00 00 00 00 00 NN NN NN NN NN NN 0627 1733 000
NN NN NN NN NN NN 00 00 00 00 00 00 00 00 00 00 00 00 NN NN NN NN NN NN 0628 1732 000
NN NN NN NN NN NN 00 00 00 00 00 00 00 00 00 00 00 00 NN NN NN NN NN NN 0629 1731 000
NN NN NN NN NN NN 00 00 00 00 00 00 00 00 00 00 00 00 NN NN NN NN NN NN 0630 1731 000
NN NN NN NN NN NN 00 00 00 00 00 00 00 00 00 00 00 00 NN NN NN NN NN NN 0631 1729 000
NN NN NN NN NN NN 00 00 00 00 00 00 00 00 00 00 00 00 NN NN NN NN NN NN 0632 1729 000
NN NN NN NN NN NN 00 00 00 00 00 00 00 00 00 00 00 00 NN NN NN NN NN NN 0632 1728 000=
BA
0201 0201 0201 0200 0198 0196 0196 0195 0195 0194 0193 0193
0194 0198 0196 0204 0219 0215 0216 0209 0205 0200 0192 0191 0219 1259 0191 1959.
0189 0189 0187 0186 0185 0182 0181 0180 0179 0178 0177 0182
0208 0223 0259 0326 0340 0380 0354 0318 0263 0237 0220 0212 0387 1351 0176 0729.
0203 0201 0198 0197 0195 0191 0190 0189 0188 0187 0185 0192
0202 0205 0236 0251 0277 0268 0283 0276 0242 0226 0210 0204 0299 1524 0185 0700.
0195 0186 0181 0178 0179 0178 0178 0176 0175 0173 0177 0182
0191 0209 0237 0254 0290 0299 0310 0310 0268 0230 0210 0207 0338 1441 0173 0555.
0203 0197 0196 0195 0192 0190 0189 0189 0188 0186 0186 0188
0193 0199 0207 0210 0227 0257 0238 0250 0259 0215 0203 0197 0289 1538 0186 0600.
0195 0193 0191 0190 0186 0184 0181 0178 0179 0178 0179 0184
0194 0226 0204 0211 0229 0269 0276 0248 0230 0213 0200 0191 0294 1420 0178 0400.
0187 0184 0181 0178 0173 0172 0169 0165 0160 0158 0165 0174
0189 0208 0267 0317 0333 0315 0291 0283 0260 0232 0217 0204 0340 1302 0157 0556.
0195 0189 0186 0188 0182 0177 0175 0176 0178 0182 0181 0187
0194 0206 0231 0251 0273 0262 0250 0233 0233 0219 0209 0207 0273 1300 0174 0324.
0204 0201 0200 0198 0195 0195 0195 0194 0194 0194 0193 0194
0198 0207 0212 0224 0226 0217 0216 0213 0210 0203 0199 0196 0229 1317 0193 0503.
0196 0195 0193 0192 0191 0190 0190 0189 0189 0188 0187 0189
0193 0202 0206 0205 0210 0205 0209 0231 0214 0206 0202 0199 0235 1607 0187 0658.
//// 0189 0186 0183 0181 0179 0177 0175 0174 0174 0174 0180
0190 0234 0311 0335 0366 0373 0360 0314 0263 0230 0211 0203 0375 1357 0174 0436.
0197 0195 0194 0192 0191 0185 0184 0183 0182 0181 0180 0183
0192 0214 0227 0261 0283 0285 0256 0251 0230 0217 0205 0200 0287 1410 0180 0632.
0198 0196 0194 0192 0192 0191 0189 0187 0184 0185 0184 0184
0189 0199 0209 0228 0233 0238 0223 0215 0206 0198 0193 0190 0263 1323 0183 0721.
0188 0186 0184 0183 0182 0180 0179 0178 0177 0176 0174 0176
0179 0192 0228 0274 0271 0249 0236 0219 0213 0201 0191 0188 0294 1212 0174 0658.
0185 0184 0181 0180 0178 0176 0174 0173 0172 0169 0168 0172
0183 0204 0220 0241 0261 0258 0263 0237 0226 0207 0188 0177 0277 1230 0168 0659.
0173 0167 0161 0155 0151 0147 0144 0141 0138 0136 0134 0145
0183 0235 0276 0328 0287 0270 0236 0223 0208 0203 0199 0194 0333 1240 0134 0700.
0190 0188 0186 0185 0183 0182 0181 0180 0179 0175 0164 0173
0192 0209 0222 0234 0241 0226 0225 0210 0206 0199 0193 0187 0247 1306 0164 0700.
0183 0180 0177 0175 0174 0174 0172 0168 0168 0164 0164 0174
0182 0199 0230 0311 0305 0291 0285 0230 0218 0213 0207 0200 0329 1231 0163 0655.
0198 0195 0194 0190 0185 0178 0173 0167 0168 0170 0171 0178
0191 0219 0228 0287 0313 0341 0308 0262 0246 0220 0203 0193 0343 1359 0166 0416.
0186 0183 0177 0171 0169 0168 0166 0175 0175 0176 0167 0171
0202 0228 //// //// //// //// //// //// 0259 0226 0209 0203 0294 1601 0165 0246.
0195 0188 0181 0175 0172 0171 0176 0175 0173 0176 0179 0185
0205 0229 0292 0318 0337 0364 0330 0311 0263 0233 0213 0202 0376 1350 0170 0123.
0197 0199 0200 0199 0199 0196 0195 0192 0191 0190 0187 0190
0200 0207 0235 0249 0235 0252 0230 0225 0209 0197 0189 0187 0275 1213 0187 0657.
0183 0185 0185 0182 0182 0179 0178 0176 0175 0176 0176 0177
0177 0183 0189 0202 0207 0209 0216 0207 0202 0189 0180 0180 0219 1452 0175 0454.
0179 0176 0175 0175 0175 0170 0166 0165 0166 0164 0163 0163
0166 0169 0173 0177 0181 0181 0168 0167 0164 0162 0159 0160 0182 1405 0158 1921.
0158 0159 0157 0156 0155 0155 0153 0150 0147 0140 0137 0136
0141 0148 0153 0164 0156 0157 0156 0150 0149 0139 0132 0128 0168 1213 0128 1953.
0126 0122 0122 0120 0119 0119 0118 0116 0116 0114 0113 0114
0117 0121 0135 0152 0161 0156 0147 0141 0133 0123 0118 0115 0161 1300 0112 0739.
0113 0109 0107 0106 0105 0106 0105 0105 0104 0103 0104 0108
0115 0127 0158 0174 0182 0164 0188 0182 0150 0134 0127 0123 0209 1523 0102 0606.
0120 0121 0121 0122 0120 0120 0120 0119 0119 0118 0118 0118
0121 0126 0123 0125 0135 0126 0124 0121 0118 0115 0114 0113 0139 1312 0113 1948.
0110 0110 0110 0108 0108 0107 0106 0105 0107 0105 0087 0103
0134 0163 0194 0224 0249 0268 0255 0223 0184 0160 0143 0129 0306 1341 0084 0728.
0117 0108 0101 0096 0091 0086 0083 0086 0080 0076 0075 0103
0122 0164 0236 0287 0320 0325 0323 0211 0189 0169 0159 0153 0345 1448 0073 0647.
0149 0143 0141 0137 0139 0137 0136 0137 0136 0135 0134 0136
0142 0148 0151 0170 0162 0168 0161 0163 0154 0139 0133 0130 0174 1345 0130 1957=
=
??????
******
YF
13064
江苏省
吕泗国家基准气候站
启东市吕四港镇北门外滨海







=
JY
8888=
GK
01/
05/=
BZ
00/320400/1213600
10/24/逐时观测
10/24/24时连续观测
11/守班=
######
