58265 2011   111213603204    1    1    1    1    1    1   60---------------------------------------------V3.00
010100   3   8   90005   0   0   20028   00100   6  18  180052   1   2   6   60007   2   4   60005////////////
010200   3   8   80156   0  -1   00102  -10200   6  17  180110   1   2   6   60157   2   5   50156////////////
010300   3   8   80239   0  -1   10249  -10242   7  18  470236   1   2   6   60239   2   4   50238////////////
010400   3   8   80328   0   0   00342  -20321   6  18  190301   1   2   6   60324   2   4   50329////////////
010500   3   9   90450   0   3   30454  -10402   6  17  180406   1   2   6   60426   2   5   50454////////////
010600   3   8   90501   0   0   30501  -10557   4  18  180559   1   2   6   60501   2   4   50501////////////
010700   3   8   80643   0   0   20638  -10613   0  -9  180611   1   2   6   60647   2   4   50640////////////
010800   4  17  170757   1   5   50756   00713  -1  -3  -20754   2   2   7   70800   3  13  130758////////////
010900   9  31  310900   3  11  110842   50809   2   8   80837   6   3   9   90900   7  25  250900////////////
011000--------------------------------------------------------------------------------------------------------
011100--------------------------------------------------------------------------------------------------------
011200--------------------------------------------------------------------------------------------------------
011300--------------------------------------------------------------------------------------------------------
011400--------------------------------------------------------------------------------------------------------
011500--------------------------------------------------------------------------------------------------------
011600--------------------------------------------------------------------------------------------------------
011700--------------------------------------------------------------------------------------------------------
011800--------------------------------------------------------------------------------------------------------
011900--------------------------------------------------------------------------------------------------------
012000--------------------------------------------------------------------------------------------------------
012100--------------------------------------------------------------------------------------------------------
012200--------------------------------------------------------------------------------------------------------
012300--------------------------------------------------------------------------------------------------------
012400--------------------------------------------------------------------------------------------------------
020100--------------------------------------------------------------------------------------------------------
020200--------------------------------------------------------------------------------------------------------
020300--------------------------------------------------------------------------------------------------------
020400--------------------------------------------------------------------------------------------------------
020500--------------------------------------------------------------------------------------------------------
020600--------------------------------------------------------------------------------------------------------
020700--------------------------------------------------------------------------------------------------------
020800--------------------------------------------------------------------------------------------------------
020900--------------------------------------------------------------------------------------------------------
021000--------------------------------------------------------------------------------------------------------
021100--------------------------------------------------------------------------------------------------------
021200--------------------------------------------------------------------------------------------------------
021300--------------------------------------------------------------------------------------------------------
021400--------------------------------------------------------------------------------------------------------
021500  42 147 1501454  21  73  741456  351410   4  13  171448  35   7  25  251455  37 127 1311454////////////
021600  66 187 2311528  33  94 1151528  751501   5   8  331534  55  11  31  371528  57 165 1941528////////////
021700  45  67 1841601  22  30  941601  301700   4  10  231608  37   8  14  301601  40  60 1631601////////////
021800  10  15  631701   4   3  281701   31800   4   9  291749   7   3   7  131701   9  12  561701////////////
021900   3   7  151801  -1  -3   21802  -41856   3   9   91818   1   2   6   71801   2   5  121801////////////
022000   3   8   81951   0  -1   01933  -41909   3   9   92000   1   2   6   61953   2   4   51925////////////
022100   3   8   82054  -1   1   12100  -42011   3  10  102100   1   2   6   62053   1   5   52050////////////
022200   3   8   82150   0   0   12103  -12137   7  32  512154   1   2   6   62152   2   4   52150////////////
022300   3   9   92300   0   3   32300  -12233   8  21  442215   1   2   6   62210   2   5   52300////////////
022400   3   9   92319   1   3   32359   12338   6  18  242323   1   2   6   62307   2   5   52323////////////
030100   3   9   90006   1   2   30047   20018   6  18  180047   1   2   6   60007   2   5   50001////////////
030200   3   9   90102   1   3   30147   10123   6  18  180127   1   2   6   60101   2   5   50101////////////
030300   3   8   90201   1   2   30201  -10249   6  18  190226   1   2   6   60205   2   5   50202////////////
030400   3   8   90340   0  -2   30341  -20359   6  19  190303   1   2   6   60353   2   4   50340////////////
030500   3   8   80446   0   1   20418  -30401   6  18  190458   1   2   6   60446   2   4   50448////////////
030600   3   9   90542   0   2   20540  -20510   6  18  210548   1   2   6   60545   2   5   50559////////////
030700   3   9   90700   1   3   30659   00612   7  18  250658   1   2   6   60647   2   5   50700////////////
030800   6  41  410800   2  14  140800   10738   4  10  140707   4   2  10  100800   4  32  320800////////////
030900  27 106 1060900  12  53  530900  150801   3   8  110806  22   5  19  190900  23  91  910900////////////
031000  39 112 1330913  20  56  680913  380947   3   9  190903  32   7  19  230913  33  97 1150913////////////
031100  55 361 3631057  27 183 1861058  391021   4  19  201056  46   9  59  601057  45 274 2741100////////////
031200 105  91 5261118  53  44 2721118  441159   6  12  411119  88  17  15  851118  83  79 3811118////////////
031300  45 125 1461237  22  60  711236  451201   5  19  251246  38   7  21  241237  39 110 1291237////////////
031400  48 160 1601400  24  81  811400  581321   5   9  261334  40   8  27  271400  43 144 1441400////////////
031500  55 111 1751414  28  56  911413  561500   4  10  221430  46   9  18  291414  49  98 1571414////////////
031600  36  93 1101501  18  47  561501  451551   3   9  221503  30   6  17  181501  32  83  981501////////////
031700  26  46  941602  13  21  471601  211700   4   9  221609  21   5  10  171602  23  40  841602////////////
031800  10  15  451701   3  -1  211701  -11758   4   9  281712   7   3   6  101701   8  11  391701////////////
031900   3   6  151801  -1  -6   01824  -61900   3   9  101804   1   2   5   61854   2   3  111801////////////
032000   2   7   71953  -2  -4  -31919  -71906   3   9  101904   0   2   5   61956   1   3   31953////////////
032100   2   7   72058  -1  -3  -22020  -62008   3  10  102100   0   2   6   62053   1   3   32046////////////
032200   3   8   82153  -1  -1   02159  -42128   6  18  182131   1   2   6   62126   1   4   42152////////////
032300   3   9   92259   0   3   32255  -22204  10  17  772214   1   2   6   62231   2   5   52300////////////
032400   3   9   92312   1   3   42327   22346   6  17  182351   1   2   6   62323   2   5   62322////////////
040100   3   9   90001   1   2   30002   20021   6  17  180034   1   2   6   60005   2   5   50001////////////
040200   3   8   90101   1   1   30107   10157   6  18  180131   1   2   6   60122   2   4   50106////////////
040300   3   9   90227   1   3   40239   10201   5  18  180300   1   2   6   60230   2   5   60227////////////
040400   3   9   90343   1   2   30314   20359   5  16  180305   1   2   6   60359   2   5   50351////////////
040500   3   8   90402   0   0   20406  -10455   5  18  180500   1   2   6   60421   2   4   50402////////////
040600   3   8   80502   0   0   10546  -10537   3  18  180546   1   2   6   60506   2   4   40502////////////
040700   3   8   80613   0   1   10642   00633   1  -9  190611   1   2   6   60601   2   4   40700////////////
040800   4  16  160800   1   4   40800   00708  -1   8   80800   2   2   7   70800   2  12  120800////////////
040900  12  38  430843   4  15  170845   50801   3   8   80829   9   3  10  110844   9  31  360843////////////
041000  14  42  480947   6  19  220947  130927   3   9   90959  11   3  10  100947  11  35  400947////////////
041100  11  24  431004   5   9  201004   81056   3   9  221031   8   3   7  101001   9  18  361004////////////
041200  23  87  911155  10  42  431156  101101   3   9  161112  19   4  15  151155  19  75  791155////////////
041300  40 152 1521300  21  81  811300  411208   3  10  121238  33   7  24  241300  35 132 1321300////////////
041400  44 139 1831332  24  73  981332  471350   3   9  111340  37   7  22  281332  38 121 1621332////////////
041500  65 280 2801500  35 156 1561500  751424   4  10  231414  55  10  45  451500  55 238 2381500////////////
041600  63 109 2741501  34  58 1521501  581600   4  10  121504  53  10  18  441501  55  95 2341501////////////
041700  26  45 1051613  13  21  561601  211700   4   9  241609  21   5  10  171613  23  38  951613////////////
041800   9  14  441701   4   5  211701   51800   3   9  181710   6   3   6  101701   8  11  381701////////////
041900   3   8  141801   1   1   51801   11852   3   9   91814   1   2   5   61801   2   5  101801////////////
042000   3   6   81903  -1  -2   11902  -51945   3   9  101950   1   2   5   61905   1   3   51903////////////
042100   3   6   92031  -1  -6   12024  -82051   3  11  112100   1   2   5   72031   2   3   62024////////////
042200   2   7   72200  -2  -3  -22158  -72128   7  18  212116   0   2   6   62200   1   3   32159////////////
042300   3   9   92300  -1   4   42300  -52225  12  16 1292214   1   2   6   62253   1   5   52300////////////
042400   3   8   92304   1   0   42302   00000   6  17  182348   1   2   6   72355   2   5   62304////////////
050100   3   8   80019   0   0   10016   00054   6  17  180052   1   2   6   60001   2   4   50024////////////
050200   3   8   90132   0   1   10126  -20119   6  11  180144   1   2   6   60119   2   4   50105////////////
050300   3   8   90229   0  -1   20204  -10258   5  17  180202   1   2   6   60300   2   5   50217////////////
050400   3   8   80302   0  -1   00303  -20339   5   9  180326   1   2   6   60301   2   4   50301////////////
050500   3   8   80440   0   1   20421  -10409   6  18  180422   1   2   6   60401   2   5   50435////////////
050600   3   8   80559   1   2   20527   10551   4  18  180501   1   2   6   60523   2   5   50600////////////
050700   3   8   90655   1   2   20638   10611   1  -6  180614   1   2   6   60655   2   5   50652////////////
050800   3  12  120800   1   3   30800   10732  -1  -4  -10734   1   2   6   60800   2   8   80800////////////
050900   8  38  380900   3  14  150854   40812   2   8   80841   5   3  10  100900   6  31  310900////////////
051000  17  52  520927   7  24  241000  140901   3   8   90950  13   4  11  110927  14  43  440927////////////
051100  32 105 1081043  14  48  491043  241001   3   9   91041  26   6  17  181043  27  90  941043////////////
051200  36  95 1151108  16  42  531108  401150   3  10  121153  30   6  15  191108  31  82 1011108////////////
051300  56 252 2701253  27 128 1411253  421202   3  10  231224  47   9  36  391253  48 222 2381253////////////
051400  85 291 3041354  43 148 1541354  781317   4  11  191357  72  13  44  451354  72 249 2581355////////////
051500  79 127 4591419  40  61 2471419  531453   6  10  681420  67  12  20  751419  64 109 2941417////////////
051600  41  75 1451520  19  33  701520  331600   4  10  221539  34   7  13  231520  36  65 1271520////////////
051700  17  28  751605   7   9  331605   91700   3   9  161608  14   3   7  131605  14  23  641605////////////
051800   8  16  281701   2   2   81701   11756   3   9  241709   6   2   7   71708   6  12  231701////////////
051900   3   8  161801  -1  -2   21803  -41836   3   9   91826   1   2   5   71801   2   4  121801////////////
052000   3   8   91958   0   1   11956  -41924   3   8   91911   1   2   6   71940   2   5   51939////////////
052100   3   8   82013   0  -1   22010  -12040   3  10  102100   1   2   6   62001   2   4   52011////////////
052200   3   7   82139   0  -1   02145  -22155   7  19  192200   1   2   5   62140   1   4   42138////////////
052300   3   8   82300   0   1   22259  -42213  11  17 1282213   1   2   6   62300   1   5   52300////////////
052400   3   8   92304   0   1   22351   02309   6  18  182354   1   2   6   62307   2   4   52303////////////
060100   3   8   90027   1   2   30059   10015   6  18  180100   1   2   6   60026   2   5   50023////////////
060200   3   9   90131   1   2   30137   10149   6  12  180101   1   2   6   60133   2   5   50129////////////
060300   3   8   90232   1   2   30232   20217   5  18  180219   1   2   6   60241   2   5   50233////////////
060400   3   8   80321   0   1   30302   00329   5   9  180307   1   2   6   60323   2   5   50321////////////
060500   3   8   90430   0   1   20444   00401   5  18  180412   1   2   6   60431   2   5   50430////////////
060600   3   9   90517   1   2   30540   10501   4  18  180554   1   2   6   60520   2   5   50514////////////
060700   3   9   90609   1   2   30616   20646   2  -3  180611   1   2   6   60644   2   5   50607////////////
060800   3  12  120800   1   4   40800   20715  -1  -3   00725   1   2   6   60800   2   8   80800////////////
060900   6  17  180841   2   6   70842   40832   2   9   90840   4   2   7   70840   4  12  130841////////////
061000   8  29  320955   3  13  140955   60901   3   9   90929   5   3   8   80955   6  23  250955////////////
061100  11  33  391055   5  15  181055   81009   3   8   91008   8   3   8   91055   8  27  311055////////////
061200  19  61  881138   9  28  421138  151101   3   9  141105  15   4  12  151138  16  51  751138////////////
061300  29 102 1341242  14  50  671242  271251   3   9  141237  24   5  17  211242  25  89 1181242////////////
061400  73 318 3291359  37 166 1691359  541301   4   9  281356  62  11  48  501359  62 280 2861359////////////
061500  89 306 4571453  45 158 2421454  611417   5  19  441452  75  14  47  751453  74 257 3311449////////////
061600  60 128 2911501  30  64 1501501  561523   4  10  171501  51   9  22  441501  52 114 2451501////////////
061700  36  66 1281624  18  31  651624  311700   4  10  161623  30   6  13  221624  31  58 1101623////////////
061800  11  13  651701   5   3  311703   31800   3   9  121709   8   3   6  131703  10  10  571701////////////
061900   3   9  121801   0   1   31802   01826   3   9   91809   1   2   6   61801   2   6  101801////////////
062000   3   8   91925   0   1   21924   11938   3   9   91916   1   2   6   61904   2   5   61923////////////
062100   3   8   82006   0   1   22043   12013   3  10  102100   1   2   5   62030   2   5   62005////////////
062200   3   8   92122   1   1   22123   12148   6  18  252158   1   2   6   62124   2   5   62123////////////
062300   3   8   82230   0   0   12227   02254  12  18 1122214   1   2   5   62229   2   5   62230////////////
062400   3   8   82355   0   1   12355   02331   6  18  182301   1   2   6   62349   2   5   52357////////////
070100   3   8   90013   0   1   10059   00048   6  18  180048   1   2   6   60014   2   5   60015////////////
070200   3   8   80103   0   0   10104   00159   6   9  180114   1   2   6   60142   2   5   50112////////////
070300   3   8   80224   0   0   10229   00247   6  18  180204   1   2   6   60225   2   5   50227////////////
070400   3   8   80356   0   1   10354  -10342   5  12  180302   1   2   6   60318   2   5   50356////////////
070500   3   9   90454   0   1   20442   00421   6  18  180424   1   2   6   60455   2   5   60454////////////
070600   3   8   90526   1   0   30522  -10558   5  20  200558   1   2   6   60527   2   4   60526////////////
070700   3   8   80659   0   1   20627   00602   4  10  200601   1   2   6   60658   2   5   50628////////////
070800   4  14  140800   1   4   40800   10728   2   8   90752   2   2   7   70759   2  10  100800////////////
070900  15  64  640900   6  25  250900   50801   3   9  110813  11   4  12  120900  13  55  550900////////////
071000  25  87  880959  11  40  400959  240915   3   9   90901  20   5  16  160959  21  76  760959////////////
071100  52 198 1981100  25  94  941100  391002   3   9  101037  43   9  32  321100  46 172 1721100////////////
071200 101 267 3331134  50 132 1691134  961101   4  11  131143  86  15  40  511134  85 232 2721134////////////
071300 119 398 3981300  60 203 2041256 1321201   5  24  251255 101  18  59  591300  98 307 3111253////////////
071400 127 335 5271303  66 175 2811303 1421354   9  39 1691303 108  19  51  811303 102 257 3151326////////////
071500  90 188 3461403  47  92 1821403  891459   7  21  581412  76  14  29  531403  72 144 2641401////////////
071600  75 148 4591515  39  73 2531515  531556   8  11  771515  63  12  25  801515  51 122 2301515////////////
071700  29  38 1371601  14  16  681601  141657   4   9  211623  24   5   9  231617  24  29 1151601////////////
071800  12  22  511712   5   6  231717   61759   3   9  201714   9   3   7  111717  10  17  441712////////////
071900   4   8  221801  -1  -1   61801  -81831   3   8   91832   2   2   6   71803   2   5  171801////////////
072000   3   8   81908   0  -2   01940  -22000   3   9   91957   1   2   6   61908   2   5   51916////////////
072100   3   7   82037  -1  -4  -22036  -42047   3  10  102100   1   2   5   62037   2   4   52036////////////
072200   3   6   82128  -2  -7  -32125  -82151   7  19  192158   1   2   5   62129   1   2   52129////////////
072300   2   7   72254  -2  -5  -42251  -82228   7  18  192203   0   2   6   62235   1   3   42226////////////
072400   3   8   82353  -1  -3  -12339  -52302   6  16  192303   1   2   7   72349   1   5   52358////////////
080100   3   7   80001  -1  -3  -10032  -40045   6  18  190033   1   2   6   70001   1   4   40001////////////
080200   3   7   70147  -1  -4  -20126  -40115   6  -2  180135   1   2   6   60147   1   4   40146////////////
080300   3   7   80244  -1  -4  -20240  -40225   6  18  190256   1   2   6   60205   2   4   50249////////////
080400   3   8   80337   0   0   00322  -40307   6  18  180307   1   2   6   60338   2   5   50336////////////
080500   3   8   80459   0   0   00447  -30431   6  17  180413   1   2   6   60433   2   5   50459////////////
080600   3   7   80505  -1  -1   00510  -50544   4  19  190552   1   2   5   60505   1   3   50505////////////
080700   3   7   80619  -1  -2   00613  -50656  -2 -12  190601   1   2   6   60621   1   3   50617////////////
080800   4  26  260800   0   8   80800  -50711  -2  -4  -40748   2   2   8   80800   3  20  200800////////////
080900  23  85  870858   9  33  350834   80802   2   8   80900  18   5  17  170841  19  72  730858////////////
081000  48 208 2081000  23 104 1041000  330903   3  11  120958  40   8  33  331000  39 163 1631000////////////
081100 104 411 4121059  53 213 2141059 1001004   5  23  241058  88  16  65  651059  74 243 2471056////////////
081200 152 529 5301159  80 283 2831200 1741133  15  88  881200 128  24  84  851159  87 243 2551146////////////
081300 186 572 6831242  99 305 3741244 1701221  64 217 3791243 156  30  90 1111244  76 241 2421201////////////
081400 159 329 6881307  84 165 3791307 1541352  71  30 4831318 134  25  52 1111307  82 260 2611358////////////
081500 116 295 3571410  58 146 1821410 1371457  11  17  511427  98  18  47  561409  88 221 2711411////////////
081600  88 191 3481511  43  91 1771510  911600   7  12  461510  74  14  32  571510  68 160 2331504////////////
081700  62 116 2151618  28  49  991618  491700   5  12  181629  51  11  20  381618  48  93 1601611////////////
081800  22  20 1131701   8   1  471701   11800   4   9  191710  18   4   6  201701  18  15  901701////////////
081900   3   6  191801  -2  -7   01801 -101841   3   9  101818   1   2   5   61801   2   3  141801////////////
082000   2   6   71911  -3 -11  -61909 -121958   3   9   91926   0   2   5   61911   1   2   41910////////////
082100   2   7   72059  -3  -7  -72059 -112001   3  10  102100   0   2   6   62056   1   3   32100////////////
082200   2   7   72123  -3 -10  -52127 -112156   6  17  182114   0   2   7   72157   1   3   42145////////////
082300   2   5   62201  -4  -9  -92237 -122212   6  19  202241   0   2   5   82220   1   1   32221////////////
082400   2   6   62358  -3  -9  -62350 -102315   7  18  192317   0   2   6   62355   1   2   32351////////////
090100   2   6   70045  -3  -9  -50036 -100009   6  18  190007   0   2   6   60040   1   2   30037////////////
090200   2   7   70200  -3  -6  -60200  -90117   6 -14  190143   0   2   6   60200   1   3   30135////////////
090300   2   6   70241  -3  -9  -50221  -90259   4  18  180249   0   2   6   60203   1   3   30241////////////
090400   2   6   60354  -3  -6  -50315  -90354   5  16  180325   0   2   6   60355   1   3   30400////////////
090500   2   6   70401  -3  -9  -60439 -100447   5  16  190412   0   2   6   60453   1   3   30402////////////
090600   2   6   70526  -3  -9  -50530 -100542   4  17  180540   0   2   6   60532   1   3   30526////////////
090700   2   6   70614  -3 -10  -50610 -110645   1   1  180604   0   2   6   60613   1   3   30613////////////
090800   5  37  370800  -2   7   70800 -100702   0  -6   30748   3   2  10  100800   3  26  260800////////////
090900  32 193 1930900  11  70  700900   70802   4  24  240900  26   6  34  340900  27 165 1650900////////////
091000 103 363 3630959  44 173 1731000  710901   8  18  280913  86  17  61  610959  68 130 2220927////////////
091100 151 479 4831059  78 260 2611058 1741001   8  29  291100 126  25  77  771059  48 138 1401055////////////
091200 190 553 5781147 106 312 3261148 2631101  25 121 1221157 160  30  89  911147  50 134 1531140////////////
091300 218 601 6371244 123 339 3621244 3031201 103 428 4491259 183  35  97 1021244  45 127 1371204////////////
091400 210 548 6161304 119 308 3541331 3081400 178 461 5631332 176  34  91  991305  49 133 1431325////////////
091500 183 455 5621403 101 246 3161403 2391452  99 170 4711403 153  30  76  921403  45 115 1321401////////////
091600 138 312 4551507  70 141 2411501 1411600  35  47 1961501 115  23  52  761507  37  92 1151507////////////
091700  78 144 3091601  30  43 1391601  431659   9  17  451601  65  13  26  521601  28  66  921601////////////
091800  26  21 1411701   6  -3  431701  -41759   5   9  201716  22   4   5  251701  14  15  651701////////////
091900   2   3  201801  -6 -19  -31801 -221837   4  10  111831   1   1   4   51803   1   0  141801////////////
092000   2   5   52000  -6 -16 -161933 -201901   3   9   91901   0   2   6   61957   0   2   22000////////////
092100   2   5   72021  -6 -14 -132055 -172038   3  11  112100   0   2   6   82027   1   1   42021////////////
092200   2   6   62140  -5 -11 -102135 -152103   6  18  192104   0   2   6   72154   1   2   32139////////////
092300   2   6   62245  -4 -11 -102220 -122236   6  18  192227   0   2   6   72212   1   2   32254////////////
092400   2   6   62341  -3  -7  -70000 -112314   6  17  182355   0   2   6   62309   1   3   32341////////////
100100   2   6   70001  -3  -9  -60002 -100059   6  18  180056   0   2   6   70002   1   2   30001////////////
100200   2   6   70146  -3  -8  -70142 -110150   6   3  180120   0   2   6   60149   1   3   30136////////////
100300   2   6   70234  -3  -8  -60233  -90244   4  17  180241   0   2   6   60235   1   3   30237////////////
100400   2   7   70322  -3  -6  -40356 -100333   5  17  180336   0   2   6   60326   1   3   30322////////////
100500   2   7   70458  -3  -6  -40401 -100440   6  16  180441   0   2   7   70500   1   4   40458////////////
100600   2   7   70506  -2  -6  -50541  -90521   5  17  170557   0   2   6   70501   1   3   40501////////////
100700   2   7   70657  -3  -7  -50658  -90646   3   7  170612   0   2   6   60647   1   3   40655////////////
100800   5  37  370800  -1   8   80800  -90714   1   5   50800   2   3  10  100800   3  27  270800////////////
100900  30 156 1560900  11  75  750900   80801   3   9  130843  24   6  26  260900  23 120 1200900////////////
101000  70 201 2660933  32  95 1220933  750925   4  10  190917  58  12  34  480933  55 163 2060933////////////
101100  99 338 4471056  49 171 2291056  921001   5  19  221056  83  16  57  761056  74 219 2571056////////////
101200 106 289 4401108  55 153 2311108 1361149   4  11  231108  89  17  45  741108  86 245 2731108////////////
101300 165 567 6571235  91 315 3621235 1531201  34 266 3191254 138  27  92 1121231  93 188 3131235////////////
101400 186 508 5681320 103 276 3181306 1781356 103 297 3471351 155  31  85  941320  74 210 2291321////////////
101500 175 424 5501408  96 225 3031407 2251500  66 149 3031407 146  29  71  931407  73 178 2421408////////////
101600 116 244 4101501  59 121 2151501 1031549  26  26 1381501  97  19  38  691501  56 162 1771501////////////
101700  62  86 3101605  31  40 1531604  401700   6  13  371603  52  10  16  571605  44  61 1771607////////////
101800  13  12  821701   6   2  381701   21800   4   9  131709  10   3   5  151701  11   8  601701////////////
101900   3   8  121801   0   0   11801  -11837   3   9   91805   1   2   5   51857   2   4   81801////////////
102000   3   8   81930   0   1   21930   01911   3   9  111951   1   2   5   61929   2   4   51929////////////
102100   2   6   82007  -2  -6   12004 -102043   3  10  102100   0   2   5   62005   1   3   42003////////////
102200   2   7   72140  -2  -5  -32138  -82108   6  18  192154   0   2   6   62127   1   3   42134////////////
102300   3   7   82232  -1  -4  -12229  -52257   6  18  202218   1   2   6   62232   1   3   42231////////////
102400   3   8   82359  -1   1   22358  -42302   6  17  182310   1   2   6   62359   1   5   52359////////////
110100   3   8   80001   0   0   10009   00058   6  18  180058   1   2   6   60002   2   4   50001////////////
110200   3   8   80145   0   0   10144   00158   7  29  290200   1   2   6   60148   2   4   50149////////////
110300   3   8   80243   0   0   00203  -10236   8  18  310244   1   2   6   60254   1   4   40237////////////
110400   3   8   80343   0  -2   00301  -20337   7  18  240328   1   2   6   60357   2   5   50400////////////
110500   3   8   80453   0   0   00500  -20414   7  18  260453   1   2   6   60453   2   5   50447////////////
110600   3   8   90516   0  -1   10513  -10535   7  18  280538   1   2   6   70515   2   5   60514////////////
110700   3   8   80613   0   0   10609  -10636   9  27  300640   1   2   6   60610   2   5   50658////////////
110800   3  13  130800   0   4   40755   00706   5   8  150706   1   2   7   70758   2   9   90800////////////
110900   8  28  280900   3  13  130900   40801   3   8  140802   5   3   8   80900   6  22  220900////////////
111000  13  36  440931   6  17  220931  130901   3   8   80944  10   3   9  110930  11  29  360931////////////
111100  23  92  961051  12  49  521051  171001   3   9   91051  18   5  17  181051  19  79  831051////////////
111200  40 117 1311154  22  64  711155  481108   3   9  111142  33   7  21  231154  34 102 1141154////////////
111300  40 129 1291300  21  69  691300  461225   4  10  181258  33   7  23  231300  34 110 1101300////////////
111400  47  72 1731324  25  36  941324  361400   3   8  121324  39   8  11  301324  40  61 1501324////////////
111500  21  51  751417  11  25  391417  241448   4   9  211417  17   4  11  141417  17  42  631417////////////
111600  18  38  611524   9  18  301525  181559   3   9   91537  14   4   9  131524  15  30  511524////////////
111700  12  29  371601   5  13  181601  131642   3   9  241628   9   3   8   91601   9  23  301601////////////
111800  10  14  371719   5   5  171718   51800   3   9  181709   7   3   6  101719   8  10  291720////////////
111900   3   8  141801   1   1   41801   11844   3   8   91804   1   2   6   61801   2   4   91801////////////
112000   3   8   81954   0   1   21920   01916   3   8  141951   1   2   6   61957   2   4   41908////////////
112100   3   8   82048   0   1   22045   02032   3  10  102100   1   2   5   62047   2   4   52047////////////
112200   3   8   82123   1   0   22140   02200   6  18  182101   1   2   5   62118   2   4   52118////////////
112300   3   8   82244   0   1   12205  -12254   6  18  182201   1   2   5   62257   1   4   42227////////////
112400   3   8   82357   0   0   12309  -12333   6  18  182301   1   2   6   62354   2   4   52357////////////
120100   3   8   80009   0   0   00026  -10050   6  18  180052   1   2   6   60010   2   4   50009////////////
120200   3   8   80145   0  -1   00110  -10126   6  27  270200   1   2   6   60148   2   4   50140////////////
120300   3   8   80252   0  -1   00210  -10228   7  18  270248   1   2   6   60253   2   5   50251////////////
120400   3   8   80316   0   0   00349  -20321   7  18  280329   1   2   6   60315   2   4   50316////////////
120500   3   8   80421   0   1   10454   00439   7  17  270453   1   2   6   60420   2   5   50419////////////
120600   3   8   80502   0   0   20529   00559   7  18  260509   1   2   5   60501   2   4   50501////////////
120700   3   8   80632   0   1   20624   00603   8  22  270632   1   2   6   60700   2   4   50625////////////
120800   3  10  100800   0   1   10749  -10718   4   8  130722   1   2   6   60759   2   6   60800////////////
120900   6  24  240856   1   8   80855   10801   3   8  110811   4   2   8   80856   4  18  190856////////////
121000  14  41  460939   6  16  200939   90901   3   8   80902  10   4  10  110938  12  34  380939////////////
121100  19  44  621034   9  23  311034  171001   3   9   91056  15   4  10  131034  16  37  531034////////////
121200  33 123 1231200  17  66  661200  241101   3   9  121117  27   6  22  221200  28 106 1061200////////////
121300  51 180 1801300  27  98  981300  661201   4  14  151237  42   9  31  311300  45 157 1571300////////////
121400  67 158 2351349  37  86 1291349  861400   4  12  131352  56  11  26  391348  58 134 1981349////////////
121500  51 131 1581436  27  69  851436  641451   4   9  171418  42   9  23  271436  44 112 1371436////////////
121600  36  81 1221501  19  41  651501  411600   3   9  141541  29   7  16  211531  31  69 1041501////////////
121700  21  45  801601  10  20  401601  201700   3   9  181628  17   4  10  151601  17  36  671601////////////
121800   9  11  431701   3   2  191701   21800   3   9  171709   6   3   5  101701   7   7  351701////////////
121900   3   7  111801   0  -1   21801  -21841   3   9   91801   1   2   5   61852   2   4   71801////////////
122000   3   7   81911   0  -2   01908  -22000   3   9   91924   1   2   6   61909   1   4   41909////////////
122100   3   8   82034   0   0   02039  -32004   3  10  102100   1   2   6   62035   1   4   52034////////////
122200   3   8   82122   0  -1   02142  -12200   6  18  182106   1   2   6   62143   1   4   42143////////////
122300   3   7   82218  -1  -2   02215  -32255   6  18  182259   1   2   5   62217   1   4   42216////////////
122400   3   6   82322  -1  -5  -12318  -62348   6  19  192351   1   2   5   62320   1   2   42321////////////
130100   2   7   70056  -2  -6  -40006  -80026   6  18  190007   0   2   6   60056   1   3   40056////////////
130200   2   7   70116  -2  -6  -40131  -60156   6  22  260156   0   2   6   60150   1   3   40148////////////
130300   2   6   70204  -2  -7  -40232  -80257   7  19  220226   0   2   5   60203   1   2   30201////////////
130400   2   6   60353  -3  -5  -50351  -90325   6  17  200310   0   2   6   60346   1   3   30354////////////
130500   3   8   80455  -1  -1   10453  -90407   6  16  180405   1   2   6   60459   1   5   50455////////////
130600   3   8   90533   1   2   30533  -10501   5  17  170556   1   2   6   70529   2   5   60531////////////
130700   3   8   90621   0  -1   20605  -20656   2   0  170612   1   2   6   60653   2   4   50620////////////
130800   4  17  170800   0   8   80800  -60730   0   2   20751   2   2   7   70800   2  13  130800////////////
130900  13  68  680900   5  30  300900   80801   2   7   90828   9   4  15  150900  11  56  560900////////////
131000  50 152 2470948  24  72 1250948  310901   3  12  120952  41   9  25  440947  41 124 1940948////////////
131100  71 285 2981030  37 151 1541030  761001   4  13  151030  59  12  52  541030  57 212 2121100////////////
131200 143 435 4921133  78 240 2721133 1261114   7  31  361157 118  25  75  901128  88 239 2801123////////////
131300 171 493 5471249  95 279 3121249 1661219  25 128 1421252 141  30  85  961247  84 210 2511215////////////
131400 187 419 5551348 106 230 3231348 2301400  91 245 3961348 155  32  73  961348  71 182 2121308////////////
131500 128 374 4951420  69 201 2751420  871447  45 136 2651412 106  22  69  851420  64 172 2121419////////////
131600  97 184 3671501  49  90 1991501  711546  30  34 1471501  79  18  33  681523  52 122 1841524////////////
131700  45  68 1791601  21  30  891601  301700   5  10  311601  37   8  13  321618  36  57 1251621////////////
131800   8  10  661701   3   1  301701   11800   4   9  161712   6   2   5  121701   6   6  551701////////////
131900   3   8  101801   0  -1   11804  -11830   3   9   91829   1   2   5   61844   2   4   61801////////////
132000   3   8   81952  -1  -2  -11908  -31941   3   9   91903   1   2   6   61953   1   4   41954////////////
132100   3   8   82021  -1  -2  -12007  -32041   3  10  102100   1   2   6   62046   2   4   42009////////////
132200   3   8   82142  -1  -3   02140  -32119   6  18  182101   1   2   6   62200   2   4   52149////////////
132300   3   8   82215  -1  -2  -12223  -32250   6  18  182222   1   2   6   62202   2   4   42215////////////
132400   3   8   92343   0   0   02356  -32305   6  17  182325   1   2   6   62346   2   5   52341////////////
140100   3   8   90038   0   0   20037  -10007   6  18  180100   1   2   6   70038   2   4   60037////////////
140200   3   8   80156   0   0   00153  -10110   7  27  270200   1   2   6   60156   1   4   50155////////////
140300   3   8   80217   0   0   00213  -20238   8  18  290229   1   2   6   60211   2   4   50211////////////
140400   3   8   90332   0   3   30400   00322   7  18  290346   1   2   6   60329   2   5   50329////////////
140500   3   8   80402   1   2   30427   20457   7  18  290452   1   2   5   60401   2   4   50401////////////
140600   3   8   80509   1   2   20502   10539   7  18  320509   1   2   5   50554   2   4   40553////////////
140700   3   8   80615   0   1   20615   00629  10  28  320632   1   2   5   60644   2   4   50616////////////
140800   3  11  110800   0   2   30758   10721   5  15  150704   1   2   6   60800   2   7   70800////////////
140900   7  29  290900   2  12  120857   20801   3   8  150801   4   3   9   90900   5  23  230900////////////
141000  15  57  570958   7  28  281000  130901   3   8   80957  11   4  13  130958  12  47  470958////////////
141100  25  92  921100  13  47  471100  261005   3   8   91056  20   5  18  181100  21  78  781100////////////
141200  40 117 1271144  21  62  671144  481101   3   9  121111  33   7  21  231144  34 101 1091144////////////
141300  56 176 1881248  30  93 1021255  611203   4   9  161257  46  10  31  331255  49 153 1631255////////////
141400  64 164 1901329  35  89 1031330  891400   4  10  181322  53  11  28  331329  56 143 1641330////////////
141500  57 146 1781411  30  78  951411  781500   4   9  181416  47  10  26  311411  49 126 1531411////////////
141600  46  97 1551512  24  49  831511  491600   3   9  101529  38   8  18  271512  40  82 1351512////////////
141700  27  35  971601  14  15  501603  151700   3   9  151656  21   6   9  191602  23  29  821601////////////
141800   7  10  341701   2   1  151701   11800   3   9  191716   5   2   6   91701   5   6  281701////////////
141900   3   8  101801   0  -1   21802  -11856   3   8   91829   1   2   6   61801   2   4   61801////////////
142000   3   8   81921   0  -1   01924  -11903   3   9  191949   1   2   5   61922   1   4   51922////////////
142100   3   8   82018   0  -1   02010  -22034   3  10  102100   1   2   5   62038   1   4   42052////////////
142200   3   8   82148   0  -1   02156  -22108   6  18  182156   1   2   6   62147   2   4   52146////////////
142300   3   8   82257   0  -1   12246  -12215   6  17  182201   1   2   6   62259   2   5   52257////////////
142400   3   8   80000   0   0   02331  -22310   6  17  182333   1   2   6   60000   2   5   52359////////////
150100   3   7   90003   0  -3   00024  -30057   6  18  180100   1   2   6   60010   2   3   50004////////////
150200   3   8   80157  -1  -2  -10116  -30140   7  20  220159   1   2   6   60155   1   4   40156////////////
150300   3   8   80251  -1  -1   00254  -30215   6  17  200205   1   2   6   60219   1   4   40256////////////
150400   3   8   80352   0   0   00400  -10335   6  17  180309   1   2   6   60344   2   5   50350////////////
150500   3   8   80416   0  -1   10442  -10500   6  17  180404   1   2   6   60421   2   4   50424////////////
150600   3   8   90522   0   0   10554  -10502   6  17  180558   1   2   6   60536   2   5   50520////////////
150700   3   8   80606   0   1   10629   00614   6  15  180620   1   2   6   60608   2   5   50605////////////
150800   3  11  110800   0   2   20757  -20733   3   7  100725   1   2   6   70734   2   7   70800////////////
150900   7  27  270859   2   8   90858   20801   3   8   90810   4   3   9   90900   5  22  220900////////////
151000  22  97  990954  10  46  480954   90901   3   9   90959  17   5  18  190955  18  84  850954////////////
151100  27  81  971002  13  39  461001  221038   3   8   91043  21   6  16  181001  23  69  841001////////////
151200  38 150 1501200  18  75  751200  391101   3   8  171148  31   7  26  261200  32 132 1321200////////////
151300  95 299 3131232  49 156 1651232  791201   4  13  191205  79  16  48  531232  83 258 2691228////////////
151400 111 334 3841346  59 187 2131346 1331317   6  37  431356  93  18  55  641346  91 251 2771346////////////
151500  92 193 3331401  49 102 1831401 1021500   5  10  301401  77  15  32  551401  77 168 2671403////////////
151600  57 136 1911501  29  68 1011501  621548   4   9  181533  47  10  24  321501  49 115 1661501////////////
151700  39  83 1371601  19  33  691602  331659   3  10  131626  32   7  16  241601  33  66 1161601////////////
151800  14  14  871705   3   2  341705  -41747   4   8  221703  11   3   6  171704  11  10  681705////////////
151900   3   5  141801  -1 -11   31806 -111858   3   9   91859   1   2   5   61801   1   2  101801////////////
152000   2   8   81956  -2  -2  -22000 -101902   3   8   91901   0   2   6   61954   1   4   41952////////////
152100   3   8   82016   0   1   12053  -22003   3  10  142053   1   2   6   62009   2   5   52017////////////
152200   3   8   82159   0   1   12159   02106   6  17  182108   1   2   6   62200   2   5   52159////////////
152300   3   8   82202   0   0   12203   02229   7  19  392238   1   2   6   62202   2   4   52203////////////
152400   3   9   92358   0   2   32346  -32335   6  17  402301   1   2   6   62359   2   5   52358////////////
160100   3   8   90002   0   0   30003  -20026   6  18  180025   1   2   5   60001   2   4   50001////////////
160200   3   9   90158   0   0   10152  -10107   6  18  240159   1   2   6   60158   2   5   50152////////////
160300   3   9   90254   0   2   20233  -10203   7  19  280228   1   2   6   60246   2   5   50247////////////
160400   3   8   90301   1   2   30318   10340   7  17  280301   1   2   6   60301   2   5   50303////////////
160500   3   8   90435   1   2   30440   20406   7  18  280452   1   2   6   60420   2   5   50425////////////
160600   3   9   90551   1   3   30550   10526   7  17  260534   1   2   6   60532   2   5   50552////////////
160700   3   8   90602   1   2   30624   10646   9  27  290632   1   2   6   60601   2   5   50601////////////
160800   3  13  130800   1   4   40800   10703   5  13  140748   1   2   6   60800   2   8   80800////////////
160900   9  29  370853   4  14  180853   40801   3   9  130801   6   3   8  100853   7  23  300853////////////
161000  28  97 1300947  15  53  710947  150901   3   9   90957  22   6  18  240947  24  83 1120947////////////
161100  49 180 1861057  27  97 1011057  491002   3   9  101044  40   9  31  321057  42 155 1611057////////////
161200  50 134 1801101  27  71 1001101  661117   3  10  111155  41   9  23  311101  43 117 1561101////////////
161300  43 139 1401212  23  71  761212  521239   4   9  211256  35   8  25  251300  37 123 1231300////////////
161400  62 150 2081340  32  79 1091340  741301   5  10  241307  51  11  26  371340  54 128 1801340////////////
161500  28  26 1461401  14  12  761401  121500   3   9  141416  23   5   7  261401  23  20 1251401////////////
161600   8  26  261600   4  12  121559   81522   3   9   91503   5   3   8   81600   7  21  211600////////////
161700   9  21  261623   3   8  121601   41650   3   8  251607   6   3   7   81640   7  16  211601////////////
161800   6  10  221708   2   2   91713   21800   4   9  241716   4   2   6   71708   4   6  171709////////////
161900   3   8  101801   0   1   21802   01825   3   9  161828   1   2   5   61801   2   4   61801////////////
162000   3   8   81939   0   0   11952   01905   3   8  301950   1   2   5   61937   2   4   51937////////////
162100   3   8   92054   0   1   12051  -12018   3  10  102100   1   2   6   62055   2   5   52055////////////
162200   3   8   82154   0   0   12132   02200   6  17  182120   1   2   6   62153   2   5   52156////////////
162300   3   8   92228   0   0   22229  -12207   6  18  182254   1   2   6   62228   2   4   52230////////////
162400   3   9   92358   0   1   22357   02321   6  17  182315   1   2   6   62358   2   5   52358////////////
170100   3   8   90001   0   1   10100  -10029   7  17  440018   1   2   6   60048   2   5   50001////////////
170200   3   8   80106   0   1   20132   00157   6  19  230159   1   2   6   60106   2   4   50106////////////
170300   3   8   80247   0   1   20242   00209   9  36  430230   1   2   6   60237   2   4   50247////////////
170400   3   8   80328   0   1   20342   10308   8  18  360317   1   2   6   60327   2   4   50327////////////
170500   3   8   80424   0   1   10423  -10448   7  18  270453   1   2   6   60401   2   4   50425////////////
170600   3   8   80553   0   0   10527  -10545   6  18  240534   1   2   6   60549   2   5   50551////////////
170700   3   8   80601   0   0   10655  -10629   8  22  270648   1   2   6   60601   2   5   50700////////////
170800   3  13  130800   0   2   30755   00709   4  11  190721   1   2   6   60800   2   8   80800////////////
170900   8  27  300842   3  10  120843   30801   3   8  110819   5   3   9   90836   7  22  240842////////////
171000  17  52  640951   8  26  330951  110901   3   9   91000  13   4  11  130951  14  43  540951////////////
171100  32 144 1441100  17  72  721100  261001   3   8   91054  26   6  25  251100  27 118 1181100////////////
171200  84 287 3161140  43 146 1631144  741101   4  11  131140  70  14  46  521144  67 233 2411144////////////
171300 102 297 3081250  52 154 1631250 1291237   4  13  151256  86  16  47  491250  84 243 2501250////////////
171400 121 491 4921340  63 268 2681400 1451311  11 156 1561400 101  20  89  891400  91 282 3181341////////////
171500 103 350 5051402  54 188 2761401  951428  19 112 1721403  86  17  64  901401  70 204 2981402////////////
171600  96 172 3581506  49  82 1941506  821600  25  15 1181506  79  17  29  651502  62 131 2191509////////////
171700  46  83 1871604  20  30  901605  301659   6   9  301604  38   8  16  331604  36  65 1341604////////////
171800  16  12  821701   3 -10  301702 -101800   4  10  281713  13   3   4  161701  12   6  641701////////////
171900   2   5  111801  -4  -7  -71900 -121825   4   9  241828   0   2   5   51900   1   2   61801////////////
172000   2   7   72000  -3  -4  -42000 -101931   3   8  151946   0   2   6   61955   1   4   42000////////////
172100   3   9   92057  -1   0   02043  -52002   3   9   92100   1   2   7   72028   2   5   52054////////////
172200   3   8   92116   0  -2   02112  -22156   6  17  172150   1   2   7   72122   2   5   52114////////////
172300   3   8   92229   0   0   02239  -22209   6  18  262210   1   2   6   72213   2   4   52228////////////
172400   3   7   82305  -1  -3   02303  -52330   6  19  190000   1   2   5   72319   1   3   52304////////////
180100   2   6   70001  -2  -5  -30003  -70029   8  19  560016   0   2   5   50050   1   2   30051////////////
180200   2   7   70134  -1  -2  -10133  -60105   6  18  210159   0   2   6   60158   1   4   40157////////////
180300   3   7   80249  -1  -4  -10247  -70226   8  43  500246   1   2   6   60251   1   4   40249////////////
180400   3   7   80329   0  -3   10328  -50302   7  18  500312   1   2   6   60324   1   3   40320////////////
180500   3   8   90427   0   0   20421  -50408   6  18  180409   1   2   6   60430   2   4   50427////////////
180600   3   7   80502  -1  -2   00501  -40546   6  18  190545   1   2   5   60531   1   3   40529////////////
180700   3   8   80659  -1   1   10700  -50623   5  13  250609   1   2   6   60657   1   4   40658////////////
180800   4  17  170800   0   2   40740  -20710   3   9  150708   2   2   7   70753   2  11  110800////////////
180900  12  46  460900   4  19  190900   30801   3   8  170807   9   3  11  110900   9  37  370900////////////
181000  29 104 1660948  11  42  730948  200901   3   9  110948  23   6  18  310948  22  78 1220948////////////
181100 104 378 3791059  51 191 1921059  471001   5  17  171100  86  18  64  641059  68 199 2321037////////////
181200 156 377 4861155  81 199 2611155 1931101   6  19  191200 129  27  64  841155  88 248 2931155////////////
181300  98 409 4321251  50 218 2301258  931220   7  45  471259  82  16  71  751251  72 263 2781250////////////
181400 147 409 5621327  80 224 3141328 1361312  44 178 1971342 121  26  73 1011328  79 209 2721327////////////
181500 130 335 4021401  70 176 2191414 1641440  52 130 1871425 107  23  59  711401  72 188 2091415////////////
181600 103 242 3331510  52 115 1751501 1131558  48 102 1881518  84  19  44  601510  55 133 1861505////////////
181700  58 103 2441601  25  36 1141601  361700  18  27 1051601  47  11  19  451601  35  65 1331601////////////
181800  18  13  981701   4  -3  341701  -31758   5  10  251701  15   3   3  181701  12   8  621701////////////
181900   2   5  111801  -3  -9  -41801 -131845   4   9  241830   1   1   5   51856   1   1   71801////////////
182000   2   6   71948  -3  -6  -62000 -111944   3   9  281949   0   2   6   81948   1   2   41948////////////
182100   2   6   82015  -2  -6  -22010  -82025   3  11  112100   0   2   5   62017   1   2   52015////////////
182200   2   6   72118  -3 -12  -52116 -122154   6  16  182101   0   2   8   82158   1   3   32149////////////
182300   2   8   82300  -3   1   12300 -112201   7  17  202247   0   2   5   82201   1   4   42300////////////
182400   3   7   82312  -1  -2   12301  -92333   6  18  192339   1   2   5   62323   1   4   52309////////////
190100   3   7   90020  -1  -4   20015  -50052   6  18  190043   1   2   6   70021   2   4   60020////////////
190200   3   8   80200  -1  -1  -10159  -50125   6  18  190136   1   2   6   70145   1   5   50200////////////
190300   3   9   90251   0   0   20238  -50219   8  17  540221   1   2   6   60253   1   5   60252////////////
190400   3   8   80301  -1   0   10304  -80322   9  18  520318   1   2   6   60325   1   4   50301////////////
190500   3   9   90439   0   1   20424   00411   6  17  220453   1   2   6   60428   2   5   60427////////////
190600   3   8   90519   1  -1   30509  -10600   6  17  200534   1   2   6   60501   2   5   50519////////////
190700   2   8   80700  -1   1   20655  -60629   6  16  240622   0   2   6   60700   1   5   50700////////////
190800   4  15  160758   1   5   50759   00718   3  10  170719   2   2   7   70758   2  10  100758////////////
190900  15 107 1070900   6  45  450900   30805   3  10  100815  11   4  20  200900  11  80  800900////////////
191000  45 157 1571000  21  77  771000  460902   3  10  110905  37   8  26  260908  36 129 1291000////////////
191100  55  90 2231010  29  48 1151013  481100   3   9  111025  46   9  15  371014  44  73 1721014////////////
191200  73 269 3661150  38 140 1951151  441102   4  12  151157  61  12  44  611146  57 216 2691150////////////
191300 115 357 4791253  61 191 2621254 1331210   6  25  571253  96  19  59  851253  84 247 2601255////////////
191400  80 104 3801305  42  54 2041305  521347   5  10  221304  67  13  17  631305  64  84 2911308////////////
191500  48 212 2121500  25 113 1131500  431427   3  18  181500  40   8  39  391500  39 165 1661455////////////
191600  37  43 2221502  19  21 1201502  201556   4  10  191501  30   7   9  401501  30  33 1801503////////////
191700  19  49  721632   9  24  341632  161619   3   9  151607  15   4  11  151635  15  38  581632////////////
191800  11  11  541708   5   2  251708   21757   4   9  231709   8   3   5  121708   9   6  431708////////////
191900   3   8  111801   0   1   21801  -21818   3   9  171831   1   2   6   61844   2   4   61801////////////
192000   3   7   81901   0  -5   21919  -52000   3   9  211950   1   2   5   61901   1   3   41906////////////
192100   2   6   62001  -3  -6  -62003 -112028   3  10  102100   1   1   5   52003   0   3   32100////////////
192200   3   8   92145  -1   2   22200  -82119   6  18  182101   1   2   6   82132   2   5   62134////////////
192300   3   8   82201   0   1   22201   02254   6  18  182215   1   2   6   62201   2   5   52201////////////
192400   3   8   82305   0   0   12301  -12354   6  18  182318   1   2   6   62342   2   4   52303////////////
200100   3   8   80014   0   0   10010  -10057   6  18  180032   1   2   6   60022   2   4   50013////////////
200200   3   7   80127   0  -3   00101  -30156   6  21  240156   1   2   6   60141   2   4   50125////////////
200300   3   8   80255  -1  -1   00254  -30201   8  18  410203   1   2   6   60252   2   5   50252////////////
200400   3   9   90342   0   1   10358   00301   7  19  420302   1   2   6   60346   2   5   50359////////////
200500   3   9   90430   0   2   20455   00421   7  18  300452   1   2   6   60431   2   5   60429////////////
200600   3   9   90512   0   1   20507   10536   6  17  280534   1   2   6   60511   2   5   50509////////////
200700   3   8   90601   0   1   10629   00651   9  26  450632   1   2   6   60631   2   5   50601////////////
200800   3  12  120800   0   3   30753   00710   5   8  200729   1   2   6   60800   2   8   80800////////////
200900  10  45  460855   4  20  200855   30801   3   8  110801   7   3  11  110855   8  35  360854////////////
201000  19  91  911000   9  45  451000  190935   3   8   80939  15   4  17  171000  15  75  751000////////////
201100  41 164 1641100  21  86  861100  411017   3   8  101053  34   7  28  281100  34 134 1341100////////////
201200  75 259 2591200  39 135 1351200  881101   4  11  121156  62  13  44  441200  62 210 2101200////////////
201300 116 354 4561242  62 188 2431242 1371201   5  15  321242  96  20  58  831242  88 272 2751243////////////
201400 120 244 5111311  64 125 2801311 1251400   8  12  791311 100  20  40  931311  90 200 3011311////////////
201500  80 203 2531421  41 104 1291420  891436   5  11  271426  66  14  35  441420  64 165 2001420////////////
201600  56 121 2011501  28  60 1031501  601600   4   9  161510  46  10  22  351501  45 100 1631501////////////
201700  32  64 1191601  16  29  591601  291700   3   9  161630  26   6  14  221601  26  51  981601////////////
201800  13  11  631701   4  -1  291701  -21751   3   9  161710  10   3   5  131701  10   7  501701////////////
201900   3   6  111801  -1  -5   01811 -111849   3   9  101851   1   2   4   61829   1   2   71801////////////
202000   3   8   81940  -1  -1   01937  -71906   3   9  271950   1   2   6   61924   1   4   51939////////////
202100   3   8   92056   0   2   22100  -22009   3  10  102100   1   2   6   62055   2   5   52055////////////
202200   3   8   82101  -1  -2   22101 -102125   7  18  202126   1   2   6   62155   1   4   52101////////////
202300   3   8   92221   0   0   02222  -22206   6  18  182240   1   2   6   72221   2   5   52221////////////
202400   3   8   92346   0   0   12344  -12310   6  17  182303   1   2   6   62337   2   5   52339////////////
210100   3   8   90014   0   1   20012   00031   6  17  180041   1   2   6   60007   2   5   50014////////////
210200   3   8   90127   0   0   10110  -10158   6  19  230159   1   2   6   60126   2   4   50126////////////
210300   3   9   90300   1   3   30300   00201   8  17  360247   1   2   6   60300   2   5   50300////////////
210400   3   8   90305   1   2   40303   20329   7  18  300327   1   2   5   60305   2   5   60303////////////
210500   3   8   80436   1   3   30458   20441   7  17  310447   1   2   6   60459   2   5   50435////////////
210600   3   8   80503   1   2   30501   10540   6  18  260508   1   2   6   60501   2   5   50501////////////
210700   3   8   80610   1   1   20608   00646   9  26  470643   1   2   5   60637   2   4   50610////////////
210800   3  12  120800   0   2   20759   00727   5  10  220742   1   2   6   60800   2   8   80800////////////
210900   8  38  380900   3  17  170900   20802   3   8  200813   5   3  10  100900   6  30  300900////////////
211000  28  74 1240947  14  39  630947  170901   3   9   91000  22   6  14  230947  23  60 1010947////////////
211100  53 183 1921050  28  94 1001050  341005   3  10  111059  44   9  31  331051  44 149 1581050////////////
211200  82 249 2561147  43 130 1351146  911105   4   9  121149  68  14  41  431147  67 205 2101151////////////
211300  88 194 2731253  47 105 1471253 1051300   4  11  161256  74  14  31  431253  73 158 2261253////////////
211400  80 202 2471310  42 104 1301311 1001358   4  10  141319  67  13  33  391311  66 170 2021309////////////
211500  65 174 2111449  33  87 1101449  771434   4  10  111415  54  11  30  361449  54 144 1741449////////////
211600  44  85 1861504  22  43  941504  381539   3  10  111528  36   8  17  321504  36  70 1531503////////////
211700  24  34  991620  12  16  491620  161700   3   9  171630  19   5   9  191624  20  27  821619////////////
211800   7   9  351701   3   4  171701   41758   3   8  141713   5   2   5   91701   5   5  271701////////////
211900   3   7   91802   1   0   41801  -11858   3   9   91822   1   2   5   51811   2   4   51802////////////
212000   3   8   81953   0   2   31950  -21944   3   8   91946   1   2   6   61955   1   4   41952////////////
212100   3   8   82005   0   1   32003   02025   3  10  102100   1   2   5   62005   1   4   52004////////////
212200   3   8   82131   0   0   22131   02159   6  18  182116   1   2   5   62129   1   4   52128////////////
212300   3   7   82242   0  -1   12214  -12259   6  19  192257   1   2   5   62240   1   3   42242////////////
212400   3   8   82352   0  -1   12348  -12308   6  17  192325   1   2   6   62350   1   5   52350////////////
220100   3   8   80051   0  -1   00048  -10028   6  18  180018   1   2   6   60049   1   4   50049////////////
220200   3   8   80143   0  -1   00113  -20147   7  19  220156   1   2   5   60102   1   4   40143////////////
220300   3   8   80300  -1  -2  -10204  -20235   8  17  360259   1   2   6   60259   1   4   50259////////////
220400   3   8   80338   0  -1   00328  -20302   7  18  280301   1   2   6   60341   2   4   50347////////////
220500   3   8   80434   0  -1   00402  -20436   7  17  290453   1   2   6   60436   1   4   50433////////////
220600   3   8   80600   0  -2   00553  -20600   6  15  220508   1   2   7   70600   2   5   50600////////////
220700   3   8   80603   0  -1   00646  -20626   9  25  390628   1   2   6   70603   2   4   60602////////////
220800   3  17  170800   0   3   30800  -20711   5  14  220726   1   2   7   70800   2  12  120800////////////
220900  14  62  620900   5  27  270900   40801   3   8  140808  10   4  14  140900  11  49  490900////////////
221000  27  83  870957  13  41  430957  280901   3   8   90939  22   5  16  170951  22  68  720957////////////
221100  33 151 1511100  17  76  761100  371011   3   9  101017  27   6  27  271100  27 123 1231100////////////
221200  74 248 2501156  38 127 1291157  771101   3  11  111105  61  13  41  411156  61 204 2061156////////////
221300  89 270 2751256  45 139 1411256 1161233   4  10  161256  74  15  45  461256  73 222 2241256////////////
221400  88 216 2751307  45 113 1401307 1111351   4   9  121307  74  14  35  461307  72 180 2271307////////////
221500  65 154 2111401  33  76 1111401  761500   4   9  131433  54  11  27  341401  54 126 1771401////////////
221600  46  67 1681507  23  23  851506  231600   4  11  111556  38   8  11  291506  37  52 1351506////////////
221700  51 109 2001616  20  39  831616  231601   7  15  361613  41  10  21  441616  29  66  951615////////////
221800  19  11 1061701   4 -10  381701 -111759   4  10  171711  16   3   3  201701  13   7  651701////////////
221900   2   5  101801  -4 -11  -91854 -131824   3   9  101803   1   1   5   51900   0   2   61801////////////
222000   2   6   62000  -3  -8  -71952 -121903   3   8   91901   0   2   6   62000   1   3   31934////////////
222100   2   8   82054  -2  -5  -42051  -92004   3   9   92100   0   2   7   72055   1   4   42058////////////
222200   3   8   82155  -1  -3  -22156  -62106   6  17  172124   1   2   6   72108   1   4   42150////////////
222300   3   8   82251  -1  -2   02230  -42212   6  17  182224   1   2   6   72252   2   5   52251////////////
222400   3   8   82308  -1  -2  -12335  -42309   6  17  182355   1   2   6   72309   2   4   52304////////////
230100   3   8   80100  -1   0   00100  -40011   6  17  180034   1   2   6   70013   2   5   50014////////////
230200   3   8   80143   0  -2   10132  -20147   6  22  280159   1   2   6   60150   2   5   50143////////////
230300   3   8   80224  -1  -2  -10217  -30232   7  18  280229   1   2   6   60204   2   4   50203////////////
230400   3   8   80359   0   0   00358  -30302   7  17  270327   1   2   6   60333   1   5   50358////////////
230500   3   8   80410   0   0   10446  -10455   7  17  280453   1   2   6   60409   2   5   50409////////////
230600   3   6   80507   0  -4   00529  -40600   7  19  250508   1   2   5   60530   1   2   50524////////////
230700   2   6   60601  -2  -7  -40654  -70610   8  21  390640   0   2   5   50653   1   2   30657////////////
230800   3  23  230800  -2   4   40800  -80723   3   2  110704   1   2   8   80800   2  16  160800////////////
230900  24 130 1300900   9  57  570900   20801   3  12  120900  19   5  25  250900  17 101 1010900////////////
231000  75 286 2861000  32 133 1331000  580901   5  16  160959  61  14  51  511000  58 227 2271000////////////
231100 120 369 3701059  62 195 1961049 1351001   6  20  201056  99  21  64  641059  94 262 2771049////////////
231200 155 409 4931157  83 219 2681157 1901101   9  33  391157 128  27  71  881157  76 195 2571102////////////
231300 166 454 4961222  90 248 2681222 2181231  30 151 1511300 136  30  81  881222  74 203 2131219////////////
231400 167 477 4891345  92 267 2751346 2351333  89 333 3331400 137  30  88  891345  70 186 2021307////////////
231500 137 296 4661401  74 149 2611401 1181452  79 103 3201401 112  25  54  861401  62 168 1841401////////////
231600  91 114 3651507  46  52 1891507  521600  23  11 1451507  75  16  17  691507  55  91 1911507////////////
231700  41  72 1381624  19  31  661624  311700   4  11  161626  34   7  14  251624  32  55 1111624////////////
231800  13  12  701701   4  -4  291701  -41800   4   9  131711  10   3   5  141701   9   7  541701////////////
231900   3   6  121801  -1  -6   11835  -61900   3   9  101802   1   2   5   61837   1   3   61801////////////
232000   2   5   61901  -3  -9  -61901 -111936   3   9  101927   0   2   5   51902   0   2   31901////////////
232100   2   8   82100  -3  -2  -22100 -112036   3   9   92100   0   2   7   72056   1   5   52100////////////
232200   3   8   92108   1   3   32144  -12101   6  18  182159   1   2   5   72103   2   4   62108////////////
232300   3   8   82207   1   1   32205   02247   6  18  192247   1   2   5   62207   2   4   52207////////////
232400   3   8   82328   0   0   12301  -12341   7  18  192315   1   2   5   52328   1   4   42326////////////
240100   3   8   90033   0   1   20032   00011   6  18  180004   1   2   6   60033   2   5   50033////////////
240200   3   8   80123   0   0   20133   00104   7  22  250156   1   2   6   60121   2   5   50135////////////
240300   3   8   80238   0   0   10251   00242   8  18  310258   1   2   6   60257   2   5   50238////////////
240400   3   8   80333   0   2   20400   00319   7  17  300322   1   2   6   60340   2   5   50339////////////
240500   3   8   80401   1   2   20430   10410   7  18  290452   1   2   6   60401   2   5   50401////////////
240600   3   8   80552   0   1   20501   10518   6  18  220508   1   2   6   60552   2   5   50553////////////
240700   3   8   80623   0   1   20622   10608   9  26  320649   1   2   6   60642   2   5   50642////////////
240800   3  12  120800   0   2   30752   00727   5   9  140721   1   2   6   60757   2   8   80800////////////
240900   8  29  290850   3  13  130900   20801   3   8  120801   5   3   9   90850   5  22  220900////////////
241000  19  78  781000   9  39  391000  140901   3   9   90954  15   4  16  161000  15  62  621000////////////
241100  43 159 1641056  22  81  831054  391001   3   9   91050  35   8  29  301055  35 130 1351056////////////
241200  72 219 2201158  37 113 1131158  821101   3  10  111130  59  13  39  391158  59 180 1801157////////////
241300  84 249 2531250  43 129 1301250 1101217   4   9  151256  69  15  44  441259  69 201 2071250////////////
241400  97 337 3481358  50 178 1851358 1201316   5  18  581354  80  17  60  641358  77 262 2621400////////////
241500 108 327 3861437  56 172 2051437 1321451  11  52  861441  89  19  61  741437  82 235 2651437////////////
241600  87 130 3301501  45  66 1731501  661600   9  11  521501  71  16  22  621501  66 106 2381501////////////
241700  39  66 1281601  18  23  651601  231700   4  10  171630  31   8  13  251633  31  51 1051601////////////
241800  12  11  641701   1  -9  221701  -91758   4   9  171711   9   3   5  131701   9   6  491701////////////
241900   3   9  111801  -2  -1  -11845 -121812   3   8  101817   1   2   6   61859   1   5   61801////////////
242000   3   9   91912   0   1   11926  -11901   3   8  341947   1   2   7   71912   2   5   61911////////////
242100   3   8   92005  -1  -1   12011  -92042   3  10  102100   1   2   6   72001   1   4   52001////////////
242200   3   8   92152   0   1   12200  -12104   6  17  172141   1   2   6   62151   2   5   52119////////////
242300   3   7   82202   0  -5   12201  -52300   6  19  192300   1   2   5   62201   1   3   52201////////////
242400   2   8   80000  -2  -1  -12359 -102328   7  17  202318   0   2   6   62359   1   5   50000////////////
250100   3   8   90032   0   1   20059  -20008   6  18  180056   1   2   6   70031   2   5   60032////////////
250200   3   8   90105   0   1   10144   00116   6  20  220156   1   2   6   60103   2   5   50106////////////
250300   3   8   80202   0   0   10204   00215   7  18  280246   1   2   6   60226   2   5   50201////////////
250400   3   8   80340   0   0   10333   00308   7  17  270327   1   2   6   60312   2   5   50339////////////
250500   3   8   80413   0   1   10411   00424   7  18  250452   1   2   6   60413   2   5   50413////////////
250600   3   8   80524   0   0   10528   00558   6  18  200508   1   2   6   60525   2   5   50523////////////
250700   3   8   80620   0   1   10653   00601   8  23  280656   1   2   6   60624   2   4   50642////////////
250800   3  11  110800   0   3   30759   00702   4  11  130709   1   2   6   60800   2   7   70800////////////
250900   7  27  270900   2  10  100900   30801   3   8  110801   4   3   9   90900   5  21  210900////////////
251000  14  50  501000   5  21  210958  100905   3   8   80955  10   4  12  121000  11  40  401000////////////
251100  22  68  691056  10  34  341057  221001   3   8   91029  17   5  14  141100  17  55  551057////////////
251200  30  97  971158  15  48  481158  341101   3   9   91125  24   6  18  181158  24  79  791157////////////
251300  47 188 1881300  24  98  981300  481201   3   9  151256  38   9  34  341300  39 156 1561300////////////
251400  78 236 2401342  41 122 1241344  981302   4  11  201307  64  14  40  421342  64 193 1971342////////////
251500  75 193 2331401  39  99 1201401  951458   4  11  131420  62  13  34  401401  62 159 1911401////////////
251600  55 114 2001503  28  57 1021503  571600   4  10  111514  45  10  21  351504  45  93 1651504////////////
251700  27  43 1141601  13  20  571601  201700   3   9  171630  22   5  10  201601  22  34  931601////////////
251800   8  10  421701   3   1  191701   11800   3   9  171711   6   2   5  101701   6   5  331701////////////
251900   3   8   91801   0  -1   11801  -11856   3   9   91802   1   2   5   51857   1   4   51801////////////
252000   3   8   81959   0  -1   01940  -11935   3   8  151949   1   2   6   62000   2   4   51958////////////
252100   3   8   82100   0   0   12048  -12018   3  10  102100   1   2   6   62037   2   5   52058////////////
252200   3   8   82127   0  -1   12116  -12200   6  18  182153   1   2   6   62127   2   4   52126////////////
252300   3   8   82232  -1  -1   02232  -32208   6  18  182226   1   2   6   62244   1   4   42244////////////
252400   3   8   80000   0  -1   02337  -22326   6  18  182312   1   2   6   62308   2   4   40000////////////
260100   3   8   80059   0   0   00046  -10026   6  17  180019   1   2   6   60100   2   5   50059////////////
260200   3   8   90122   0   0   10114   00128   6  23  230200   1   2   6   60124   2   5   50122////////////
260300   3   8   80251   0   1   20254   00217   7  18  280224   1   2   6   60250   2   5   50250////////////
260400   3   9   90359   0   1   20320   00313   7  17  240330   1   2   6   60312   2   5   50309////////////
260500   3   8   90448   0   1   20407   00440   7  18  290453   1   2   6   60448   2   5   50447////////////
260600   3   8   80501   0   0   10505   00559   6  17  200506   1   2   6   60501   2   5   50501////////////
260700   3   8   80620   0   1   10651   00622   8  24  290640   1   2   6   60623   2   4   50618////////////
260800   3  14  140800   0   2   20756   00718   4  10  130703   1   2   7   70800   2   9   90800////////////
260900  11  68  680900   4  29  290900   20801   3   8  130836   8   3  15  150900   9  53  530900////////////
261000  39 137 1450956  18  68  720956  300901   3   9   91000  31   8  26  280956  31 109 1140951////////////
261100  51 135 1831040  26  71  931040  591017   4  10  111017  41  10  26  351040  41 109 1441040////////////
261200  63 172 2551154  33  89 1261154  641105   4   9  141154  51  12  33  491154  51 142 1991154////////////
261300  83 272 2741214  43 139 1451214  851204   5  25  251300  67  16  52  541214  64 194 2081225////////////
261400  89 131 3131312  46  65 1641305  651359  12  10  531323  72  17  23  611305  64 109 2151312////////////
261500  63 140 2241421  31  69 1121421  651456   6  10  361421  51  12  27  451421  49 116 1651420////////////
261600  53 114 1811516  27  54  931517  541600   5  10  191515  42  11  22  361516  42  93 1441517////////////
261700  17  16 1251605   9   7  621605   71700   4   9  161630  13   4   6  251606  14  11 1031605////////////
261800   5   9  161702   2   4   71704   31758   3   9  201711   3   2   5   61721   3   5  111702////////////
261900   3   8   91801   1   3   41802   21848   3   9   91816   1   2   5   51812   1   4   51801////////////
262000   3   8   91919   1   2   31918   11931   3   9   91902   1   2   6   61919   2   4   61918////////////
262100   3   7   82001   0  -2   22011  -22100   3  11  112100   1   2   5   62001   1   3   42001////////////
262200   2   7   72113  -1  -4  -12110  -52130   7  18  202106   0   2   5   52200   1   3   32111////////////
262300   3   8   82257  -1  -1   02254  -42222   6  17  182201   1   2   6   62259   1   5   52257////////////
262400   3   7   92326   0  -4   12317  -40000   6  19  192356   1   2   5   62326   2   3   52326////////////
270100   3   8   80056   0   1   10100  -40001   6  18  190001   1   2   6   60031   1   4   40055////////////
270200   3   8   90121   0  -1   10101  -20143   6  19  200159   1   2   5   60118   2   3   50114////////////
270300   3   9   90300   0   1   20255  -30203   7  17  200229   1   2   6   60223   1   5   50300////////////
270400   3   8   90319   1   2   20314   10342   6  18  190301   1   2   6   60342   2   5   50318////////////
270500   3   8   90440   1   2   20431   10419   6  18  200452   1   2   6   60440   2   5   50437////////////
270600   3   8   90524   1   1   30516   10555   6  18  180552   1   2   6   60525   2   4   50524////////////
270700   3   8   80700   0   2   20659   00609   7  19  220630   1   2   6   60607   2   5   50645////////////
270800   3  13  130800   1   4   40758   10704   3   9  100715   1   2   6   60800   2   8   80800////////////
270900   9  49  490900   4  20  200900   40801   3   8  100801   6   3  12  120900   7  39  390900////////////
271000  21  78  781000   9  36  361000  200901   3   8   90936  16   5  16  161000  17  65  651000////////////
271100  36  73 1281052  17  36  631052  361100   3   9   91100  29   7  14  241051  31  61 1091038////////////
271200  50 222 2221200  26 116 1161200  351102   3   9  101103  41   9  41  411200  42 186 1861200////////////
271300  85 204 2851207  45 109 1511207 1081220   4  11  231245  70  15  37  531207  69 168 2241207////////////
271400  61 265 2651400  32 135 1351400  601324   5  40  401400  50  11  52  521400  50 197 1991356////////////
271500  82 206 2911428  42 104 1501428  941441   8  29  541409  66  16  40  561427  65 158 2211428////////////
271600  65 159 2431507  32  75 1241507  751559   7  17  331515  53  12  30  471507  52 126 1911507////////////
271700  46  82 1611601  21  32  761602  321700   5  10  181622  37   9  17  321621  36  64 1261601////////////
271800  13   8  801701   3  -6  311701  -61800   4  10  211712  10   3   4  171701   9   4  621701////////////
271900   3   9   91900   0   2   21900  -61801   3   8  101801   1   2   6   61900   1   6   61900////////////
272000   3   8  101915   0   1   31908  -31932   3   9   91936   1   2   6   71919   2   4   61915////////////
272100   3   8   92051   0   0   22046   02009   3  10  102100   1   2   6   62016   2   5   52044////////////
272200   3   9   92142   0   2   22156   02143   6  18  182154   1   2   6   62144   2   5   52143////////////
272300   3   9   92226   1   2   32248   12222   6  17  182235   1   2   6   62224   2   5   52225////////////
272400   3   9   92301   1   3   32328   22340   6  18  182355   1   2   6   62307   2   5   52302////////////
280100   3   9   90053   0   0   30004  -10033   6  18  180059   1   2   6   70035   2   5   60042////////////
280200   3   8   90108   0   0   10143  -10117   7  19  190200   1   2   6   70129   2   5   50107////////////
280300   3   8   90246   0   1   20243  -10222   7  18  230225   1   2   6   60251   2   4   50243////////////
280400   3   8   90322   1   1   30322   00343   6  18  220338   1   2   6   60328   2   4   50322////////////
280500   3   8   90422   0   2   20449   00443   6  17  230451   1   2   6   60424   2   5   50423////////////
280600   3   8   80502   1   2   30552   10533   6  17  190535   1   2   6   60547   2   4   50543////////////
280700   3   8   80615   1   1   20642   10625   7  18  250630   1   2   6   60640   2   5   50616////////////
280800   3  11  110758   1   4   40758   00724   4  10  120744   1   2   6   70725   2   7   70758////////////
280900   7  27  280856   2  11  110858   10818   3   8  110832   4   3   9   90856   5  21  220856////////////
281000  13  53  540934   5  23  240935   90907   3   8   90950   9   4  12  120934  11  43  450934////////////
281100  25 109 1091100  11  49  491100  231037   3   9   91027  20   5  21  211100  21  92  921100////////////
281200  64 285 2851200  31 141 1411200  391110   3  11  131158  53  11  49  491158  52 219 2211137////////////
281300  90 231 2961205  44 117 1491248 1061215   4  10  161205  74  16  40  531205  73 193 2371247////////////
281400 104 339 3591331  54 177 1871332 1121305  12  69  691400  86  18  60  651331  79 236 2521331////////////
281500  82 144 3461402  43  75 1811401  721452  10  10  781403  68  14  24  621401  65 123 2411402////////////
281600  53 106 1911510  26  46  951513  361556   4  12  161513  44   9  19  341513  44  85 1571509////////////
281700  28  54 1201608  12  23  561608  191652   4   9  211625  23   5  12  221608  23  44  991608////////////
281800  12  11  571706   4   1  241703   11800   3   9  171710   9   3   5  131706   9   7  471707////////////
281900   3   7  101801   0  -2   11801  -51819   3   9  181806   1   2   5   51856   2   4   71801////////////
282000   3   8   82000   0   0   02000  -21914   3   8   91903   1   2   6   62000   2   5   52000////////////
282100   3   8   92037   0  -1   12032  -12100   3  10  102100   1   2   6   62038   2   4   62036////////////
282200   3   8   82131   0  -1   02117  -22102   6  18  182120   1   2   6   62112   2   5   52132////////////
282300   3   9   92259   0   0   02259  -22254   6  16  182223   1   2   7   72258   2   6   62300////////////
282400   3   8   92303   0   2   20000  -12306   6  18  182321   1   2   6   72306   2   5   62304////////////
290100   3   8   80010   1   2   20052   10042   6  18  180045   1   2   5   60007   2   5   60009////////////
290200   3   7   80105   0  -2   20103  -20200   6  19  190156   1   2   5   60148   2   4   50105////////////
290300   3   8   80300   0   1   10259  -20201   6  17  190208   1   2   6   60259   2   5   50256////////////
290400   3   8   90325   0   2   20400   10315   6  18  180400   1   2   6   60331   2   5   60331////////////
290500   3   8   90424   1   2   30439   10413   6  18  180404   1   2   6   60431   2   5   60421////////////
290600   3   8   80501   1   0   30528   00557   7  19  190556   1   2   5   60501   2   4   50504////////////
290700   3   8   80700   0   1   10651   00603   3   5  180615   1   2   6   60643   2   4   50642////////////
290800   3  11  110800   0   2   20755  -10747   1   8   80758   1   2   6   60800   2   7   70800////////////
290900   5  16  180844   2   6   60900   10802   3   8   90816   3   2   7   70843   4  12  130844////////////
291000  10  41  460954   4  21  230955   60912   3   8   90904   7   3  10  110954   7  33  380954////////////
291100  21  69  791054  11  37  421055  211001   3   8   91028  17   4  14  151054  17  57  651054////////////
291200  17  24  701107   9  14  381107  131155   3   9  101149  13   4   7  141107  14  19  591110////////////
291300   7  11  261202   3   1  151202   11249   3   9  111236   5   2   6   71202   5   7  201202////////////
291400   6  29  301357   2  10  111356   21308   3   9  111333   3   3   9   91400   4  22  241356////////////
291500  11  34  381408   3  12  141408   61437   3   8   91401   8   3  10  101408   9  27  301408////////////
291600  14  41  431546   5  15  161535  101541   3   8  101544  10   4  11  111546  11  33  341559////////////
291700  14  27  531619   5   9  211618   91657   3   8  211626  10   4   9  121619  11  21  431619////////////
291800   6  10  281714   2   2  101714   21800   3   8  221727   3   3   6   91714   5   7  231714////////////
291900   3   8   91801   0   0   21801  -21838   3  13  131900   1   2   5   61803   2   5   71801////////////
292000   3   7   81909  -1  -3   11906  -51924   3   9  121911   1   2   6   62000   1   3   51901////////////
292100   3   7   72100  -1  -2  -22100  -42018   3   9   92100   1   2   6   62045   1   4   42100////////////
292200   3   8   82151   0  -1   02149  -22103   6  17  182123   1   2   6   62101   2   5   52149////////////
292300   3   7   82236   0  -2   02202  -22300   6  17  182252   1   2   6   62246   2   4   52205////////////
292400   3   8   82357  -1  -2  -12357  -62330   6  17  182331   1   2   6   62357   1   4   42358////////////
300100   3   8   80007  -1  -3  -10004  -30043   6  18  180100   1   2   6   60049   2   4   50006////////////
300200   3   7   80121  -1  -3  -10117  -40155   6  16  180157   1   2   6   60144   2   4   50118////////////
300300   3   8   80255  -1  -3  -20252  -40236   7  18  640227   1   2   6   60255   1   4   40254////////////
300400   3   8   80306  -1  -2  -20358  -50347   5   5  240353   1   2   6   60348   1   4   40306////////////
300500   3   7   80428  -1  -2  -10438  -40409   5  18  180444   1   2   6   70420   2   4   50430////////////
300600   3   7   80525  -1  -2  -10555  -40506   6  18  180558   1   2   6   60526   1   4   40525////////////
300700   3   8   80648  -1  -1  -10631  -30626  -3 -17  180601   1   2   6   60615   1   4   40646////////////
300800   3  10  100800   0   0   00756  -20720  -3  -4   30759   1   2   6   60751   2   6   60800////////////
300900   8  39  390900   2  15  150900   00804   2   8   80825   5   3  10  100900   6  31  310900////////////
301000  29 110 1140955  12  47  500955  150901   3   8   81000  23   6  20  210956  24  92  960955////////////
301100  51 181 1811100  24  94  941100  481008   3   9  101058  42   9  30  301100  43 154 1541100////////////
301200  80 359 4231158  41 195 2231158  881126   4  15  161153  67  13  63  771158  61 250 2651158////////////
301300  76  78 4861208  41  40 2681213  311244   5  10  241221  63  13  15  881213  52  65 3121207////////////
301400  16  28  751301   8  12  391301  111359   4   9  161324  12   4   8  141301  13  22  611301////////////
301500  15 120 1201500   7  57  571500   91422   3   7  151458  11   4  23  231500  13 106 1061500////////////
301600  32  39 1321504  15  18  631503  181600   4  10  181546  26   6   9  251503  27  30 1171504////////////
301700   8  13  381604   3   4  171604   21648   3   9  171627   5   3   6   91604   6  10  291604////////////
301800   4   9  131701   1   2   41708   21755   3   8  191709   2   2   6   61709   3   5  101701////////////
301900   3   8   91801   1   1   21802   01853   3   8  151826   1   2   5   61801   2   4   51801////////////
302000   3   8   81938   0   1   21935   01902   3   8  121926   1   2   5   61928   2   4   41928////////////
302100   3   8   82016   0   0   12011   02100   3  10  102100   1   2   5   62057   1   4   42014////////////
302200   3   8   82133   0   1   12147  -12106   6  17  182114   1   2   6   62132   1   4   42132////////////
302300   3   7   82202   0  -1   12227  -12259   6  18  182238   1   2   5   62230   1   4   42227////////////
302400   3   8   82319   0   1   12353  -12301   6  18  182339   1   2   5   62318   1   4   42318////////////
