58265 2012   071213603204    1    1    1    1    1    1   60---------------------------------------------V3.00
010100   3   9   90025   1   3   30054   10001   6  18  190036   1   2   6   60100   2   5   50025////////////
010200   3   9   90105   1   3   40134   20102   7  19  190120   1   2   6   60106   2   5   50106////////////
010300   3   8   90238   1  -2   40239  -20300   7  23  230300   1   2   5   60217   2   3   50228////////////
010400   3   9   90353   0   1   10400  -40316   6  18  350335   1   2   7   70327   2   5   50351////////////
010500   3   9   90403   0   1   20406  -10427  28 103 1300448   1   2   6   70429   2   5   50401////////////
010600   3   9   90600   0   0   10516  -10549  29  79 1190503   1   2   6   60600   2   5   50600////////////
010700   8  49  490700   2  18  180700   00603  19  42  930627   5   3  13  130700   5  35  350700////////////
010800  24  73  810754   9  30  330754  180726   6  13  230704  18   6  17  180754  17  53  590754////////////
010900  29 125 1250900  12  54  540900  220818   4   6  150801  23   6  25  250900  21  92  920900////////////
011000  45 119 1620912  19  52  700912  360935   2   7  110939  36   9  23  310912  34  89 1200912////////////
011100  40 135 1481010  17  57  631010  391036   4   9  121036  32   8  25  271010  30 101 1141010////////////
011200  88 279 3101158  40 130 1431158  581101   4  11  111153  72  16  48  541143  66 214 2401158////////////
011300  39 189 2531201  17  84 1191201  201229   4  12  141207  32   7  36  441201  30 145 1931201////////////
011400  82 276 3061345  37 131 1431351  801327   4   9  141306  67  15  49  541345  62 213 2331345////////////
011500 107 265 4801436  53 130 2291436 1181405   4  13  171440  89  18  44  831436  82 204 3601436////////////
011600 107 316 3891534  52 154 1911535 1071506   4  12  141509  89  18  54  681534  81 238 2891534////////////
011700  73 139 3141601  35  66 1531601  661700   4  11  131622  60  13  26  541601  55 104 2361601////////////
011800  46  96 1581709  22  45  741709  451800   4  10  111703  37   9  19  291709  34  70 1161709////////////
011900  29  37 1071810  14  17  501809  171900   3   9  111846  23   6   9  211811  22  27  791810////////////
012000   8  14  361901   3   6  161901   61957   3   9   91901   6   2   6   81901   5   9  261901////////////
012100   3   8  142001   0   1   62001  -32039   3  10  102100   1   2   5   62001   2   4   92001////////////
012200   3   9   92155   1   2   32132   02105   6  18  192134   1   2   6   62154   2   5   52154////////////
012300   3   9   92206   1   3   32259   22216   7  18  192243   1   2   6   62206   2   5   52205////////////
012400   3   7   92316   0  -2   42317  -42340   7  19  232340   1   2   6   62316   1   3   52316////////////
020100   3   9   90056   0  -2   10016  -30003   7  19  200007   1   2   6   60058   1   4   50055////////////
020200   3   9   90159   0   1   10130  -20101   7  18  200107   1   2   6   60103   2   5   50200////////////
020300   3   9   90249   1   2   30220   10203   6  18  190221   1   2   6   60250   2   5   50250////////////
020400   3   9   90355   1   2   20352   10346   5  18  310328   1   2   6   60347   2   5   50306////////////
020500   3   9   90439   1   2   30432   10404  19  71  800404   1   2   6   60405   2   5   50439////////////
020600   3   9   90538   1   2   30535   10518  25  66 1700552   1   2   6   60550   2   5   50537////////////
020700   4  19  190700   1   7   70700   20604  15  36  710602   2   2   8   80700   3  13  130700////////////
020800  21  58 1000735   8  24  390735   70701   6  12  240751  16   5  14  210735  15  42  740736////////////
020900  21  66  790809   9  28  330810  180830   5  28  280900  16   5  15  170810  15  48  570810////////////
021000  23  74  741000  10  29  310923  240956   9  28  480946  18   5  16  160923  17  53  540922////////////
021100  33 100 1181046  13  38  471046  301031   5   9  381008  26   7  20  231046  24  73  861046////////////
021200  70 155 2981120  30  68 1311120  411101   3  10  121135  57  13  29  541120  52 118 2211120////////////
021300  47 117 1871213  19  39  801213  341240   4   4  111235  38   9  22  341213  35  88 1391212////////////
021400  27  70 1171301   9  24  401301  171332   3   9  141313  21   6  16  221301  20  52  871301////////////
021500  71 186 2651438  27  67 1011438  261401   4  11  161420  58  13  35  461438  52 137 1931438////////////
021600  71 186 2421505  26  71  941505  641555   3  10  111521  58  13  35  441505  52 136 1801505////////////
021700  39  45 2221606  14  14  851604  121651   3  10  121609  31   8  12  411607  28  32 1631606////////////
021800  17  42  591741   5  14  181714   91724   3   9  101724  13   4  12  141741  12  30  421741////////////
021900  21  51  861834   7  15  291835  121803   3   9  111846  16   5  13  191835  16  36  631834////////////
022000  11  13  511902   3   2  151901   22000   3   8   91928   7   4   7  141901   7   8  371902////////////
022100   3   9  122001   1   2   32008   12020   3  10  102100   1   2   7   72001   2   5   82001////////////
022200   3   9  102118   0   1   22116  -12134   7  18  182136   1   2   6   72121   2   5   62119////////////
022300   3   9   92222   0   1   22218   02207   7  18  182258   1   2   7   72217   2   5   62224////////////
022400   3   9   92303   0   0   22345  -12323   7  18  192345   1   2   6   72318   2   5   62303////////////
030100   3   7   90019   0  -1   20015  -30034   7  19  200050   1   2   6   70007   2   4   50019////////////
030200   3   9  100154   0   2   30143  -20121   6  18  190108   1   2   6   70121   2   6   60151////////////
030300   3   9   90206   1   3   40229   10204   6  18  180300   1   2   6   70222   2   6   60242////////////
030400   3   9   90318   1   3   40324   20357   6  18  200311   1   2   6   60301   2   6   60301////////////
030500   3   9   90437   1   4   40431   30439   4   7  180423   1   2   6   70436   2   6   60442////////////
030600   3   9   90511   1   3   40524   20553   4   7  220519   1   2   6   60511   2   6   60512////////////
030700   4  17  170700   1   4   50653   00619   5  15  200646   2   2   8   80659   3  12  120700////////////
030800  12  59  590800   5  24  240800   40701   3   8  110746   8   4  14  140800   9  43  430800////////////
030900  25 100 1020858  10  41  420858  220833   3   9  110835  20   5  20  200857  19  76  770858////////////
031000  42 177 1810959  18  80  810959  310926   3   8  130944  34   8  33  330959  32 133 1370959////////////
031100  59 146 2231052  26  66 1001052  491042   4  10  151042  48  11  26  401052  44 109 1641051////////////
031200  71 306 3771158  32 146 1731158  351119   3   9  111120  58  13  53  651158  54 240 2901158////////////
031300 118 488 4931259  55 222 2241259 1031212   4  13  141253  98  20  82  831259  88 362 3671259////////////
031400 123 427 4731301  58 204 2161301 1021350   4  10  191309 102  21  73  801301  92 326 3521301////////////
031500 110 197 5151405  53  96 2501405  961500   4  11  151421  92  18  32  881405  82 144 3791405////////////
031600  70 161 2571544  33  76 1231545  691556   4  11  121503  58  12  27  441545  53 121 1911545////////////
031700  35 110 1901604  13  34  911604   11626   4  10  171622  29   6  22  321604  25  77 1391604////////////
031800  21  45 1051701   6  16  331701   91721   3   9  101713  16   5  11  211701  15  33  751701////////////
031900  13  34  531805   5  13  201804   81838   3   9   91835  10   3  10  121805   9  24  391805////////////
032000   7  11  331901   3   4  121901   42000   3   9   91948   4   3   6   91901   5   7  241901////////////
032100   3   8  112001   0   1   42001  -12033   3  10  102100   1   2   6   62001   2   5   72001////////////
032200   3   8   92118   0  -1   32122  -32140   7  19  342119   1   2   6   62200   1   3   52109////////////
032300   3   9   92257   0   1   12236  -22214   7  18  192227   1   2   6   62242   1   5   52257////////////
032400   3   9   92349   1   0   42331  -12341   7  18  192338   1   2   7   70000   2   5   52330////////////
040100   3   9   90056   1   1   40048   00004   7  19  200057   1   2   7   70006   2   5   50049////////////
040200   3   9   90133   0   0   30123  -10151   7  18  220134   1   2   7   70108   2   5   50123////////////
040300   3   9   90218   0   1   10300  -10202   6  18  220234   1   2   7   70205   2   5   50252////////////
040400   3   9   90348   0   2   20400   00314   7  17  760316   1   2   7   70301   2   5   50400////////////
040500   3   9   90402   0  -2   30401  -20500  23  93 1270416   0   3   7   70417   2   5   60407////////////
040600   3   9   90600   0   0   10550  -20533  16  10 1880514   0   3   7   70501   2   5   50600////////////
040700   5  20  200700   1   5   50659   00627  20  45 1120647   2   3   8   80700   3  14  140700////////////
040800  15  59  590800   5  22  220758   50701   5  12  230701  11   4  15  150800  11  44  440800////////////
040900  35 137 1370900  13  51  510900  220802   7  12  510838  28   7  28  280900  25 100 1000900////////////
041000  55 177 1771000  21  71  711000  510901   2  -9  230907  44  11  34  341000  41 134 1341000////////////
041100  86 342 3421100  35 145 1451100  721001   1   9  111019  70  16  62  621100  65 259 2591100////////////
041200 113 306 3411101  47 124 1451101 1201143   4  11  121115  92  21  56  621101  86 238 2581101////////////
041300 118 423 4231300  47 170 1701300 1131229   4  17  171300  97  21  76  761300  90 328 3281300////////////
041400 205 650 8341353  88 291 3661353 1731301   5  14  201301 169  36 113 1431353 155 490 6531353////////////
041500 274 74810341457 127 369 4961457 2801403   5  10  191410 227  47 127 1791457 221 649 9041457////////////
041600 274 683 9311505 136 353 4301511 2711503   5  15  181522 227  47 120 1591505 252 629 8361505////////////
041700 228 549 7001606 122 288 3701607 2881700   5  12  151628 187  41 100 1241606 210 504 6521606////////////
041800 109 125 5451701  51  52 2891702  521800   5  12  171732  89  20  22  991701  96  98 5001701////////////
041900  34  79 2021803  14  32  791803  321900   4  10  121801  28   6  16  401803  26  62 1741803////////////
042000  18  15  791902   7   2  321902   22000   3   9  101937  14   4   6  171915  14  10  621901////////////
042100   3   7  152001   0  -2   32003  -42043   3  11  112100   1   2   5   62001   1   3   92001////////////
042200   3   7   82149  -1  -3  -12110  -62143   7  19  202136   1   2   6   72149   1   3   52149////////////
042300   2   7   72204  -2  -6  -32206  -72254   7  19  202225   0   2   5   62204   1   3   42203////////////
042400   2   7   72358  -2  -3  -32359  -72309   7  19  202317   0   2   6   62359   1   3   32358////////////
050100   3   7   80040  -1  -2  -20028  -50045   7  19  190015   1   2   6   60042   1   4   40039////////////
050200   3   8   80143  -1   0   00200  -50147   6  18  190131   1   2   6   60146   1   4   40141////////////
050300   3   7   80212  -1  -1   00259  -80228   6  27  410239   1   2   6   80229   1   3   40216////////////
050400   3   8   80343  -1  -3  -10328  -40357   5  17  270301   1   2   7   70354   1   4   50344////////////
050500   2   7   70401  -1  -1   10450  -50407  -5 -12  190430   0   2   5   70403   1   3   40403////////////
050600   3   9   90600   0   1   10531  -40545  -7 -25  190504   1   2   6   60558   1   5   50600////////////
050700  16 129 1290700   5  42  420700  -10607  -1   3  260636  12   4  28  280700  10  73  730700////////////
050800  85 333 3330800  26 124 1250759  420701   3  14  220735  68  17  62  620800  34 104 1050758////////////
050900 150 499 5550830  66 237 2530830 1070842   6  16  300835 123  27  90 1020830  49 111 2010828////////////
051000 212 679 6791000 105 338 3410959 1960928   6  14  270931 175  37 116 1161000  38 110 1250905////////////
051100 255 902 9541047 121 422 4491047 1711029   6  13  191052 213  42 150 1591047  79 342 3431055////////////
051200 322 995 9951200 148 456 4631159 3691149   5  10  161124 270  52 163 1631200 221 867 8671200////////////
051300--------------------------------------------------------------------------------------------------------
051400 271 65910811342 129 326 5051342 2691317   6  15  251310 225  46 110 1831342 212 528 8851342////////////
051500 252 83110781426 127 439 5061437 2061406   5  11  211406 210  42 140 1841426 210 769 8891426////////////
051600 276 687 8281501 150 375 4441502 3751600   5  12  171535 229  47 121 1401501 255 635 7661501////////////
051700 218 519 6881602 117 266 3741602 2661700   5  13  161645 179  39  94 1211601 198 466 6351602////////////
051800 149 312 5171702  69 120 2611701 1201800   5  13  151721 121  28  60  941702 134 278 4641702////////////
051900  81 141 2951805  25  33 1121801  331900   5  12  151825  65  16  27  581805  72 122 2621805////////////
052000  21  15 1381901   4   2  311901   11959   4  10  131903  17   4   5  271901  17  10 1191901////////////
052100   3   7  142001  -1  -4   02007  -52054   3  10  102100   1   2   6   62100   1   3   92001////////////
052200   2   7   72200  -1   1   22154  -42135   7  19  422137   0   2   5   62103   1   4   42200////////////
052300   3   7   92226   0  -1   22246  -22235   7  20  202247   1   2   5   62225   1   3   52225////////////
052400   3   6   82330  -1  -2  -12301  -72319   7  21  222359   1   2   4   72335   1   2   52329////////////
060100   2   7   70056  -2  -6  -10002  -80053   7  19  220004   0   2   5   50059   1   3   30055////////////
060200   2   7   70200  -2  -6  -50106  -70115   7  19  200105   0   2   6   60149   1   4   40200////////////
060300   3   9   90300  -1  -3  -10257  -60201   6  18  180201   1   2   6   70238   2   5   50250////////////
060400   3   9   90303   0   0   00328  -50302   6  18  190356   1   2   6   70303   2   5   60343////////////
060500   3   8   90429   0  -5   10414  -50456   5  17  300425   1   2   6   70454   2   4   50453////////////
060600   3  10  100600  -1  -2  -20600  -60507   2  -7  220523   1   2   6   60600   1   5   50600////////////
060700  12  73  730700   2  22  220700  -30606   1  12  170647   8   4  17  170700   8  45  450700////////////
060800  57 239 2390800  24 105 1050800  230701   5  16  200719  46  11  46  460800  37 143 1430800////////////
060900 120 439 4900849  57 217 2390849 1130808   5  17  180802  98  22  78  910849  61 187 1970850////////////
061000 156 455 6620940  80 219 3480940 1500932   6  15  190948 129  27  76 1200940  80 262 2820939////////////
061100 222 407 9061054 108 190 4231054 1901100   6  18  191055 183  39  64 1621054 122 301 4531054////////////
061200 224 473 9871131 107 220 4661132 1681113   5  18  191139 186  38  78 1721127 162 335 7091132////////////
061300 207 357 8461241  97 174 3931241 1711257   5  14  201201 172  35  61 1491241 160 264 6871241////////////
061400 152 497 5321335  74 239 2531335 1591312   5  13  261307 125  27  87  941335 112 369 3911335////////////
061500 223 584 9671445 111 285 4871445 2211407   5  18  181500 184  39 100 1721445 173 443 8001445////////////
061600 109 182 5071501  55  89 2531501  891600   5  12  181503  91  18  32  861501  82 139 3871501////////////
061700  54 116 2071627  26  54  971628  391652   4  10  121602  44  10  24  391628  40  82 1531628////////////
061800  35  33 1431722  16  16  671722  161800   3  10  101757  28   7   8  291722  25  24 1051722////////////
061900   9  17  341822   4   7  141823   71853   3   9  101801   6   3   7   91822   6  11  251822////////////
062000   5  10  171901   2   4   71902   42000   3   9   91958   3   2   5   71938   3   5  111901////////////
062100   3   8   92001   1   4   42056   22006   3  10  102100   1   2   6   62015   2   5   52001////////////
062200   3   8   92112   1   4   52136   32143   7  19  192134   1   2   5   62113   2   5   52112////////////
062300   3   8   92216   2   4   52227   32204   7  19  202229   1   2   5   62214   2   4   52214////////////
062400   3   8   82309   1   3   52325   12344   7  19  202329   1   2   5   52308   2   4   52308////////////
070100   3   8   90038   1   4   40014   20032   7  19  190048   1   2   5   60038   2   5   50037////////////
070200   3   9   90153   0   2   60118 -120127   7  19  370129   1   2   8   80153   1   5   50156////////////
070300   3   9   90203   1   4   50257   10202   4  18  190241   0   3   6   80203   2   5   50208////////////
070400   3   9   90304   2   4   50312   30359   6  17  210316   1   2   7   70358   2   5   50357////////////
070500   3   9   90435   1   4   40500   30441  21  74 1280452   1   2   6   70431   2   5   50431////////////
070600   3   9   90502   1   3   40501   30552  47 146 3950516   1   2   6   60554   2   5   50501////////////
070700   4  12  120700   1   5   50700   30629  61 227 3560631   2   2   7   70700   2   8   80700////////////
070800   9  37  380745   3  15  150746   50701  64 363 3630800   6   3  11  110745   6  26  270745////////////
070900  24 104 1040900  10  45  450900  150801  69 123 4450857  18   6  22  220900  18  77  770900////////////
071000  56 148 1820935  24  60  810935  460901  19  12 1450936  45  11  29  360933  42 106 1390934////////////
071100  38  95 1571006  15  39  631006  321026   9   9  751018  30   8  21  311006  29  72 1151006////////////
071200  36 139 1391200  15  60  601200  351132   3   9  101111  28   8  29  291200  28 106 1061200////////////
071300 116 642 6451259  52 302 3021300  601207   5  15  401206  94  22 115 1151259  88 479 4841259////////////
071400 129 243 8881302  59 113 4031302  871348   5  11  191325 106  23  46 1581302  99 188 6861302////////////
071500 138 555 5551500  62 257 2571500 1061405   5  10  271401 112  26 103 1031500 105 417 4171500////////////
071600 161 283 8051511  74 126 3771511 1131557   7  23  351558 132  29  53 1491511 124 215 6331511////////////
071700  93 123 3781603  42  58 1721604  581700   5  10  241602  76  17  24  701603  71  97 2871603////////////
071800  35 102 1391714  16  46  631714  241731   4   9  251708  28   7  21  271714  27  76 1081714////////////
071900  17  19 1001801   8   8  451801   81900   6   9  411839  13   4   7  211801  13  14  751801////////////
072000   5   8  191901   1  -3   81901  -32000   3  11  211904   3   2   5   71901   3   4  141901////////////
072100   3   9   92059  -1   2   22100  -62012   3  10  112001   1   2   6   62052   2   5   52047////////////
072200   3   9   92153   1   2   22200   02112   4  18  182101   1   2   6   62154   2   5   62120////////////
072300   3   9   92251   1   3   32256   02224   6  18  192222   1   2   6   62240   2   6   62252////////////
072400   3   9   92325   1   3   42335   22303   7  18  192348   1   2   6   62309   2   6   62331////////////
080100   3   9   90051   1   4   50047   20019   7  18  190020   1   2   6   60010   2   6   60049////////////
080200   3   8   90155   1  -5   40104  -50200   6  21  210200   1   2   6   60154   2   4   60101////////////
080300   3   9   90300  -1  -2   10237  -70204   5  31  380236   1   2   6   60300   1   5   50300////////////
080400   3   8   90333   0  -1   20311  -20355   5  19  340312   1   2   6   70347   2   4   50302////////////
080500   3   9   90459   0   0   10422  -20407  -1  -6  190405   1   2   6   60459   2   5   50457////////////
080600   3   9   90540   0   0   20531   00600  -3 -16   90529   1   2   6   60515   2   5   60516////////////
080700   6  26  260700   2   9   90700   00605   0   0  210638   3   3   9   90700   4  18  180700////////////
080800  21  42  830740   9  17  350741   90701  -1  -4   80728  16   5  10  180740  15  30  610740////////////
080900  29  88 1170844  13  42  540844  140810  -1   2  160833  23   6  18  230844  21  65  860844////////////
081000  43 152 1530954  20  75  760954  360913   3   9  160932  35   8  28  280954  32 116 1170954////////////
081100  64 216 2631051  31 106 1261052  631020   4  12  201031  52  12  39  491051  48 160 2011051////////////
081200  95 229 3841135  46 112 1841136  961105   5  11  251130  78  17  39  681135  72 175 2871134////////////
081300 103 730 7751259  48 340 3461259  731232   5  15  221230  85  18 131 1381259  78 542 5941259////////////
081400 188 401 8381304  89 185 3771304 1741355   6  13  291325 155  33  69 1491304 142 304 6401304////////////
081500 166 246 7361435  80 126 3471435 1261500   6  15  271423 137  29  43 1301435 126 183 5801435////////////
081600 105 493 4951555  50 248 2481600  811514   6  22  301522  86  19  90  901555  79 373 3741555////////////
081700 144 280 6341606  73 143 3271606 1241647   5  12  221630 119  25  49 1181606 111 204 4961606////////////
081800  52 113 2641701  26  53 1341701  521759   4  10  141706  43   9  22  461701  39  89 1891701////////////
081900  24  35 1141801  12  16  531801  161859   4   9  161833  19   5   9  221802  18  24  901801////////////
082000   7   9  351901   3   3  161901   31954   3   9   91922   5   2   5   91901   5   5  241901////////////
082100   3   8   92001   1   2   32001   12046   3  11  112100   1   2   5   62012   2   4   52006////////////
082200   3   8   82124   1   0   32108   02158   7  18  462118   1   2   6   62124   2   4   52123////////////
082300   3   7   82210   0   0   22222  -12254   7  19  222218   1   2   5   62204   1   4   52208////////////
082400   3   9   92324   1   5   62342   02306   7  19  192301   1   2   5   62322   2   5   52322////////////
090100   3   7   90006  -1  -7   50007  -70100   7  17  220026   1   2   6   60100   1   3   50003////////////
090200   3   8   90157   0   3   40154  -60101   6  17  190147   1   2   6   60103   1   5   50155////////////
090300   3   9   90258   1   4   40253   20208   6  18  330234   1   2   5   60225   2   5   50254////////////
090400   3   9   90355   2   5   50336   30304   6  18  190333   1   2   6   60323   2   5   50355////////////
090500   3   9   90404   2   5   50459   40447   9  36  480421   1   2   5   60401   2   5   50403////////////
090600   3   9   90510   2   6   60507   50501   5   4  250504   1   2   5   60517   2   5   50516////////////
090700   4  15  160650   2   8   90649   50623   5  26  260700   2   2   6   70648   3  10  100650////////////
090800   8  33  330800   4  17  170759   70710   3   9  110713   5   3   9   90759   6  24  240800////////////
090900  12  49  490900   6  24  240900  140832   4  10  190856   9   3  12  120900   8  35  350900////////////
091000  34 120 1420953  16  57  660953  230905   4  10  200954  27   7  23  270953  25  88 1040953////////////
091100  39 120 1201100  18  51  571001  431022   4  13  211025  32   7  23  231100  29  88  881100////////////
091200  58 205 2191156  26  92  991155  421105   4   9  141106  47  11  37  401156  43 152 1641156////////////
091300  71 209 2331225  33  95 1091226  741255   4  16  181229  58  13  38  421225  53 156 1731225////////////
091400  61 154 3001312  29  71 1381312  571354   5  10  261347  50  11  27  551312  46 112 2281312////////////
091500  52 141 1951421  24  64  911421  521439   5  11  211404  42  10  26  361421  39 103 1471421////////////
091600  69 174 3611540  32  77 1671540  501551   5  21  261549  56  13  32  671540  52 131 2681540////////////
091700  93 103 4171621  43  48 1921621  481700   4  11  251603  76  17  19  771621  70  75 3141621////////////
091800  24  72 1001701  11  33  471701  221736   4   9  151707  19   5  16  191701  18  53  731701////////////
091900  23  23  991809  10  11  451809  111900   3   9  131809  18   5   7  211821  16  16  741809////////////
092000   4  10  211901   2   4  101901   41959   3   9   91904   2   2   6   71901   3   6  151901////////////
092100   3   9  102001   2   5   52019   42046   3  10  102100   1   2   6   62001   2   5   62002////////////
092200   3   9   92119   2   5   52143   42118   7  18  292118   1   2   5   62119   2   5   52119////////////
092300   3   8   92227   1   3   52203   32250   7  18  192205   1   2   6   62239   2   5   52239////////////
092400   3   8   92323   1   4   52327   32305   7  19  190000   1   2   5   62304   2   4   52323////////////
100100   3   8   80051   1   2   40005   10058   7  18  190010   1   2   5   50059   1   4   50050////////////
100200   3   9   90158   1   3   30200   10102   7  18  270153   1   2   6   60157   2   5   50159////////////
100300   3   8   90201   1   2   30213   00241   7  19  220234   1   2   5   60230   2   4   50201////////////
100400   3   9   90333   1   3   30345   10330   7  18  280330   1   2   6   60333   2   5   60332////////////
100500   3   9   90420   1   3   40444   20421   8  24  260450   1   2   6   60427   2   5   60420////////////
100600   3   9   90558   1   4   40555   20517   8  16  260513   1   2   6   60534   2   5   50535////////////
100700   8  46  460659   3  21  210700   40605   8  22  430624   5   3  12  120700   5  34  340700////////////
100800  25 125 1250800  12  58  580800  210702   5  15  200721  19   6  26  260800  19  91  910800////////////
100900  50 119 1730822  23  53  800822  490852   5  16  170856  40  10  25  340821  37  88 1290821////////////
101000  78 254 2670945  35 113 1190943  550901   6  17  180957  63  15  48  510945  58 190 2000946////////////
101100 159 427 7781043  72 200 3501043 1151001   6  13  181025 130  29  76 1401043 108 302 4331043////////////
101200 181 444 7041142  84 209 3201143 2011101   5  15  171147 149  32  79 1231142 129 310 4761143////////////
101300 201 541 8981233  92 250 3961233 2031211   5  19  191242 166  35  96 1571233 146 394 7081233////////////
101400 285 61213861341 133 288 6501341 2491311   6  22  261347 235  50 106 2461340 224 46911741341////////////
101500 192 475 7281415  89 219 3371415 2001441   5  12  251409 158  34  87 1291415 147 361 5801411////////////
101600 147 382 4751501  67 177 2181501 1731526   5  20  221506 120  27  71  871501 110 283 3621501////////////
101700 141 570 6131658  66 280 2981658 1651622   5  10  201602 115  26 111 1201658 105 451 4921658////////////
101800 110 202 6311701  51  85 3091701  851800   5  12  181707  90  20  39 1241701  85 157 5101701////////////
101900  51  54 3201814  19  15 1171814  151900   4  10  131823  41  10  10  721814  40  39 2771814////////////
102000  11  12  521901   1  -3  141901  -41959   4  10  101942   9   2   4  101901   7   6  381901////////////
102100   3   7  112001  -1  -4  -22048  -62021   3  11  112100   1   2   5   62024   1   3   62001////////////
102200   3   6   82131  -1  -2  -22200  -52149   7  21  272117   1   2   5   72134   1   2   52131////////////
102300   2   7   72221  -2  -8  -22209 -102217   7  18  212201   0   2   6   62300   1   3   32219////////////
102400   3   8   82358  -2  -4  -22356  -62301   7  18  192304   1   2   6   60000   1   4   40000////////////
110100   3   8   80057  -1  -2  -10049  -60020   7  18  190029   1   2   6   60057   1   4   50057////////////
110200   3   8   90132  -1  -1  -10200  -80129   6  18  180200   1   2   6   80131   2   5   70130////////////
110300   3   8   90216   0  -1   10231  -30203   5  19  190207   1   2   6   60201   2   4   50217////////////
110400   3   8   90313   0  -1   10323  -10321   6  18  190325   1   2   6   60322   2   5   50321////////////
110500   3   9   90457   0   0   10458  -30431   3   5  190403   1   2   6   60434   2   5   50433////////////
110600   3   9   90600   0   0   10517  -20540  -1 -12   70506   1   2   6   60532   2   5   50523////////////
110700  10  54  540700   3  19  190700   00601   0  11  150653   7   3  15  150700   7  39  390700////////////
110800  44 181 1810800  16  79  790800  180702   3  15  160754  34  10  37  390735  28 122 1220800////////////
110900 119 385 4800846  56 181 2310846  860801   5  17  180854  96  23  69  960846  68 225 2280845////////////
111000 123 302 5330902  60 153 2570902 1490940   6  18  180948 101  22  54 1040902  84 223 2600947////////////
111100 117 355 3551045  55 165 1681045 1341007   5  12  181006  96  21  66  661045  86 261 2611100////////////
111200 162 535 5351200  76 257 2581159 1691101   4  12  141145 132  30  97  971200 119 397 3971200////////////
111300 236103710831250 112 475 4901259 2611201   5  25  251300 194  42 184 1941250 176 821 8591250////////////
111400 255 50111431307 124 247 5451307 2471400   6  10  391322 210  45  90 2061307 196 374 9221307////////////
111500 183 330 8491428  88 160 4101428 1421443   6  10  321424 150  33  60 1601428 139 252 6731428////////////
111600 110 281 3931534  55 138 2031533 1231511   4  11  161521  90  20  51  741534  84 207 3121534////////////
111700 121 202 4571613  59 105 2201613 1051700   5  12  201613  99  22  37  871613  91 156 3501613////////////
111800  65 175 2071712  31  80 1041712  751751   4  10  151715  53  12  37  381713  48 130 1581712////////////
111900  47  52 1751801  21  21  801801  211900   4  10  111826  37  10  11  371801  35  38 1301801////////////
112000   9  11  491901   3   4  191901   31959   3  10  101906   7   2   4  111901   6   6  351901////////////
112100   3   8  102001   1   2   32001   02016   3  11  112100   1   2   5   62030   2   4   52001////////////
112200   3   8   82126   1   2   42143   22108   7  19  192139   1   2   5   62125   2   4   52122////////////
112300   3   8   82254   1   0   52209   02300   7  19  212218   1   2   5   62254   1   4   52252////////////
112400   3   8   92335   1   4   52359   02303   7  20  202344   1   2   5   72334   2   4   62334////////////
120100   3   8   90028   1   3   40053  -10025   7  19  200010   1   2   5   60029   2   5   60028////////////
120200   3   9   90200   1   0   40104   00200   7  18  290116   1   2   6   60200   2   5   50200////////////
120300   3   9   90220   1   1   40233   10242   8  18  290222   1   2   6   60201   2   5   50201////////////
120400   3   9   90349   1   3   50350   10332   7  18  320325   1   2   6   70348   2   5   60347////////////
120500   3   8   90446   1   4   50417   20435  10  33  330454   1   2   5   60442   2   4   60447////////////
120600   3   9   90559   1   3   60502   20535  11  29  330503   1   2   6   60600   2   5   50600////////////
120700   4  16  160700   1   6   70658   20604  10  22  310641   2   2   7   70700   2  10  100700////////////
120800   9  40  400800   3  18  180800   50717   5  13  160759   6   3  12  120800   6  29  290800////////////
120900  15  60  600900   7  27  270900  160841   4  15  160821  11   4  14  140900  11  43  430900////////////
121000  30 153 1530959  14  69  691000  270932   5  16  170958  23   7  31  311000  22 114 1141000////////////
121100  44 118 1511001  20  53  691001  411031   4  10  171005  35   9  24  301001  33  88 1131001////////////
121200  43 111 1361129  18  48  611129  411148   4   9  111140  34   9  22  271129  32  82  991129////////////
121300  46 192 1951257  21  89  921257  431217   3  17  171300  37   9  37  381257  34 144 1461257////////////
121400  67 243 2431400  31 112 1121400  731328   5  14  181327  54  13  47  471400  51 183 1831400////////////
121500  74 130 2481405  34  60 1141406  601500   5  11  191426  60  14  25  471405  55  96 1891406////////////
121600  40 137 1371600  18  62  621600  401523   4  10  111520  32   8  28  281600  29 101 1011600////////////
121700  66 134 2481638  30  59 1121638  591700   4  10  111646  53  13  27  481638  49 100 1881638////////////
121800  53 153 2081741  24  69  941741  531726   3  10  101704  42  11  32  421741  40 110 1601741////////////
121900  33  49 1731805  15  20  791805  151851   4  10  101845  26   7  12  351805  25  37 1291805////////////
122000  10  14  501902   3   2  201901   22000   3   9  101916   7   3   6  121902   7   9  371902////////////
122100   3   8  132001   0   0   22001  -32025   3  11  112100   1   2   5   62001   2   4   82001////////////
122200   3   7   82115   0  -3   12112  -32200   7  19  192145   1   2   5   62120   1   4   52114////////////
122300   2   7   72203  -1  -1   02246  -42206   7  19  202238   0   2   5   52205   1   3   42202////////////
122400   3   8   82342   0   1   22332  -32306   7  19  202335   1   2   6   62341   1   4   42340////////////
130100   3   8   90048   0  -1   20029  -10100   7  18  190001   1   2   6   60049   2   5   50046////////////
130200   3   8   90151   0   0   10120  -10157   6  18  190106   1   2   6   60146   2   4   50150////////////
130300   3   8   80255   0   0   10250  -20218   5  18  190242   1   2   6   60219   2   5   50255////////////
130400   3   8   80320   0  -1   10329  -20356   5  18  180309   1   2   6   60338   2   4   50346////////////
130500   3   8   80432   0   0   10406  -20417   4   4  190402   1   2   6   60440   2   5   50436////////////
130600   3   9   90600   0   1   10600  -10507   1  -1  190541   1   2   6   60508   2   5   50527////////////
130700  10  86  860700   3  27  270700   00609   3  14  170644   6   4  22  220700   7  59  590700////////////
130800  60 219 2190759  19  84  840800  290701   5  16  170742  47  13  45  470734  33  92 1200732////////////
130900 105 377 3770900  47 185 1850859  870801   5  15  180854  84  21  74  740900  44 149 1490900////////////
131000 166 569 5730958  79 265 2680957 1840902   6  18  180959 134  32 107 1070958  65 209 2091000////////////
131100 218 639 7951054 102 297 3721054 2191027   6  17  181011 177  41 116 1501054  96 279 3351045////////////
131200 263 790 8021157 121 354 3711157 2911104   5  17  191129 215  48 142 1451157 137 557 5571200////////////
131300 291 866 8821249 130 397 3971300 3301212   6  12  191205 239  52 155 1571249 233 733 7371249////////////
131400 305 809 8911332 143 388 4171341 3811326   6  13  341333 251  54 146 1581332 259 690 7601332////////////
131500 290 784 8591410 144 401 4221410 3721406   5  15  321439 238  52 140 1521410 254 697 7461419////////////
131600 253 637 7831504 132 342 4071509 3371558   5  11  161529 207  46 121 1401504 224 566 6961504////////////
131700 202 478 6391602 104 227 3451601 2271700   5  16  181613 163  39  94 1211601 176 411 5681602////////////
131800 137 295 4751701  61 119 2251701 1191800   5  12  161701 109  28  62  941702 118 254 4081701////////////
131900  72 104 2951801  26  32 1191801  321859   4  11  141804  57  15  23  621801  61  84 2541801////////////
132000  20  16 1041901   6   3  311901   32000   4  10  111901  15   5   5  241901  15  10  831901////////////
132100   3   7  152001   0  -1   32001  -42039   3  11  112100   1   2   5   62043   1   3   92001////////////
132200   2   7   72159  -1   0   02148  -32131   7  19  212125   0   2   6   62158   1   4   42158////////////
132300   3   7   72229   0   0   12259  -22220   7  19  202246   1   2   5   72229   1   4   42230////////////
132400   3   7   82327   0  -2   22323  -20000   7  20  212359   1   2   5   62304   1   3   42326////////////
140100   2   8   80055  -1  -3  -10052  -60034   7  18  210009   0   2   6   60055   1   4   50054////////////
140200   3   7   80118  -1  -3  -10118  -40102   7  19  310116   1   2   5   70116   1   3   50116////////////
140300   3   9   90249   0   2   30252  -30201   7  18  300220   1   2   6   60206   2   5   60249////////////
140400   3   8   90309   1   0   30323   00400   8  19  320331   1   2   5   70331   2   4   60308////////////
140500   3   7   80413   0  -3   10411  -30458   8  25  290417   1   2   5   60413   1   4   40413////////////
140600   3   9   90600  -1  -2  -10536  -50559   7  13  260504   1   2   7   70600   1   6   60600////////////
140700  10  53  530659   4  22  230659  -10603   8  22  320650   6   4  15  150650   7  39  390659////////////
140800  31  97 1220749  14  45  540749  220702   5  14  170753  24   7  21  260750  23  71  900750////////////
140900  92 502 5200859  41 227 2330859  450802   5  15  170854  73  19 103 1070859  54 252 2550858////////////
141000 134 370 5230901  60 165 2350901 1250941   6  17  180924 108  26  72 1080901  85 269 2740954////////////
141100 133 392 4351024  59 172 1951024 1361003   5  13  181016 107  26  76  851024  93 277 2921026////////////
141200 146 441 5371106  65 197 2401106 1331132   4  13  141151 117  29  86 1051106 104 322 3611157////////////
141300 164 342 5581232  75 158 2571232 1581300   5  14  161244 133  31  64 1071232 120 255 4071232////////////
141400 113 669 6861357  51 311 3111358  871319   5   9  181345  91  22 130 1321357  84 515 5171358////////////
141500 160 439 6331401  77 220 2931401 1731432   5  12  171424 129  31  82 1231401 120 329 4821401////////////
141600  73 133 4181501  37  66 2091501  431546   4  11  151510  60  13  26  781501  55 100 3111501////////////
141700  69 187 2181637  32  88 1011636  651601   4  10  111603  55  14  38  441637  51 138 1651636////////////
141800  25  36 1791701  12  15  851701  131751   4  10  131716  20   5   9  371701  18  25 1331701////////////
141900   9  16  361808   2  -9  151807  -91900   3  10  111851   6   3   7  101809   6   8  261808////////////
142000   5   9  181918  -2  -7  -31922 -111908   3   9  111929   2   3   6   81916   2   3  101920////////////
142100   3   8   92001  -3  -6  -62059 -102029   3  10  102100   1   2   7   72100   1   3   32100////////////
142200   3   8   92108  -2  -5  -22156  -72148   6  19  192200   1   2   6   72117   1   4   52108////////////
142300   3   9   92254  -1  -1  -12300  -82215   7  18  192215   1   2   6   72218   1   5   52257////////////
142400   3   9   92337  -1  -2   02348  -42335   7  19  192353   1   2   7   72337   2   4   52333////////////
150100   3   9   90100  -1  -3  -20001  -40012   7  18  190039   1   2   7   70100   2   4   40059////////////
150200   3   9   90125  -1  -1   00126  -40104   7  18  190154   1   2   7   70112   2   5   50137////////////
150300   3   9   90252  -1  -1   00203  -40216   6  19  200254   1   2   6   70229   2   4   50226////////////
150400   3  10  100400  -1  -1  -10302  -20342   6  18  200317   1   2   7   70400   2   5   50400////////////
150500   3  10  100402  -1  -1   00414  -30429   6  14  190411   1   2   7   70458   2   5   50418////////////
150600   3   9  100523   0  -2   00555  -20511   4   1  170504   1   2   7   70501   2   5   50522////////////
150700   5  19  190700   0   4   40700  -20609   3   7  190645   2   3   8   80656   3  13  130700////////////
150800   8  29  290800   2   9   90800   20710   1   2   90747   5   3   9   90800   5  20  200800////////////
150900  19  76  760900   6  23  270846   90801   1   0   90848  14   5  18  180859  14  56  560900////////////
151000  34 142 1421000  13  57  571000  240901   2  11  111000  27   7  28  281000  26 108 1081000////////////
151100  57 135 2081023  24  57  881023  521040   4  10  141027  46  11  26  401024  43 102 1591023////////////
151200  60 219 2281154  26 100 1031154  531130   3  10  121122  49  11  41  431154  45 166 1711154////////////
151300  65 197 2341250  26  78  991201  501229   4  15  171205  53  12  37  441251  48 149 1731251////////////
151400  61 187 2171311  22  73  851311  491340   3   9  151305  49  12  36  411311  46 138 1621311////////////
151500  77 183 2711434  34  82 1201435  691452   4  10  141435  62  15  34  501435  58 140 2071435////////////
151600  55 106 1951535  25  48  881535  471558   4  11  111514  44  11  21  371536  42  80 1471535////////////
151700  43  74 1561624  20  33  691624  331700   3  10  111601  34   9  15  301624  32  54 1151624////////////
151800  16  34  701701   7  13  311701  121748   3   9  171718  12   4   9  141701  12  24  511701////////////
151900   9  21  331801   4   5  131832   51900   3   9   91811   6   3   8   91832   6  14  231801////////////
152000   5   9  201901   2   3   71910   32000   3   9   91953   3   2   6   81901   3   5  131901////////////
152100   3   9   92001   1   2   32001   12048   3  10  102100   1   2   6   62032   2   5   52001////////////
152200   3   8   92119   1   2   32154   22146   6  19  192158   1   2   5   62117   2   4   52116////////////
152300   3   9   92256   1   3   32259   22226   7  19  192201   1   2   6   62256   2   5   52257////////////
152400   3   9   92348   1   3   32302   22339   7  18  192304   1   2   6   62346   2   5   52347////////////
160100   3   8   90001   1   3   40046   20002   7  19  190056   1   2   5   60001   2   5   50017////////////
160200   3   8   90124   1   2   40136   20159   7  19  190101   1   2   6   60120   2   5   50123////////////
160300   3   8   90216  -1  -4   30203  -60228   5  18  220226   1   2   6   60259   1   3   50216////////////
160400   3   8   90330  -1  -2   00334  -50304   4  18  190343   1   2   6   60322   1   4   50334////////////
160500   3   9   90451   0   1   10453  -50408  13 110 1100500   1   2   6   60500   1   5   50500////////////
160600   3   9   90549   1   2   20523   00510  31  53 1890519   1   2   6   70512   2   5   50558////////////
160700   4  21  210700   1   5   50700   10633  20  44 1170625   1   3   9   90700   3  14  140700////////////
160800  10  40  400800   3  14  140800   50707   9  20  390744   6   4  12  120800   7  29  290800////////////
160900  24  68  720854   8  22  260822  140801  12  71  940856  18   6  16  180838  17  48  530853////////////
161000  30  77 1000946  10  24  330946  200904  21  65 1140908  23   7  18  220946  22  56  740946////////////
161100  31  76 1101024  11  30  381024  231003  20   9 1231028  24   7  17  231024  22  56  821024////////////
161200  31 105 1071150  12  38  411150  261108   6   9  911121  24   7  22  221150  23  78  791154////////////
161300  48 137 1761234  18  49  731235  361205   4  61  611300  38  10  26  341234  35 101 1271234////////////
161400  36 100 1521304  12  35  551303  211334   3   9  381341  29   7  21  291304  27  73 1121304////////////
161500  44 175 1751500  16  66  661500  331429   5   9  671413  35   9  34  341500  32 128 1281500////////////
161600  48 134 1941504  18  51  761504  351537   3   9  101526  38  10  28  371504  35 100 1411504////////////
161700  49 106 1561627  19  37  641627  371659   3   9  101645  39  10  23  321627  37  78 1171627////////////
161800  39 104 1191741  14  40  461741  351729   3   9  121710  31   8  23  261741  29  78  871716////////////
161900  22  28 1071802   8  10  411802   91857   3   9   91848  16   6  10  231802  17  21  801802////////////
162000   6   8  291905   1  -2  101902  -22000   3   9   91951   3   3   7  101901   5   5  221905////////////
162100   3   9   92100   0   1   12100  -22015   3  10  102100   1   2   7   72100   2   6   62059////////////
162200   3   8   92110   0   0   12111   02151   7  18  272119   1   2   7   72106   2   6   62105////////////
162300   3   8   82203   0   0   12207  -12227   7  18  202215   1   2   7   72215   2   5   62202////////////
162400   3   9   92359   0   1   12344  -22309   7  18  222312   1   2   6   72307   2   5   62304////////////
170100   3   9   90019   0   2   20045  -10032   7  18  190021   1   2   6   70024   2   5   50018////////////
170200   3   9   90102   0   0   20107  -10139   7  18  280117   1   2   7   70140   2   5   50109////////////
170300   3   9   90233   0   1   20255  -10210   7  18  740221   1   2   6   70212   2   5   60232////////////
170400   3   9   90301   0   2   20400  -10327   8  18  440353   1   2   6   70334   2   5   60302////////////
170500   3   9   90401   1   2   20411   00445  10  42  560444   1   2   6   70451   2   5   50404////////////
170600   3   9   90600   1   2   30540   10553  13  49  700520   1   2   6   60501   2   5   50600////////////
170700   4  11  110659   1   1   30604   00657  12  22  550625   2   2   7   70700   2   7   70658////////////
170800   7  20  280754   2   6   90754   00707   4  11  220725   4   3   8   90748   4  13  190754////////////
170900   9  20  310820   3   7  120820   60801   7  27  450838   6   3   8   90820   7  14  220820////////////
171000  16  57  640955   6  23  250956   70906   8  34  450908  12   4  13  140955  11  41  460955////////////
171100  15  30  801035   6  11  331035   91021  11   6 1101033  11   4   9  161035  11  21  581035////////////
171200  17  73  731200   7  31  311200   81104   6   9  931121  13   4  15  151200  12  54  541200////////////
171300  25  84  951258  10  36  411258  231250  16 154 2271255  20   5  16  171258  18  61  681258////////////
171400  28  77  961341  12  32  401338  221317  42   9 2611323  23   5  15  171341  20  57  721341////////////
171500  28  95  981459  12  40  421459  231423  13   9 3151411  23   5  17  181459  21  70  721459////////////
171600  27  77  961518  11  31  401518  201552   3   9   91505  21   6  16  191529  20  56  711518////////////
171700  23  51  801629   9  20  321629  181657   3   9   91616  18   5  13  171629  17  37  581629////////////
171800  20  54  601733   8  21  241733  171713  -3   9   91718  15   5  14  141746  14  39  441733////////////
171900  16  27  581813   6   9  211812   91859   3   9   91807  12   4  10  151813  11  18  421813////////////
172000   6  10  271902   2   2   91901   11952   3   9   91919   3   3   7  101902   4   6  181902////////////
172100   3   9  102001   1   3   32100   02039   3  10  102100   0   3   7   72041   2   5   62001////////////
172200   3   9   92114   1   3   32123   22113   6  18  182152   1   2   6   72116   2   5   62110////////////
172300   3   9   92235   1   4   42259   22235   6  18  182234   1   2   6   72201   2   5   52201////////////
172400   3   9   92310   1   3   42308   32342   6  18  192303   1   2   6   62341   2   5   52346////////////
180100   3   9   90053   1   4   40039   30006   7  18  190047   1   2   6   60006   2   5   50004////////////
180200   3   9   90124   1   3   40106   30143   7  18  810116   1   2   6   70145   2   5   50105////////////
180300   3   9  100246   1   3   30231   20256   7  18  350218   1   2   7   70248   2   6   60247////////////
180400   3   9  100307   1   4   40357   20305   7  18  330344   1   2   6   70308   2   5   60306////////////
180500   3   9   90407   1   3   30415   20452   9  30  520452   1   2   7   70455   2   5   50406////////////
180600   3   9   90506   1   4   40600   20512   6  23  450553   1   2   6   70523   2   5   50525////////////
180700   4  15  150700   2   6   60700   40614  20  69 1540638   2   2   7   70647   3  10  100700////////////
180800   7  36  360800   3  12  120757   50715   5  14  320719   4   3  11  110800   5  25  250800////////////
180900  14  37  440812   6  15  180848  120801   8  36  430851  10   4  11  120810  10  27  320812////////////
181000  30 144 1480955  12  58  600955  150901   5   3  400906  23   7  29  300955  23 110 1110955////////////
181100  41 112 1421001  16  45  581001  391044   4  20  311006  32   9  23  291001  30  82 1091001////////////
181200  55 204 2111152  23  85  881151  451101   5   0  331111  44  11  40  411151  42 157 1611152////////////
181300  78 236 2401257  32 101 1021255  821223   3  12  161237  63  15  45  461256  59 180 1821257////////////
181400 102 293 3161335  44 129 1351335  981304   6  23  341359  83  19  55  591335  77 223 2391335////////////
181500  92 198 2921401  41  89 1291401  891500   7  22  261401  75  17  38  551401  71 156 2231401////////////
181600  62 202 2021600  27  90  901600  691548   8  24  291544  50  12  40  401600  48 156 1561600////////////
181700  67 121 2471616  30  53 1101617  531700   7  10  261607  54  13  24  481616  51  92 1881616////////////
181800  25  48 1171701  11  21  511701  211756   6  21  311755  19   6  12  241701  19  37  891701////////////
181900  11  19  481801   5   8  221801   81854   4  13  341847   8   3   7  121801   8  14  371801////////////
182000   6   9  221915   2   3   91915   21958   4   9  251903   3   3   6   91916   4   6  161915////////////
182100   3   9   92001   1   3   42004   22041   3  10  102100   1   2   6   62051   2   5   62041////////////
182200   3   9   92122   1   2   42108   22130   7  18  192109   1   2   6   62121   2   5   62120////////////
182300   3   9   92248   1   2   32205   12237   8  41  652249   1   2   6   62249   2   5   52248////////////
182400   3   9   92355   1   2   32305   22341   6  18  222335   1   2   7   72354   2   6   62354////////////
190100   3   8   90001   1   1   20013   00053   7  19  190059   1   2   6   70002   2   4   60002////////////
190200   3   9   90137   1   4   40200   10107   6  18  190101   1   2   6   60139   2   5   50133////////////
190300   3   9   90252   1   2   40204   20216   6  18  180239   1   2   6   60258   2   5   50257////////////
190400   3   9   90306   1   3   40357   20322   6  18  190333   1   2   6   60305   2   5   50322////////////
190500   3   9   90434   1   2   30405   10439   3 -12  180439   1   2   6   60441   2   6   60442////////////
190600   3   9   90543   1   2   30528   20505  -7 -27  110541   1   2   6   60548   2   5   60541////////////
190700   5  22  220700   1   8   80700   20604  -7 -15  120620   3   2   8   80659   3  15  150700////////////
190800  20  86  890748   8  37  380748   80701  -3  -7  -60719  15   5  20  200748  14  65  650748////////////
190900  50 159 1710842  22  70  780842  370801   0   3   90851  40  10  31  340842  38 121 1280842////////////
191000  77 264 2780940  35 121 1290941  660904   3  10  110948  62  15  50  540940  58 197 2090940////////////
191100  84 211 2881030  40 101 1331047  861008   4  15  181026  68  16  38  541030  64 159 2101030////////////
191200  52 165 2231104  27  81 1091104  581141   5  11  151140  43   9  29  391104  39 124 1671104////////////
191300  66 234 2341300  30 109 1091300  631239   4  11  231215  53  13  47  471300  50 177 1771300////////////
191400 138 384 6051325  64 180 2771325 1101302   6  18  251342 112  26  67 1161325 104 287 4461325////////////
191500 102 136 4301410  49  69 2021410  691500   6  17  201423  84  18  24  751410  78 103 3231410////////////
191600  46  85 1901549  23  41  891549  411600   4  11  241550  37   9  17  361549  35  66 1421549////////////
191700  58 250 2981653  27 119 1401653  301611   5  13  241617  47  11  48  571653  43 192 2251653////////////
191800  61 141 2441704  29  66 1151701  441740   4   9  201720  50  11  27  461704  46 107 1861704////////////
191900  37  50 1711811  18  25  841813  251900   4   9  211834  30   7  10  341811  28  36 1251805////////////
192000  10   9  481901   5   3  251901   21958   4   9  241928   8   2   4  101901   7   5  351901////////////
192100   3   8   92054   1   4   52015   12051   3  11  132020   1   2   5   62053   2   5   62052////////////
192200   3   8   92111   1   4   42102   02108   7  19  622118   1   2   5   72112   2   5   62110////////////
192300   3   8   92239   1   3   42201   32234   7  18  192247   1   2   6   62238   2   5   52237////////////
192400   3   9   92351   1   4   52325   22348   7  19  192327   1   2   5   62301   2   5   52353////////////
200100   3   9   90029   1   4   40058   20024   7  18  190006   1   2   6   60029   2   5   60027////////////
200200   3   9   90159   0   3   40104  -30115   7  18  240117   1   2   6   60156   1   5   50105////////////
200300   3   9   90242   1   3   30201   20219   7  18  310218   1   2   6   60220   2   5   50248////////////
200400   3   9   90332   1   2   30324   20350   7  38  380400   1   2   6   60317   2   5   50335////////////
200500   3   9   90500   1   4   40457   20442   8  26  350401   1   2   6   60402   2   5   50459////////////
200600   3   9   90512   1   3   40513   20544  12  32  410557   1   2   6   60514   2   5   60512////////////
200700   4  18  180700   2   7   70659   20603  10  22  460615   2   2   8   80700   3  12  120700////////////
200800   9  24  380744   4   9  140744   60703   4  11  150723   6   3   9  110744   6  17  270744////////////
200900  15  51  550838   6  18  230838   90801   3   5  140802  11   4  13  140837  10  36  400838////////////
201000  28 131 1311000  10  49  491000  180901   2   6   90925  22   6  26  261000  20  96  961000////////////
201100  50 147 1711008  20  58  661008  441053   2   3  311038  40  10  28  331008  36 106 1271008////////////
201200  78 176 3431135  34  78 1491135  601101   3  10  151135  63  15  32  631135  59 133 2581136////////////
201300  43  78 1941216  19  35  871216  311238   4  11  201222  35   8  15  351216  33  59 1471216////////////
201400  28 129 1291400  10  58  581400  191322   7  61  681338  22   6  25  251400  20  96  961400////////////
201500  62 240 2401500  28 108 1081500  541423   9  11  531403  51  11  43  431500  47 182 1821500////////////
201600  69  91 2781508  31  43 1251509  391556   8  10  341554  57  12  17  501508  52  69 2111509////////////
201700  59 178 2081654  27  87  991655  461601   4  13  381619  48  11  33  391654  44 133 1571654////////////
201800  38  98 1711701  19  45  821701  361739   6   9  301717  31   7  20  321701  29  72 1281701////////////
201900  33  56 1171830  15  23  541822  231859   6  10  341834  26   7  12  231830  24  42  871830////////////
202000  17   9  851918   7   3  371917   32000   5   9  321904  13   4   4  201918  12   5  641917////////////
202100   3   8   92001   0   2   32001  -12050   4  11  422002   1   2   5   52049   2   4   52001////////////
202200   3   9   92159   1   2   32124   12108  14  18 1092121   1   2   6   62200   2   5   52200////////////
202300   3   8   92249   1  -1   42250  -32254  11 -44  842226   1   2   6   62249   2   4   62247////////////
202400   3   9   92359   1   4   42353   02301   6  18  202303   1   2   6   62358   2   5   52357////////////
210100   3   9   90055   1   3   40007   20022   7  17  200016   1   2   7   70026   2   6   60053////////////
210200   3   9   90101   1   4   40139   20122   7  18  310116   1   2   6   60102   2   5   50101////////////
210300   3   9   90201   1   3   40214   30246   6  18  200204   1   2   6   60247   2   5   50210////////////
210400   3   9   90334   1   3   40336   20340   7  18  360352   1   2   6   60335   2   5   50334////////////
210500   3   9   90419   1   3   40457   00422  10  60  600500   1   2   6   60426   2   5   60418////////////
210600   3   9   90530   1   3   40514   30524  21  82  990552   1   2   6   60529   2   5   50529////////////
210700   4  14  140700   1   5   50642   30604  30 139 1880653   2   2   7   70700   2   9   90700////////////
210800  12  68  690758   4  25  260758   50701  27 115 1150800   8   4  16  160758   9  50  500758////////////
210900  21  71  810856   8  26  300855  120838  28  28 1260803  16   5  16  180856  15  53  590856////////////
211000  55 211 2300950  23  88  980950  280901  10  25  670907  44  11  40  430950  41 158 1750950////////////
211100  60  96 2541005  25  38 1071005  311058   6   5  491011  48  12  21  471005  45  72 1911005////////////
211200  47 159 1841148  19  64  761148  281107   3   9  301139  38   9  31  351148  36 121 1391147////////////
211300  77 174 2951246  31  72 1221246  661201   4  12  261220  63  14  32  521246  60 134 2321246////////////
211400  60 133 1951302  26  58  821302  581400   7  24  351359  49  11  25  361302  46 106 1491302////////////
211500  32  75 1281419  14  33  561401  261442  11  38  451442  26   6  15  241401  24  57 1001401////////////
211600  32 103 1161539  14  47  521539  271520  12  27  511504  26   6  20  221539  24  78  891538////////////
211700  31 102 1291611  14  48  551612  261636   6  22  391606  25   6  20  241611  23  77  981611////////////
211800  27  25 1571727  13  12  691727  121800   9  10  631753  21   6   7  291727  21  19 1181727////////////
211900   7  11  271812   3   2  131812   11843  14   9  771837   5   2   6   81823   5   7  211812////////////
212000   4   9  121921   1   3   61921   21901   3   9  111915   1   3   8   81956   2   5   71921////////////
212100   3   9   92002   1   1   32025   02052   3  10  102100   0   3   8   82013   2   5   52001////////////
212200   3   9  102136   0  -1   12158  -12134   7  18  192136   0   3   9  102139   2   5   52101////////////
212300   4   9  132234   1   0   52231  -22209   6  18  182201   0   4  10  112253   2   6   82235////////////
212400   3   6   92305   0  -4   22339  -52358   7  21  222357  -1   4   9  112314   2   3   82327////////////
220100   3   8   90046   0  -1   20047  -60004   7  19  410033   0   3   8   90018   2   5   60024////////////
220200   3   8   90115   0   1   20114  -10101   7  19  500155   0   3   7   80106   2   5   60121////////////
220300   3   8   80300   0   0   10248  -20235   3  -3  530221   1   2   6   70201   1   4   50201////////////
220400   3   9   90348   1   3   40319  -20304  -1  21  250343   1   2   7   70343   2   5   50344////////////
220500   3   9   90417   1   1   30405   00442   8  24  530452   1   2   7   70445   2   5   50454////////////
220600   3   9   90551   1   3   30600   10529   4  10  470549   1   2   7   70508   2   5   50600////////////
220700   5  27  270700   2   8   80700   30619   7  20  560640   2   3   9   90700   3  18  180700////////////
220800  13  45  520717   4  15  170717   90701   4  14  190749   9   4  12  130717   9  33  380717////////////
220900  28 133 1330900  10  53  530900  160801   9  25  410854  22   6  27  270900  21  97  970900////////////
221000  41 135 1351000  16  54  541000  350937   5  12  240908  32   9  27  270901  30 101 1011000////////////
221100  47 156 1561100  19  61  611059  441047   4   6  221035  37  10  31  311100  36 118 1181100////////////
221200  61 233 2331200  22  83  831200  561138   4  13  151147  49  12  45  451200  47 177 1771200////////////
221300--------------------------------------------------------------------------------------------------------
221400  86 316 3181358  33 129 1331359  581308   6  11  231334  70  16  58  591358  67 252 2531359////////////
221500  99 285 3131401  39 121 1241401  981451   6  18  201446  81  18  52  571401  77 220 2491401////////////
221600  97 259 3021522  42 108 1361525  961536   7  18  201517  79  18  48  551522  74 197 2341524////////////
221700  61 102 2581623  27  40 1161624  391649   6  26  261700  50  11  19  481603  47  78 1981607////////////
221800  38  80 1201723  15  34  531723  291706   6  12  421701  31   7  17  221719  29  61  911724////////////
221900  14  25  801801   5   8  341801   81900   5   9  411849  10   4   8  161801  11  19  611801////////////
222000   5   9  251901   2   2   91908   11942   6  40  541945   3   2   6   81901   4   6  181901////////////
222100   3   8   92002   1   3   32056   02043   9  10  652003   1   2   6   62002   2   5   62002////////////
222200   3   8   82113   1   2   32101   02145  33 119 1262132   1   2   6   62134   2   5   52102////////////
222300   3   8   92241   1   2   32241  -12214  29  52 1252241   1   2   6   62253   2   5   52231////////////
222400   3   9   92327   1   2   32342   22316   7  18  392301   1   2   6   62301   2   5   52327////////////
230100   3   9   90058   1   3   30007   10028   6  18  190019   1   2   6   60059   2   5   50058////////////
230200   3   9   90101   1   2   30145   10137   6  18  180148   1   2   6   60101   2   5   50101////////////
230300   3   8   90210   0  -1   30209  -20257   5  18  570245   1   2   6   60208   2   4   50208////////////
230400   3   9   90400  -1  -2   00357  -60323   1   0  360320   1   2   6   60400   1   5   50358////////////
230500   3  10  100500   0   1   30419  -30434  -5   0  190437   1   2   7   70450   2   6   60451////////////
230600   3   9  100501   0  -3   20530  -30553   0  -4  190533   1   2   7   70501   2   5   60501////////////
230700   5  24  240700   1   6   70655  -30601  -1   2  140640   2   3   9   90700   3  16  160700////////////
230800  16  88  880800   6  35  350800   60701   0  -3   30715  12   4  20  200800  12  66  660800////////////
230900  35  92 1160834  14  36  470833  340818   0   8  100855  28   7  18  230834  26  68  870834////////////
231000  54 295 2951000  22 126 1261000  330913   4  14  141000  44  10  53  531000  40 220 2201000////////////
231100  90 223 3061003  39 104 1371006  911020   5  12  161026  74  16  39  541003  69 171 2311004////////////
231200  67 164 2211101  30  74 1041101  721115   4  11  181139  55  12  29  391101  51 125 1691101////////////
231300  94 478 4781300  43 222 2221300  741201   5  16  271230  77  17  84  841300  71 367 3671300////////////
231400 175 568 5811352  84 266 2781353 2041328   6  15  191357 145  30  98 1001352 133 436 4391351////////////
231500 154 341 6831404  74 163 3231404 1411446   6  18  211418 128  26  58 1191404 119 264 5351404////////////
231600 116 120 4611535  57  58 2301535  581600   6  15  191518  96  20  19  811532  88  94 3561535////////////
231700  68 280 2991657  32 133 1431657  331611   4  11  211620  56  12  51  551657  52 215 2271657////////////
231800  72 152 2671701  34  71 1241701  671757   5  11  191708  59  13  30  491701  54 117 2061701////////////
231900  16  20 1771804   8   7  821804   61843   4   9  111813  12   4   6  361804  12  13 1351804////////////
232000   8  10  371918   3   3  161916   32000   5  32  322000   5   3   6  101917   6   6  271917////////////
232100   3   8  102001   1   3   42052   22009   5  11  292048   1   2   5   62024   2   4   62001////////////
232200   3   8   82152   0   1   32101   02139  14  50  752156   1   2   6   62159   1   5   52200////////////
232300   3   9   92300   0   1   12220   02244   8  17  672202   1   2   6   62300   2   6   62300////////////
232400   3   6   92312  -1  -8   42314 -112342   7  17  452304   1   2   6   72311   1   3   62310////////////
240100   3   8   80100  -1   0   00040  -70001   7  18  190029   1   2   6   60056   1   4   40056////////////
240200   3   8   80132  -1  -4   00103  -40200   6  18  190153   1   2   6   60140   2   5   50140////////////
240300   3   8   80214   0   1   10257  -50204   6  18  300240   1   2   6   70205   2   5   50215////////////
240400   3   9   90331   1   3   30400   00321   5  18  180400   1   2   6   60308   2   5   50308////////////
240500   3   8   90401   1   1   30427   00458  -3 -41  190430   1   2   6   60401   2   4   50401////////////
240600   3   8   90520   0  -1   20519  -20558 -13 -45  170545   1   2   6   60521   2   4   50519////////////
240700   6  30  300700   2  10  100700  -10601 -11 -26  180648   3   3   9   90700   4  21  210700////////////
240800  18  81  810800   7  37  370800  100704  -4  -4   90756  13   5  19  190800  13  60  600800////////////
240900  42 142 1660808  20  67  770808  420801   2   9  110843  33   9  27  340808  31 104 1220808////////////
241000  66 196 2310952  30  91 1080953  690901   4  13  140959  54  12  36  430952  50 149 1760953////////////
241100 103 564 5641100  48 258 2581100  851006   4  11  201040  84  19 101 1011100  77 369 3691100////////////
241200 259 626 9291150 119 305 4321150 2291128   5  16  181132 214  45 103 1581150 131 385 4091107////////////
241300 190 448 8311208  90 209 3861208 1721228   6  17  201212 158  32  79 1471208 129 316 4301208////////////
241400 246 511 9051341 116 240 4241342 1991301   6  19  261344 203  43  87 1641341 185 379 7071341////////////
241500 172 426 6901414  83 212 3271415 1781447   6  10  231415 142  30  76 1261414 130 323 5301414////////////
241600 155 284 5791505  76 135 2881505 1351600   5  17  171509 127  28  49 1121551 119 213 4661551////////////
241700 116 360 4061638  55 168 2011638 1151606   4  13  171601  94  22  74  821639  90 288 3261638////////////
241800  62 127 3561701  29  56 1671701  561800   4   9  181723  50  12  24  731701  48  98 2851701////////////
241900  42  76 1641815  18  29  701815  291900   4  10  171848  34   8  16  341815  32  58 1281815////////////
242000  13   8  741901   4   0  291901  -11958   4  10  111947  10   3   3  151901  10   4  561901////////////
242100   2   7   82001  -2  -6  -12001  -72045   4  11  192006   1   1   5   52100   1   3   32100////////////
242200   3   7   82144  -2  -3  -22138  -72102   7  19  192113   1   2   6   62145   1   3   52141////////////
242300   3   8   82251  -1  -2  -22300  -42227   7  19  192221   1   2   6   62252   1   4   42300////////////
242400   3   8   82352  -1  -2   02344  -42313   7  19  192326   1   2   6   62350   1   4   42350////////////
250100   3   8   80040   0  -1   00037  -20018   7  18  190008   1   2   6   60044   2   4   40039////////////
250200   3   8   80133   0  -1   10122  -20137   6   6  190147   1   2   6   60139   2   4   50132////////////
250300   3   8   80245   0   0   20236  -10258   4  19  500218   1   2   6   60201   2   4   50245////////////
250400   3   8   80352   0  -1   10357  -20312   2 -14  190307   1   2   6   60356   2   4   50352////////////
250500   3   8   80426   0   1   30420  -10401   0 -21  190422   1   2   6   60440   2   4   50433////////////
250600   3   8   80508   0   0   20514  -10555  -5 -20   60534   1   2   6   60510   2   4   50505////////////
250700   7  44  440700   2  16  160700   00601  -3  -2  110647   4   3  13  130700   4  32  320700////////////
250800  23  97  970800   8  32  320800  160701  -1   0   20747  17   6  21  210800  17  72  720800////////////
250900  72 227 2420854  29  99 1030854  340801   3  13  130900  58  14  43  520817  51 165 1690854////////////
251000 141 346 5820952  66 173 2910952 1030901   5  17  170950 115  26  59 1080952  92 244 3090952////////////
251100 149 581 6231048  73 281 2921048 1511011   5  14  191032 123  26 102 1111048 103 382 3851057////////////
251200 164 273 6771133  81 143 3201133 1351157   5  13  201111 135  29  46 1251133 110 203 3801101////////////
251300 204 567 8581219 100 279 4211219 1451201   5  18  211237 168  36  99 1551219 134 402 4751219////////////
251400 231 454 9951334 110 216 4601334 2131359   6  19  281348 191  40  71 1801334 174 332 7671334////////////
251500 263 402 9531433 130 197 4711431 1921457   6  17  351434 217  46  66 1681433 210 294 7921433////////////
251600 186 560 7481513  92 282 3731513 1611528   5  14  211523 153  33 105 1401513 145 456 5941513////////////
251700 179 391 5911609  90 200 3071609 1781643   5  11  171632 146  33  73 1121609 145 314 4821609////////////
251800  98 246 3461701  46 108 1801701  961723   5  13  181721  80  18  47  671737  78 202 2751701////////////
251900  67 114 2491803  26  41 1071801  411900   5  11  181845  54  13  23  471810  55  89 2041803////////////
252000  21  11 1151902   8   4  421903   42000   4  10  131945  16   5   4  241902  16   6  891902////////////
252100   3   7  102001   0  -1   42001  -22037   3  10  102100   1   2   5   52058   1   4   62001////////////
252200   3   8   82200  -1   0   02200  -32142   7  18  202129   1   2   6   62159   1   4   52159////////////
252300   3   7   82201   0   0   22250  -12211   7  19  202248   1   2   5   62201   1   4   42211////////////
252400   3   9   90000   0   1   32335  -12320   7  17  202310   1   2   6   60000   1   5   52359////////////
260100   3   9   90001   0   0   20028  -30007   7  18  200049   1   2   6   60001   2   5   50001////////////
260200   3   8   90138   1   2   30136   00101   7  19  300152   1   2   5   60101   2   4   50139////////////
260300   3   8   80209   1   1   40223   00257   7  18  250207   1   2   6   60259   2   4   40209////////////
260400   3   9   90341   0   1   20304  -10316   7  22  240338   1   2   6   60340   2   5   50339////////////
260500   3   9   90454   0   2   20451  -10410   6  13  230413   1   2   6   60442   2   5   50451////////////
260600   3   8   90521   0   0   20501  -10553   5  11  190531   1   2   6   60541   2   4   50539////////////
260700   6  32  320700   1  12  120700   00622   5  14  220647   3   3  10  100700   4  23  230700////////////
260800  23 108 1080800  10  52  520800  120701   3  13  130800  18   5  23  230800  17  80  800800////////////
260900  58 215 2200858  28  97 1000858  540801   4  14  140834  47  11  41  420858  43 161 1640858////////////
261000 102 336 4140933  46 155 1900933  910905   5  17  170959  83  19  61  780933  70 242 2421000////////////
261100 190 763 7851034  89 374 3741100 1491008   6  15  201044 156  34 133 1471034 105 303 3731032////////////
261200 216 402 8611129 104 190 4111129 1341153   6  12  201142 179  37  69 1491129 106 297 3571136////////////
261300 142 418 8541239  65 189 3911239  861216   5  18  191241 118  24  71 1551239  98 317 4841239////////////
261400 261 98411911331 122 468 5511331 1661310   6   8  301330 216  45 165 2071331 199 831 9221331////////////
261500 293 379 9871404 143 180 4701405 1681459   6  15  351440 243  50  59 1661405 246 277 8351401////////////
261600 269 761 8931503 137 408 4581503 1901551   5  12  181514 221  48 138 1571503 229 664 7621503////////////
261700 241 461 7481626 122 218 4001601 2181700   5  15  181609 197  44  83 1371626 205 372 6461601////////////
261800  95 140 4891703  43  59 2291703  591800   5  11  251714  78  17  27  911715  74 105 3961703////////////
261900  28  73 1381801  11  24  581801  181838   4   9  161811  22   6  19  271801  21  55 1041801////////////
262000  16   9  871906   5   0  271910  -11956   3   9  101943  11   5   5  251902  12   5  681902////////////
262100   3   7   92001   0  -1   02001  -32035   3  11  112100   1   2   5   62042   1   4   52002////////////
262200   3   6   82145   0   0   02159  -22152   7  21  212159   1   2   4   62146   1   2   42145////////////
262300   3   8   92250   0  -1   32237  -22214   7  19  212238   1   2   6   72250   1   4   52249////////////
262400   3   7   82328   0  -1   32325  -10000   7  19  202359   1   2   5   62301   2   4   52328////////////
270100   3   7   80011  -1  -2   00005  -30044   7  19  190001   1   2   6   60044   1   4   40011////////////
270200   3   7   80114  -1  -4  -20106  -40158   6  18  200123   1   2   6   60133   1   4   40113////////////
270300   3   7   80239  -1  -1   00255  -40216   5  19  200256   1   2   5   60216   1   4   40239////////////
270400   3   9   90352   0   1   30353  -20322   4  -1  190301   1   2   6   60351   2   6   60349////////////
270500   3   9  100418   0   3   30500  -10427   3   1  190435   1   2   6   70420   2   5   60417////////////
270600   3   9   90541   1   2   40550   00533   1   2  100531   1   2   6   60538   2   5   50540////////////
270700   5  21  220649   1   9   90700   10608   2  12  170657   3   2   8   80652   3  15  150700////////////
270800  20 104 1100753   9  50  510753  100701   3  12  120800  15   5  23  240753  15  79  820753////////////
270900  54 250 2500900  25 112 1120900  490806   4  14  150859  43  11  47  470900  40 177 1770900////////////
271000 141 401 5120950  66 193 2410950 1210901   6  17  180953 115  26  71  970950  88 289 3050954////////////
271100  90 176 4851013  43  81 2271013  491044   5  10  191005  74  16  32  881013  64 132 2961007////////////
271200  86 525 5251200  39 239 2391200  771137   4   9  191152  70  16  98  981200  64 312 3121200////////////
271300 215 771 7711300 100 361 3611300 1781249   5  13  221253 176  39 142 1421300 142 506 5061300////////////
271400 112 287 6901301  53 129 3301301  751317   6  17  191315  92  20  50 1281301  82 221 4601301////////////
271500  52  64 2911401  24  29 1311401  291500   6  12  261424  43   9  11  501401  39  47 2221401////////////
271600  32  89 1031554  13  39  431555  301501   3   9  121502  26   6  19  211555  23  67  771555////////////
271700  25  40 1231609  11  16  531609  161700   3   9  101635  20   5   9  251609  18  30  901609////////////
271800   9  29  371701   1   3  151701  -31743   3   8  111726   6   3   9   91800   6  20  271701////////////
271900   9  23  301802   1   3   41820   21807   3   9  121848   6   3   8   91806   6  16  201802////////////
272000   6   9  231901   1  -1   41905  -12000   3   9   91938   3   3   6   81902   4   5  161901////////////
272100   3   8   92001   0   0   12016  -22034   3  11  112100   1   2   6   62034   2   4   52001////////////
272200   3   8   92130   0  -1   12120  -22159   7  18  192144   1   2   6   62131   2   4   52130////////////
272300   3   8   92208  -1  -1   02247  -32256   7  19  192247   1   2   6   62205   2   4   52205////////////
272400   3   7   82312  -1  -4  -12352  -52312   7  19  202351   1   2   6   62312   1   4   52307////////////
280100   3   8   80030  -1  -3  -30100  -60041   7  19  190058   1   2   6   60038   1   4   50030////////////
280200   3   8   80200  -1  -2  -10147  -50122   6  10  190105   1   2   6   60124   1   4   40138////////////
280300   3   8   80300  -1   0   00253  -40215   4  11  190252   1   2   6   60216   1   4   40300////////////
280400   3   8   80400   0   1   10328  -20315   1 -18  190306   1   2   6   60400   2   5   50400////////////
280500   3   8   80402   0  -2   10407  -20457  -3 -18  190438   1   2   6   60445   2   4   50411////////////
280600   3   8   80516   0   0   10512  -20545  -7 -18  -30547   1   2   6   60544   1   4   40530////////////
280700   8  55  550700   2  15  150659  -10604  -4   1  180648   5   3  15  150700   5  37  370700////////////
280800  27 132 1320800   9  52  520800  160729   0   4   60758  21   6  27  270800  19  89  890800////////////
280900  64  71 2720827  29  39 1200841  390900   4  12  150844  51  13  13  560827  44  53 1820842////////////
281000  42 161 2680938  20  74 1200938  150913   3  11  120958  34   8  30  510938  32 124 2050938////////////
281100  47 155 1861013  21  47  851013  381032   4  13  221032  38   9  27  341013  35 116 1321012////////////
281200 107 744 7441200  43 316 3161200  511101   4  10  281153  88  19 131 1311200  77 363 3631200////////////
281300 300 93010171208 129 422 4431208 1831215   5  14  231247 249  51 159 1801208 133 465 4651300////////////
281400 323 837 9631314 154 400 4521314 4001400   6  14  301334 269  54 140 1641314 220 669 6891359////////////
281500 294 767 8831411 145 389 4241410 3861450   6  15  271404 244  50 133 1491411 244 650 7251411////////////
281600 259 667 7691501 138 356 4251528 3551549   5  13  201544 214  45 117 1331501 222 579 6531501////////////
281700 204 480 6631601 108 237 3631603 2371700   5  16  191625 168  36  88 1171601 176 407 5751601////////////
281800 157 307 4821702  73 139 2391701 1391800   5  14  201721 127  30  57  911737 130 241 4091702////////////
281900  32  16 3001801  15  10 1361801   81857   4  11  151806  27   5   4  571801  24   9 2361801////////////
282000   3   9  151901   0  -6  101901 -131936   4   9  181937   2   1   7   72000   1   5   91901////////////
282100   3  10  102100  -2  -3  -32057 -102023   3  10  102100   0   3   8   82100   2   6   62100////////////
282200   4  10  112106  -1  -3  -22113  -42148   7  18  192120   1   3   7   82103   2   5   62102////////////
282300   3  10  102201  -1  -2  -22300  -52257   6  17  182251   0   3   7   72257   2   5   52216////////////
282400   3   7  102305  -2  -3  -22305  -82324   7  20  202342   1   2   6   82306   1   3   52304////////////
290100   3   8   80055  -1  -3  -20005  -50017   7  18  200005   1   2   6   70038   1   4   40054////////////
290200   3   8   80136  -1  -7   00126  -70200   6  17  350154   1   2   7   70200   2   4   40136////////////
290300   3   8   80201  -1  -1   00252  -90206   6  19  260240   1   2   6   80207   1   4   40201////////////
290400   3   8   80356   0  -1   00329  -30318   5  17  190336   1   2   6   60355   2   4   40345////////////
290500   3   8   80425   0  -1   00443  -30407   4   5  190441   1   2   6   60405   2   4   40423////////////
290600   3   8   80520   0   0   10518  -20504   2   1  280527   1   2   6   60521   2   4   50519////////////
290700   8  52  520700   2  13  140655  -10617   3  10  170646   5   3  14  140700   5  34  340700////////////
290800  47 206 2160758  14  65  660757  140701   1  11  120756  37  10  39  410758  24  99  990800////////////
290900  94 409 4090900  39 180 1800900  540807   5  17  180854  76  18  77  770900  50 163 1630856////////////
291000 181 594 6030953  85 286 2930954 1820901   6  18  220952 149  32 102 1030953  67 197 1970946////////////
291100 241 756 7561100 116 353 3541059 2931001   6  17  201047 201  40 125 1251100  71 206 2111053////////////
291200 293 895 9191155 137 402 4241155 2601142   6  15  211140 244  49 149 1541155  85 271 2931153////////////
291300 220 28210191227 102 130 4571227 1301300   6  14  221246 184  36  43 1731227 101 216 3511226////////////
291400 268 797 9661308 125 379 4561346 1321301   6  31  311400 223  45 135 1661308 179 601 6921354////////////
291500 158 25910041415  75 114 4761414  871439   5  12  351404 132  26  45 1721414 123 193 8141414////////////
291600 218 660 7861523 111 351 3971521 1171501   4  13  161553 179  39 118 1451521 185 586 6611523////////////
291700 204 467 6591601 107 234 3531601 2341700   5  13  161628 167  37  87 1181601 180 408 5871601////////////
291800 131 273 4571701  61 107 2331701  901743   5  15  191720 107  24  53  851701 114 233 3991701////////////
291900  57 109 2721801  19  31 1061801  311900   5  10  181811  46  11  24  531801  47  86 2321801////////////
292000  16   9 1071901   4  -2  311901  -21959   4   9  121910  13   3   4  231901  12   6  841901////////////
292100   2   7   92001  -1  -2   02041  -42035   3  11  112100   1   1   5   52054   1   3   52001////////////
292200   3   7   72147  -1  -5  -12102  -62129   7  19  202107   1   2   5   52150   1   4   42146////////////
292300   3   7   82219  -2  -4  -32207  -62234   7  19  202239   1   2   6   62220   1   4   42219////////////
292400   3   8   82343  -2  -4  -32352  -62304   7  19  192313   1   2   6   62345   1   4   42343////////////
300100   3   8   80028  -1  -3  -20049  -50030   7  19  190034   1   2   6   60026   1   4   40026////////////
300200   3   8   90150  -1  -2   00144  -40102   6   9  190107   1   2   6   60154   2   4   50151////////////
300300   3   8   80201  -1  -2   00252  -40207   4  15  190252   1   2   6   60207   1   4   50207////////////
300400   3   8   80355   0  -1   00349  -20312   4  16  190301   1   2   6   60355   1   4   40354////////////
300500   3   8   80406   0   0   00423  -20420   1   0  190430   1   2   6   60412   1   4   40401////////////
300600   3   8   80554   0   1   10530  -10504  -2 -11  160527   1   2   6   60507   2   5   50552////////////
300700   7  42  420700   2  14  140700   00608  -1  12  170654   4   3  13  130700   5  30  300700////////////
300800  32 152 1520800  11  50  500754  140701   1   9   90758  24   8  33  330800  22  97  970800////////////
300900  81 285 2950856  33 134 1400858  520801   5  17  170900  65  16  54  570856  49 162 1670856////////////
301000 117 429 4730957  57 215 2290958 1180935   6  12  190925  95  22  80  900957  63 241 2540958////////////
301100 155 452 5871047  77 207 2871047 1461055   6  15  211037 127  28  82 1091047  88 272 2831046////////////
301200  67  40 5981102  34  21 2801102  211200   4  12  191136  54  13   8 1141102  46  31 3031102////////////
301300  31 159 1591300   9  57  571300  -11214  10 104 1061259  24   7  34  341300  23 119 1191300////////////
301400 186 379 8641329  80 161 3871329  641301  34  15 3181318 151  35  71 1611330 133 295 5721329////////////
301500 154 399 4931453  69 194 2361453 1481409   5  13  181405 125  29  74  921453 118 305 3791453////////////
301600 152 411 4821542  73 205 2371542 1781505   5  13  161507 124  28  75  891542 117 319 3751542////////////
301700 104 160 4051603  52  77 2041601  771700   5  12  151614  86  18  28  741603  81 126 3141607////////////
301800  71 132 2641744  34  68 1231715  681800   4  11  181716  57  14  24  551744  55  96 2071744////////////
301900  21  23 1271801  10  -4  651801  -61857   4  14  151857  17   4   6  231801  15   9  921801////////////
302000   6   8  231903   2   1   91926  -41901   3  10  121901   4   2   4   71920   4   4  141920////////////
302100   3   8   82001   0  -3   12001  -32047   3  11  112100   1   2   5   52100   1   4   42001////////////
302200   3   9  102152  -1  -1  -12135  -32153   7  18  192107   1   2   6   72151   2   5   62151////////////
302300   3   8   92201   0  -1   22211  -32224   7  19  202213   1   2   5   62201   1   4   52201////////////
302400   3   8   80000   0  -1   12348  -32317   7  18  192303   1   2   6   62359   2   5   52357////////////
310100   3   8   90033   0   0   10015  -60031   7  19  190054   1   2   6   70032   2   4   60033////////////
310200   3   8   80152   0  -1   10119  -20102   6  17  190119   1   2   6   60153   2   4   40151////////////
310300   3   9   90229   0   0   20234  -20227   5  18  190202   1   2   6   60229   2   5   60228////////////
310400   3   9   90353   0  -1   20333  -40351   5  18  190334   1   2   6   70353   2   6   60352////////////
310500   3  10  100500   0  -2   20408  -40455   4  10  190429   1   2   7   70500   2   6   60459////////////
310600   3   9  100501   1   3   60549  -20505   5  12  180511   1   2   5   70501   2   5   60501////////////
310700   4  21  210700   2  13  130700   20606   5  21  220655   2   2   7   70700   2  14  140700////////////
310800  16  74  740800   8  37  370800  130711   5  15  150759  12   4  17  170800  12  55  550800////////////
310900  53 163 1960851  25  74  890850  380801   5  14  170845  43  10  31  360850  40 119 1510850////////////
311000  93 495 5560959  43 233 2580959  570919   5  15  170959  75  18  93 1070959  60 286 2900959////////////
311100 166 868 8681100  78 406 4081058 1391007   5  14  181031 137  29 152 1531058  99 337 3481049////////////
311200 313 49910481147 148 243 4891125 2431200   6  16  221135 260  53  83 1821147 149 370 4701148////////////
311300 234 841 9991243 111 389 4591243 2191257   6  17  211242 195  39 139 1691243 141 400 4621223////////////
311400 332100510421305 158 493 4931400 3051315   6  16  191327 276  56 172 1751305 181 673 6731400////////////
311500 247 37710291409 121 176 5051409 1761500   6  14  201412 205  42  64 1791432 181 294 7771432////////////
311600  76 198 3761504  36  93 1801503  541540   4  10  151505  63  13  37  641504  58 144 2921501////////////
311700  82 188 3261612  39  88 1571612  881700   4  11  131609  67  15  34  621612  62 138 2381612////////////
311800  47  72 1991706  21  34  911706  341800   4   9  171716  38   9  15  361706  36  54 1521706////////////
311900  20  56  711801   9  23  331801  171818   3   9  101810  15   5  13  161833  14  40  531801////////////
312000   9   8  561901   2  -2  231901  -31955   3  10  101953   6   3   5  131901   6   4  401901////////////
312100   3   7   82001   0   4   52057  -42004   3  11  112100   1   2   4   52032   1   3   42050////////////
312200   3   8   92117   1   2   92136  -22108   7  19  212137   1   2   5   72111   2   4   62111////////////
312300   3   8   92232   1   4   52213   02230   7  20  202300   1   2   5   62242   2   4   62233////////////
312400   3   9   90000   0  -2   42307  -82322   7  16  212316   1   2   7   70000   1   6   60000////////////
