58265 2003   011213603204    1    1    1    1    1    1   60---------------------------------------------V3.00
010100 174 629 7360056  72 261 3120056 1360014   3   8   90042 162  12  42  500056 113 321 3610048////////////
010200 252 698 8070134 106 297 3580133 2380104   3  15  170157 235  17  48  540134 126 419 4350158////////////
010300 275 871 9520242 122 419 4490245 2100236   5  14  150201 255  20  66  690242 199 707 7420242////////////
010400 277 728 8710301 133 325 4540318  990333   5  14  140344 255  22  63  690319 226 589 7140319////////////
010500 197 393 7630403  76 111 3370408  480456   5  13  140451 179  18  35  680436 158 306 6220404////////////
010600 145 313 5520504  40  75 1870512  430527   5   7  140554 131  14  31  530505 112 238 4400504////////////
010700  92 202 3600608  20  46  860630  260642   3   9  100648  83   9  22  370631  70 153 2760608////////////
010800  41  52 1980701   6  -2  470715  -20800   4  10  110730  36   5   9  220716  31  39 1500701////////////
010900   8   9  500801  -4 -16  -40801 -180859   3  10  100807   6   2   6   90801   5   5  370801////////////
011000   3   7   90901  -7 -23 -150903 -230952   4  10  100923   1   2   5   60954   1   3   40901////////////
011100   3   9   91052  -8 -16 -161100 -271022   3   9  101006   1   2   7   71050   1   5   61049////////////
011200   3   9   91145  -3  -1   71151 -161102   3  10  101120   1   2   6   71141   2   5   61141////////////
011300   3   3   91213  -1 -17   51211 -171300   4  12  121255   1   2   5   61201   1  -3   51204////////////
011400   3   9   91357  -7 -20 -121305 -241353   4  10  121306   1   2   7   71400   1   5   51354////////////
011500   3   9   91425  -8 -24 -141404 -261456   3   9  101438   0   3   7   71416   2   5   51420////////////
011600   3   9   91539  -9 -24 -221510 -261537   3  10  101600   0   3   7   71529   2   5   61539////////////
011700   3   8   91601  -9 -31 -231611 -311659   3   9   91601   1   2   7   71700   2   4   51601////////////
011800   3   8   91740 -11 -31 -281736 -341723   3   9   91800   0   3   7   71718   1   4   41741////////////
011900   3   8   91740 -11 -31 -281736 -341723   3   9   91800   0   3   7   71718   1   4   41741////////////
012000   3   8   91740 -11 -31 -281736 -341723   3   9   91800   0   3   7   71718   1   4   41741////////////
012100   3   8   91740 -11 -31 -281736 -341723   3   9   91800   0   3   7   71718   1   4   41741////////////
012200  22  96  962159  -7  -2   12159 -302103   3   7   72148  19   3  11  112159  16  73  732159////////////
012300  49 201 2022256   3  23  432259 -152211   3   7   82234  44   5  17  172300  37 154 1542300////////////
012400  83 285 2962351  13  77  812359   42309   3   8   82338  77   6  20  212352  63 219 2232351////////////
020100 153 560 7050056  51 206 2520055  590011   3  10  100100 143  10  36  450056 107 381 4210056////////////
020200 246 731 8000136  89 289 3300159 1800107   4  13  170139 230  16  49  530136 154 501 5170159////////////
020300 275 500 9040247 107 214 3900240 1840221   5  13  140256 256  19  36  660247 203 371 6890231////////////
020400 237 580 8370334 106 247 4170333 1940341   5  14  140333 219  18  46  650334 183 440 6690334////////////
020500 194 568 6880452  76 190 2780452 1470434   5  14  140454 178  16  48  590452 149 446 5510452////////////
020600 142 287 6040514  45 108 1980503  760539   4   8  130503 129  13  27  520514 109 216 4750514////////////
020700  80 154 3200607  27  40 1220608  400700   3   9  100620  72   8  17  300607  61 118 2450608////////////
020800  38  62 1520701   5  -6  390701  -60759   5  10  160732  33   5  10  170701  29  47 1160701////////////
020900  12  10  610801  -7 -29  -60801 -290900   4  10  100844   9   3   6  100801   8   6  460801////////////
021000   3   7  100901 -10 -29 -260936 -290901   4  10  130945   1   2   6   60912   1   3   50901////////////
021100   3   8   81057 -10 -26 -231054 -321028   3  10  121044   1   2   6   61036   1   4   41042////////////
021200   3   8   81151  -8 -19 -191149 -261102   3   9  121122   1   2   6   61150   1   4   41151////////////
021300   3   8   81208  -7 -19 -181226 -201224   3   9  101253   1   2   6   61228   1   4   41203////////////
021400   3   8   81331  -6 -20 -161343 -201400   3   9  101306   1   2   6   61352   2   4   41344////////////
021500   3   8   81403 -10 -31 -191401 -321444   3   9  101434   1   2   6   61402   1   4   41401////////////
021600   3   8   81539  -7 -15 -131538 -311502   3   9  101505   1   2   6   61532   1   4   51537////////////
021700   3   8   91642  -5 -14 -131658 -151616   3   9  111602   1   2   6   61640   2   4   51640////////////
021800   3   8   81712  -6 -15 -131708 -241725   3   9  131717   1   2   5   61745   1   4   51708////////////
021900   3   8   81859  -5 -15 -131827 -151803   3   9  101817   1   2   6   61900   2   5   51858////////////
022000   3   7   81902  -7 -28 -151902 -291957   3  10  102000   1   2   6   61921   1   3   51921////////////
022100   4  19  192100  -8 -12 -122100 -282003   3   8  102001   2   2   8   82100   2  13  132100////////////
022200  16  55  552200   1  10  112150 -112101   3   7   72154  13   3  10  102138  12  41  412200////////////
022300  50 223 2682255  22 114 1362255  132201   2   6   72201  44   6  22  262255  36 163 1732256////////////
022400  84 213 2662330  43 111 1412331  972306   3   8   82307  76   8  20  252333  63 164 2032330////////////
030100  94 444 4490059  50 235 2420057  870011   2   6   80012  85   9  41  420059  74 319 3190100////////////
030200 164 274 6540119  85 134 3590118 1250156   2   7   90149 149  15  25  620119 117 210 4300119////////////
030300 114 367 3670300  54 182 1820300 1290240   3   7   90241 103  11  37  370300  87 279 2790300////////////
030400 178 814 8140400  87 396 3960400 1720303   2   7   90342 160  18  87  870400 134 651 6510400////////////
030500 117 231 9240406  50  91 4890406  310431   3   7  130422 104  13  28 1010406  91 169 7570406////////////
030600  72 149 2760542  29  54 1260541  540554   3   8   90556  63   9  19  340542  56 117 2230543////////////
030700  32  72 1450601   8  13  640603  -80649   3   8   90608  27   5  12  180601  24  53 1130601////////////
030800  55  69 3990718  15   1 1480719   10800   3  10  120734  48   7  11  510718  42  49 3160718////////////
030900  16  25  660801  -6 -24   10802 -240900   4  10  100806  13   3   7  110801  11  16  460801////////////
031000   3   5  240901 -17 -56 -240901 -580957   4  11  110925   1   2   5   70901   1   0  150901////////////
031100   2   6   61059 -19 -53 -511035 -561002   4  10  111030   0   2   6   61100   0   1   21024////////////
031200   2   7   71200 -19 -50 -491158 -561142   3   9  101101   0   2   7   71152   1   3   41142////////////
031300   2   6   71230 -18 -52 -451238 -541256   3  10  101254   0   2   6   71214   1   2   41230////////////
031400   2   7   71354 -18 -47 -461358 -531333   3   9  101335   0   2   6   71326   1   3   31326////////////
031500   2   7   71424 -16 -43 -411458 -491401   3   9   91439   0   2   6   71446   1   3   31424////////////
031600   2   7   71525 -14 -35 -321548 -431501   3   9   91553   0   2   7   71537   1   3   41525////////////
031700   3   7   71622 -11 -29 -261652 -351605   3   9  101633   1   2   6   71623   1   3   41621////////////
031800   3   8   81759  -9 -25 -211754 -301701   3   9  101750   1   2   7   71759   1   4   41759////////////
031900   0  -1  -11811  -5 -11 -111900 -161805   0   0   11831   0   0   0   01801  -1  -1  -11900////////////
032000   0  -1  -11935  -3 -10  -81929 -101901   0   0   01952   0   0   0   01916   0  -1   01927////////////
032100   0  -1   02051  -3  -9  -82048 -112005   0   0   02007   0   0   0   02038   0  -1   02053////////////
032200   0   0   02131  -3  -6  -62152  -92102   0   0   02101   0   0   0   02108   0   0   02131////////////
032300   0  -1   02226  -2  -7  -52221  -82253   0   0   02251   0   0   0   02205   0   0   02224////////////
032400   0  -1   02307  -2  -7  -62344  -72301   0   0   02325   0   0   0   02313   0   0   02307////////////
040100   0  -1  -10004  -3  -8  -70001  -90036   0   0   00015   0   0   0   00042   0   0   00059////////////
040200   0  -1  -10113  -3  -8  -70121  -80141   0   0   00136   0   0   0   00101   0  -1   00105////////////
040300   0  -1   00212  -3  -7  -70258  -80202   0   0   00224   0   0   0   00245   0   0   00248////////////
040400   0   0   00320  -2  -7  -60312  -70345   0   0   00332   0   0   0   00301   0   0   00359////////////
040500   0  -1   00404  -3  -7  -70401  -80415   0   0   00444   0   0   0   00427   0   0   00405////////////
040600   0   0   00559  -3  -8  -70505  -90558   0   0   00523   0   0   0   00559   0   0   00558////////////
040700   0   1   10700  -3  -7  -70700  -90634   0   0   00637   0   0   1   10700   0   1   10700////////////
040800   2   5   70744  -1  -3  -10744  -70701   0   0   00756   2   0   1   10742   1   4   60744////////////
040900   8  67  670900   3  37  370900  -20801   0   0   00808   7   1   7   70900   6  54  540900////////////
041000  31 106 1061000  17  60  610942  360932   0   1   10926  28   3  11  111000  25  87  870959////////////
041100  22  38 1081004  10  13  611004  111053   0   1   11014  20   2   5  111004  18  28  891003////////////
041200  20  85  941152   8  36  421152  -21116   0   0   11107  17   3  15  161152  16  72  771157////////////
041300  23  39  851206   8   5  351201   51258   0   1   11210  19   4   8  161216  19  33  701206////////////
041400  20  63  801342   5  18  251341   01312   0   1   11400  16   4  13  171342  16  52  661342////////////
041500  17  35  651405   3  -4  181405  -41458   0   1   11404  13   4   7  141405  14  28  541405////////////
041600  10  17  431514  -3 -12   01514 -121600   0   0   11501   8   2   4  101514   8  14  361514////////////
041700   3   0  171601  -5 -19 -121623 -191657   0   0   01602   2   1   0   41608   2   0  141601////////////
041800   0  -1   01701  -7 -19 -181704 -191742   0   0   01709   0   0   0   01759   0  -1   01701////////////
041900   0  -1  -11852  -6 -15 -151900 -191801   0   0   01823   0   0   0   01804   0  -1   01854////////////
042000   0  -1   01950  -5 -10 -102000 -151901   0   0   01905   0   0   0   01948   0   0   01950////////////
042100   0  -1  -12002  -4 -12 -102006 -122100   0   0   02057   0   0   0   02010   0  -1   02009////////////
042200   0  -1  -12127  -4 -12 -112148 -142110   0   0   02106   0   0   0   02116   0  -1  -12125////////////
042300   0  -1  -12201  -5 -13 -122201 -142211   0   0   02215   0   0   0   02259   0  -1  -12259////////////
042400   0  -1  -12332  -5 -13 -122325 -142347   0   0   02349   0   0   0   02302   0  -1  -12303////////////
050100   0  -1  -10026  -4 -11 -110100 -130001   0   0   00007   0   0   0   00037   0  -1  -10046////////////
050200   0  -1  -10117  -4 -12  -90122 -120200   0   0   00134   0   0   0   00144   0  -1  -10106////////////
050300   0  -1  -10206  -4 -11 -100239 -120228   0   0   00229   0   0   0   00257   0  -1  -10207////////////
050400   0  -1  -10349  -3  -8  -70355 -110301   0   0   00315   0   0   0   00308   0  -1   00357////////////
050500   0  -2  -10405  -3 -11  -80404 -110500   0   0   00444   0   0   0   00405   0  -2   00404////////////
050600   0  -1  -10554  -3  -9  -80541 -110505   0   0   00501   0   0   0   00551   0  -1   00544////////////
050700   0   1   10700  -3  -7  -70700  -90601   0   0   00603   0   0   1   10700   0   1   10700////////////
050800   1   7   70800  -2  -5  -50800  -70745   0   0   00758   1   0   1   10729   1   5   50800////////////
050900  10  54  540900   4  28  280900  -40801   0   0   00801   9   1   6   60900   8  43  430900////////////
051000  29  96  961000  15  51  511000  300901   0   0   10947  26   3  10  101000  23  77  771000////////////
051100  40 137 1371100  22  78  781100  511001   0   1   11042  36   4  14  141100  32 111 1111100////////////
051200  51 171 1711200  28  82  861145  621114   0   0   21149  45   6  29  291200  42 139 1391200////////////
051300  58 131 1721206  25  52  851204  521300   0   1   21223  46  12  28  361231  47 106 1401205////////////
051400  44 134 1451343  16  43  501340  331321   0   1   21320  34  10  30  331342  36 110 1181344////////////
051500  36  56 1331401   9  10  431401   81458   0   1   21403  28   8  12  291401  29  45 1081401////////////
051600  15  34  571501  -5 -30  101501 -301600   0   1   21504  12   3   8  121501  12  27  461501////////////
051700   6   0  381607  -7 -22 -141615 -291601   0   0   11602   5   1   0   91607   5   0  301607////////////
051800   0  -1  -11701  -7 -19 -191759 -221701   0   0   01729   0   0   0   01701   0  -1  -11701////////////
051900   0  -1  -11815  -7 -20 -181838 -201854   0   0   01828   0   0   0   01847   0  -1  -11853////////////
052000   0  -1  -11913  -6 -18 -171942 -201901   0   0   01945   0   0   0   01935   0  -1  -11916////////////
052100   0  -1  -12017  -7 -21 -172013 -212041   0   0   02100   0   0   0   02007   0  -1  -12015////////////
052200   0  -1  -12134  -7 -22 -192135 -232158   0   0   02159   0   0   0   02141   0  -1  -12133////////////
052300   0  -1  -12258  -8 -15 -152300 -242208   0   0   02204   0   0   0   02230   0  -1  -12259////////////
052400   0  -1  -12305  -6 -17 -142325 -170000   0   0   02351   0   0   0   02301   0  -1  -12301////////////
060100  -1  -1  -10001  -7 -17 -160004 -210023   0   0   00020  -1   0   0   00034  -1  -1  -10006////////////
060200   0  -1  -10121  -6 -19 -160121 -190149   0   0   00147   0   0   0   00101   0  -1  -10159////////////
060300  -1  -2  -10224  -7 -22 -170226 -220254   0   0   00257  -1   0   0   00219   0  -2  -10224////////////
060400  -1  -1  -10356  -8 -18 -180400 -230333   0   0   00305  -1   0   0   00350  -1  -1  -10349////////////
060500   0  -1  -10422  -7 -19 -180402 -200441   0   0   00444   0   0   0   00408   0  -1  -10421////////////
060600   0  -1  -10553  -6 -16 -150554 -190501   0   0   00538   0   0   0   00502   0  -1  -10548////////////
060700   0   3   30700  -5 -12 -120651 -160604   0   0   00614   0   0   1   10700   0   3   30700////////////
060800   6  38  380800  -2   5   50800 -120701   0   0   00731   5   1   8   80800   5  30  300800////////////
060900  26 150 1510859   8  51  520858   50801   0   1   10900  20   6  36  360859  20 117 1180859////////////
061000  65 274 2741000  21  97  971000  350919   1   2   30959  49  16  69  691000  50 214 2141000////////////
061100  77 221 2801001  27  69  981001  641059   1   3   41015  59  18  53  711001  59 168 2211001////////////
061200  67 264 2641200  17  68  751102  291153   1   3   41138  51  16  67  671200  51 201 2011200////////////
061300 106 271 3321234  29  64  971234  571253   1   4   51237  79  27  68  851234  82 206 2591234////////////
061400  84 199 2801306  17  33  671306  331400   1   3   51339  63  21  50  711306  61 137 2121306////////////
061500  59 130 2001405   6   2  331405   21500   1   3   41409  45  14  32  501405  42  94 1371405////////////
061600  27  46 1331504  -9 -31   31504 -361541   1   0   31507  20   7  12  331504  21  37  951504////////////
061700   7   0  461601 -12 -38 -281609 -381658   0   0   11616   5   2   1  121601   5   0  361601////////////
061800   0  -2   01701 -13 -34 -341800 -381708   0   0   01704   0   0   0   11701   0  -1   01701////////////
061900  -1  -2  -11850 -12 -32 -321848 -341801   0   0   01835  -1   0   0   01823   0  -1  -11850////////////
062000  -1  -1  -11947 -11 -29 -292000 -321901   0   0   01927  -1   0   0   11933   0  -1  -11948////////////
062100  -1  -2  -12004 -10 -29 -282056 -302006   0   0   02100  -1   0   0   12033   0  -1  -12003////////////
062200  -1  -2  -12141 -10 -27 -272140 -292106   0   0   02107  -1   0   1   12148   0  -1  -12140////////////
062300  -1  -1  -12239  -9 -25 -252252 -282208   0   0   02208  -1   0   0   12214   0  -1  -12225////////////
062400  -1  -1  -12308  -9 -25 -242318 -262344   0   0   02353  -1   0   0   12345   0  -1  -12311////////////
070100   0  -1  -10037  -8 -24 -230038 -250003   0   0   00053   0   0   0   10023   0  -1  -10038////////////
070200   0  -2  -10110  -9 -27 -230132 -270159   0   0   00135   0   0   0   10107   0  -1  -10114////////////
070300  -1  -4  -20205 -15 -57 -260204 -580256   0   0   10239  -1   0   0   00204  -1  -3  -10205////////////
070400  -1  -3  -20335 -17 -42 -370335 -580307   0   0   10309  -1   0   0   10334  -1  -3  -20333////////////
070500  -1  -3  -20423 -16 -49 -370422 -520447   0   0   00457  -1   0   1   10430  -1  -3  -20423////////////
070600  -1  -2  -20557 -12 -19 -170551 -490501   0   0   00501  -1   0   0   10511  -1  -2  -10555////////////
070700   0   4   40700  -5 -12  -80616 -200604   0   0   00626   0   0   2   20700   0   3   30700////////////
070800  11  58  580800   0  10  100800 -120701   0   0   00755   8   3  14  140800   8  46  460800////////////
070900  37 145 1450900  10  50  500900  110801   0   1   10838  28   9  35  350900  29 112 1120900////////////
071000  66 234 2341000  22  83  840956  410911   1   2   30930  50  16  56  561000  50 176 1761000////////////
071100 114 384 3841035  37 129 1321035  731007   1   3   61053  85  29  97  981035  90 318 3181100////////////
071200 139 407 4071159  48 145 1451150 1191125   2   3   71121 104  35 104 1041200 115 336 3361159////////////
071300 141 343 4111205  48  98 1511211  801259   2   6   81224 106  35  85 1041208 114 264 3361205////////////
071400 121 297 3621304  34  80 1101313  751357   2   4   71324  91  30  74  911305  82 166 2801304////////////
071500  87 174 2971401  15   9  791401   91500   2   3   61418  66  21  43  731401  47 100 1651401////////////
071600  40  66 1731501  -8 -47  131502 -471600   1   2   51509  30  10  16  431501  25  44 1001501////////////
071700  10   0  651601 -20 -48 -471659 -601633   0   0   21601   7   3   1  161601   7   0  431601////////////
071800  -1  -1   01701 -15 -32 -321758 -521713   0   0   11717  -1   0   1   11753   0  -1   01701////////////
071900   0  -1  -11834 -11 -30 -291852 -321810   0   0   01848   0   0   1   11812   0  -1  -11832////////////
072000  -1  -2  -11908 -15 -49 -291904 -541952   0   0   11947  -1   0   1   11913  -1  -2  -11908////////////
072100  -1  -1  -12054 -13 -26 -262100 -482001   0   0   02002  -1   0   0   12008  -1  -1  -12046////////////
072200   0  -1  -12158 -10 -26 -252103 -302132   0   0   02137   0   0   1   12200   0  -1  -12158////////////
072300   0  -1  -12258 -10 -26 -262201 -282247   0   0   02224   0   0   1   12221   0  -1  -12300////////////
072400   0  -1  -12314  -9 -25 -252358 -262301   0   0   02327   0   0   0   12301   0  -1  -12313////////////
080100   0  -1  -10044  -9 -25 -240057 -250022   0   0   00100   0   0   0   10019   0  -1  -10047////////////
080200   0  -1  -10146  -9 -24 -230147 -250101   0   0   00103   0   0   0   00200   0  -1  -10146////////////
080300   0  -1  -10209  -8 -24 -230222 -240247   0   0   00226   0   0   0   00201   0  -1  -10207////////////
080400   0  -1  -10302  -8 -23 -230358 -240338   0   0   00315   0   0   0   00347   0  -1  -10331////////////
080500   0  -1  -10420  -8 -23 -230438 -240455   0   0   00401   0   0   0   00449   0  -1  -10418////////////
080600   0  -1  -10533  -8 -22 -220559 -240513   0   0   00505   0   0   1   10524   0  -1  -10528////////////
080700   0   3   30700  -8 -22 -210658 -230644   0   0   00636   0   0   1   10700   0   2   20700////////////
080800  10  61  610800  -7  -8  -80800 -250725   0   0   00730   7   3  16  160800   8  48  480800////////////
080900  31 120 1200900   4  38  380900 -110812   0   0   10836  23   8  29  290900  24  94  940900////////////
081000  41 110 1370919  14  39  510920  360950   0   0   10950  31  10  26  330919  33  89 1080920////////////
081100  75 271 3021040  24  92  981044  401001   1   3   41057  56  19  67  781040  59 211 2391040////////////
081200 112 330 3661153  42 129 1491154  921129   1   3   51153  84  28  82  921153  86 261 2831153////////////
081300  74  39 4201214  26 -15 1781214 -171252   1   2   81225  56  18   7 1051214  56  32 3291214////////////
081400  46 111 1841340   8  18  441340 -141302   0   2   21302  35  11  26  451340  36  91 1401340////////////
081500  32 105 1071457   1  -9  161401  -91500   0   2   21500  25   7  26  261457  26  77  861401////////////
081600  37  74 1411514  -7 -35   21514 -351600   1   3   31513  28   9  18  371514  23  45  801513////////////
081700  11  -1  721601 -22 -76 -361601 -761700   1   1   31608   8   3   1  171601   7  -1  441601////////////
081800  -1  -3  -11701 -25 -55 -551800 -761704   0   0   11701  -1   0   1   11701  -1  -3  -21701////////////
081900  -1  -3  -31823 -19 -59 -471838 -591900   0   0   11854  -1   0   1   11818  -1  -3  -21824////////////
082000  -1  -4  -31901 -23 -61 -591901 -661921   0   1   11933  -1   0   1   11940  -1  -4  -31901////////////
082100  -1  -3  -32100 -23 -62 -612001 -662045   0   0   12007  -1   0   1   12052  -1  -3  -32059////////////
082200  -1  -3  -32152 -22 -60 -572150 -622124   0   0   12110  -1   0   1   12147  -1  -3  -32151////////////
082300  -1  -3  -32238 -20 -55 -522249 -602206   0   0   12213  -1   0   1   12237  -1  -3  -32237////////////
082400  -1  -2  -22355 -18 -37 -370000 -592321   0   0   02328  -1   0   0   12321  -1  -2  -22358////////////
090100  -1  -2  -20017 -13 -43 -330021 -430100   0   0   00047  -1   0   0   10018  -1  -2  -20022////////////
090200  -1  -4  -20101 -20 -59 -430101 -600136   0   0   10113  -1   0   0   10133  -1  -4  -20101////////////
090300  -1  -3  -30248 -18 -44 -440244 -590201   0   0   10202  -1   0   1   10246  -1  -3  -30247////////////
090400  -1  -3  -30400 -14 -29 -290400 -450308   0   0   10344  -1   0   1   10329  -1  -3  -30400////////////
090500  -1  -2  -20454  -9 -22 -220453 -280401   0   0   00447  -1   0   0   10423  -1  -2  -20456////////////
090600  -1  -2  -20506  -8 -24 -210546 -240513   0   0   00546  -1   0   0   10525  -1  -2  -20518////////////
090700   0   5   50700  -7 -17 -170700 -230601   0   0   00601   0   0   1   10700   0   4   40700////////////
090800  14  87  870800   0  20  200800 -160701   0   0   00800  11   3  17  170800  11  64  640800////////////
090900  58 227 2270900  13  59  590900  170811   0   3   30900  46  12  52  520900  47 192 1920900////////////
091000 104 342 3421000  31 110 1120959  600901   1   2   60948  79  25  85  851000  88 289 2891000////////////
091100 128 391 3971059  45 149 1501057 1081001   1   3   71032  96  32  99 1011059 107 331 3361059////////////
091200 140 406 4461153  53 143 1741150 1281104   2   7   81156 104  36 105 1151153 117 338 3821153////////////
091300 149 386 4431212  53 123 1771212 1201258   2   6   71252 111  38  97 1161212 123 303 3731212////////////
091400 126 305 3881301  37  80 1261301  731359   2   4   81317  95  31  76  981301  79 148 3031301////////////
091500  86 174 3021401  15   8  781401   81500   2   5   81423  65  21  43  751401  44  99 1461401////////////
091600  36  62 1691501 -11 -51   61501 -511559   1   2   51510  27   9  15  421501  24  46  981501////////////
091700  11   1  611601 -24 -82 -511602 -821700   1   1   21601   8   3   1  151601   8   0  451601////////////
091800  -1  -4   11701 -29 -80 -791758 -831708   0   1   11727  -1   0   1   11701  -1  -4   01701////////////
091900  -1  -4  -41808 -28 -75 -751857 -801801   0   1   11851  -1   0   0   11806  -1  -4  -31833////////////
092000  -1  -4  -41940 -26 -72 -711959 -761907   0   0   11931  -1   0   1   11958  -1  -4  -31923////////////
092100  -1  -3  -32051 -25 -63 -622056 -742006   0   1   12007  -1   0   1   12100  -1  -4  -32033////////////
092200  -1  -2  -22128 -18 -41 -412200 -642101   0   0   02151  -1   0   1   12138  -1  -2  -12126////////////
092300  -1  -2  -22300 -13 -35 -322249 -412202   0   0   12225  -1   0   0   12206  -1  -2  -22213////////////
092400  -1  -2  -22302 -14 -33 -322357 -452318   0   0   02337  -1   0   0   12307  -1  -2  -12306////////////
100100  -1  -2  -20001 -15 -41 -330003 -500046   0   0   00040  -1   0   1   10030  -1  -2  -20001////////////
100200  -1  -1  -10156 -11 -26 -250150 -430106   0   0   00115  -1   0   1   10157  -1  -1  -10155////////////
100300   0  -1  -10244  -8 -21 -210300 -260202   0   0   00226   0   0   0   10216   0  -1  -10241////////////
100400   0  -1  -10352  -8 -22 -210312 -230335   0   0   00319   0   0   0   10357   0  -1  -10353////////////
100500   0  -1  -10407  -8 -20 -200500 -220417   0   0   00419   0   0   0   00409   0  -1  -10408////////////
100600   0  -1  -10540  -7 -20 -190537 -210512   0   0   00554   0   0   0   00519   0  -1  -10536////////////
100700   0   2   20700  -9 -42 -190611 -420700   0   0   10649   0   0   1   10700   0   1   10700////////////
100800  10  61  610800 -14 -22 -220800 -470713   0   0   10705   7   3  16  160800   7  47  470800////////////
100900  34 150 1500900   0  29  310856 -220801   0   0   10834  25   9  39  390855  26 119 1190900////////////
101000  73 258 2581000  19  80  801000  270903   1   3   31000  54  19  66  661000  58 206 2061000////////////
101100 111 344 3441100  37 120 1221059  791002   1   4   51031  82  29  89  891056  89 277 2771059////////////
101200 126 338 3581144  46 120 1421142 1161106   1   4   81148  94  32  86  921143 101 267 2891143////////////
101300  97 220 3461217  29  56 1201219  401237   1   3   61209  73  24  53  901217  75 164 2731218////////////
101400  72 128 3131310  19   3 1011310   31400   1   2   51306  54  18  32  821310  54  94 2311310////////////
101500  59 164 2071430   4  15  331443 -161411   1   4   41500  44  15  42  551430  38 104 1231436////////////
101600  34  23 1631501  -1 -24  141501 -241600   1   1   41502  25   9   6  421501  23  17 1031501////////////
101700   5   1  241617 -16 -46 -251601 -571630   0   0   11609   4   1   1   61617   4   0  181617////////////
101800   0  -2   11701 -13 -40 -301743 -461701   0   1   11800   0   0   0   11701   0  -2   01701////////////
101900  -1  -2  -21801 -20 -43 -401801 -681837   0   0   11813  -1   0   1   11859  -1  -2  -21801////////////
102000   0  -1  -11929 -11 -28 -261938 -411901   0   0   01952   0   0   0   11906   0  -1  -11931////////////
102100   0  -1  -12035  -9 -25 -242032 -282001   0   0   02040   0   0   0   12016   0  -1  -12024////////////
102200   0  -1  -12150  -9 -22 -222200 -312123   0   0   02124   0   0   0   02122   0  -1  -12151////////////
102300   0  -1  -12250  -8 -20 -202256 -222203   0   0   02228   0   0   0   02203   0  -1  -12255////////////
102400   0  -1  -12327  -7 -21 -202336 -212359   0   0   02310   0   0   0   02344   0  -1  -12323////////////
110100   0  -1  -10031  -8 -21 -210058 -240036   0   0   00001   0   0   0   10041   0  -1  -10054////////////
110200   0  -1  -10133  -8 -22 -200120 -240144   0   0   00149   0   0   1   10124   0  -1  -10119////////////
110300   0  -1  -10209  -8 -22 -200252 -230218   0   0   00236   0   0   0   10213   0  -1  -10214////////////
110400  -1  -2  -10301 -14 -34 -240301 -510345   0   0   10329  -1   0   0   00302  -1  -2  -10301////////////
110500   0  -1   00437  -8 -28 -160440 -350404   0   0   00500   0   0   0   10436   0  -1   00437////////////
110600  -1  -2  -10502 -15 -42 -240504 -500528   0   0   10514  -1   0   0   00502  -1  -2  -10502////////////
110700   0   4   40700 -11 -17 -170700 -410601   0   0   00601   0   0   2   20700   0   3   30700////////////
110800   7  49  490800  -1   0   40751 -150701   0   0   00759   5   2  13  130758   6  39  390800////////////
110900  30 104 1040855   1  27  270900 -110818   0   0   10823  22   8  26  270855  23  82  820900////////////
111000  38 137 1371000  16  55  551000  290901   0   2   20950  29   9  34  341000  31 109 1091000////////////
111100  84 296 2961100  29  99  991100  571001   1   3   41042  62  22  77  771100  64 228 2281100////////////
111200 105 306 3081148  34 100 1031148  861112   1   4   51149  78  27  79  801108  81 236 2381108////////////
111300 110 303 3211243  35  93 1051244  881230   1   6   61258  82  28  77  831243  84 227 2461243////////////
111400  90 191 3031301  23  43  931301  391356   1   4   61325  67  23  47  761301  63 140 2261301////////////
111500  42  71 1881401   5  -2  421401  -21500   1   1   31417  32  10  18  461401  33  56 1411402////////////
111600  14  25  681501  -5 -19  -31501 -191600   0   1   11505  10   4   7  171501  11  21  541501////////////
111700   3   1  241601  -9 -30 -201601 -301655   0   0   11628   2   1   1   61601   3   1  201601////////////
111800   0  -1   11701 -11 -37 -281736 -391757   0   1   11734   0   0   0   11701   0  -2   11701////////////
111900   0  -1  -11830 -13 -34 -311830 -441845   0   0   11844   0   0   0   01820  -1  -1  -11832////////////
112000   0  -1  -11920  -9 -24 -241945 -341901   0   0   01925   0   0   0   01918   0  -1  -11919////////////
112100   0  -1  -12013  -9 -24 -242002 -252027   0   0   12055   0   0   0   12016   0  -1  -12013////////////
112200   0  -1  -12123  -9 -24 -242153 -252113   0   0   02154   0   0   0   02124   0  -1  -12150////////////
112300   0  -1  -12238  -9 -25 -242241 -252300   0   0   12253   0   0   0   12241   0  -1  -12241////////////
112400   0  -1  -12343  -9 -24 -232346 -262306   0   0   02352   0   0   1   12330   0  -1  -12328////////////
120100   0  -1  -10028  -8 -23 -210034 -250011   0   0   00043   0   0   0   10009   0  -1  -10025////////////
120200   0  -1  -10129  -7 -20 -200149 -230101   0   0   00101   0   0   0   10121   0  -1  -10127////////////
120300   0  -1  -10204  -8 -22 -200202 -220242   0   0   00207   0   0   0   00228   0  -1  -10234////////////
120400   0  -1  -10323  -8 -21 -210336 -220304   0   0   00306   0   0   0   10327   0  -1  -10326////////////
120500   0  -1  -10428  -7 -21 -200438 -220401   0   0   10453   0   0   0   10423   0  -1  -10428////////////
120600   0  -1  -10535  -7 -20 -200547 -210502   0   0   00552   0   0   0   10511   0  -1  -10511////////////
120700   0   4   40700  -7 -20 -200606 -210645   0   0   00611   0   0   2   20700   0   3   30700////////////
120800   7  41  410800  -4  -2  -20800 -190701   0   0   00722   5   2  10  100800   6  33  330800////////////
120900  33 141 1410900   4  17  190832  -10801   0   2   20900  25   8  36  360900  26 102 1020900////////////
121000  89 284 3520934  23  72 1100934  190901   1   4   50950  66  23  73  940934  68 222 2830934////////////
121100 124 277 3971037  36  76 1261037  731050   1   5   71050  92  32  70 1061037 102 195 3391037////////////
121200 111 293 3861119  34  98 1281119  731116   2   3   61131  82  29  74 1031119  81 221 2991119////////////
121300 121 367 3901251  40 118 1351251  971247   2   7   71259  90  31  95 1021251  88 256 2791251////////////
121400 124 335 4041319  34  84 1261320  561329   2   5   91338  92  32  86 1081319  68 141 2521319////////////
121500  88 147 3281401  14 -10  781401 -101500   2   6   81410  66  22  35  841401  43  99 1401401////////////
121600  38  51 1631502  -8 -35  -11503 -361544   1   1   61501  29   9  14  401503  28  41 1031509////////////
121700   7   1  501601 -17 -55 -341601 -561659   0   0   11616   5   2   2  131601   6   0  401601////////////
121800  -1  -2   11701 -20 -53 -531752 -561709   0   0   11715  -1   0   1   21701  -1  -2   01701////////////
121900  -1  -2  -21851 -18 -47 -471857 -531801   0   0   11817  -1   0   1   11818  -1  -2  -21840////////////
122000  -1  -2  -21912 -18 -56 -461910 -561959   0   0   11916  -1   0   1   11902  -1  -2  -21901////////////
122100  -1  -3  -22001 -23 -74 -572001 -742100   0   0   12046  -1   0   1   12024  -1  -3  -22001////////////
122200  -1  -4  -32101 -30 -79 -752101 -862117   0   0   12108  -1   0   1   12139  -1  -3  -32101////////////
122300  -1  -4  -42222 -28 -78 -742216 -802242   0   0   12244  -1   0   1   12259  -1  -3  -32223////////////
122400  -1  -4  -32330 -26 -67 -670000 -782302   0   0   12354  -1   0   1   12326  -1  -4  -32330////////////
130100  -1  -1  -10100 -19 -30 -300100 -680001   0   0   00022  -1   0   1   10022  -1  -1  -10100////////////
130200   0  -1  -10108 -11 -28 -280155 -330110   0   0   00147   0   0   1   10135   0  -1  -10102////////////
130300   0  -1  -10203 -10 -25 -250300 -290206   0   0   00213   0   0   1   10201   0  -1  -10249////////////
130400   0  -1  -10305  -9 -25 -250356 -270305   0   0   00335   0   0   1   10305   0  -1  -10321////////////
130500   0  -1  -10404  -9 -24 -240450 -260406   0   0   00451   0   0   0   10430   0  -1  -10432////////////
130600   0  -1  -10600  -9 -23 -230556 -240501   0   0   00528   0   0   1   10556   0  -1  -10557////////////
130700   0   2   20700  -8 -21 -210700 -240616   0   0   00614   0   0   1   10700   0   1   10700////////////
130800   4  23  230759  -5  -7  -70759 -210701   0   0   00747   3   1   6   60759   3  19  190759////////////
130900  15  62  620900   2  19  190900  -70801   0   0   00846  11   4  15  150900  12  51  510900////////////
131000  30 110 1101000  11  43  431000  190901   0   0   10952  23   7  27  271000  24  90  901000////////////
131100  47 166 1661100  20  76  761100  431018   0   0   21043  36  11  40  401100  38 136 1361100////////////
131200  62 179 1911146  26  70  831130  671111   1   2   31144  47  15  43  461146  50 144 1541146////////////
131300  69 171 2091229  28  63  871229  621258   1   2   41255  52  17  41  511229  56 139 1681229////////////
131400  58 137 1941304  20  40  761306  401400   1   2   41319  44  14  33  471304  46 110 1551304////////////
131500  42  84 1441407  10   9  431408   91500   0   2   21422  32  10  20  361408  34  67 1161408////////////
131600  19  37  821506  -3 -19   71506 -191556   0   0   11505  14   5  10  201506  16  30  661506////////////
131700   7   4  371601 -11 -35 -191601 -351658   0   1   11603   5   2   2  101601   6   3  301601////////////
131800   0  -3   41701 -18 -67 -351701 -671800   0   1   11759   0   0   0   11701  -1  -3   31701////////////
131900  -1  -4  -31801 -27 -75 -671802 -781826   0   0   11810  -1   0   1   11857  -1  -3  -31803////////////
132000  -1  -4  -41928 -26 -73 -721947 -771907   0   0   11908  -1   0   0   11912  -1  -4  -31926////////////
132100  -1  -2  -22054 -21 -37 -372100 -732001   0   0   12029  -1   0   1   22052  -1  -2  -12053////////////
132200  -1  -3  -12113 -15 -59 -332109 -622156   0   0   02149  -1   0   1   12126  -1  -3  -12111////////////
132300  -1  -3  -22223 -16 -50 -382217 -582201   0   0   02300  -1   0   1   12201  -1  -3  -22231////////////
132400  -1  -3  -32301 -19 -54 -442309 -572325   0   0   12318  -1   0   0   12301  -1  -3  -32355////////////
140100  -1  -3  -30001 -22 -54 -540100 -640038   0   0   10025  -1   0   1   10058  -1  -3  -30100////////////
140200  -1  -3  -30103 -21 -58 -540101 -590111   0   0   10112  -1   0   1   10101  -1  -3  -30103////////////
140300  -1  -3  -30300 -20 -48 -480300 -590211   0   0   10224  -1   0   0   10202  -1  -3  -30300////////////
140400  -1  -2  -10331 -11 -36 -200331 -460301   0   0   00344  -1   0   0   00355  -1  -2  -10331////////////
140500  -1  -2  -20500 -15 -32 -320500 -480440   0   0   00433  -1   0   0   00457  -1  -2  -20500////////////
140600   0  -1  -10600  -9 -18 -180559 -320504   0   0   00527   0   0   1   10513   0  -1  -10600////////////
140700   0   5   50700  -7 -18 -170627 -220643   0   0   00644   0   0   2   20700   0   4   40700////////////
140800   9  53  530800  -3   4   50758 -200719   0   0   00706   6   3  14  140800   7  41  410800////////////
140900  30 114 1140900   7  41  410900   30801   0   0   10857  22   8  29  290900  24  90  900900////////////
141000  45 126 1670957  15  36  580949  310916   0   2   20957  34  11  31  430957  34  93 1270957////////////
141100  72 278 2871052  21  97 1021052  221017   1   2   31011  53  19  74  771052  56 221 2291052////////////
141200 107 296 3381135  37 102 1261136  611110   1   3   51148  79  28  79  901135  84 232 2691135////////////
141300  98 191 3221241  32  40 1121241   51255   1   2   61229  72  26  49  851241  75 137 2461230////////////
141400  95 235 3091314  26  59  951315  161301   1   4   51348  70  25  61  831314  56 129 2001311////////////
141500  70 179 2291401  12  29  561405   31447   1   3   51405  52  18  46  591401  41 117 1271401////////////
141600  39  36 1791502  -3 -51  311504 -531559   1   2   31518  29  10   9  461503  27  25 1191503////////////
141700   7   1  381601 -16 -64 -291617 -641700   0   1   21601   5   2   1  101601   5   0  261601////////////
141800  -1  -3   11701 -19 -58 -401735 -661702   0   1   11704  -1   0   0   11701  -1  -3   01701////////////
141900  -1  -3  -31805 -22 -62 -581801 -621854   0   0   11801  -1   0   0   11851  -1  -3  -31835////////////
142000  -1  -3  -31919 -22 -64 -591919 -661935   0   0   11945  -1   0   1   11913  -1  -3  -31922////////////
142100  -1  -3  -32054 -22 -56 -562059 -662017   0   0   12019  -1   0   0   12046  -1  -3  -32053////////////
142200  -1  -3  -32200 -21 -54 -512107 -642134   0   0   12121  -1   0   1   12110  -1  -3  -32109////////////
142300  -1  -3  -32256 -18 -44 -442300 -592238   0   0   02246  -1   0   0   12201  -1  -3  -22255////////////
142400  -1  -3  -32304 -19 -54 -442302 -592319   0   0   02320  -1   0   1   12337  -1  -3  -22352////////////
150100  -1  -4  -30001 -21 -56 -540001 -610034   0   1   10007  -1   0   1   10053  -1  -4  -30001////////////
150200  -1  -3  -30157 -19 -47 -450157 -560102   0   0   10104  -1   0   0   10119  -1  -3  -30156////////////
150300  -1  -3  -30235 -18 -51 -470234 -540218   0   0   10204  -1   0   0   10217  -1  -3  -30236////////////
150400  -1  -3  -30310 -18 -48 -480400 -520333   0   0   10335  -1   0   1   10346  -1  -3  -30310////////////
150500  -1  -2  -20458 -16 -41 -400451 -480416   0   0   00414  -1   0   1   10500  -1  -2  -20500////////////
150600  -1  -3  -20523 -14 -40 -300521 -410501   0   0   00530  -1   0   1   10558  -1  -2  -20522////////////
150700  -1   5   50700 -13 -19 -150657 -410601   0  -1   00644  -1   0   2   20700  -1   4   40700////////////
150800  11  57  610752  -3   5   90757 -270709   0   0   00711   8   3  14  150752   9  44  460752////////////
150900  36 134 1340900   5  35  350900  -40810   0   1   10900  27   9  34  340900  27 101 1010900////////////
151000  60 214 2141000  18  66  661000  240910   0   3   31000  44  16  56  561000  46 166 1661000////////////
151100  90 293 2931100  30 102 1021100  681003   1   3   51053  66  24  78  781100  70 229 2291100////////////
151200 100 275 3041106  37 107 1211143  881157   1   3   51148  74  26  72  811106  78 212 2391106////////////
151300  80 253 2931211  27  69 1151204  391254   1   3   61209  59  21  68  771211  61 182 2261211////////////
151400  98 257 2991308  31  80  961313  721301   1   4   71348  72  26  67  801308  63 162 2031308////////////
151500  69 157 2631403  18  16  861403   41446   1   3   61430  51  18  42  691403  45 100 1621404////////////
151600  33  61 1531501  -7 -34  131501 -471540   1   1   41517  25   8  16  411501  22  44  971501////////////
151700  10   3  551601 -16 -51 -361630 -511659   0   1   21608   7   3   2  151601   7   1  401601////////////
151800  -1  -2   21701 -16 -45 -411748 -521701   0   0   11740  -1   0   1   11701  -1  -2   11701////////////
151900  -1  -2  -21837 -14 -36 -351856 -451802   0   0   11830  -1   0   0   11801  -1  -2  -21844////////////
152000  -1  -1  -12000 -12 -25 -251956 -391931   0   0   11935  -1   0   0   01957  -1  -1  -12000////////////
152100   0  -1  -12044  -8 -18 -162039 -312010   0   0   02021   0   0   1   12040   0  -1   02041////////////
152200  -1  -2  -12101 -12 -47 -192101 -472200   0   0   12154  -1   0   0   02101  -1  -3  -12101////////////
152300  -1  -3  -32202 -19 -49 -482201 -592214   0   0   12211  -1   0   0   12250  -1  -3  -22248////////////
152400  -1  -2  -12335 -13 -40 -212322 -482301   0   0   12350  -1   0   0   12302  -1  -2  -12334////////////
160100  -1  -3  -20016 -16 -44 -380014 -480032   0   0   00035  -1   0   0   10013  -1  -2  -20015////////////
160200  -1  -3  -20102 -15 -35 -350159 -440103   0   0   10145  -1   0   0   00129  -1  -3  -20102////////////
160300  -1  -2  -20244  -9 -18 -180300 -350201   0   0   00206  -1   0   0   10218  -1  -2  -20242////////////
160400  -1   0   00400  -5  -3  -30400 -220315   0   0   00311  -1   0   0   00351  -1   0   00356////////////
160500   0   0   00402  -2  -5  -30401  -60416   0   0   00409   0   0   0   00424   0   0   00401////////////
160600   0  -1   00517  -2  -6  -50516  -60553   0   0   00518   0   0   0   00542   0  -1   00528////////////
160700   0   2   20700  -2  -5  -50700  -60617   0   0   00608   0   0   1   10700   0   1   10700////////////
160800   3  19  190800   0   4   40800  -50701   0   0   00744   2   1   5   50800   3  15  150800////////////
160900   9  33  330900   3  11  110858   40805   0   0   00821   7   2   8   80900   7  26  260900////////////
161000  17  57  590942   6  24  241000  120901   0   0   00928  13   4  14  140942  14  46  470942////////////
161100  24  75  761041  10  34  341100  221018   0   0   11030  18   6  18  191041  19  61  621041////////////
161200  27  67  801111  12  28  371108  271134   0   1   11132  21   6  16  201106  22  54  651111////////////
161300  27  86  981231  11  33  411231  231211   0   1   11213  20   7  21  241231  22  70  801231////////////
161400  29  54 1261309  11  13  521309  101353   0   1   11330  22   7  13  321309  24  44 1031309////////////
161500  25  54 1171406   7  14  441406  111447   0   0   11429  19   6  14  301406  20  45  951406////////////
161600   9  13  531501   0  -8  131506 -101558   0   0   11528   7   2   3  131501   8  11  431501////////////
161700   3   1  171606  -4 -14  -61607 -141700   0   0   01609   2   1   0   41606   2   0  141606////////////
161800   0  -1   11701  -5 -14 -141750 -141719   0   0   01737   0   0   0   01702   0  -1   01701////////////
161900   0  -1  -11854  -5 -13 -131857 -141818   0   0   01831   0   0   0   01851   0  -1  -11855////////////
162000   0  -1  -11902  -5 -14 -131909 -141953   0   0   01912   0   0   0   02000   0  -1  -11907////////////
162100   0  -1  -12033  -5 -12 -122051 -142003   0   0   02059   0   0   0   02044   0  -1  -12033////////////
162200   0  -1  -12107  -5 -12 -122105 -132122   0   0   02110   0   0   0   02200   0  -1  -12200////////////
162300   0  -1  -12229  -4 -12 -122211 -132235   0   0   02235   0   0   0   02208   0  -1  -12249////////////
162400   0  -1  -12343  -4 -12 -122345 -132305   0   0   02329   0   0   0   02346   0  -1  -12345////////////
170100   0  -1  -10058  -4 -11 -110059 -130010   0   0   00017   0   0   0   00058   0   0   00059////////////
170200   0  -1  -10102  -4 -12 -110135 -120158   0   0   00151   0   0   0   00101   0  -1   00101////////////
170300   0  -1  -10238  -4 -11 -110238 -120209   0   0   00251   0   0   0   00238   0  -1   00238////////////
170400   0  -1  -10352  -4 -11 -110344 -120304   0   0   00310   0   0   0   00302   0  -1  -10346////////////
170500   0  -1  -10500  -4 -11 -110411 -120443   0   0   00429   0   0   0   00405   0  -1  -10500////////////
170600   0  -1  -10555  -4 -11 -110554 -120505   0   0   00525   0   0   0   00552   0  -1   00555////////////
170700   0   1   10700  -4  -9  -90700 -110620   0   0   00700   0   0   1   10700   0   1   10700////////////
170800   3  17  170800  -2  -2  -20800  -90701   0   0   00701   2   1   4   40800   2  14  140800////////////
170900   8  27  290847   1   4   60848  -20803   0   0   00859   6   2   7   70847   6  22  230847////////////
171000  14  50  500959   4  18  190957   40908   0   0   00909  10   4  12  120958  12  41  410958////////////
171100  18  55  571049   7  20  231049  151017   0   1   11045  14   4  13  141049  15  45  471049////////////
171200  29 123 1271153  12  51  551153  211101   0   1   11200  22   7  31  321153  24 100 1041153////////////
171300  61 186 2151258  22  66  771258  491202   1   1   21243  45  16  48  571258  48 147 1621258////////////
171400  77  86 4171333  26  18 1531333  141354   1   1   41347  57  20  21 1121333  58  68 2821333////////////
171500  30  40 1481433   6  -6  441433  -61459   0   1   21411  22   8  10  381433  25  33 1201433////////////
171600  12  23  551504  -3 -11   01506 -151535   0   0   11501   9   3   6  141504  10  18  441504////////////
171700   5   1  261603  -6 -23 -111603 -251655   0   0   11650   4   1   1   71603   4   0  211603////////////
171800  -1  -2   11701 -13 -41 -241707 -421758   0   0   11721  -1   0   0   11701  -1  -3   01701////////////
171900  -1  -2  -21828 -14 -37 -321853 -411841   0   0   11813  -1   0   0   11832  -1  -2  -21854////////////
172000  -1  -3  -21906 -16 -43 -361901 -481940   0   0   11912  -1   0   0   11940  -1  -3  -21903////////////
172100  -1  -2  -22048 -12 -35 -292047 -422001   0   0   02002  -1   0   0   02028  -1  -2  -12025////////////
172200  -1  -3  -22101 -13 -37 -342136 -432148   0   0   12147  -1   0   0   02153  -1  -3  -22101////////////
172300  -1  -2  -22253 -13 -38 -302247 -432221   0   0   12207  -1   0   0   02239  -1  -2  -22245////////////
172400  -1  -2  -22318 -11 -29 -292320 -382301   0   0   02326  -1   0   0   02318  -1  -2  -22336////////////
180100  -1  -2  -20002 -13 -43 -300001 -430058   0   0   00042  -1   0   1   10055  -1  -2  -20003////////////
180200  -1  -3  -30101 -15 -41 -410159 -470118   0   0   10119  -1   0   1   10141  -1  -3  -20102////////////
180300  -1  -3  -30252 -13 -32 -320252 -410205   0   0   00300  -1   0   0   10202  -1  -3  -30252////////////
180400  -1  -3  -20343  -9 -21 -200350 -320302   0   0   00301  -1   0   0   10343  -1  -2  -20343////////////
180500  -1  -3  -20434  -7 -19 -170453 -280421   0   0   10422  -1   0   0   00444  -1  -3  -20435////////////
180600  -1  -2  -20549  -6 -14 -110549 -200505   0   0   10527  -1   0   0   00551  -1  -2  -20551////////////
180700   0   3   30700  -3   0   00700 -170612   0   0   10634   0   0   1   10700   0   2   20700////////////
180800   3  18  180759   1  10  100759   00701   0   0   00757   3   0   3   30759   3  14  140759////////////
180900  11  22  490854   6  13  310855   90802   0   0   00900   9   2   3   80854   9  19  390854////////////
181000  26  98 1020956  14  47  510956   80902   0   1   10903  21   5  19  200957  21  80  840956////////////
181100  27  74  951001  11  29  461001  261029   0   1   11018  21   6  17  191001  22  60  781001////////////
181200  28  88  881200  11  35  351200  241136   0   0   11110  21   7  21  211200  23  71  711200////////////
181300  35  77 1121224  15  31  491223  311300   0   1   11226  27   8  18  271224  29  63  911224////////////
181400  25  55  791308   9  18  351309  171358   0   1   21329  19   6  13  181308  20  44  641308////////////
181500  16  34  561413   4   6  191405   61457   0   0   11446  12   4   8  131413  13  28  461413////////////
181600   6  14  331501  -1  -5   51501  -81539   0   0   11535   5   1   3   81501   5  11  271501////////////
181700   3   0  151608  -3 -12  -51609 -121659   0   0   01650   2   1   0   41608   2   0  121608////////////
181800   0  -1   01701  -5 -12 -121800 -131723   0   0   01713   0   0   0   01701   0  -1   01701////////////
181900   0  -1  -11844  -4 -10 -101900 -121801   0   0   01806   0   0   0   01839   0  -1  -11843////////////
182000   0  -1  -11948  -3 -11  -81945 -112000   0   0   01956   0   0   0   01948   0  -1  -11945////////////
182100   0  -1  -12059  -4 -11 -112100 -122037   0   0   02018   0   0   0   02100   0  -1  -12052////////////
182200   0  -1  -12109  -4 -11 -102108 -122142   0   0   02141   0   0   0   02109   0  -1   02108////////////
182300   0  -1  -12244  -4 -11  -92239 -112203   0   0   02227   0   0   0   02201   0  -1  -12201////////////
182400   0  -1  -12341  -4 -10  -92339 -152353   0   0   02323   0   0   0   02337   0  -1  -12316////////////
190100   0  -1  -10021  -3 -10  -80036 -110010   0   0   00048   0   0   0   00009   0  -1  -10007////////////
190200   0  -1  -10101  -5 -19 -100102 -200158   0   0   00138   0   0   0   00115   0  -1  -10103////////////
190300  -1  -2  -10217  -9 -30 -180214 -340249   0   0   10249  -1   0   0   00214  -1  -2  -10216////////////
190400  -1  -2  -10357  -9 -19 -160354 -330322   0   0   10323  -1   0   0   00356  -1  -2  -10355////////////
190500  -1  -2  -20406  -7 -22 -160404 -260434   0   0   10438  -1   0   0   00449  -1  -3  -20406////////////
190600  -1  -1  -10600  -5  -3  -30559 -230504   0   0   10505  -1   0   0   00520  -1   0   00600////////////
190700   0   4   40700  -1  -1  -10644  -30634   0   0   00631   0   0   1   10700   0   3   30700////////////
190800  10  46  490751   1  17  170800  -90716   0   0   10720   8   2  10  110751   8  37  390751////////////
190900  17  66  800846   8  31  390846  150858   0   0   10858  13   4  14  180846  14  53  650846////////////
191000  20 101 1011000  10  49  491000   90930   0  -1   10932  16   4  23  231000  16  82  821000////////////
191100  37  84 1541021  16  35  671021  321042   0   0   11033  28   9  21  371021  30  68 1251021////////////
191200  40 141 1441158  16  54  551157  301101   0   0   21145  30  10  35  361158  33 114 1171158////////////
191300  50 136 1551216  19  50  591216  461245   0   1   21242  38  12  34  381216  40 110 1251216////////////
191400  36 132 1321301  12  43  481301  191341   0   1   21336  27   9  33  331400  29 105 1071301////////////
191500  25  21 1351401   6  -3  451401  -31500   0   1   21413  19   6   5  341401  20  17 1071401////////////
191600   6   9  291540  -2  -8   11540  -81558   0   0   11505   4   2   3   71540   5   8  241540////////////
191700   2   1  101602  -4 -12  -81602 -121659   0   0   11634   2   0   0   31601   1   0   81601////////////
191800   0  -1   11701  -4 -11 -111744 -121708   0   0   01718   0   0   0   01701   0  -1   01701////////////
191900   0  -1  -11853  -4 -11 -111856 -121820   0   0   01900   0   0   0   01851   0  -1  -11852////////////
192000   0  -1  -11934  -4 -11 -101953 -111916   0   0   01903   0   0   0   01933   0  -1  -11955////////////
192100   0  -1  -12011  -4 -12 -102009 -122044   0   0   02020   0   0   0   02051   0  -1  -12054////////////
192200   0  -1  -12102  -4 -12 -112108 -122200   0   0   02129   0   0   0   02104   0  -1  -12104////////////
192300   0  -1  -12244  -4 -12 -122241 -132221   0   0   02218   0   0   0   02244   0  -1  -12243////////////
192400   0  -1  -12328  -4 -11 -112359 -122305   0   0   02312   0   0   0   02325   0  -1  -12325////////////
200100   0  -1  -10038  -4 -11 -110044 -120014   0   0   00008   0   0   0   00037   0  -1  -10035////////////
200200   0  -1  -10156  -4 -11 -110137 -110159   0   0   00115   0   0   0   00200   0  -1  -10155////////////
200300   0  -1  -10210  -4 -10 -100248 -110201   0   0   00217   0   0   0   00210   0  -1  -10211////////////
200400   0  -1  -10321  -4 -10 -100400 -110342   0   0   00313   0   0   0   00337   0  -1  -10323////////////
200500   0  -1  -10444  -4  -9  -90453 -110406   0   0   00407   0   0   0   00443   0  -1  -10442////////////
200600   0  -1  -10511  -3 -10  -80537 -100557   0   0   00544   0   0   0   00508   0  -1  -10507////////////
200700   0   1   10700  -3  -9  -90700 -100610   0   0   00604   0   0   1   10700   0   1   10700////////////
200800   3  13  130800  -2  -3  -30800  -80701   0   0   00728   2   1   4   40800   2  11  110800////////////
200900   9  38  380900   1   9   90900  -30801   0   0   00858   7   2   9   90900   7  31  310900////////////
201000  15  42  480956   4  12  140956   80917   0   0   10935  11   4  10  120950  12  35  400956////////////
201100  22  78  921049   7  27  331049   91009   0   1   11009  17   5  19  231049  18  64  751049////////////
201200  34 111 1121138  13  47  471200  281101   0   1   11153  26   8  27  271138  27  92  921200////////////
201300  28  53 1191203  10  13  521203  131259   0   1   21226  22   6  12  291203  23  43  991203////////////
201400  21  60  781322   6  15  251322  111357   0   1   11349  16   5  14  191322  17  49  641322////////////
201500  13  27  581401   1  -2  141401  -31428   0   1   11428  10   3   7  141401  11  22  481401////////////
201600   7  14  271503  -3  -9  -21502 -101536   0   0   11515   5   2   3   61501   5  11  221503////////////
201700   5   2  231632  -6 -40  -81630 -401659   0   1   11644   4   1   1   61632   4   1  191632////////////
201800   0  -2   11701  -8 -20 -171744 -391701   0   0   11701   0   0   0   11701   0  -2   01701////////////
201900  -1  -3  -21807 -11 -32 -201804 -421846   0   0   11837  -1   0   0   01858  -1  -2  -21805////////////
202000  -1  -2  -11934  -8 -22 -171928 -321901   0   1   12000  -1   0   0   01936  -1  -2  -11934////////////
202100  -1  -2  -22100 -11 -21 -212100 -372034   0   0   12006  -1   0   1   12100  -1  -1  -12100////////////
202200   0  -2  -12116  -6 -18 -162134 -212101   0   1   12158   0   0   0   12109   0  -2  -12114////////////
202300  -1  -1  -12300  -7 -19 -192205 -202230   0   0   12210  -1   0   0   02254  -1  -1  -12300////////////
202400   0  -1  -12334  -7 -18 -182351 -192319   0   0   02316   0   0   0   02332   0  -1  -12332////////////
210100  -1  -2  -10007  -8 -27 -180012 -280048   0   0   00053  -1   0   0   00007  -1  -2  -10008////////////
210200  -1  -2  -20156 -10 -26 -220151 -360111   0   0   00107  -1   0   0   00159  -1  -2  -20148////////////
210300  -1  -1  -10250  -7 -15 -150300 -260201   0   0   00211  -1   0   0   10250  -1  -1  -10245////////////
210400   0  -1  -10358  -5 -12 -120351 -150301   0   0   00311   0   0   0   00303   0  -1  -10327////////////
210500   0  -1  -10428  -4 -12 -120500 -130419   0   0   00456   0   0   0   10426   0  -1   00426////////////
210600   0  -1  -10550  -4 -10  -90553 -120501   0   0   00501   0   0   0   00545   0  -1  -10550////////////
210700   0   1   30654  -4  -9  -90656 -120626   0   0   00608   0   0   1   10653   0   1   30654////////////
210800   5  28  300754  -1   6   70757  -90703   0   0   00702   4   1   7   70755   4  23  240755////////////
210900  12  53  530900   3  17  180854   20826   0   0   00830   9   3  13  130900  10  44  440900////////////
211000  32 153 1531000  11  62  621000  170901   0   0   00925  24   8  39  391000  25 121 1211000////////////
211100  74 416 4161100  25 151 1511100  471028   0   2   31047  55  19 115 1151100  58 350 3501100////////////
211200 160 481 4811200  61 180 1811159 1581103   2   4   71152 116  44 136 1361200 136 411 4111200////////////
211300 162 433 4761210  54 138 1741201  841244   2   3   71220 116  46 123 1361210 110 168 4021201////////////
211400 140 374 4391307  36  81 1371301   31325   2   6   71320 101  39 104 1241307  46 107 1651301////////////
211500 116 263 3751401  21  38  831402  381459   2   5   71440  84  32  72 1041401  34  81 1071401////////////
211600  67 120 2601501   3 -20  371501 -201600   2   4   61511  49  18  30  711501  23  49  811501////////////
211700  21  10 1171601 -20 -81 -201601 -821659   1   2   51606  16   5   3  301601  10   6  491601////////////
211800  -1  -5   91701 -31 -84 -821701 -881735   0   1   21703  -1   0   1   31701  -1  -5   51701////////////
211900  -1  -4  -41900 -29 -75 -751900 -851802   0   0   11835  -1   0   1   11817  -1  -3  -31847////////////
212000  -1  -4  -41910 -27 -74 -741953 -761939   0   1   11927  -1   0   1   11954  -1  -4  -31901////////////
212100  -1  -3  -32059 -26 -71 -712100 -752039   0   0   12041  -1   0   1   12056  -2  -3  -32058////////////
212200  -1  -4  -32120 -25 -68 -672151 -712101   0   1   12200  -1   0   0   12101  -1  -4  -32101////////////
212300  -1  -5  -42247 -24 -67 -652243 -702233   0   1   12257  -1   0   0   12246  -2  -5  -32246////////////
212400  -2  -4  -42353 -25 -66 -652359 -712334   0   0   12316  -2   0   1   12353  -2  -3  -32352////////////
220100  -1  -3  -30055 -23 -63 -620054 -680034   0   0   10030  -1   0   1   10023  -1  -3  -30055////////////
220200  -1  -4  -30108 -22 -59 -590133 -630101   0   0   10151  -1   0   0   10108  -1  -4  -30107////////////
220300  -1  -4  -40235 -21 -58 -570240 -600243   0   0   10246  -1   0   1   10300  -1  -4  -30207////////////
220400  -1  -3  -30319 -20 -52 -520400 -580301   0   0   10340  -1   0   0   10309  -1  -3  -30357////////////
220500  -1  -2  -20457 -16 -35 -320453 -520401   0   0   10403  -1   0   1   10456  -1  -2  -20456////////////
220600  -1  -3  -20553 -14 -41 -280510 -470528   0   0   00557  -1   0   0   10542  -1  -3  -20551////////////
220700  -1  10  100700 -16 -40 -400700 -480614   0   0   10615  -1   0   4   40700  -1   7   70700////////////
220800  19 103 1030800  -7   7   70800 -400701   0   1   10759  13   6  28  280800  15  79  790800////////////
220900  52 130 2100852  10  29  600853   80801   0   2   20844  38  14  34  590852  40  98 1650852////////////
221000  70 185 2820946  19  51  900946  200915   1   2   30957  51  19  49  790946  54 140 2220946////////////
221100 116 380 3801100  38 131 1321054  491001   1   5   61058  84  32 107 1071100  92 302 3021100////////////
221200 139 403 4191138  48 138 1501138  791156   2   6   71147 100  39 114 1191138 109 309 3321138////////////
221300 138 445 4451300  46 162 1621300  601224   2   4   71255  99  39 126 1261300  94 246 3281213////////////
221400 118 390 4491301  35 110 1631301  551356   2   6   71352  86  32 109 1271301  71 186 2461301////////////
221500  89 129 3831401  16   6 1091401  -51441   2   3   81412  65  24  33 1071401  47  96 1841401////////////
221600  25  37 1891506  -3 -24  431506 -291555   1   1   31501  18   7  10  521506  20  30 1171505////////////
221700   9   3  481613 -10 -35 -161612 -361641   0   0   11645   6   3   2  141617   7   2  381617////////////
221800   0  -1   21701 -12 -33 -331800 -361719   0   0   11744   0   0   1   11701   0  -1   21701////////////
221900   0  -1  -11831 -11 -30 -301900 -331805   0   0   11812   0   0   1   11845   0  -1  -11828////////////
222000  -1  -1  -11901 -12 -31 -281956 -391916   0   0   11914  -1   0   0   11923  -1  -1  -11901////////////
222100  -1  -1  -12100 -12 -29 -282057 -452017   0   0   12018  -1   0   1   12056  -1  -1  -12058////////////
222200  -1  -1  -12155 -11 -24 -242155 -392133   0   0   12112  -1   0   0   12146  -1  -1  -12153////////////
222300   0  -1  -12247  -9 -21 -212300 -272229   0   0   02214   0   0   1   12240   0  -1  -12239////////////
222400   0  -2  -12321  -9 -21 -212340 -332350   0   1   12357   0   0   0   12321   0  -2  -12321////////////
230100   0  -1  -10050  -8 -22 -210002 -270040   0   0   10004   0   0   0   00050   0  -1  -10052////////////
230200   0  -2  -10117  -9 -28 -220101 -340156   0   0   10124   0   0   0   00115  -1  -2  -10114////////////
230300   0  -1  -10300  -9 -24 -240259 -300202   0   0   00213   0   0   0   00234   0  -1  -10300////////////
230400   0  -1  -10307  -9 -28 -230308 -280359   0   0   10316   0   0   0   00301   0  -1  -10324////////////
230500  -1  -2  -10419 -11 -34 -260421 -340436   0   0   00442  -1   0   0   00419  -1  -2  -10418////////////
230600  -1  -2  -20529 -12 -32 -290524 -440509   0   0   10510  -1   0   0   00529  -1  -2  -20528////////////
230700   0   1   10700 -10 -24 -240700 -310650   0   0   00631   0   0   1   10700   0   1   10700////////////
230800   3  29  290800  -7  -9  -90800 -240701   0   0   10727   2   1   8   80800   3  23  230800////////////
230900  12  60  630852  -2   8  100852 -150836   0   0   00836   9   3  16  170852  10  49  490852////////////
231000  36 171 1740959  10  66  680959  100928   0   0   10944  27   9  45  460959  29 140 1410959////////////
231100  52 166 1781048  17  59  661048  321018   0   2   21100  38  14  43  471048  42 133 1421034////////////
231200  62 216 2331156  21  82  911156  361141   1   3   31200  46  16  57  621156  50 166 1841156////////////
231300////////////////////////////////////////////////////////////////////////////////////////////////////////
231400  52  97 2361318  15  12  961318  101331   0   1   21328  38  14  25  621318  42  79 1851318////////////
231500  32  72 1181446   3  -1  271446  -51407   0   1   11407  24   8  19  311446  26  57  951446////////////
231600  17  31  721504  -5 -23  -11504 -271552   0   0   11512  12   5   9  191504  14  25  581504////////////
231700   5   1  301601 -11 -37 -241601 -371656   0   0   11611   4   1   1   81601   4   1  241601////////////
231800   0  -1   21708 -13 -36 -361708 -381714   0   0   01710   0   0   0   11707   0  -1   11708////////////
231900   0  -1  -11814 -13 -35 -341845 -361802   0   0   01840   0   0   0   01826   0  -1  -11813////////////
232000  -1  -2  -11946 -12 -34 -331950 -351901   0   0   01942  -1   0   0   01922   0  -1  -11946////////////
232100  -1  -2  -12030 -12 -32 -322058 -342009   0   0   02013  -1   0   0   02032  -1  -1  -12031////////////
232200  -1  -2  -12101 -11 -31 -312200 -332108   0   0   02112  -1   0   0   12146  -1  -2  -12129////////////
232300  -1  -2  -22254 -11 -30 -302300 -322212   0   0   02211  -1   0   0   02214  -1  -1  -12247////////////
232400  -1  -2  -22328 -11 -29 -292351 -312316   0   0   02310  -1   0   0   00000  -1  -1  -12327////////////
240100  -1  -2  -10033 -10 -29 -280029 -300012   0   0   00043  -1   0   0   10003   0  -2  -10031////////////
240200  -1  -2  -10136 -10 -27 -270147 -290107   0   0   00109  -1   0   0   10133   0  -2  -10134////////////
240300  -1  -2  -10219  -9 -26 -260230 -270201   0   0   00246  -1   0   0   10208   0  -1  -10213////////////
240400  -1  -2  -10347 -10 -27 -260304 -280353   0   0   00314  -1   0   0   00345  -1  -1  -10304////////////
240500  -1  -2  -10407  -9 -26 -250451 -270458   0   0   00445  -1   0   0   00401   0  -2  -10405////////////
240600  -1  -1  -10556  -9 -25 -250503 -260505   0   0   00520  -1   0   0   00507   0  -1  -10550////////////
240700   0   3   30700  -9 -22 -220700 -260607   0   0   00608   0   0   1   10700   0   2   20700////////////
240800   7  48  480800  -4   9   90800 -210701   0   0   00701   5   2  13  130800   5  38  380800////////////
240900  30 121 1300858  11  53  570858   80802   0   0   00900  22   8  32  340858  24  95 1010858////////////
241000  58 203 2100955  25  89  930955  460908   0   1   20954  43  15  53  550955  45 160 1610955////////////
241100  92 324 3311059  40 138 1421059  871009   1   3   31041  67  25  88  901059  70 236 2421059////////////
241200 129 314 6461113  54 135 3001113 1071127   1   5   71125  94  35  83 1871113  97 226 5371113////////////
241300  83 174 3231201  31  57 1421201  571300   1   2   61205  61  22  45  861201  64 142 2301201////////////
241400  57 139 1851307  17  33  671308  311342   1   1   31318  42  15  36  481307  46 113 1491307////////////
241500  40  84 1411401   7   3  371401   11455   0   2   21424  30  10  21  371401  33  68 1141401////////////
241600  19  37  791501  -6 -26   11501 -341527   0   1   21524  14   5  10  201501  15  30  651501////////////
241700   5   2  371601 -14 -44 -261601 -441700   0   0   11614   3   2   2  101601   4   1  301601////////////
241800  -1  -2   11701 -16 -43 -421757 -471721   0   0   01706  -1   0   1   11701  -1  -2   11701////////////
241900  -1  -2  -21814 -14 -39 -381859 -431802   0   0   01843  -1   0   1   11802  -1  -1  -11847////////////
242000  -1  -2  -21911 -13 -36 -361958 -391902   0   0   01933  -1   0   1   11906  -1  -1  -11959////////////
242100  -1  -2  -22017 -13 -35 -352100 -372051   0   0   02028  -1   0   1   12059  -1  -2  -12016////////////
242200  -1  -2  -12112 -12 -32 -322158 -352104   0   0   02115  -1   0   1   12107   0  -1  -12119////////////
242300  -1  -2  -12243 -11 -31 -312248 -332205   0   0   02235  -1   0   0   12224  -1  -1  -12201////////////
242400  -1  -1  -12332 -11 -29 -292330 -322306   0   0   02313  -1   0   0   02346   0  -1  -12348////////////
250100   0  -2  -10013 -10 -29 -280043 -300055   0   0   00005   0   0   0   10056   0  -2  -10046////////////
250200   0  -1  -10114 -10 -27 -270148 -290105   0   0   00144   0   0   0   00101   0  -1  -10118////////////
250300   0  -1  -10248 -10 -24 -240300 -280205   0   0   00212   0   0   0   10226   0  -1  -10255////////////
250400   0  -1  -10301  -9 -25 -240301 -260357   0   0   00324   0   0   0   00326   0  -1  -10302////////////
250500   0  -2  -10419  -9 -26 -240409 -270458   0   0   00439   0   0   0   10454   0  -1  -10414////////////
250600   0  -1  -10557  -9 -25 -240553 -260503   0   0   00539   0   0   0   00558   0  -1  -10519////////////
250700   0   1   10659  -9 -23 -230658 -250610   0   0   00611   0   0   1   10659   0   0   10659////////////
250800   6  28  340740  -4  -2   20740 -230701   0   0   00701   4   2   8  100740   4  22  270740////////////
250900  13  46  490855   1   9  110854  -40812   0   0   00841  10   3  12  130855  10  38  400855////////////
251000  25 117 1171000   8  52  521000   70916   0   1   10958  19   6  30  301000  20  95  951000////////////
251100  37  89 1431009  15  32  661009  211055   0   1   21052  28   9  22  371009  30  73 1171009////////////
251200  37 136 1401159  13  56  581159  211107   0   1   21157  28   9  35  361159  30 111 1141159////////////
251300  51  81 1981232  21  18  881232  181300   0   2   21256  38  13  20  511232  42  67 1631232////////////
251400  26  57 1081307   5   4  341307  -51349   0   1   21301  19   7  15  281307  21  46  901307////////////
251500  11  26  581407  -5 -16   41407 -211445   0   0   11407   8   3   7  151407   9  21  481407////////////
251600   9  30  361543  -5 -10  -61543 -211547   0   0   01554   7   2   8  101543   7  24  291543////////////
251700   4   0  291601  -8 -29 -101601 -291700   0   0   01626   3   1   1   81601   3   0  241601////////////
251800   0  -1   01701 -10 -28 -271743 -301712   0   0   01712   0   0   0   11701   0  -1   01701////////////
251900  -1  -1  -11855 -10 -27 -261858 -281801   0   0   01828  -1   0   0   01852   0  -1  -11853////////////
252000   0  -1  -11959  -9 -23 -231958 -271907   0   0   01930   0   0   0   11918   0  -1  -11954////////////
252100   0  -1  -12002  -8 -23 -222059 -232016   0   0   02016   0   0   0   02100   0  -1  -12001////////////
252200   0  -1  -12121  -7 -20 -202155 -222101   0   0   02133   0   0   0   02101   0  -1  -12115////////////
252300   0  -1  -12231  -7 -18 -182231 -202221   0   0   02238   0   0   0   02215   0  -1  -12214////////////
252400   0  -1  -12308  -6 -17 -162345 -182305   0   0   02359   0   0   0   02304   0  -1  -12308////////////
260100  -1  -2  -10031  -6 -18 -170034 -190056   0   1   20043  -1   0  -1   00019  -1  -2  -10022////////////
260200  -1  -1  -10159  -6 -12 -120200 -190107   0   0   10101  -1   0   0   00121  -1  -1  -10159////////////
260300  -1  -2  -10218  -4 -11  -90213 -130238   0   0   00250  -1   0   0   10247   0  -2  -10209////////////
260400  -1  -2  -20327  -4 -10 -100307 -120332   0   0   00308  -1   0   0   10335  -1  -2  -20358////////////
260500  -1  -1  -10454  -4 -13  -90405 -130456   0   0   00403  -1   0   0   00457   0  -1  -10500////////////
260600   0  -1  -10557  -4 -10  -90555 -140525   0   0   00534   0   0   0   00502   0   0   00555////////////
260700   0   7   70700  -5 -13 -100601 -150652   0   0   00625   0   0   1   10700   0   6   60700////////////
260800  14  42  770740   6  23  490740 -130701   0   0   00757  12   2   5   90740  11  35  610740////////////
260900  25 100 1000900  14  59  590900  230803   0   0   00816  22   3  11  110900  20  82  820900////////////
261000  40 140 1470912  22  71  890912  370928   0   0   10923  35   5  21  211000  32 112 1170912////////////
261100  80 282 3071037  31  95 1191037  711001   0   2   31057  63  17  69  711037  62 215 2381037////////////
261200 138 226 5321129  51  72 2111129  631156   1   3   51128 104  34  52 1341120 110 177 4361120////////////
261300  59 132 2591208  15  30  861209  271240   1   1   41216  45  14  30  611208  47 107 2011208////////////
261400  55 140 2171348  15  35  711348  281321   0   2   21400  42  13  32  521348  44 112 1621348////////////
261500  51 151 2111448  12  26  631448  201431   0   2   31456  39  12  36  521448  40 109 1591447////////////
261600  46  94 1721531   4  -8  311531  -81600   1   2   31541  35  11  23  431531  33  72 1101502////////////
261700  20  11 1051606 -12 -59  -31606 -591700   1   1   21613  15   5   3  261606  15   8  751606////////////
261800   0  -3  111701 -21 -61 -531747 -611800   0   1   11701   0   0   0   31701   0  -3   71701////////////
261900  -1  -2  -21900 -18 -33 -331900 -631805   0   0   11808  -1   0   0   01824  -1  -2  -21900////////////
262000  -1  -3  -11920 -13 -55 -291922 -551959   0   1   12000  -1   0   0   01930  -1  -3  -11918////////////
262100  -1  -3  -22036 -18 -55 -442050 -572007   0   0   12051  -1   0   1   12100  -1  -3  -22037////////////
262200  -1  -3  -32101 -21 -59 -532133 -632117   0   0   02118  -1   0   0   12101  -1  -3  -22133////////////
262300  -1  -3  -32300 -20 -50 -502300 -592204   0  -1   12240  -1   0   1   12300  -1  -2  -22300////////////
262400  -1  -3  -22354 -16 -37 -372357 -512305   0   0   02338  -1   0   1   12304  -1  -2  -22355////////////
270100  -1  -3  -30015 -12 -30 -300100 -370001   0   0   00024  -1   0   0   10002  -1  -3  -20033////////////
270200  -1  -3  -20121 -10 -23 -230200 -320145   0  -1   00146  -1   0   0   00101  -1  -2  -20200////////////
270300  -1  -1  -10258  -5  -7  -40256 -250208   0   0   00209  -1   0   0   00253   0   0   00259////////////
270400   0  -1  -10301  -2  -4  -30352 -110306   0   0   00327   0   0   0   10315   0  -1   00301////////////
270500   0  -1  -10451  -1  -4  -30445  -40405   0   0   00403   0   0   0   00414   0  -1  -10436////////////
270600   0  -1  -10544  -1  -4  -30542  -40600   0   0   00512   0   0   0   00503   0  -1  -10539////////////
270700   0   6   60700  -1   0   00700  -50603   0   0   00642   0   0   2   20656   0   5   50700////////////
270800   7  37  370800   2  13  130800   00701   0   0   00702   5   2   8   80800   6  29  290800////////////
270900  25  84 1160843  10  33  470844   80816   0   1   10900  19   6  20  280843  20  69  930843////////////
271000  52 165 2060949  22  72  830949  360901   0   1   20940  39  13  39  520949  41 127 1690949////////////
271100  52 123 1881028  22  51  801028  391010   0   1   31041  40  12  28  441028  41  98 1481028////////////
271200  43 187 1871200  16  71  711200  361135   0   0   21144  33  10  44  441200  35 155 1551200////////////
271300  77 174 2511227  29  57  981227  561259   1   1   41246  59  18  41  601227  62 140 1991227////////////
271400  57 130 1871311  18  36  621311  361400   1   2   21359  43  14  31  451311  45 103 1491312////////////
271500  51 133 2311446  14  36  771446  241416   0   3   31458  39  12  30  601446  37 107 1351447////////////
271600  21  30 1311501   0 -16  351501 -161600   0   0   31503  16   5   7  301501  17  26 1051501////////////
271700   5   2  301601  -8 -26 -161602 -261654   0   0   11623   4   1   1   71602   4   1  251601////////////
271800   0  -1   11701  -9 -24 -241800 -261711   0   0   01709   0   0   0   11701   0  -1   11701////////////
271900   0  -1  -11816  -8 -20 -201843 -241803   0   0   01814   0   0   0   11834   0  -1  -11815////////////
272000   0  -1  -11935  -7 -19 -181958 -211908   0   0   01954   0   0   0   01901   0  -1  -11936////////////
272100   0  -2  -12025  -7 -20 -182041 -202100   0   0   12055   0   0   0   02023   0  -2  -12025////////////
272200   0  -1  -12200  -7 -16 -162159 -212102   0   0   02102   0   0   0   02155   0  -1  -12159////////////
272300   0  -1  -12221  -6 -19 -162221 -192258   0   0   02244   0   0   0   02220   0  -1   02202////////////
272400   0  -1  -12333  -7 -18 -152341 -212348   0   0   02352   0   0   0   02323   0  -1  -12332////////////
280100   0  -1  -10059  -6 -11 -110100 -210019   0   0   00017   0   0   0   00014   0   0   00100////////////
280200   0  -1   00123  -3  -9  -90147 -110101   0   0   00147   0   0   0   00117   0   0   00119////////////
280300   0  -1   00203  -4 -10  -90204 -140220   0   0   00201   0   0   0   00249   0   0   00257////////////
280400   0  -1   00306  -5 -15 -100312 -170330   0   0   00345   0   0   0   00315   0  -1   00313////////////
280500   0   0   00451  -4 -10  -80445 -150406   0   0   00408   0   0   0   00453   0   0   00447////////////
280600   0  -1   00501  -4 -12 -100511 -140535   0   0   00515   0   0   0   00555   0  -1   00501////////////
280700   0   5   50700  -5 -10 -100700 -150628   0   0   00617   0   0   2   20700   0   4   40700////////////
280800   9  47  470800   0  12  120800 -100701   0   0   00753   7   2  12  120800   7  38  380800////////////
280900  27 105 1050900   9  42  420900  120801   0   0   00834  20   7  26  260900  22  84  840900////////////
281000  52 202 2180955  22  85  920955  400909   0   0   10948  39  13  49  540955  41 156 1680955////////////
281100  69 158 2291047  29  64  981046  641100   1   2   31011  53  16  36  541047  55 126 1791044////////////
281200  53 117 2121122  20  39  871122  281136   1   2   31132  41  12  27  501122  43  93 1671115////////////
281300  52 144 1761239  18  48  651239  291203   0   2   21257  40  12  33  421239  42 119 1461239////////////
281400  48  84 1591311  16  17  561309  171400   0   2   31346  37  11  19  381311  39  68 1291311////////////
281500  21  48  831401   1  -4  161401  -61451   0   1   21401  16   5  11  191401  17  38  671401////////////
281600  12  25  461501  -4 -14  -51501 -141600   0   0   11501   9   3   6  111501   9  20  371501////////////
281700   6   7  251601 -10 -49 -141601 -491700   0   1   11644   4   2   2   61601   4   5  201601////////////
281800   0  -3   61701 -22 -57 -511701 -641722   0   0   11709   0   0   0   21701   0  -3   51701////////////
281900  -1  -1  -11900 -14 -26 -261900 -571801   0   0   01803  -1   0   0   11858  -1  -1  -11900////////////
282000   0  -1  -11957  -8 -21 -211953 -261901   0   0   01928   0   0   0   11906   0  -1  -11956////////////
282100   0  -1  -12001  -8 -21 -212100 -252035   0   0   02032   0   0   0   02020   0  -1  -12018////////////
282200   0  -1  -12153  -7 -16 -162157 -212101   0   0   02124   0   0   0   02115   0  -1  -12157////////////
282300   0  -3  -12217  -5 -15 -112220 -152201   0   1   12254   0   0   0   02220  -1  -3  -12219////////////
282400   0  -1  -10000  -5 -15 -142330 -162351   0   0   02301   0   0   0   02309  -1  -1  -12336////////////
290100   0  -1  -10015  -5 -14 -140044 -150002   0   0   00009   0   0   0   00054   0  -1  -10056////////////
290200   0  -1  -10109  -5 -14 -140106 -150155   0   0   00157   0   0   0   00108   0  -1  -10107////////////
290300  -1  -3  -10213  -8 -32 -140210 -330254   0   1   10300  -1   0   0   00203  -1  -3  -10205////////////
290400  -1  -3  -20309 -16 -52 -310301 -520353   0   0   00314  -1   0   0   00310  -1  -3  -20307////////////
290500  -1  -3  -30424 -18 -49 -490500 -520402   0   0   10442  -1   0   0   00456  -1  -3  -30421////////////
290600  -1  -3  -30512 -17 -44 -440559 -490503   0   0   10554  -1   0   0   00501  -1  -3  -30541////////////
290700   0  17  170700 -14 -27 -270700 -440601   0   0   00632   0   0   3   30700   0  13  130700////////////
290800  27 137 1370800   0  37  370800 -260701   0   2   20750  23   4  20  200800  23 121 1210800////////////
290900  78 307 3070900  26  95  960858  390802   1   4   40900  64  14  67  670900  70 273 2730900////////////
291000 137 432 4321000  43 146 1490957  930901   1   4   50948 103  34 110 1101000 120 374 3760957////////////
291100 173 519 5251056  64 205 2101056 1481005   1   2   61035 129  44 134 1351056 150 454 4621056////////////
291200 194 550 5531155  78 224 2301158 1991104   2   3   71145 144  50 141 1421158 162 379 4781118////////////
291300 193 518 5591211  77 197 2341206 1901259   2   4   71213 144  49 132 1431206  66 122 3681201////////////
291400 179 456 5261305  60 129 1961303 1291400   2   6   71355 134  45 113 1331305  37  94 1211301////////////
291500 139 303 4531401  35  68 1261401  681500   2   5   71448 105  34  74 1121403  34  91  961412////////////
291600  79 141 3011501  10 -17  671502 -171600   2   4   71540  60  19  34  741501  29  62  911505////////////
291700  27  19 1391601 -19 -84 -181602 -841700   1   2   41605  20   7   5  331601  14  12  611601////////////
291800   0  -4  181701 -32 -88 -841701 -931725   0   1   21701  -1   1   1   51701   0  -4  111701////////////
291900  -1  -4  -31831 -31 -83 -831900 -891802   0   0   11844  -1   0   1   11900  -1  -4  -31832////////////
292000  -1  -3  -31958 -28 -75 -751958 -821903   0   0   11912  -1   0   1   11908  -1  -3  -31956////////////
292100  -1  -4  -32002 -26 -71 -712100 -752001   0   0   12017  -1   0   1   12047  -1  -4  -32002////////////
292200  -1  -4  -32133 -25 -69 -692149 -722111   0   1   12158  -1   0   1   12137  -1  -4  -32142////////////
292300  -1  -3  -32249 -24 -65 -642253 -712208   0   1   12210  -1   0   1   12216  -1  -3  -32248////////////
292400  -1  -4  -32350 -22 -63 -602350 -652315   0   1   10000  -1   0   0   12325  -1  -4  -32327////////////
300100  -1  -3  -30025 -22 -60 -590021 -630010   0   0   10001  -1   0   1   10046  -1  -3  -20023////////////
300200  -1  -1  -10200 -16 -27 -270200 -590108   0  -1   00130  -1   0   1   10121  -1   0   00200////////////
300300  -1  -2  -10206 -14 -44 -250205 -510237   0   0   10239  -1   0   0   10205  -1  -2   00205////////////
300400  -1  -2  -10339 -12 -38 -240335 -420301   0   0   00355  -1   0   0   10306   0  -2   00339////////////
300500  -1  -2  -10427 -12 -39 -260424 -420405   0   0   00404  -1   0   0   10437  -1  -2  -10426////////////
300600  -1   0   00600 -10 -12 -120600 -440508   0   0   10514  -1   0   1   10600  -1   0   00600////////////
300700   0   5   50700  -3  -5  -50700 -120602   0   0   00630   0   0   2   20659   0   4   40700////////////
300800   6  36  360800   0  10  100800  -50701   0   0   00713   4   2   9   90800   5  29  290800////////////
300900  22  93  930900   9  40  400900  110801   0   0   00847  17   5  23  230900  18  76  760900////////////
301000  38 113 1131000  17  50  520945  410901   0   0   10953  29   9  27  271000  31  92  921000////////////
301100  46 148 1481100  20  66  661100  511001   0   0   11018  35  11  35  351100  37 120 1201100////////////
301200  60 171 1801144  26  75  781144  641102   0   0   21133  46  14  41  431144  49 139 1461144////////////
301300  64 204 2051256  28  84  871258  691216   1   2   31237  49  15  49  491257  52 165 1661257////////////
301400  78 210 2511333  30  73 1001333  731400   1   3   41345  59  19  51  611333  61 162 1911333////////////
301500  51  94 2041404  15  15  701403  151500   1   2   41414  39  12  23  501404  41  75 1581404////////////
301600  22  36  921501   0 -12  141501 -121600   0   1   21501  17   5   9  221501  17  29  741501////////////
301700   7   4  361601  -7 -26 -131601 -261700   0   0   11615   5   2   2   91601   6   3  291601////////////
301800   0  -1   41701 -10 -26 -261702 -271728   0   0   11722   0   0   0   11701   0  -1   31701////////////
301900   0  -1  -11828  -9 -25 -251856 -261806   0   0   01806   0   0   0   01835   0  -1  -11825////////////
302000   0  -1  -11946  -9 -24 -231956 -261908   0   0   02000   0   0   0   11948   0  -1  -11947////////////
302100   0  -1  -12035  -8 -22 -222100 -242006   0   0   02008   0   0   1   12031   0  -1  -12030////////////
302200   0  -1  -12105  -8 -22 -212136 -222158   0   0   02122   0   0   0   12106   0  -1  -12103////////////
302300   0  -1  -12246  -8 -20 -202258 -232218   0   0   02256   0   0   0   12243   0  -1  -12246////////////
302400   0  -1  -12320  -7 -19 -192356 -202301   0   0   02302   0   0   0   00000   0  -1  -12357////////////
310100   0  -1  -10001  -7 -18 -180032 -190003   0   0   00047   0   0   0   00001   0  -1  -10009////////////
310200   0  -1  -10147  -6 -18 -180157 -180103   0   0   00120   0   0   0   00139   0  -1  -10117////////////
310300   0  -1  -10258  -6 -17 -170300 -180227   0   0   00241   0   0   0   00255   0  -1  -10257////////////
310400   0  -1  -10306  -6 -17 -160329 -180350   0   0   00331   0   0   0   00301   0  -1  -10302////////////
310500   0  -1  -10454  -6 -16 -160500 -170425   0   0   00403   0   0   0   00456   0  -1  -10457////////////
310600   0  -1  -10505  -6 -15 -150600 -160516   0   0   00510   0   0   0   00504   0  -1   00502////////////
310700   0   4   40700  -5 -12 -120700 -150621   0   0   00603   0   0   1   10700   0   3   30700////////////
310800   4  16  160800  -3  -4  -40800 -120701   0   0   00714   3   1   4   40800   3  13  130800////////////
310900   8  27  270900   0   4   40859  -40801   0   0   00835   6   2   7   70900   6  21  210900////////////
311000  18  65  680952   6  26  280954   40901   0   0   00936  14   4  15  160952  14  53  560952////////////
311100  25  75  771018  10  29  351016  231047   0   0   11042  19   6  17  181018  20  61  631018////////////
311200  24  71  751101   9  27  291101  211138   0   0   11108  19   5  16  171101  19  58  611101////////////
311300  26  64  751248   9  20  291203  201259   0   1   11219  20   6  14  171249  21  52  611249////////////
311400  24  63  731343   7  16  241324  161359   0   1   11334  18   6  14  171343  19  51  601342////////////
311500  20  41  641421   4   3  161420   31500   0   0   11424  15   5  10  151421  16  33  521421////////////
311600  10  17  401501  -1  -9   31501  -91600   0   0   11509   8   2   4  101501   8  14  331501////////////
311700   3   2  171601  -5 -17  -91602 -171700   0   0   11619   2   1   1   41601   2   1  141601////////////
311800   0  -1   21701  -6 -16 -161759 -181724   0   0   11714   0   0   0   11701   0  -1   11701////////////
311900   0  -1  -11833  -6 -15 -151859 -171808   0   0   01840   0   0   0   01801   0  -1  -11832////////////
312000   0  -1  -11920  -5 -17 -141927 -171959   0   0   01956   0   0   0   01920   0  -1  -11921////////////
312100   0   0   02057  -5 -10 -102058 -182026   0   0   02001   0   0   0   02049   0   0   02057////////////
312200   0  -1  -12101  -3  -9  -92158 -102104   0   0   02117   0   0   0   02147   0  -1  -12133////////////
312300   0  -1   02205  -3  -9  -92204 -102220   0   0   02246   0   0   0   02203   0   0   02207////////////
312400   0  -1   02331  -3  -9  -92336  -92309   0   0   02303   0   0   0   02343   0  -1   02342////////////
