58265 2010   011213603204    1    1    1    1    1    1   60---------------------------------------------V3.00
010100   3   6   70027 282129012990052 3730021   2   7   70056   1   2   5   60038   1   3   40035////////////
010200   2   5   70142 54412201737014612200200   3   7   70159   0   2   5   50142   1   1   30142////////////
010300   2   6   60248 247  7312820203  730300   3   7   70204   0   2   5   60252   1   2   30247////////////
010400   2   6   60357 123129613930359-2700314   2   7   70316   0   2   6   60357   1   3   30358////////////
010500   2   7   70458 424121014880406 9280415   2   6   70402   0   2   6   60455   1   4   40459////////////
010600   3   8   90537 418118814290510 8020531   2   6   70505   1   2   6   70520   2   5   60535////////////
010700   3   9   90700 447109415450621 9160645   2   7   70700   1   2   5   60622   2   5   50610////////////
010800  13  73  730800 452174517450800 9330710   3   7   90707  10   3  15  150800   9  54  540800////////////
010900  46 188 1880900 587164317920805 7080852   3   7   80832  38   8  30  300900  34 139 1390900////////////
011000  81 277 2800959 175-17616420913-3130958   2   7   70929  68  13  45  460959  60 204 2070959////////////
011100 113 349 3561051 -12  13  131059-1961001   3   8  101054  95  18  55  571051  83 256 2651051////////////
011200 136 361 4161134   5  13  161124  121103   3   9  101115 114  22  57  671134 101 260 3141134////////////
011300  59 161 3571201   5  13  131254  121238   3   8  131209  50   9  26  561201  46 130 2571201////////////
011400 103 256 3651315   4  13  131301  121329   4  15  221344  87  16  39  601315  62 154 2271315////////////
011500  84 185 2691406   4  12  131440  121432   6  15  221443  71  13  30  431406  48 109 1531401////////////
011600  46  80 1851501   4  12  131501  121504   5  15  221542  38   8  14  291501  29  53 1081501////////////
011700  14  10  781601   5  14  141700  121614   5  15  211641  11   3   4  141601   9   6  521601////////////
011800   3   8   91701   5  13  141707  131728   5  14  201712   1   2   5   61723   2   4   61721////////////
011900   3   8   81852   5  13  131821  121855   5  14  201811   1   2   5   51833   2   4   41832////////////
012000   3   8   81941   5  12  131922  122000   5  11  191911   1   2   5   51937   2   4   41942////////////
012100   3   8   82043   4  11  132006  102055   4  10  142041   1   2   5   52039   2   4   42043////////////
012200   3   8   82129   4  12  122143  102117   3   9  112142   1   2   5   62130   2   4   52128////////////
012300   3   8   82228   4  12  122246  122201   3   9  112241   1   2   5   62221   2   4   52230////////////
012400   3   7   82301   4  10  122308  102359   3   9  112312   1   2   5   52301   1   4   42301////////////
020100   3   8   80034   3   5  100001   50059   3   9  110011   1   2   5   50100   2   5   50031////////////
020200   3   8   80159   0  -2   50102  -40157   3   9  110142   1   2   6   60200   2   5   50200////////////
020300   3   8   80256   0   7   70300  -20238   3   9  120241   1   2   6   60257   2   5   50256////////////
020400   3   8   80301   3  10  110344   70301   3   9  120342   1   2   5   60301   2   4   50301////////////
020500   3   8   80438   4  10  110438  100500   3  10  120441   1   2   5   60439   2   4   50440////////////
020600   3   8   80510   4  10  100508   90555   3   9  120512   1   2   5   60510   2   4   50509////////////
020700   3   8   80700   2   3  100602   30659   3  10  120611   1   2   5   50650   2   5   50700////////////
020800   5  20  200800  -1   1   30704  -90735   4  12  140711   3   2   7   70800   3  15  150800////////////
020900  11  42  420853   3  10  100900   20801   4  11  140810   8   3  10  100852   8  32  320853////////////
021000  19  60  601000   4  12  120959  100901   4  11  140942  15   4  12  121000  15  46  461000////////////
021100  24  68  721024   4  12  131046  121006   4   8  131013  19   5  13  141024  19  53  561024////////////
021200  28  78  851151   4  12  131115  121134   3   9   91112  23   5  14  151151  22  61  661151////////////
021300  24  59  761201   4  12  131247  121233   3   9   91211  19   5  12  141201  18  45  591201////////////
021400  22  61  701353   4  12  131327  121358   3   8   91310  18   4  12  131353  17  48  551353////////////
021500  18  30  631408   4  12  121434  121457   3   9   91500  14   4   8  121408  14  22  501408////////////
021600   9  15  311518   4  12  131525  121559   3   9   91508   6   3   6   81521   6  10  231518////////////
021700   4   8  151602   4  11  121601  111700   3   8   91601   2   2   5   61618   3   5  101602////////////
021800   3   8   81701   4   9  111703   91759   3   8   91740   1   2   5   51735   2   4   51701////////////
021900   3   6   81818   3   3   91801   31900   3   9   91857   1   2   5   61819   1   3   51818////////////
022000   2   5   71921  -8 -31   21901 -401952   3   9   91910   0   2   5   61923   1   2   31921////////////
022100   2   5   62004 -15 -80 -132019 -802100   3   8  102015   0   2   5   52100   1   2   22055////////////
022200   2   6   62156 -26 -14  -92133-2162122   2   7   72110   0   2   6   62200   1   3   32156////////////
022300   2   6   72248  79 342 3502259 -832205   2   6   72229   0   2   5   72248   1   3   32248////////////
022400   2   6   62302 106 269 3652322 1922329   2   6   72321   0   2   6   62357   1   3   32301////////////
030100   2   6   70039  84 228 2790050 2080037   2   7   70052   0   2   5   60040   1   3   40039////////////
030200   2   8   80200  66 140 2530129 1230156   2   6   70138   0   2   6   60200   1   5   50200////////////
030300   3   9  100218  34 156 3060213-3030231   2   6   60243   1   2   6   70219   2   6   70217////////////
030400   3   9   90302 127 340 4410333 1520302   2   6   70342   1   2   5   60301   2   5   60301////////////
030500   3   8   90401  94 304 3370440 1520407   2   7   70450   1   2   5   50401   2   5   50402////////////
030600   3   8   90556  82 151 3320530 1060545   2   7   70515   1   2   6   60559   2   5   50558////////////
030700   3   9   90700  15  53 1400601 -280616   2   7   70614   1   2   6   60658   2   6   60700////////////
030800   5  23  230800  17 109 1370752-1420731   3   8   80713   3   2   7   70758   3  17  170800////////////
030900  13  47  480859  48 171 2430849 1000822   3   8   80817  10   3  11  110858   9  36  370859////////////
031000  20  97  971000  68 250 3560951 -510925   3   8   80917  16   4  18  181000  16  76  761000////////////
031100  62 214 2381056  20  15 2341001  151100   3   7   81049  52  10  35  381057  48 162 1791057////////////
031200  34  58 2181101   5  15  151101  141117   3   9  111127  28   6  12  351101  27  45 1651101////////////
031300  15  40  611206   5  15  151258  151225   3   8   91201  12   3  10  121206  11  30  471206////////////
031400  20  80  801400   5  15  151303  151400   3   8   91310  16   4  15  151359  15  63  631400////////////
031500  26  53  871408   5  14  151404  141448   3   8   91452  21   5  11  161408  20  41  681408////////////
031600  13  21  531502   5  14  141513  131539   3   8   91542  10   3   7  111502  10  15  411502////////////
031700   5   9  211601   5  14  141630  131636   3   8   81616   3   2   5   71601   3   5  151601////////////
031800   3   8   91701   5  14  141716  131746   3   8   81715   1   2   5   51750   2   5   51701////////////
031900   3   8   81858   5  14  141843  131835   3   8   81803   1   2   5   51825   2   5   51859////////////
032000   3   8   81907   5  14  141917  141959   3   8   81957   1   2   5   51938   2   4   51905////////////
032100   3   8   82027   5  14  142042  142049   3   8   92043   1   2   5   52038   2   5   52038////////////
032200   3   8   82108   5  14  152148  142136   2   7   72114   1   2   5   52144   2   5   52102////////////
032300   3   8   82300   5  15  152233  142253   2   7   72216   1   2   5   52204   2   4   52251////////////
032400   2   5   82305   4  -5  172340  -50000   3   7   82332   0   2   5   62317   1   2   52304////////////
040100   2   5   50001 -16 -82  -70001 -890058   3   7   80025   0   2   5   50010   0   1   20009////////////
040200   2   6   60155 -24 -24 -240200 -880127   2   7   70102   0   2   5   60132   1   2   30132////////////
040300   2   7   70300   4  36  470233 -260202   2   6   70216   0   2   6   60249   1   3   40249////////////
040400   2   8   80359  30 237 2650357  100325   2   6   70316   0   2   6   60400   1   5   50359////////////
040500   3   9   90426  54 201 2160454 1100425   2   6   60458   1   2   6   60427   2   5   60424////////////
040600   3   8   90503  79 208 2720518 1350541   2   7   70552   1   2   5   60501   2   5   50501////////////
040700   3  10  100700  87 280 2830625 1830648   2   7   70646   1   2   6   60700   2   6   60700////////////
040800   9  65  650800  78 156 2850704 1560800   3   8   80757   6   3  13  130800   7  49  490800////////////
040900  26  88  880900  49  65 1950849  650900   3   9   90847  21   5  15  150823  20  67  670900////////////
041000  38 100 1170953  10  20  590901  200956   3   8   90902  31   7  18  200953  30  79  940953////////////
041100  39 152 1581058   6  15  211002  141057   3   8   81021  32   7  25  261058  30 120 1241059////////////
041200  51 159 1641136   5  13  151106  131159   3   8   91150  43   8  26  261105  41 125 1321136////////////
041300 105 391 3991257   5  13  141201  121257   2   7   91243  88  17  62  641222  70 204 2501221////////////
041400 122 294 3971305   5  13  131337  121301   5  16  161353 103  19  45  611301  68 176 2061304////////////
041500  90 188 3161416   5  13  131454  121438   6  16  161442  76  14  30  501416  56 121 1971415////////////
041600  42  93 1751501   4  12  131530  121554   6  16  161506  35   7  18  281501  31  68 1151509////////////
041700  14  10  931601   4  13  131651  121648   6  16  161658  11   3   5  181601  10   6  671601////////////
041800   3   8  101701   5   8  131756   81800   6  17  171800   1   2   5   51755   2   5   61701////////////
041900   3   8   81818   5  13  131819  121801   6  16  161801   1   2   5   51810   2   4   51809////////////
042000   3   8   82000   4  12  131902  121954   6  17  172000   1   2   5   52000   1   4   42000////////////
042100   3   8   82012   4  12  132020  122003   6  15  172018   1   2   5   62011   2   4   52011////////////
042200   3   8   82101   4  12  132145  122109   5  13  132151   1   2   5   52101   1   4   42101////////////
042300   3   7   82232   4  12  122210  122226   5  13  132203   1   2   5   52230   1   4   42230////////////
042400   3   8   82359   4  12  122323  122348   5  13  132343   1   2   5   52358   1   4   42355////////////
050100   3   7   80003   4  12  120047  120010   5  13  130045   1   2   5   50002   1   4   40001////////////
050200   3   7   80138   4  11  120109  110158   5  14  140200   1   2   5   60141   1   4   40150////////////
050300   3   8   80213   4  12  120300   90241   5  15  150300   1   2   5   60214   1   4   50212////////////
050400   3   8   80358   6  18  190359  120301   6  16  160347   1   2   6   60400   2   5   50400////////////
050500   3   8   80444   5  14  180402  130420   6  14  160412   1   2   6   60447   2   5   50444////////////
050600   3   7   80502   5  13  140501  130513   5  15  150600   1   2   5   60501   2   4   50501////////////
050700   3   9   90700   5  15  160647  130616   5  16  160700   1   2   6   60658   2   5   50700////////////
050800   6  28  280800   5  15  150800  100740   7  19  200742   4   2   8   80800   4  21  210800////////////
050900  17  66  670858   5  13  160801  130857   6  16  190801  13   4  13  140858  13  51  520858////////////
051000  19  66  661000   4  13  130916   70911   6  16  170912  15   4  13  130901  15  51  511000////////////
051100  23  61  691028   5  12  131007  121056   6  15  161003  19   4  12  131027  18  47  531029////////////
051200  30 113 1131200   4  12  121103  121131   5  15  151109  25   5  19  191200  24  90  901200////////////
051300  50 172 1721300   4  12  121246  121230   5  15  151256  42   8  27  271300  40 136 1361259////////////
051400  50 158 1701301   4  12  121337  121314   5  15  161352  42   8  26  271353  39 124 1341301////////////
051500  67 169 2291424   4  12  121428  121416   6  16  161438  56  11  28  401424  42  99 1321423////////////
051600  42  43 1671501   4  12  121540  121505   6  15  161537  35   7   8  281501  26  28  981501////////////
051700  11  12  431617   5  14  141700  121610   6  16  161659   9   2   4   91618   7   6  271601////////////
051800   2   6  111701   4  16  181754   61730   6  19  191800   0   2   5   51756   1   2   51701////////////
051900   2   7   71900 -15-126  171801-1261900   7  20  211850   0   2   6   61900   1   4   41859////////////
052000   3   7   81942 -17  23  401948-1251901   7  20  201901   1   2   6   81927   2   4   51926////////////
052100   2   6   72012   7   5  232001   52100   7  18  202056   0   2   5   62001   1   3   42012////////////
052200   2   5   72120  -4   8   82200 -342134   5  15  162112   0   2   5   52126   1   2   32124////////////
052300   2   6   62206  -2  30  532250 -882214   5  12  152201   0   2   5   52251   1   3   32206////////////
052400////////////////////////////////////////////////////////////////////////////////////////////////////////
060100////////////////////////////////////////////////////////////////////////////////////////////////////////
060200////////////////////////////////////////////////////////////////////////////////////////////////////////
060300////////////////////////////////////////////////////////////////////////////////////////////////////////
060400////////////////////////////////////////////////////////////////////////////////////////////////////////
060500////////////////////////////////////////////////////////////////////////////////////////////////////////
060600////////////////////////////////////////////////////////////////////////////////////////////////////////
060700////////////////////////////////////////////////////////////////////////////////////////////////////////
060800////////////////////////////////////////////////////////////////////////////////////////////////////////
060900////////////////////////////////////////////////////////////////////////////////////////////////////////
061000////////////////////////////////////////////////////////////////////////////////////////////////////////
061100////////////////////////////////////////////////////////////////////////////////////////////////////////
061200////////////////////////////////////////////////////////////////////////////////////////////////////////
061300////////////////////////////////////////////////////////////////////////////////////////////////////////
061400////////////////////////////////////////////////////////////////////////////////////////////////////////
061500////////////////////////////////////////////////////////////////////////////////////////////////////////
061600////////////////////////////////////////////////////////////////////////////////////////////////////////
061700////////////////////////////////////////////////////////////////////////////////////////////////////////
061800////////////////////////////////////////////////////////////////////////////////////////////////////////
061900////////////////////////////////////////////////////////////////////////////////////////////////////////
062000////////////////////////////////////////////////////////////////////////////////////////////////////////
062100////////////////////////////////////////////////////////////////////////////////////////////////////////
062200////////////////////////////////////////////////////////////////////////////////////////////////////////
062300////////////////////////////////////////////////////////////////////////////////////////////////////////
062400   3   8   82328 -12 -63   22305-1152353  13   7 2662314   1   2   5   52354   1   4   42326////////////
070100   3   8   80058  79 722 7220100-1670004   4   6  920056   1   2   5   60058   1   4   40053////////////
070200////  64  640200   2////  63////   0////////  79  790200//// 840   3   30200   0   0   1////////////////
070300 264 263 2630300   0 9783790//// 97803001011   0////////////////////   1////   0   0   1////////////////
070400////   2  26////  26////   2////  26////   0////  97////////  38   0  60////  11  20  200400   0////////
070500 267 266 267//// 978   1   10500   10500   0   00103//////////////// 200////  11   9////////   0////   0
070600 267 266 267//// 977   0   0////   0//// 120   0   1//////////// 100////////////////////////   0////   0
070700////  69  690700   2////  67////   2////   2////  66////////  77   9////////  70   4   40700   1////   0
070800 267 269 2690800   0 267 977//// 2670800   0130113010800////////////////////  70   4   40800   1////   0
070900////   8  26////  26////   7////  26////  26////   8////////////   7   70900////   6   60900  10////  10
071000 270 269 2691000 267 268 2681000   0////1407401040101000//////////////////////// 200 2001000////////   0
071100 270 270 2701100 268 269 2691100   0//// 414   0   0//// 270   0   0 100////////////////////////////   0
071200////  63  631200   2////  65////   2////   2////  63////////////  64  641200   0////   9////////////   4
071300 267 267 268//// 267 267 2671300 26713004170425042501300////////1008////////////////   9////////////   4
071400////   3  27////  27////   0////  27////  26////   9////////////   9  27////  26////   9////   0////   4
071500 271 264 270//// 270 269 270////   0////4280   04280////98180089   0//////////////// 200////   9////////
071600 263   9 270//// 268 271 2711600 268////   0 973 9731600  81 182   0   1//// 100   0////////////////////
071700   2 916 9161700  70   2////////   21700  71   2////////   0   2////  69////  70   2////////  69////   0
071800 253195319531800 262 264 2641800 261////   0 9724230//// 253   0   01009////////////////////  69////   0
071900////   4  20////   1  25////////   9////   8  25////////////  26////   0////   0  26////////   1////  26
0720002101 265 2652000 266 264 264//// 264//// 972   0   0////2101   0210621062000//////////////// 200////   9
072100 265   3 210//// 268 260 267//// 2602100 265 267 2672100 265   0 404 4042100   6 213 2132100 101////////
072200   2 218 2182200 201   2   2////////////////  68  682200 -67  69   2////////////  66  662200////////  67
072300 268225622562300 268 268 269//// 267////   0 266 970////19402208416041602300////1010////////////////  67
072400   2   7   72359 596179217922308 8492312   2   6   72322   0   2   6   60000   1   4   40000////////////
080100   3   9  100027 575 67017920001 6700100   2   7   70100   1   2   6   70037   2   5   70025////////////
080200   3   9   90157 397172717900148 -120124   2   6   70115   1   2   5   50101   2   5   50200////////////
080300   3   9   90202 64317921792020416070201   2   7   70300   1   2   5   50203   2   5   50202////////////
080400   3   8   90306 63417921792030117630308   3   7   80336   1   2   5   50342   2   5   50301////////////
080500   3   9   90447 64517921792040117920401   3   8   80429   1   2   5   60455   2   5   50455////////////
080600   3   8   90501 64517921792050117920501   3   8   80600   1   2   5   60503   2   4   50501////////////
080700   3  10  100700 557115117920601 4880655   3   7   80604   1   2   6   60618   2   6   60700////////////
080800   7  31  310800  78-65017110707-8170757   3   8   80738   5   2   8   80800   5  23  230800////////////
080900  10  23  410806-122-307 2720854-6580827   3   9   90900   7   3   7   90806   8  17  310806////////////
081000  10  40  430958  24122512251000-6230912   3   8   90907   7   3   9  100957   8  30  330958////////////
081100  11  29  391009 276 47211621034-2091054   3   8   91007   8   3   8   91008   8  21  291009////////////
081200  11  39  471146  57 241 7431150-2451108   3   8   81106   8   3  10  111146   8  29  361146////////////
081300  25 108 1081300 111 -42 8731205 -531258   3   8   91250  20   5  19  191300  20  85  851300////////////
081400  31  66 1091302  19-144 2001315-2041355   3   9   91321  25   6  13  191301  24  51  861302////////////
081500  20  52  671401-108-251 -771404-8531438   3   8   91405  16   4  11  131401  15  39  511401////////////
081600  13  22  511501 -71-227-1101525-3201506   3   8   91526  10   3   7  111501   9  16  391501////////////
081700   5  10  211601 -66-155-1161633-2581608   3   8   91635   3   2   5   71602   4   6  151601////////////
081800   3   8   91701 -82-788-1391709-8161759   3   8   91706   1   2   5   51741   2   4   61701////////////
081900   3   8   81845-140-421-2901821-7341801   3   8   81820   1   2   5   51805   2   4   51844////////////
082000   3   8   81915-154-404-3041908-8461915   3   8   91907   1   2   5   51911   2   4   51913////////////
082100   3   8   82031-153-340-3302028-6052001   3   8   92006   1   2   5   52028   2   4   52029////////////
082200   3   8   82101-184-625-3132101-9102148   2   7   72136   1   2   5   52101   1   4   42200////////////
082300   3   8   82251-321-804-564220212722228   2   7   72235   1   2   5   52252   2   5   52251////////////
082400   3   8   82352-351-671-671000012792340   2   7   72306   1   2   6   62349   2   5   52351////////////
090100   3   8   80004-201-366-3620036-8710013   2   7   70008   1   2   5   60014   2   5   50003////////////
090200   3   8   80103-145-385-3290137-4600147   2   7   70107   1   2   5   60103   2   4   50103////////////
090300   3   8   80206-144-611-3350225-6110300   2   7   70237   1   2   5   50204   2   4   50205////////////
090400   3   8   80326-143-188-1810357-6730303   2   7   70336   1   2   6   60348   2   5   50347////////////
090500   3   8   80401 -80-207-1780410-3150439   2   7   70453   1   2   5   60434   2   4   50432////////////
090600   3   8   80515 -82-292-1690520-3230553   2   6   70534   1   2   5   50559   2   4   50557////////////
090700   3   9   90700-112-569-2630638-5690700   2   7   70608   1   2   6   60700   2   5   50700////////////
090800  10  65  650800-153-394-3520746-5720701   3   9   90754   7   3  12  120800   7  44  440800////////////
090900  35 127 1270900 -97 -22 -220900-4320826   3   9   90858  29   6  20  200900  25  92  920900////////////
091000  54 158 1600914   1  18  180957 -420908   3   9  100906  46   8  25  250914  40 123 1231000////////////
091100  74 252 2561059   5  14  181001  141059   3   9  101042  63  11  38  391059  57 189 1931059////////////
091200 114 271 3751126   5  13  141101  121139   4  11  121131  97  17  39  571123  82 205 2601127////////////
091300  87 237 2651201   5  12  131208  121239   4  10  121201  74  13  35  391211  67 182 2021201////////////
091400 105 228 4061347   4  12  131353  121341   3  12  121400  89  16  33  641347  72 174 2441348////////////
091500  60 105 2261401   4  12  131405  121431   4  10  121401  51   9  17  321401  46  81 1711401////////////
091600  20  38 1011501   4  12  131524  121507   3   9  101515  16   4   9  161501  15  28  781501////////////
091700   7  10  361601   4  12  121615  121617   3   9   91611   5   2   5   91601   5   5  271601////////////
091800   3   7   91701   4  13  131733  121706   3   8   91731   1   2   5   51701   1   4   51701////////////
091900   3   8   81853   5  13  141842  121807   3   8   91810   1   2   5   61855   1   4   41854////////////
092000   3   8   81936   4   7  131901   71953   3   8   91904   1   2   6   61959   1   4   41929////////////
092100   3   8   82100  -3 -18   92009 -252047   3   8   92003   1   2   6   62045   2   5   52100////////////
092200   3   8   92127   1  13  142146 -292105   2   7   72102   1   2   6   62137   2   5   62126////////////
092300   3   8   82201   1  -7  132201 -102251   2   7   72209   1   2   5   62201   1   4   52201////////////
092400   3   8   82319   1   8  112325  -92306   2   6   72349   1   2   6   62326   2   5   52325////////////
100100   3   8   80006   0 -16  100008 -160100   2   7   70039   1   2   5   60005   1   4   50005////////////
100200   3   8   80116  -8 -54  -70122 -540200   2   7   70129   1   2   5   60118   1   4   50115////////////
100300   3   8   80242 -21 -42 -420300 -730233   2   6   70203   1   2   5   60242   1   4   50241////////////
100400   3   8   80358 -13   3   40359 -900313   2   6   70339   1   2   6   60400   2   5   50400////////////
100500   3   8   80403  -6-117  380427-1370449   2   7   70453   1   2   5   60403   2   4   50402////////////
100600   3   8   80549 -55-323 -880509-3240556   2   7   70557   1   2   5   60549   2   4   50548////////////
100700   3   9   90700-116-302-2340645-3930621   2   7   70700   1   2   5   60639   2   5   50700////////////
100800   6  26  260800 -74-124-1240800-3110732   3   8   80701   4   2   8   80800   4  19  190800////////////
100900  15  53  540855  -9  15  190854-1140802   3   8   80828  12   3  11  110856  11  41  410856////////////
101000  26  91  940955   7  18  230919  170901   3   8   80931  21   5  15  160955  20  71  740955////////////
101100  38 122 1231058   6  15  181006  151059   3   9   91100  32   6  20  201057  30  97  971058////////////
101200  52 173 1731200   5  14  151107  141158   3   9   91148  44   8  27  271200  41 135 1351200////////////
101300  75 233 2401249   5  13  141201  121251   3  10  101233  63  12  35  361249  57 180 1821254////////////
101400  61 130 2311301   5  13  131341  121304   3   9  101322  52   9  21  351301  48 104 1781301////////////
101500  32  54 1301401   5  13  141456  131401   3   9  101413  26   6  11  211401  25  42 1041401////////////
101600  12  19  551505   5  13  171515  131558   3   8   91507   9   3   7  111505   9  13  421505////////////
101700   5   7  191602  -3  20 2611658-2791656   3   9   91648   3   2   5   71602   3   3  131602////////////
101800   2   7   71757 -26   1 2681724-6911713   3   8   91701   0   2   5   61732   1   4   41756////////////
101900   3   8   81838   1  14  141900 -291833   3   8   81801   1   2   6   61841   2   5   51841////////////
102000   3   7   81901   0  16  331951-2081954   3   8   91952   1   2   5   61902   1   3   51901////////////
102100   3   8   82059 -22   1  552001-4662013   3   8   82014   1   2   5   62045   1   4   42100////////////
102200   3   8   82105   0   3   72104  -32126   2   7   72149   1   2   5   62105   1   4   42106////////////
102300   3   7   82207  -6 -15   12201 -572253   2   7   72232   1   2   5   52208   1   4   42206////////////
102400   3   8   82359 -15   6   60000-1802331   2   6   72328   1   2   6   60000   1   5   50000////////////
110100   3   8   80052   9  14 1030016   40010   2   6   70026   1   2   6   60051   2   4   50051////////////
110200   3   8   80149   5  12  140101  120155   2   6   70106   1   2   6   60148   2   4   50147////////////
110300   3   7   80208   4  12  130202  120213   2   7   70233   1   2   5   60209   1   4   50208////////////
110400   3   8   80322   4  12  120304  120341   2   7   70305   1   2   5   50322   1   4   40322////////////
110500   3   7   80420   4  13  130455  120416   2   7   70409   1   2   5   50431   1   4   40432////////////
110600   3   8   80600   5  13  150508   30509   2   7   70517   1   2   5   50549   1   4   40557////////////
110700   3   8   80700   5  13  150648  130618   2   7   70636   1   2   5   50605   1   5   50700////////////
110800   5  28  280800   5  12  140703  120736   3   8   80753   3   2   8   80800   4  20  200800////////////
110900  23  99  990900   4  13  130857  120810   3   8   90851  18   5  18  180900  17  76  760900////////////
111000  48 235 2420959   4  12  130901  120950   3  10  100951  40   8  38  400959  35 163 1680959////////////
111100  94 232 3761018   4  12  121049  121005   4  10  121028  80  14  35  611018  69 179 2751018////////////
111200  87 305 3061159   4  12  121115  121118   4  11  111102  74  13  46  461159  66 202 2121144////////////
111300 128 435 4721242   4  12  121258  121216   4   9  111212 109  19  67  731242  74 194 2481206////////////
111400 113 226 4351315   4  12  131350  121301   4  11  141333  96  17  34  671315  64 164 1961316////////////
111500  62 122 2491402   4  12  121417  121457   3   9  111401  52  10  20  381402  46  92 1741403////////////
111600  27  43 1211501   4  12  121507  121553   3   9  101503  22   5  10  201501  20  32  921501////////////
111700   9  12  421604   4  12  121611  121633   3   8   91601   6   3   6  101604   7   7  321604////////////
111800   3   7  111701   4  12  121704  121712   3   9   91800   1   2   5   61701   2   3   71701////////////
111900   2   6   71842   4  12  121811  121842   3   9   91837   0   2   5   51842   1   2   41842////////////
112000   2   7   71926   4  13  131950  121926   3   8   91902   0   2   5   51927   1   3   41924////////////
112100   3   7   72057   5  14  182025  132002   3   8   82014   1   2   5   62057   1   4   42007////////////
112200   3   7   82121   4  12  142105  122139   2   7   72152   1   2   5   72121   2   3   62120////////////
112300   2   6   72234   5  13  142247  122207   2   7   72226   0   2   5   52212   1   3   42233////////////
112400////////////////////////////////////////////////////////////////////////////////////////////////////////
120100////////////////////////////////////////////////////////////////////////////////////////////////////////
120200////////////////////////////////////////////////////////////////////////////////////////////////////////
120300////////////////////////////////////////////////////////////////////////////////////////////////////////
120400////////////////////////////////////////////////////////////////////////////////////////////////////////
120500////////////////////////////////////////////////////////////////////////////////////////////////////////
120600////////////////////////////////////////////////////////////////////////////////////////////////////////
120700////////////////////////////////////////////////////////////////////////////////////////////////////////
120800////////////////////////////////////////////////////////////////////////////////////////////////////////
120900////////////////////////////////////////////////////////////////////////////////////////////////////////
121000////////////////////////////////////////////////////////////////////////////////////////////////////////
121100////////////////////////////////////////////////////////////////////////////////////////////////////////
121200////////////////////////////////////////////////////////////////////////////////////////////////////////
121300////////////////////////////////////////////////////////////////////////////////////////////////////////
121400////////////////////////////////////////////////////////////////////////////////////////////////////////
121500////////////////////////////////////////////////////////////////////////////////////////////////////////
121600////////////////////////////////////////////////////////////////////////////////////////////////////////
121700////////////////////////////////////////////////////////////////////////////////////////////////////////
121800////////////////////////////////////////////////////////////////////////////////////////////////////////
121900////////////////////////////////////////////////////////////////////////////////////////////////////////
122000////////////////////////////////////////////////////////////////////////////////////////////////////////
122100////////////////////////////////////////////////////////////////////////////////////////////////////////
122200////////////////////////////////////////////////////////////////////////////////////////////////////////
122300////////////////////////////////////////////////////////////////////////////////////////////////////////
122400   3   8   82304   4   9  122334   82359   3   8   92318   1   2   6   62304   2   4   52303////////////
130100   3   8   80046   3   9  120013   20040   3   8   90013   1   2   6   60046   2   4   50046////////////
130200   3   7   80117   4  10  130115   70110   3   8   90115   1   2   5   60117   2   4   50117////////////
130300   3   8   80300   4  13  130256   70242   3   9   90300   1   2   7   70300   2   5   50258////////////
130400   3   7   80301   5  12  130339  120355   3   9  100327   1   2   5   70311   2   3   50311////////////
130500   2   6   70401   4   8  130401   80453   3   7   90401   0   2   5   50500   1   3   30500////////////
130600   3   7   80527   3  10  110556   50513   3   7   80528   1   2   5   60523   1   3   50527////////////
130700   3  10  100700   3   6  110602   50654   2   6   80603   1   2   6   60700   1   6   60700////////////
130800  11  63  630800   2  12  120759   30731   3   8   80747   8   3  12  120800   8  48  480800////////////
130900  41 185 1860858   5  13  140839  120801   3  12  120858  34   7  29  290858  30 136 1360858////////////
131000  87 294 2941000   5  13  130903  120933   5  15  150957  74  13  44  441000  63 211 2111000////////////
131100 127 400 4031059   4  12  131008  121050   5  16  161041 108  19  59  601059  91 285 2871059////////////
131200 143 350 4861125   4  12  131126  121153   6  15  161129 122  21  49  721125  98 245 3241125////////////
131300 135 277 4891240   4  12  131222  121243   6  16  161208 115  20  38  731240  83 194 2671234////////////
131400  81 197 3911315   4  12  131302  121322   6  16  161301  69  12  30  591315  57 153 2101309////////////
131500  55 106 2761409   4  12  121403  121452   5   9  161411  47   8  17  431409  41  83 1791408////////////
131600  38  68 1341515   4  12  121504  121552   3   9   91544  32   6  13  221515  29  53 1031515////////////
131700  13  15  681601   4  12  121641  121633   3   8   91601  10   3   6  131602   9  10  521601////////////
131800   3   7  141701   4  12  121736  121714   3   8   91726   1   2   5   61701   2   4   91701////////////
131900   3   7   71900   4  12  121900  121845   3   8   81804   1   2   5   61814   1   4   41814////////////
132000   3   7   81954   4  12  121937  121947   4  15  151958   1   2   5   51927   1   4   41953////////////
132100   3   8   82059   4  12  122041  122023   5  14  152021   1   2   5   52059   1   4   42059////////////
132200   3   7   82136   4  12  122105  122149   4  12  122157   1   2   5   62136   1   4   42136////////////
132300   3   7   82232   4  12  122233  122239   4  12  122220   1   2   5   62230   1   4   42226////////////
132400   3   8   82347   4  12  122333  122303   4  11  122349   1   2   5   62347   1   4   42346////////////
140100   3   8   80005   4  12  130047  120003   4  12  120013   1   2   5   50005   1   4   40005////////////
140200   3   8   80148   4  12  130121  120138   4  11  120111   1   2   5   50147   1   4   40130////////////
140300   3   8   80252   4  12  130231  120247   4  11  110213   1   2   5   60253   1   4   40250////////////
140400   3   7   80332   5  12  130347  120327   4   9  110330   1   2   5   60304   1   4   40304////////////
140500   3   8   80428   3   5  120401   50453   3   9  100428   1   2   5   50500   1   4   50426////////////
140600   3   8   80546   1   2   60545  -20539   3   6   90502   1   2   5   60538   2   4   50545////////////
140700   3   9   90700   0  -2   60616  -90648   2   6   70601   1   2   6   60646   2   5   50700////////////
140800   6  25  250800  -2  -4  -10707 -100727   2   7   90710   4   2   8   80800   4  19  190800////////////
140900  13  40  420856   4  13  140827  -30807   3  12  180843  10   3   9  100856  10  30  320856////////////
141000  19  62  620959   5  13  130905  120952   5  14  140942  15   4  12  120959  15  48  490958////////////
141100  27  83  861054   4  12  131009  121052   5  14  151039  22   5  14  141054  21  66  681054////////////
141200  31  90  951146   4  12  131139  121200   5  15  191113  26   5  15  151147  24  71  751147////////////
141300  33  80  981229   4  12  121241  121231   5  15  211212  28   5  14  161224  26  64  781229////////////
141400  27  66  851319   4  12  121311  121332   5  15  191310  22   5  12  141319  21  52  671319////////////
141500  20  43  661402   4  12  121437  121433   5   9  181443  16   4   9  121406  15  33  521402////////////
141600  12  26  421501   4  12  131538  121502   4  11  121521   9   3   7   91501   9  19  321501////////////
141700   6  10  251601   4  13  131650  121652   4  11  121608   4   2   5   71601   4   6  181601////////////
141800   3   8  101701   5  14  141758  121713   4  12  131759   1   2   5   51721   2   4   61701////////////
141900   3   8   81857   5  14  141831  141859   4   9  151811   1   2   5   51827   1   4   41827////////////
142000   3   8   81928   5  14  141904  131951   4  11  121901   1   2   5   51928   2   4   41927////////////
142100   3   8   82020   5  13  142018  132058   4  11  172041   1   2   5   52013   2   4   42059////////////
142200   3   8   82148   5  13  132105  122148   4  10  162140   1   2   5   52127   2   4   42125////////////
142300   3   8   82214   5  13  132246  122212   4  10  142239   1   2   5   52257   2   4   42254////////////
142400   3   8   82359   5  13  132327  122338   4  10  142312   1   2   5   52329   2   4   42351////////////
150100   3   8   80001   5  13  130051  120015   3  10  150011   1   2   5   50051   2   4   50050////////////
150200   3   7   80101   5  13  130116  130126   3   9  150111   1   2   5   50101   2   4   40120////////////
150300   3   8   80246   4  12  130207  110230   3   8  140241   1   2   5   60245   1   4   50242////////////
150400   3   8   80349   4  12  120301  110330   3   8  130340   1   2   5   60350   2   4   50349////////////
150500   3   8   80439   4  12  120408  110416   3   7  110439   1   2   5   50401   2   4   40452////////////
150600   3   8   80559   4  10  120502  100544   3   7  120512   1   2   5   60559   1   4   40501////////////
150700   3  10  100700   3   8  100602   70628   2   7  120611   1   2   6   60659   2   6   60700////////////
150800   9  35  350800   1  11  110759  -30733   2   7  140711   6   3   9   90741   6  26  260800////////////
150900  19  56  660843   5  14  140841  110801   3   8  150841  15   4  11  130843  14  44  510843////////////
151000  55 213 2600945   5  13  140913  120949   4  13  190942  46   9  32  410945  41 154 1850945////////////
151100  65 268 3841054   5  12  131025  121006   5  14  211041  55  10  39  591054  46 184 2681054////////////
151200 128 446 5231152   4  13  131140  121104   6  16  211112 109  19  65  781152  78 239 2581156////////////
151300 133 414 5441210   5  13  131244  121201   6  16  251209 114  19  62  811210  79 202 2731221////////////
151400 136 313 4431301   5  13  131350  131301   6  16  241308 116  20  47  681301  66 168 2041301////////////
151500  95 151 3791407   5  13  131409  121455   5  11  241407  80  15  24  591407  45  74 1741406////////////
151600  23  36 1481501   4  12  131512  121553   4   9  111501  19   4   9  241501  11  19  721501////////////
151700  14  22  471621   4  13  131654  121619   3   9  101647  11   3   6  101609   8  13  261627////////////
151800   3   5  211701   4   1  131726   11800   3   9  101719   1   2   5   61701   1   1  131701////////////
151900   2   5   61850 -23-163   01801-1631859   3   9   91857   0   2   5   61847   1   1   31850////////////
152000   2   6   61921 -48-153-1141918-1731901   2  -3   91930   0   2   6   61919   1   3   31922////////////
152100   2   6   62027 -98-397-1452001-3972100   0  -3   32006   0   2   6   62002   1   2   32027////////////
152200   2   6   62157-190-564-3552130-7642142  -1  -5   32106   0   2   6   62126   1   3   32156////////////
152300   2   6   62253-283-936-5582201-9362300  -1  -3   12238   0   2   6   62248   1   3   32228////////////
152400   2   6   62317-279-581-5392357-9832305  -2  -8  -12338   0   2   6   62359   1   3   32359////////////
160100   2   6   60048-235-517-4930002-8950017  -2  -7  -30037   0   2   6   60001   1   3   30044////////////
160200   2   6   70159-161-430-3650119-5950124  -1  -2  -10110   0   2   6   60153   1   3   30156////////////
160300   2   6   60201-171-351-3510300-6740254  -1   0   20210   0   2   5   60222   1   2   30217////////////
160400   2   6   60308-166-421-3420339-5260308   0  -1   40340   0   2   6   60353   1   3   30315////////////
160500   2   6   70432-179-493-4060408-5980451   0  -1   40442   0   2   5   60401   1   3   30412////////////
160600   2   6   70510-239-917-448052410100547   0   2   50512   0   2   6   60522   1   2   30544////////////
160700   2  10  100700-296-580-5800700-9870608   1   2   70612   0   2   6   60659   1   5   50700////////////
160800  13  71  710800-189-517-4580741-6410702   2   8   80750  10   3  14  140800   9  52  520800////////////
160900  41 154 1540900-173-427-4060859-5500809   3  11  110859  34   7  24  240900  30 116 1160900////////////
161000  70 235 2351000 -98-197   60947-5320916  16  54  850952  59  11  38  381000  52 173 1731000////////////
161100  85 255 2551100 -26  16  271024-4171012   5  11  491001  71  14  42  421100  62 182 1821100////////////
161200 112 387 3871200   5  13  171104  131158   4  11  121146  94  18  59  591200  65 191 1961118////////////
161300 145 397 4301226   5  13  131201  131251   4  11  131218 123  22  59  631226  67 184 1941218////////////
161400 135 325 4301309   5  13  131310  131332   4   9  131345 115  20  49  631309  63 165 1841308////////////
161500  97 203 3181401   5  13  131416  131441   4   9  121409  82  15  33  481401  54 120 1661415////////////
161600  49  49 2011501   5  13  131513  121554   4  10  101520  41   8  10  331501  31  35 1201501////////////
161700   9  16  471601   5  13  131658  121612   3  10  101601   7   2   5   91601   6  10  341601////////////
161800   3   5  151701   9  39  391800  131701   3   9  101713   1   2   5   51701   1   2   91701////////////
161900   2   5   61843  15  34  491830  341859   3   8   91805   0   2   5   61843   1   2   21844////////////
162000   2   5   61913  10  21  341901  212000   3   8   81904   0   2   5   61914   1   2   31914////////////
162100   2   5   62038   2  -6  222003  -62100   3   8   92005   0   2   5   62044   1   1   22041////////////
162200   2   6   62114  -9 -30  -22102 -472142   2   7   72132   0   2   5   62113   1   2   32112////////////
162300   2   6   62234 -17-102   22223-1252247   2   6   72207   0   2   5   62234   1   3   42234////////////
162400   2   7   70000 -61-139 -962301-2332339   2   6   72304   0   2   6   60000   1   3   32329////////////
170100   3   9   90046-126-398-1360002-8500013   2   6   60002   1   2   6   60038   2   5   60046////////////
170200   3   8   90101-117-296-2700118-5470103   2   6   70142   1   2   6   70133   2   5   50104////////////
170300   3   8   80201 -58   1  120254-3190201   2   7   70256   1   2   6   60203   2   4   50201////////////
170400   3   8   80400   0   1   90312 -130349   2   6   70342   1   2   5   60327   1   4   40357////////////
170500   3   8   80446   6  20  220446   10401   2   7   70453   1   2   5   60412   2   4   50412////////////
170600   3   8   80531   9  30  300600  140507   2   7   70540   1   2   5   60532   2   5   50531////////////
170700   3   9   90700   6   3  300605   30657   2   7   70700   1   2   5   50602   2   5   50700////////////
170800   6  27  270800   2  11  150744  -10706   3   8   80701   4   2   8   80800   4  20  200800////////////
170900  14  58  580900  10  30  330818  110801   3   8   80900  11   3  11  110900  11  45  450900////////////
171000  32 123 1231000   8  17  300901  171000   3   8   81000  27   5  19  191000  26  98  981000////////////
171100  62 234 2371059   5  13  181006  131100   3  10  101059  53   9  34  351058  49 182 1831059////////////
171200  91 257 2661125   5  13  131101  131134   4   9  121145  78  13  37  381125  71 202 2061144////////////
171300 112 371 4371246   5  13  131211  121243   4  12  121300  96  16  55  661246  80 211 2621246////////////
171400 127 314 4201311   5  13  131350  131305   4  10  141326 108  19  47  641311  70 172 2251311////////////
171500  89 190 3121401   5  13  131412  121456   4  10  121406  75  14  30  461401  52 118 1711401////////////
171600  50  92 1881501   5  13  131508  121553   4   9  111508  42   8  16  301501  32  61 1171501////////////
171700  19  18  901601   5  13  131700  121612   3  10  101655  16   3   4  161601  12  10  601601////////////
171800   2   5  171701   6  16  191749  131701   3   9  101703   1   1   4   41800   1   1  101701////////////
171900   2   9   91900  -3   6  161801 -391845   3   7   91802   0   2   8   81856   1   6   61856////////////
172000   3   6   91901   5  14  141954   71901   3   8   91948   1   2   5   81905   1   3   61905////////////
172100   3   8   82030   5  14  152013  142044   3   8   92006   1   2   6   62050   1   4   52031////////////
172200   3   8   82149   5  14  152129  142148   2   7   72120   1   2   5   62103   1   4   52151////////////
172300   3   8   82247   5  13  142209  132257   2   7   72222   1   2   5   52247   2   4   52249////////////
172400   3   8   82347   5  13  132322  122338   2   6   72352   1   2   5   62346   2   5   52346////////////
180100   3   8   80027   4  11  130023  100042   2   5   70036   1   2   5   60027   2   4   50027////////////
180200   3   8   80121   4  12  120150   90113   2   6   60123   1   2   5   60121   2   5   50120////////////
180300   3   8   80244   4  10  120216   90258   2   5   60222   1   2   5   50244   2   4   50242////////////
180400   3   8   80311   2  -3  110303  -30356   2   3   60303   1   2   5   50313   2   4   50311////////////
180500   3   8   80459  -3 -13  -30438 -140426   1   1   40401   1   2   5   50457   2   5   50459////////////
180600   3   8   80508  -2 -11   10515 -130552   1   6   70552   1   2   5   60521   2   4   50507////////////
180700   3   8   80655  -3  -6  -30650 -290604   2   7   70700   1   2   5   60647   2   5   50650////////////
180800   4  14  140800   0   6   60800  -80705   3   8   80701   2   2   6   60800   3  10  100800////////////
180900   7  28  280900   4  13  130858   60801   3   8   80844   5   2   8   80900   5  21  210900////////////
181000  14  47  480957   6  16  170939  130902   3   8   90952  11   3  10  100957  11  37  370957////////////
181100  23  82  821100   6  15  161022  141059   3   8   91011  19   4  14  141059  18  65  651100////////////
181200  28  79  841104   5  14  151101  141157   3   9   91140  23   5  14  151104  22  62  671104////////////
181300  25  50  841216   5  14  141256  131223   3   9   91240  20   5  10  151216  20  39  671216////////////
181400  18  44  541323   5  14  141331  141301   3   9   91354  14   4  10  111323  14  33  421323////////////
181500  14  31  441413   5  14  141419  141402   3   8   91405  11   3   8  101413  11  23  341413////////////
181600   9  19  311502   5  14  141513  141502   3   8   81504   6   3   6   81501   7  13  231502////////////
181700   5   9  191604   5  14  151644  141655   3   8   91649   3   2   5   61603   3   5  131603////////////
181800   3   8   91701   4   4  141702   31758   3   8   81701   1   2   5   51800   2   4   51701////////////
181900   3   8   81838   0  -6   51801  -71857   3   8   81813   1   2   5   51829   2   4   51838////////////
182000   3   8   81948  -4 -10  -61907 -161939   3   8   81912   1   2   5   51948   2   5   51947////////////
182100   3   8   82022  -1  -5   22023 -122003   2   6  112027   1   2   5   62025   2   5   52019////////////
182200   3   8   82151  -2   0   22156 -132138   2   6   82147   1   2   6   62155   2   5   52200////////////
182300   3   8   92208   2   4   92222   02202   2   5   72201   1   2   5   62211   2   4   52210////////////
182400   3   8   82314   1   0   72314  -42356   2   1   82312   1   2   5   52308   2   5   50000////////////
190100   3   8   80009   0  -6   40009  -60100   0   1   20005   1   2   5   60005   2   5   50005////////////
190200   3   8   80127   0  -1   70139  -80102   0   1   20139   1   2   5   60129   2   4   50127////////////
190300   3   8   80247  -4 -24  -10203 -240300   0   1   20203   1   2   5   50248   2   4   40227////////////
190400   3   8   80310 -11 -40 -210311 -420355   0  -1   10318   1   2   5   50313   2   4   50311////////////
190500   3   8   80446 -21 -67 -410401 -730456  -1  -2  -10417   1   2   5   60440   2   5   50443////////////
190600   3   8   80501 -31 -90 -680501-1280557   0   7   70559   1   2   5   50501   2   4   50552////////////
190700   3   9   90647 -21 -24 -130654 -910609   2   7   70700   1   2   6   60638   2   5   50647////////////
190800   5  24  250758  -2   9   90800 -230701   3   8   80739   3   2   7   80759   3  18  190758////////////
190900  15  64  640900   5  17  190855   90801   3   7   90849  12   3  12  120900  12  50  500900////////////
191000  31 112 1121000   6  15  180903  151000   3   9  110928  26   5  19  191000  24  89  891000////////////
191100  51 159 1701046   5  13  151005  131056   4  12  121059  43   8  25  261046  41 126 1371046////////////
191200  71 229 2321158   5  13  131101  131200   5  14  141159  60  11  34  341158  57 184 1861158////////////
191300  76 211 2511207   5  12  131236  121228   5  15  151232  65  11  32  371207  60 165 2001207////////////
191400  71 164 2361309   5  13  131319  121332   5  15  151400  60  11  25  351309  56 128 1841309////////////
191500  40  58 1881408   5  13  131445  121415   5  11  151413  34   6  11  291408  31  44 1421408////////////
191600  18  39  621502   5  13  131540  121520   5  15  181550  14   4   9  111534  14  29  481502////////////
191700  10  17  401601   5  14  141700  131653   5  12  161630   7   3   6   91601   7  11  301601////////////
191800   3   7  171701   5  15  151733  131717   4  11  151707   1   2   5   61701   2   4  111701////////////
191900   3   8   81859   5  14  151824  141835   3  10  111844   1   2   5   51848   1   4   41859////////////
192000   3   8   81925   4  11  141911  111935   3   7  121958   1   2   5   61925   2   4   51925////////////
192100   3   8   82043   4  10  122019   82054   3   5  102028   1   2   5   62053   2   5   52043////////////
192200   3   8   82114   3   8  122111   42134   2   4   72122   1   2   5   62113   2   4   52112////////////
192300   3   8   92230   4  12  132242   42213   2   6   62237   1   2   5   62233   2   4   62234////////////
192400   3   8   82356   3  12  120000   62329   2   5   62301   1   2   6   62355   2   5   52355////////////
200100   3   8   80001   5  13  130018  120001   2   6   60019   1   2   5   60008   2   4   50002////////////
200200   3   8   80111   5  13  130138  130200   2   6   60125   1   2   5   60115   2   4   40116////////////
200300   3   7   80203   3   1  130201   10300   2   3   60207   1   2   5   50204   1   4   40203////////////
200400   3   8   90328   2   9   90359  -10307   1   3   50333   1   2   5   60329   2   5   60329////////////
200500   3   8   80402   3   9  100452   80439   1   4   40437   1   2   5   50401   2   4   50406////////////
200600   3   8   80557   1 -11   90502 -110559   2   7   80545   1   2   6   60559   1   5   50557////////////
200700   3   9   90655  -1  -3   20622 -120608   2   5   70604   1   2   5   60603   2   5   50700////////////
200800   6  37  370800  -1   3   40759  -60718   2   6   70707   4   2   9   90800   4  28  280800////////////
200900  31 123 1420851   4  15  150900   40804   3   8   90847  25   6  20  230851  24  95 1070851////////////
201000  60 195 2040954   5  14  150905  130956   3   9  290945  51   9  30  310954  46 151 1530954////////////
201100  76 197 2741009   5  13  141011  131028   4  11  201009  65  11  28  421009  59 154 2041009////////////
201200  82 289 3031152   5  12  131101  121200   3  10  111101  70  12  42  441152  63 218 2231157////////////
201300 108 303 4261256   5  13  131232  121254   4  10  121228  92  16  45  651256  78 207 2581255////////////
201400  84 224 3461302   5  13  131305  121350   3  10  121303  72  12  33  521303  62 166 2231302////////////
201500  68 146 2441418   4  12  131405  121414   4  14  151448  58  10  24  371418  48 109 1721402////////////
201600  42  67 1531521   4  12  131536  121545   5  14  141559  35   7  13  261522  31  50 1141510////////////
201700  11  13  641601   4  12  121604  121635   5  11  141610   8   3   6  121601   8   8  481601////////////
201800   3   8  121701   4  12  121726  121759   4  10  161704   1   2   5   61702   2   4   81701////////////
201900   3   8   81813   4  12  121851  121805   4  11  121804   1   2   5   51840   1   4   41831////////////
202000   3   7   81910   4  12  121923  121926   3   9  101902   1   2   5   51909   1   4   41909////////////
202100   3   8   82028   4  12  122015  122042   3   8   82001   1   2   5   52044   1   4   42026////////////
202200   3   8   82120   4  12  122152  122150   2   7   72112   1   2   5   52104   1   4   42119////////////
202300   3   7   82227   4  12  122218  122229   2   7   72205   1   2   5   62226   1   4   42227////////////
202400   3   8   82325   4  12  122311  122357   4  12  122326   1   2   5   52322   1   4   42322////////////
210100   3   7   80021   4  12  120001  120023   4  12  120056   1   2   5   60020   1   3   50019////////////
210200   3   7   70159   4  12  120200  120117   4  11  120138   1   2   5   50159   1   4   40123////////////
210300   2   6   70214   4  13  130225  120202   4  10  120211   0   2   5   50226   1   1   40215////////////
210400   2   5   60332   4  12  130303  120348   3   8  110310   0   2   5   50343   1   1   30331////////////
210500   2   5   60421   3   1  120401   10500   2   6   80402   0   2   5   60424   1   1   30421////////////
210600   2   6   60559 -14 -68   00501 -850551   2   4   70550   0   2   6   60600   1   3   30559////////////
210700   2  11  110700 -25 -74 -600635 -800621   2   6   60649   0   2   6   60659   1   6   60700////////////
210800  18 102 1020800 -25 -78 -590751 -790708   3   8   90724  14   4  19  190800  13  75  750800////////////
210900  63 255 2550900  -6  12  160828-1360808   4  14  150856  53  10  37  370900  45 185 1850900////////////
211000 119 395 3951000   4  13  130956  120913   6  15  200933 102  17  56  560956  84 276 2760956////////////
211100 149 456 4561100   4  13  131058  121026   5  16  161051 128  21  66  661100  94 207 2941020////////////
211200 176 513 5201150   5  13  131155  131128   6  16  161102 150  26  75  761150  63 174 2041101////////////
211300 168 453 5111201   5  13  131246  131202   6  16  171235 143  25  67  741201  57 152 1741201////////////
211400 129 194 4531301   5  13  131342  131354   6  12  161313 110  19  26  681304  51 139 1521304////////////
211500  73 180 2431437   5  13  131403  121456   5  10  161408  62  11  28  381437  52 134 1561420////////////
211600  45  71 1801503   4  12  131513  121600   3   9  101511  38   7  13  291503  34  54 1341502////////////
211700  16  20  711601   4  12  131608  121648   3   9  101609  13   3   6  131601  11  13  531601////////////
211800   3   7  191701   4  12  121707  121747   3   9   91706   1   2   5   61701   2   3  121701////////////
211900   3   8   81852   4  12  121830  121857   3   8   91810   1   2   6   71852   1   5   61851////////////
212000   3   7   81901   4  12  122000  121906   4  15  151947   1   2   5   61903   2   3   51901////////////
212100   3   8   82052   4  12  122033  122034   5  14  152022   1   2   5   62052   1   4   52052////////////
212200   3   8   82200   4  12  132130  122200   4  11  122116   1   2   6   62159   2   5   52200////////////
212300   3   8   82219   4  12  122252  122222   4  12  122252   1   2   5   72217   2   4   52217////////////
212400   3   8   80000   4  12  122359  122330   4  12  122304   1   2   5   52304   1   4   42304////////////
220100   3   8   80100   4  12  120021  120044   4  12  120025   1   2   6   60100   1   4   40100////////////
220200   3   7   80106   4  12  120148  120144   4  12  120101   1   2   5   60101   1   4   40101////////////
220300   3   7   80214   4  12  120240  120207   4  11  120209   1   2   5   50213   1   4   40214////////////
220400   3   7   80331   4  12  120311  120328   4  11  120319   1   2   5   60330   1   4   40329////////////
220500   3   7   80423   4  12  120402  120438   4  11  120441   1   2   5   60434   1   4   40430////////////
220600   3   7   70524   4  12  120529  120525   3   7  120513   1   2   5   50528   1   4   40521////////////
220700   3   9   90700   4  12  120610  120647   2   7   70645   1   2   6   60625   2   5   50700////////////
220800   6  26  260800   4  12  120736  120739   3   8   90724   4   2   7   70800   4  19  190800////////////
220900  15  63  630900   4  12  120835  120824   4  15  150846  12   3  12  120900  12  50  500900////////////
221000  34 117 1171000   4  12  120943  120942   5  14  150927  28   6  19  191000  27  93  930956////////////
221100  56 182 1991052   4  12  121042  121004   5  15  151007  47   9  27  301052  44 147 1611053////////////
221200  71 207 2101120   4  12  121146  121126   5  15  151140  61  10  31  311120  56 168 1691159////////////
221300  81 223 2481226   4  12  121217  121223   5  15  161224  69  12  33  361226  65 178 1981226////////////
221400  76 167 2341314   4  12  121320  121346   5  15  151335  65  11  25  341314  60 135 1861314////////////
221500  55 125 1741416   4  12  121403  121423   5   9  151409  46   9  20  261416  44  99 1391416////////////
221600  33  65 1211501   4  12  121507  121554   3   9  101513  27   6  12  201501  26  50  961501////////////
221700  13  17  621601   4  12  121647  121602   3   9   91608  10   3   6  121601  10  12  481601////////////
221800   3   7  171701   4  12  121708  121727   3   8   91720   1   2   5   61701   2   3  111701////////////
221900   3   7   71844   4  12  121848  121834   3   8   91803   1   2   5   51843   1   4   41837////////////
222000   3   7   71941   4  12  121913  121910   3  15  151959   1   2   5   51903   1   4   41940////////////
222100   3   7   72008   4  12  122003  122035   5  14  152054   1   2   5   52001   1   4   42001////////////
222200   3   7   72128   4  12  122110  122141   4  12  122132   1   2   5   52146   1   4   42126////////////
222300   3   7   72203   4  12  122244  122253   4  11  122251   1   2   5   52205   1   4   42206////////////
222400   3   7   82344   4  12  122330  122314   4  10  192327   1   2   5   52344   1   4   42344////////////
230100   3   8   80059   4  12  120035  120053   3   7  120001   1   2   5   50015   1   4   40058////////////
230200   3   7   80101   4  12  120159  120129   2  11  110200   1   2   5   50101   1   4   40103////////////
230300   3   8   80233   4  12  130251  120201   4  11  110220   1   2   5   60237   1   4   40235////////////
230400   3   8   80328   5  13  130343  120308   4  10  110309   1   2   5   60325   1   4   40327////////////
230500   3   8   80500   4  12  130431  120458   4  10  110427   1   2   6   60500   1   5   50500////////////
230600   3   8   80502   4  12  130520  120554   4  11  110600   1   2   6   70502   2   5   50502////////////
230700   3   9   90700   4  12  120641  120622   4  12  120700   1   2   5   60601   2   5   50700////////////
230800   7  28  280800   4  12  120735  120749   5  14  140720   5   2   8   80800   5  21  210800////////////
230900  17  74  740900   4  12  120839  120835   5  14  150845  13   4  14  140900  13  58  580900////////////
231000  61 263 2950947   4  12  120939  120907   5  15  150951  51  10  41  470947  45 187 2090947////////////
231100 111 279 3561045   4  12  121040  121004   5  15  161017  94  17  42  551045  74 200 2271026////////////
231200 101 346 3571159   4  12  121115  121143   4  10  161129  86  15  53  551159  72 226 2311158////////////
231300 128 286 4791235   4  12  131243  121202   4  11  121228 109  19  42  751235  78 203 2381235////////////
231400 114 207 4391329   4  12  131306  121303   4  11  141349  97  17  30  701329  69 160 2241307////////////
231500  65 132 2321418   4  12  121405  121433   4   9  161429  55  10  21  361418  51 103 1741418////////////
231600  29  40 1301501   4  12  121539  121554   3   9  101523  24   5   9  211501  22  30 1011501////////////
231700   9  12  391601   4  12  121616  121640   3   9  101606   6   3   6   91601   7   8  301601////////////
231800   3   7  121701   4  12  121721  121800   3   8   91706   1   2   5   61701   2   4   71701////////////
231900   3   7   81850   4  12  121852  121801   3   8   91816   1   2   5   51801   1   4   41810////////////
232000   3   7   81928   4  12  122000  121910   3  14  141954   1   2   5   51911   1   4   41928////////////
232100   3   8   82053   5  13  132031  122008   5  13  142007   1   2   5   52054   1   4   42052////////////
232200   3   7   82133   5  13  132135  132106   4  10  112109   1   2   5   52132   1   4   42101////////////
232300   3   8   82234   5  13  132210  132239   4  10  102222   1   2   5   52245   1   4   42240////////////
232400   3   8   82357   5  14  142349  132308   3   9  102305   1   2   5   52356   1   4   42357////////////
240100   3   8   80100   5  13  140033  130057   3   8   90005   1   2   5   50058   1   4   40009////////////
240200   3   8   80156   5  13  140155  130102   3   8   90119   1   2   5   60141   2   5   50139////////////
240300   3   8   80257   5  13  130223  130203   3   8   90256   1   2   6   60257   2   5   50254////////////
240400   3   8   80304   5  13  130400  120307   3   9   90340   1   2   5   60307   2   5   50303////////////
240500   3   8   80416   5  13  130441  130418   3   8   90424   1   2   5   50420   2   5   50418////////////
240600   3   8   80506   5  13  130557  130506   3   8   90528   1   2   5   50507   2   4   50511////////////
240700   3   8   80700   5  13  140648  130603   3   8   80602   1   2   5   50657   2   5   50700////////////
240800   4  14  140759   5   7  160756   70800   4   9  110757   2   2   6   60759   3  10  100759////////////
240900   7  31  360857 -21 -96 1070854-6540849   3  -1  110823   5   2   8   80857   5  23  270857////////////
241000  27 104 1240952-143-284 1540904-8390923   2  10  100957  22   5  17  190954  21  79  970951////////////
241100  23  94 1151007   2  30  321059-2521002   4  11  121054  19   4  16  181008  18  76  921007////////////
241200 107 192 5311128   6  12  271107  121146   4   9  161147  91  16  27  821128  66 142 2761128////////////
241300 105 254 5751227   4  12  131204  121231   5  15  151237  90  15  38  881227  60 171 2661226////////////
241400  87 243 4741311   4  12  121324  121357   5  15  161351  74  13  36  741311  55 143 2341312////////////
241500 115 272 3671421   4  12  121455  121407   5   9  161426  97  18  42  591421  55 127 1751419////////////
241600  56 101 2641501   4  12  131519  121557   4   9  121535  48   8  18  411501  30  50 1241501////////////
241700  24  34  981626   4  12  121610  121653   3  10  101612  20   4   8  191625  16  24  591627////////////
241800   4   5  321701   4  14  141757  121722   3   8  101706   2   2   5   81701   2   1  221701////////////
241900   2   5   51900   6  18  191858  141807   3   9  101854   0   2   6   61900   1   3   31900////////////
242000   2   5   61921   7  22  221959  171934   3  11  131933   0   2   5   61907   1   1   31907////////////
242100   2   4   62035   8  29  292100  182039   4   9  112029   0   2   4   62032   1   0   32035////////////
242200   2   5   52200   4 -13  322102 -182157   1  -1   72101   0   2   5   52159   0   2   22200////////////
242300   2   5   62237 -42-223 -172201-2232300   0   0   12256   0   2   6   82240   1   2   42239////////////
242400   2   5   62327 -48 -81 -592354-2472301   1   4   52359   0   2   6   62327   1   2   32327////////////
250100   2   6   70032 -31 -49 -490100-2750041   2  11  110059   0   2   6   70037   1   3   40037////////////
250200   2   6   60130  41 287 2870200 -400101   4  12  130150   0   2   6   60129   1   2   30129////////////
250300   2   5   60203  38  61 2800202 -690218   4  10  130216   0   2   5   60202   1   2   20202////////////
250400   2   5   70318 -34 -70  510307-2900338   4  11  130322   0   2   5   70319   1   1   40319////////////
250500   2   6   60453 -11 -61 1350437-1440401   4  11  120459   0   2   5   60440   1   2   30439////////////
250600   2   6   70538  98 441 5340545 -590504   3   7  120505   0   2   5   70537   1   2   40537////////////
250700   2  12  120700 192 536 8100649 2740645   3   8   90635   0   2   6   60700   1   8   80700////////////
250800  13  70  700800 239 809 8090800 5030702   4  12  130750  10   3  12  120800   9  54  540800////////////
250900  36 158 1630859 252 630 9780820 5450809   5  14  150842  30   6  23  240859  28 121 1250859////////////
251000 107 361 3611000 230 -7913210940 -791000   4  -1  160908  91  16  55  551000  77 250 2501000////////////
251100 150 476 4761100   0  13  171025-1021003   4  15  151100 128  22  70  701100  80 177 2781013////////////
251200 175 514 5291159   5  13  131101  131143   5  16  161153 149  26  75  771159  63 173 1801143////////////
251300 184 517 5671252   5  13  131242  131240   6  17  171253 157  27  75  811252  62 172 1821220////////////
251400 145 376 5031312   5  13  131301  131400   6  16  181323 124  21  58  731313  61 180 1851333////////////
251500  87 194 3701401   5  13  131403  121457   6  15  171431  74  13  28  571401  53 137 1781401////////////
251600  65 119 2311505   5  12  131525  121548   6   9  181547  55  10  19  381509  37  84 1361501////////////
251700  18  23 1291607   4  12  131620  121659   3   9  111603  14   4   7  231607  12  16  821606////////////
251800   4   6  221701   4  12  131734  121712   3   9   91705   2   2   5   71701   2   2  151701////////////
251900   2   6   61821   5  13  131851  121808   4  14  151846   0   2   6   61900   1   3   31900////////////
252000   2   8   82000   5  14  181942  131903   5  14  151914   0   2   7   72000   1   6   61959////////////
252100   2   6   82001   5  15  152100  132018   4  14  142047   0   2   5   72001   1   3   62001////////////
252200   2   6   62102   7  29  292200  152101   4  10  112104   0   2   5   52102   1   2   32101////////////
252300   3   8   82258   3  -7  292201 -162243   3   6   92201   1   2   6   62257   1   5   52256////////////
252400   3   8   92318   5  21  222349  -62301   2   5   72308   1   2   6   72316   2   4   62317////////////
260100   3   8   80100   6  18  210001  120036   2   5   60020   1   2   6   60100   2   5   50100////////////
260200   3   8   80101   7  19  200130  180103   2   6   60145   1   2   5   60101   2   4   50101////////////
260300   3   7   80219   7  19  210239  180207   2   8   90231   1   2   5   60221   2   4   50217////////////
260400   3   7   80319   5   1  190302   10400   2   5   80306   1   2   5   50332   1   4   40319////////////
260500   3   8   80433  -6 -15   00401 -250436   2   4   50418   1   2   6   60438   2   5   50433////////////
260600   3   8   80533   1  18  180600 -170503   2   4   70520   1   2   6   60533   2   5   50535////////////
260700   3   9   90700   7  16  200612  160700   1   4   50627   1   2   5   60654   2   5   50700////////////
260800   8  45  450800   6  23  230800  130734   3   9   90759   5   3  10  100800   6  34  340800////////////
260900  29 121 1230859   9  21  260825  200853   3  10  100900  24   5  20  200859  23  94  950859////////////
261000  53 175 1751000   6  14  200901  141000   4  13  140959  44   9  28  281000  41 135 1351000////////////
261100  63 225 2251100   5  14  141003  131028   5  14  141020  53  10  35  351100  50 172 1721100////////////
261200  93 207 3821148   5  13  141102  121150   5  15  151147  79  14  30  601148  67 161 2311147////////////
261300  54 136 2021201   4  12  131222  121253   5  15  151213  46   8  21  311238  42 106 1591201////////////
261400  36  47 1621312   5  13  131357  121302   5  15  161320  30   6   9  251312  28  36 1171313////////////
261500  12  39  461401   5  13  141450  131401   5  16  161500   9   3   9  101457   9  28  351401////////////
261600  12  24  421517   5  15  151559  131517   5  12  221527   9   3   7  101516   9  17  311517////////////
261700   6   9  261617   6  16  171621  151601   4  13  161608   4   2   5   81616   4   5  191617////////////
261800   3   7   91711   6  17  171758  161723   5  14  141702   1   2   5   51713   2   3   51710////////////
261900   3   8   81900   6  17  181819  171849   5  13  171826   1   2   5   61841   1   4   41900////////////
262000   3   8   82000   6  16  171901  161931   4  12  131917   1   2   6   62000   1   5   52000////////////
262100   3   8   82010   6  15  172040  152100   4  12  132020   1   2   5   62006   2   4   52006////////////
262200   3   8   82200   6  15  162153  152116   4  10  102130   1   2   5   52159   1   4   42159////////////
262300   3   8   82243   5  15  162209  152213   4  10  102252   1   2   5   52243   2   4   42243////////////
262400   3   8   82328   5  15  162304  142337   4  10  102350   1   2   5   62327   2   4   42325////////////
270100   3   8   80010   6  16  160053  140008   4  10  100003   1   2   5   50008   1   4   40010////////////
270200   3   7   70103   6  16  160139  150118   3   8  100110   1   2   5   50123   1   4   40101////////////
270300   3   7   80239   5  14  160203  130224   3   8   90209   1   2   5   60244   1   4   40238////////////
270400   2   4   70302  -2 -67  140301 -670400   3   5   80312   0   2   4   60302   0   0   40301////////////
270500   2   6   60434 -56-222 -690401-2670445   0   4   50401   0   2   6   70434   1   3   40433////////////
270600   2   6   60530  77 245 7260542-4850507   1   6   60600   0   2   6   60501   1   3   30529////////////
270700   3  14  140700 246 721 9070622 1620605   4  12  120658   1   2   6   60700   1   8   80700////////////
270800  15  80  800800 235 600 7640713 5100726   5  13  160732  11   4  14  140800  11  56  560800////////////
270900  53 244 2440900 174   1 6840810 -680858   3   9  150810  45   8  36  360900  37 172 1720900////////////
271000 112 383 3831000   8  14  400902  141000   4  17  171000  95  17  57  571000  78 253 2570954////////////
271100 155 483 4911058   5  13  141001  131100   8  15  991005 132  23  71  721058  73 168 2541001////////////
271200 186 563 5651159   5  13  131105  131152   5  14  171111 159  27  82  831159  60 159 1711114////////////
271300 197 540 5841248   5  13  131248  131207   5  19  231257 168  29  80  851248  51 134 1601201////////////
271400 181 453 5611302   5  13  131337  131357   4  15  201307 154  27  68  821302  46 121 1371302////////////
271500 137 314 4501403   5  13  131424  131415   5  16  181433 116  21  50  681403  40  96 1221403////////////
271600  86 162 3131501   5  13  131516  131555   6  16  171503  72  14  26  491501  30  68  961501////////////
271700  33  35 1591601   4  12  131609  121700   6  16  211625  27   6   7  261601  16  22  681601////////////
271800   4   3  341701   4  13  131800  121749   5  15  161731   3   1   4   71701   1  -1  211701////////////
271900   1   5   51851   5  10  161845  101900   5  14  191822  -1   2   5   61851   0   2   21850////////////
272000   2   5   61946   2  -4  101923  -42000   5   9  161932   0   2   6   61952   1   2   21945////////////
272100   2   6   62033  -6 -29  -62001 -302058   3  11  122055   0   2   6   62031   1   3   32033////////////
272200   2   6   62154 -18 -82 -262109 -822200   3   7  102102   0   2   6   62155   1   2   32129////////////
272300   2   6   62253 -42-137 -842201-1432248   2   3  102225   0   2   6   62253   1   3   32253////////////
272400   2   6   62348 -86-191-1202302-3482330   1   2   42323   0   2   6   62332   1   3   32335////////////
280100   2   6   60050 -74-229-1690011-2750057   1   2   80056   0   2   6   60004   1   3   30003////////////
280200   2   6   60146 -87-218-1530108-3260137   1   4   90155   0   2   6   60112   1   3   30111////////////
280300   2   7   70300 -59-151 -810248-2380202   2   5   70229   0   2   6   60220   1   4   40300////////////
280400   3   9   90350 -27  59  890359-2780326   3   7  120326   1   2   6   70356   2   6   60353////////////
280500   3   9   90413  32  79 1520442  250412   2   6  100413   1   2   6   60401   2   5   60401////////////
280600   3   8   90503  -3 -40  850501 -590551   2   2   70558   1   2   6   60532   2   4   50502////////////
280700   3  10  100700 -27  60  610659-1370641   1   6  110657   1   2   6   70654   2   5   50700////////////
280800   8  36  360800  16  23 1270711  230718   4  11  130755   5   3   8   80800   6  27  270800////////////
280900  21  74  750857   7  16  240815  160858   4  11  160829  17   4  13  140858  16  58  590858////////////
281000  31 113 1131000   5  14  160901  140945   5  14  200928  25   6  19  191000  25  88  881000////////////
281100  47 138 1451056   5  13  141002  131057   5  14  211027  39   8  22  231056  37 110 1161056////////////
281200  55 157 1671114   5  13  131135  131146   5  15  221157  46   9  24  261107  44 124 1341107////////////
281300  89 304 3251252   5  12  131204  121251   6  15  231256  76  13  45  481252  68 225 2321257////////////
281400 100 276 3461322   5  13  131333  121323   6  16  231355  85  15  41  521322  72 196 2251301////////////
281500  67 110 2731401   5  13  131435  121410   6  16  231454  57  10  17  411401  48  81 1951401////////////
281600  38  90 1231528   5  13  131502  121553   6  16  211525  32   6  16  201533  27  67  831527////////////
281700  18  23  891601   5  13  131656  121605   6  16  221624  14   4   7  151606  14  16  661606////////////
281800   4   7  221701   5  13  141749  131701   6  16  221723   2   2   5   71701   2   3  161701////////////
281900   3   8   81837   4   7  141806   71900   6  17  241822   1   2   5   51827   1   4   41830////////////
282000   3   7   81922   3   8  101929   41911   5  12  231921   1   2   5   51918   1   3   41921////////////
282100   2   6   82025   3   6  112029   42010   4  10  182051   0   2   5   72029   1   2   52026////////////
282200   2   7   72200  -7 -72  102121 -722200   2   3   92151   0   2   5   52200   1   3   32200////////////
282300   2   7   72241 -38-102 -592209-1462245   1   2   72250   0   2   5   62212   1   3   42239////////////
282400   2   6   72306 -18   6  412353-1102327   1   3   72321   0   2   5   52358   1   3   32304////////////
290100   2   7   70059  -4 -15  330026 -380046   2   7  100053   0   2   6   60059   1   4   40058////////////
290200   2   6   70104 -15 -92  180141-1340155   4  15  210152   0   2   5   60143   1   3   40141////////////
290300   2   6   60230 -11 -56 3130248-1080203   6  13  190252   0   2   5   50300   1   3   30300////////////
290400   2   6   70342 -60-276 -430305-2890359   5  15  200353   0   2   5   60324   1   3   30342////////////
290500   2   6   70422 -85-241-1930454-2930412   6  16  200424   0   2   5   60442   1   3   30421////////////
290600   2   7   70552 -72-178-1090551-2570532   5  13  200524   0   2   6   60552   1   3   40551////////////
290700   3  12  120700 -60 -99 -980659-2450630   4  12  170654   1   2   6   70607   1   7   70700////////////
290800  16  87  870800 -41-108 -640726-1740709   5  15  200756  12   4  16  160800  11  63  630800////////////
290900  51 187 1870900 -54-130 -170817-3150812   6   9  230833  43   8  27  270900  37 137 1370900////////////
291000  92 320 3200958  35  18 4320926-1360901   3  13  160953  77  15  50  500958  65 201 2040949////////////
291100 131 400 4011059   5  13  181003  131100   5  15  221024 111  20  61  611059  65 185 2001001////////////
291200 153 466 4691159   5  13  131151  131117   6  16  231123 130  23  68  691158  69 194 1981140////////////
291300 163 452 4771244   5  13  131258  131239   6  17  241222 139  24  67  711243  69 181 1981235////////////
291400 146 385 4481309   5  13  131325  131323   6  16  251321 124  22  58  671309  62 160 1801301////////////
291500 118 255 3981408   5  13  131411  131446   6  16  241418 100  18  38  611409  50 120 1591401////////////
291600  71 129 2551501   5  13  131523  131543   6  16  241517  60  11  21  391501  36  73 1191501////////////
291700  27  28 1271601   5  12  131601  121657   6  16  231616  22   5   5  211601  16  17  721601////////////
291800   3   4  261701   4  11  121704  111753   6  15  231715   2   1   4   51701   1   0  161701////////////
291900   2   5   51849   2 -10  111801 -101859   5  13  201845   0   2   5   51859   0   1   21816////////////
292000   2   7   81947 -10 -32 -101901 -391937   4  12  191944   0   2   6   61952   1   4   51945////////////
292100   3   9   92047  -8 -16 -112047 -352013   4   9  172015   1   2   6   62034   2   5   62048////////////
292200   3   8   92102  -4  -9  -82143 -172104   3   7  132114   1   2   6   62104   2   4   52102////////////
292300   3   8   82219  -1  -4   12243  -92201   3   8  132215   1   2   6   62201   2   5   52218////////////
292400   3   8   92341  -1  -9   22340  -92359   3   8  142314   1   2   6   62306   2   5   52341////////////
300100   3   8   80043  -4 -15  -70024 -170051   3   8  130044   1   2   5   60013   2   5   50044////////////
300200   3   8   90148  -6  -8  -70157 -260107   3   8  120143   1   2   5   60150   2   5   50148////////////
300300   3   8   80223  -4 -11  -70202 -160217   3   7  130243   1   2   5   60214   2   5   50300////////////
300400   3   9   90359  -1   8   80400 -170308   3   9  130342   1   2   6   60357   2   5   50356////////////
300500   3   8   80401   2  -2   80416  -20459   3   8  140413   1   2   5   60401   2   4   50401////////////
300600   3   8   80524   0  -4   50536  -60511   3   9  130512   1   2   5   60519   2   4   50518////////////
300700   3   9   90700  -5 -23  -40608 -230700   3   8  140613   1   2   5   50700   2   5   50700////////////
300800   5  18  180759  -3   9   90800 -290706   4  11  170741   3   2   7   70742   3  12  120800////////////
300900   8  27  270900   4  11  120854   90809   4  12  180842   6   2   7   70857   6  20  200900////////////
301000  12  36  360956   4  13  130946  100901   5  13  200941   9   3   8   80956   9  28  280958////////////
301100  13  43  431100   4  12  121001  121041   5  13  191040  10   3   9   91100  10  33  331100////////////
301200  17  47  521127   5  13  131146  121101   5  14  211111  13   4  10  101127  14  36  411127////////////
301300  15  32  491205   5  13  131250  131215   5  15  211210  12   3   8  101205  11  23  381205////////////
301400  15  59  591400   5  13  131326  131323   5  14  211309  12   3  12  121400  11  45  451400////////////
301500  17  34  651404   5  13  131436  131446   5  15  221409  13   4   8  131404  13  25  501404////////////
301600  11  24  381504   5  13  131501  131553   6  16  221538   8   3   7   91504   8  18  291504////////////
301700   6  11  241601   5  12  131601  121651   6  16  231638   4   2   5   71601   4   7  171601////////////
301800   3   6  101701   4   7  121701   71800   6  18  231737   1   2   5   51727   2   3   61701////////////
301900   3   8   81840   2   1   71801   11900   7  20  211810   1   2   5   51831   1   4   41816////////////
302000   3   7   81927  -2  -7   11901  -71956   6  11  271907   1   2   5   51944   1   4   41925////////////
302100   3   7   82015  -3 -13  -62013 -132058   3   6  172008   1   2   5   52014   1   3   42014////////////
302200   2   7   72200 -24-157 -132101-1572200   1   2   82138   0   2   5   52154   1   4   42159////////////
302300   3   7   82229 -24 -15  -72242-1582202   1   4   82237   1   2   5   72227   2   3   52227////////////
302400   3   8   82327   4  48  572352 -412319   1   3   82337   1   2   6   62324   1   4   52348////////////
310100   3   8   80001  22  61  790052  450001   1   3   50035   1   2   5   60001   1   4   40001////////////
310200   3   7   80105   7  -2  830106 -310146   1   4   90107   1   2   5   50103   1   3   40107////////////
310300   2   7   70256  -8 -33  140232 -550241   1   3   90206   0   2   6   60256   1   4   40256////////////
310400   3   7   80301   0 -16  250332 -340302   1   6   70305   1   2   5   60303   1   3   40314////////////
310500   2   7   70456  11 199 2380457 -640402   2   6  100437   0   2   5   50401   1   3   40456////////////
310600   2   6   60503 -16 -57 1870506-1350557   2   6   80536   0   2   5   50544   1   3   30504////////////
310700   3  12  120700 -61-186-1120612-2500644   3  19  210652   1   2   6   70647   1   7   70700////////////
310800  13  44  570747 -53  11 1940759-3520734   6  21  230701  10   3  10  110748   9  33  420748////////////
310900  28 140 1590857  86 716 7160900 -970808   6  21  260806  23   5  21  240857  22 106 1220857////////////
311000  93 361 3611000 127  2210710912  221000   3  10  230901  79  14  55  551000  65 233 2331000////////////
311100 126 204 5221052   6  13  221001  131100   4  15  151100 107  19  29  801052  72 152 2861052////////////
311200 153 426 5021107   5  13  141105  131155   5  16  241136 130  23  64  761107  74 204 2651107////////////
311300 159 437 4741241   5  13  131250  131206   6  16  221233 135  24  64  691236  72 187 2081202////////////
311400 152 376 4591311   5  13  131319  131329   6  16  171309 130  22  56  671311  63 161 1881310////////////
311500 114 251 3861402   5  13  131405  131456   6  16  221430  96  18  40  581402  53 133 1621402////////////
311600  58 112 2501501   5  13  131520  131541   6  16  161528  49   9  19  401501  34  71 1331501////////////
311700  24  32 1101601   5  13  131613  131621   6  19  191700  20   4   7  191601  16  21  711605////////////
311800   3   6  311701   5  13  141739  131705   6  15  161701   2   1   4   71701   2   3  211701////////////
311900   2   5   91827   5  14  151858  111811   5  15  161807   0   2   4   81826   1   0   61825////////////
312000   2   7   71929   5  14  171922  141957   5  14  151909   0   2   6   71928   1   3   51928////////////
312100   2   7   82030   5  14  142020  142001   5  14  152045   0   2   5   62001   1   3   42029////////////
312200   3   8   82144   5  14  142103  132157   4  12  122156   1   2   5   62148   1   4   52143////////////
312300   3   8   82300   5  13  142214  132258   4  12  122300   1   2   5   52300   2   5   52259////////////
312400   3   8   82307   5  14  142355  132324   4  12  122316   1   2   5   62306   2   4   52305////////////
