58265 2011   091213603204    1    1    1    1    1    1   60---------------------------------------------V3.00
010100   3   8   80100  -1  -5  -20046  -70030   7  18  190026   1   2   6   60010   2   5   50100////////////
010200   3   8   80102  -1  -2  -20200  -40123   7  19  280107   1   2   6   60101   1   4   50102////////////
010300   3   8   80254  -1  -2  -10246  -30208   7  18  190204   1   2   6   60250   2   5   50300////////////
010400   3   8   80302  -1  -1  -10351  -40312   7  19  310305   1   2   6   70309   2   4   50305////////////
010500   3   8   80425  -1  -1  -10422  -60439   7  19  560422   1   2   6   70430   1   4   50440////////////
010600   3   9   90554   0  -1   00549  -20558   6  18  190503   1   2   7   70600   2   5   50559////////////
010700   4  18  180700   0   5   50700  -30610   7  17  190615   2   2   8   80700   2  12  120700////////////
010800  15  65  650800   6  28  280747   50705   3   8  140748  11   4  16  160800  11  48  480800////////////
010900  44 274 2740900  21 151 1510900  280802   3  10  130818  35   9  50  500900  33 213 2130900////////////
011000 119 356 3700957  68 205 2150957 1540901   5  13  150947  98  21  60  640957  93 278 2910957////////////
011100 114 225 3801019  65 125 2181019 1251100   5  12  161003  95  19  38  651019  87 175 2941019////////////
011200 133 134 4801121  76  81 2711122  811200   5  14  171134 110  23  19  871121 103 104 3731121////////////
011300 103 462 4951257  58 256 2731257  571213   4  13  161241  85  18  84  901257  76 335 3581257////////////
011400 144 600 6051359  79 335 3361359 1321313   5  13  171318 118  26 107 1081359  98 377 3781359////////////
011500 169 484 5911401  93 270 3291401 2021431   5  15  231425 139  30  84 1041401 110 302 3741401////////////
011600 142 338 4841501  80 190 2711501 1901600   5  14  181509 117  25  59  851501  92 221 3011501////////////
011700 101 224 3451607  56 120 1911607 1201700   5  12  191647  83  18  40  621607  66 148 2191601////////////
011800  56 106 2211701  30  54 1191701  541800   4  11  191734  46  10  20  401701  39  75 1461701////////////
011900--------------------------------------------------------------------------------------------------------
012000--------------------------------------------------------------------------------------------------------
012100--------------------------------------------------------------------------------------------------------
012200--------------------------------------------------------------------------------------------------------
012300--------------------------------------------------------------------------------------------------------
012400--------------------------------------------------------------------------------------------------------
020100--------------------------------------------------------------------------------------------------------
020200--------------------------------------------------------------------------------------------------------
020300--------------------------------------------------------------------------------------------------------
020400--------------------------------------------------------------------------------------------------------
020500--------------------------------------------------------------------------------------------------------
020600--------------------------------------------------------------------------------------------------------
020700--------------------------------------------------------------------------------------------------------
020800--------------------------------------------------------------------------------------------------------
020900--------------------------------------------------------------------------------------------------------
021000--------------------------------------------------------------------------------------------------------
021100--------------------------------------------------------------------------------------------------------
021200--------------------------------------------------------------------------------------------------------
021300--------------------------------------------------------------------------------------------------------
021400--------------------------------------------------------------------------------------------------------
021500--------------------------------------------------------------------------------------------------------
021600--------------------------------------------------------------------------------------------------------
021700--------------------------------------------------------------------------------------------------------
021800--------------------------------------------------------------------------------------------------------
021900--------------------------------------------------------------------------------------------------------
022000--------------------------------------------------------------------------------------------------------
022100--------------------------------------------------------------------------------------------------------
022200--------------------------------------------------------------------------------------------------------
022300--------------------------------------------------------------------------------------------------------
022400--------------------------------------------------------------------------------------------------------
030100--------------------------------------------------------------------------------------------------------
030200--------------------------------------------------------------------------------------------------------
030300--------------------------------------------------------------------------------------------------------
030400--------------------------------------------------------------------------------------------------------
030500--------------------------------------------------------------------------------------------------------
030600--------------------------------------------------------------------------------------------------------
030700--------------------------------------------------------------------------------------------------------
030800--------------------------------------------------------------------------------------------------------
030900--------------------------------------------------------------------------------------------------------
031000--------------------------------------------------------------------------------------------------------
031100--------------------------------------------------------------------------------------------------------
031200--------------------------------------------------------------------------------------------------------
031300--------------------------------------------------------------------------------------------------------
031400--------------------------------------------------------------------------------------------------------
031500--------------------------------------------------------------------------------------------------------
031600--------------------------------------------------------------------------------------------------------
031700--------------------------------------------------------------------------------------------------------
031800--------------------------------------------------------------------------------------------------------
031900--------------------------------------------------------------------------------------------------------
032000--------------------------------------------------------------------------------------------------------
032100--------------------------------------------------------------------------------------------------------
032200--------------------------------------------------------------------------------------------------------
032300--------------------------------------------------------------------------------------------------------
032400--------------------------------------------------------------------------------------------------------
040100--------------------------------------------------------------------------------------------------------
040200--------------------------------------------------------------------------------------------------------
040300--------------------------------------------------------------------------------------------------------
040400--------------------------------------------------------------------------------------------------------
040500--------------------------------------------------------------------------------------------------------
040600--------------------------------------------------------------------------------------------------------
040700--------------------------------------------------------------------------------------------------------
040800--------------------------------------------------------------------------------------------------------
040900--------------------------------------------------------------------------------------------------------
041000--------------------------------------------------------------------------------------------------------
041100 154 539 5401059  86 303 3031100 1821022   5  16  171057 127  27  95  961042 118 423 4241059////////////
041200 212 626 6451158 121 353 3631149 2971140   6  16  201143 176  36 108 1121158 165 485 5021158////////////
041300 220 617 6791218 124 348 3791218 2601231   6  15  221229 182  38 109 1191218 169 470 5241218////////////
041400 225 625 7031326 128 358 3981325 2701315   6  19  201345 186  39 109 1231326 164 421 5221325////////////
041500 203 466 6181401 118 269 3571414 2451457   6  16  271407 168  35  82 1081401 131 306 4141401////////////
041600 148 403 4851521  84 224 2771521 1981510   5  16  231533 122  26  73  901521 100 252 3201522////////////
041700  96 107 4171603  53  60 2331603  601659   5  12  181655  79  17  19  761603  65  80 2571603////////////
041800  42 116 1511743  21  58  751743  411712   4  11  161733  34   8  24  311743  30  80 1031743////////////
041900  23  25 1141801  11  10  561801  101900   4   9  161802  18   5   8  241801  16  17  781801////////////
042000   4   7  241901   1   0  101901  -21947   4  11  191954   2   2   5   71901   2   4  171901////////////
042100   3   8   82100   0   1   12100  -12041   4  18  202032   1   2   5   52009   1   4   42009////////////
042200   3   8   82146   0   1   22143   12112   7  18  202135   1   2   6   62200   1   4   42145////////////
042300   3   9   92300   1   5   52259   02244   7  17  192250   1   2   6   62300   1   5   52300////////////
042400   3   8   92302   1   2   52301   12350   7  19  192351   1   2   5   62301   2   4   52301////////////
050100   3   9   90056   1   5   50044   20013   7  18  190018   1   2   6   60054   2   5   50053////////////
050200   3   8   90115   1   2   50116  -30147   7  19  280157   1   2   5   60104   1   4   50109////////////
050300   3   8   90251   1   4   40249   20203   7  19  200202   1   2   5   60249   2   5   50250////////////
050400   3   8   90336   1   3   40333   20357   7  19  240303   1   2   5   60326   2   5   50335////////////
050500   3   9   90455   1   2   40448   20405   7  19  220426   1   2   6   60417   2   5   50451////////////
050600   3   9   90556   1   3   30527   20505   7  18  340535   1   2   6   60557   2   5   50555////////////
050700   4  15  150700   1   6   60700   20626   7  17  190627   2   2   7   70700   2  10  100700////////////
050800--------------------------------------------------------------------------------------------------------
050900  50 231 2420854  27 124 1290854  310801   5  11  220839  40  10  46  490854  38 179 1870854////////////
051000  78 233 2920951  42 128 1580951 1000910   4  12  160927  63  15  42  560951  59 174 2190951////////////
051100 132 506 5251054  72 276 2861054 1161006   4  15  171048 108  24  93  971054 101 393 4091054////////////
051200 195 568 5901131 106 312 3221131 2521108   6  14  191135 160  35 102 1061131 151 441 4581131////////////
051300 212 587 6311257 117 323 3491257 2691248   6  17  191243 175  37 103 1131257 164 445 4871241////////////
051400 202 624 6351330 113 352 3541330 2071349   6  14  191310 167  35 113 1131303 151 444 4841303////////////
051500 189 347 6231408 106 191 3491407 1911459   6  13  301416 156  33  58 1121408 131 261 4381401////////////
051600 132 368 4771510  74 206 2721514 1401542   5  12  181537 109  23  70  871510  92 242 3091511////////////
051700  75 140 3541601  41  74 2001601  631647   5  10  181656  61  14  27  681601  54 107 2351601////////////
051800  56 110 1901715  29  56  991714  561800   4  11  191711  45  11  22  381715  40  79 1311711////////////
051900  21  19 1071801  10   8  541801   81900   4   9  151807  16   5   7  221801  15  13  771801////////////
052000   3   8  171901   2   4   81901   31939   3   9  131937   1   2   5   61901   2   5  111901////////////
052100   3   6   92042   0  -4   52005 -172048   4  14  162046   1   2   5   62022   1   0   52005////////////
052200   3   9   92119  -1  -3   42125 -172135   7  19  322138   1   2   7   72200   1   5   52118////////////
052300   3   9  112235   0  -4   12211  -52255   4  19  202243   0   3   8   82257   2   5   72237////////////
052400   3   9   92318   1   3   42336  -42304   7  19  192305   0   3   8   82318   2   5   62321////////////
060100   3   9   90008   1   5   50057   30003   7  18  190041   0   3   6   80001   2   5   60033////////////
060200   3  10  100200   2   3   50109   30200   7  19  190145   1   2   7   70200   2   6   60200////////////
060300   4   9  100207   1   2   40247   20257   7  19  190258   1   3   8   80207   2   5   60248////////////
060400   4  12  120359   0   3   30359  -10331   3  18  190301   1   3   9   90400   2   8   80400////////////
060500   4  12  120404   1   4   40450   00422   7  18  190425   1   3   8   90406   3   7   80401////////////
060600   4  11  120506   1   2   50504   20532   7  19  550536   1   3   8   80501   3   7   80506////////////
060700   4  12  120700   0   2   20638   00627   7  17  190614   1   3   8   80639   2   8   80700////////////
060800  12  55  680756   5  26  310756   10702   0  -2   90702   8   4  14  160755   9  43  520756////////////
060900  28 134 1480854  14  67  750855  180807   0   5   90835  22   6  25  270854  22 104 1130854////////////
061000  65 273 2731000  33 141 1411000  650913   3  15  151000  53  12  47  471000  50 207 2071000////////////
061100 106 122 3781023  56  63 1981023  631100   5  13  201058  88  18  21  651023  82  95 2911023////////////
061200  33  78 1221109  17  40  631109  391158   4   9  221129  27   6  15  211109  25  60  941109////////////
061300  37 122 1231258  19  64  641258  411228   4  10  191232  30   7  22  221244  28  94  961258////////////
061400  56 103 1811329  30  56  961338  561400   4  10  101357  46  10  19  321329  43  82 1411331////////////
061500  62 201 2351448  33 108 1261448  541401   4  12  191439  51  11  34  401448  47 154 1811448////////////
061600  75 142 2581508  40  75 1391508  751600   5  15  271556  62  13  25  431508  57 108 1991508////////////
061700  40  85 1731607  21  45  931612  391657   6  15  301655  33   7  17  311607  31  65 1331606////////////
061800  25  52 1161710  13  28  611710  261753   4  12  211733  20   5  12  221710  19  41  881710////////////
061900  11  14  491814   6   8  261801   81900   4   9  181802   8   3   6  121801   8  11  391801////////////
062000   3   9  141901   2   5   81901   51934   3   9  141936   1   2   5   61901   3   6  111901////////////
062100   3   9   92055   2   5   52053   52011   3  11  142026   1   2   5   62053   2   6   62056////////////
062200   3   9   92108   2   4   52109   22138   7  18  222104   1   2   5   62151   2   6   62108////////////
062300   3   5   92236   0  -7   52206 -142256   7  23  302253   1   2   5   62235   2   0   62206////////////
062400   3   9   92315  -2  -4  -22309  -72319   7  17  642302   1   2   7   70000   1   6   62315////////////
070100   3   8  100009  -2  -4  -20043  -80027   7  20  560028   1   2   7   80021   1   4   60005////////////
070200   3   9   90153  -1  -1  -10159  -50115   6  18  190101   0   3   7   70129   2   5   50153////////////
070300   3   9   90202   0   0   20220  -20203  -2  18  190208   1   2   7   70210   2   5   50220////////////
070400   3   9   90345   0   2   20350  -10318   5  19  200345   1   2   7   70302   2   5   50316////////////
070500   3   9   90423   0   1   20449   00433   6  18  190402   1   2   7   70418   2   5   50419////////////
070600   3   9   90558   0   2   20559   00548   7  18  670535   1   2   7   70552   2   5   50600////////////
070700   3  11  110700   0  -1   20601  -30637   7  19  270621   0   3   8   80700   2   7   70700////////////
070800   6  25  280750   1   5   80751  -10701   0   4   70712   3   3  10  100751   4  17  210750////////////
070900  16  78  780900   5  33  330859   60801   2   5  150810  12   4  17  170900  11  58  580900////////////
071000  32  95 1140949  14  42  520949  290929   3   9  180910  25   7  19  220949  24  72  850949////////////
071100  34 120 1201100  14  49  491100  291039   3   9  141045  27   7  22  221100  26  90  901100////////////
071200  50  81 1851135  23  35  871135  351200   3  11  121156  41   9  16  311135  38  64 1391136////////////
071300  53 224 2301257  25 108 1111257  331202   3  10  111201  44   9  37  381257  41 174 1781257////////////
071400  79 184 2651335  38  88 1301335  871359   4  10  191353  66  13  30  431335  61 141 2011335////////////
071500  64 135 2051409  31  63  991419  631500   4  10  211428  53  11  23  341417  50 105 1581416////////////
071600  53 140 1911542  25  67  931542  581520   4   9  201549  44   9  25  331542  41 107 1471542////////////
071700  33  65 1391601  15  29  671601  291700   6  20  301631  27   6  13  241601  25  50 1061601////////////
071800  19  36  661704   8  14  291703   91751   5   9  331702  15   4   9  141704  14  28  511704////////////
071900   8  13  371801   2   2  151801   21858   4  31  311900   5   3   7  101802   6   9  281801////////////
072000   3   8  121901   0  -1   21901  -31959   8  26  361958   1   2   6   61901   2   5   91901////////////
072100   3   8   82059  -2  -4   02009 -112033   5  10  462029   1   2   7   72100   1   5   62011////////////
072200   3   8   92106  -1  -5   02112  -72146   8  17  582102   1   2   7   72200   2   4   52101////////////
072300   3   8   82300  -1  -1  -12253  -62206   9  19  602241   1   2   6   72202   1   4   42257////////////
072400   3   8   92339  -1  -4   12337  -52357   7  18  472307   1   2   7   72354   2   4   52340////////////
080100   3   8   80045  -1  -4  -20041  -50018   7  42  600058   1   2   6   70001   1   4   40054////////////
080200   3   9   90141  -1  -3  -20122  -50115   8  18  740106   1   2   6   70140   2   5   50140////////////
080300   3   9   90253  -1  -3  -20236  -30207   6  18  250249   1   2   6   70253   2   5   50252////////////
080400   3   7   90301  -1  -6  -20347  -60400  10  26  680337   1   2   6   60302   2   4   50302////////////
080500   3   8   80459  -2  -5  -40458  -90403   9  25  580414   1   2   7   70452   1   5   50500////////////
080600   3   8   80559  -1  -2  -20554  -50507  15  43  710549   1   2   6   70518   2   4   50504////////////
080700   3  14  140700   0   2   20700  -30621  14  20  840627   1   2   7   70700   2   9   90700////////////
080800  17  84  840800   6  34  340800   10714  -1  -3  140747  13   4  17  170800  12  63  630800////////////
080900  37 109 1150820  16  46  520819  350801   1  -1  130846  30   7  20  220819  28  82  870820////////////
081000  66 231 2311000  30 110 1101000  460901   2   9  130935  55  11  39  391000  50 180 1801000////////////
081100  97 335 3351100  48 167 1671100 1131001   4  12  121100  81  16  55  551100  75 263 2631100////////////
081200 138 355 5471115  71 184 2781115 1581122   4  15  161115 116  22  56  901115 109 279 4551115////////////
081300 167 362 6691240  88 190 3571240 1661206   5  17  181259 141  26  54 1071240 126 279 5171240////////////
081400 173 474 6461343  90 247 3331343 1931301   5  15  191343 145  28  75 1061343 132 355 5021343////////////
081500 210 522 9171432 110 273 4711432 2281414   6  17  261421 176  34  83 1531432 156 387 6771432////////////
081600 138 298 7281511  72 152 4001511 1481548   5  14  191511 116  22  49 1211511 104 231 4941511////////////
081700 124 234 5391619  65 117 2991619 1171700   6  13  271604 103  21  40  951619  86 178 3271619////////////
081800  60  99 2331701  29  46 1161701  461800   5  10  271703  49  11  19  411721  45  74 1771701////////////
081900  18  18  971801   7   5  451801   51900   4  10  181806   8  10////   7////1801  19  191900  73////   1
082000   3   7  181901   0  -3   41902  -31958   5  14  251959   1   2   5   71901   2   4  131901 269//// 265
082100   3   7   82029  -1  -4  -12019  -52050   4  11  292030   1   2   6   62028   2   4   52027   8////  80
082200   2   7   72115  -2  -5  -42113  -62156   7  19  322111   0   2   6   62143   1   3   42124 933////  71
082300   2   6   72206  -3 -12  -52202 -122300   7  19  342257   0   2   6   62207   1   3   422061006////1012
082400   2   8   82353  -3  -6  -52359 -112301   6  18  252307   0   2   7   82342   1   4   52339////////////
090100   2   7   80001  -2  -5  -30051 -100028   7  30  640059   0   2   6   70001   1   4   40001////////////
090200   3   7   80137  -2  -6  -30111  -80144   7  18  880119   1   2   7   80141   1   4   50139////////////
090300   3   8   80259  -1  -1  -10300  -70210   6  18  190201   1   2   6   70222   2   5   50228////////////
090400   3   8   80337   0   0   00349  -30330   8  19  690325   1   2   6   60336   2   4   50336////////////
090500   3   7   80404  -1  -4   00401  -50438   7  17  440416   1   2   6   60459   1   4   50404////////////
090600   2   6   70523  -1  -7  -20518  -70558  20  43  970552   0   2   6   60501   1   3   40512////////////
090700   3  19  190700  -2   0   10658  -70608  10 -12  910657   1   2   8   80700   2  13  130700////////////
090800  30 178 1780800  10  74  740800   10701   2   9  180720  24   6  35  350800  25 153 1530800////////////
090900 102 419 4190900  53 242 2420900  630828   6  17  250819  84  18  70  700900  91 375 3750900////////////
091000 182 591 6110947 108 348 3660947 1990909   6  22  221000 152  30  96 1020947 163 534 5430947////////////
091100 243 758 7621058 140 415 4251055 3511001   6  20  211001 204  39 122 1221058 224 697 7011058////////////
091200 272 763 9451141 140 372 4741141 2751121   7  18  231118 228  44 121 1531141 237 697 8401141////////////
091300 298 893 9121256 144 427 4361239 1761244   7  17  221245 250  48 147 1491256 269 808 8181256////////////
091400 304 832 9381305 146 408 4481306 3801319   7  19  211340 254  50 136 1531306 274 738 8551306////////////
091500 289 747 8331408 145 375 4161432 3751500   6  20  301438 241  48 123 1371408 239 563 7311401////////////
091600 235 597 7351503 129 349 3821508 3101536   6  19  231552 196  39 100 1221503 157 350 5541501////////////
091700 157 162 5941601  87  82 3481606  821700   6  15  281645 131  26  21 1011611  95 118 3481601////////////
091800  36  51 1591701  17  23  811701  231800   5   9  281734  30   6  12  221705  27  37 1171701////////////
091900   9   9  501801   3   0  221801   01858   3   9  131844   6   3   6  111801   6   5  361801////////////
092000   3   8   91901   0   1   21918  -71931   4   9  201958   1   2   6   61953   1   5   51901////////////
092100   3   8   92010   0   0   22006  -12035   4  11  292029   1   2   6   62009   2   4   52008////////////
092200   3   8   92140   1   2   32139  -12104   7  26  262200   1   2   6   62116   2   5   52140////////////
092300   3   8   82202   0   0   32206  -72244   7  25  332244   1   2   6   62300   1   5   52300////////////
092400   3   9   92344   0   2   22356  -12305   7  19  332302   1   2   6   62327   2   5   52342////////////
100100   3   8   90001   0  -1   20002  -20035   8  29  400014   1   2   6   60002   2   4   50001////////////
100200   3   8   80144   0   0   10109  -10136   7  19  300117   1   2   6   60143   2   5   50145////////////
100300   3   8   80259   0   0   10242  -10221   7  18  200258   1   2   6   60256   2   5   50258////////////
100400   3   8   90310   0   0   10313  -10358   7  18  460303   1   2   6   60358   2   5   50309////////////
100500   3   8   90451   0   1   20447  -20404   6  18  210418   1   2   6   60434   2   5   50447////////////
100600   3   9   90558   0   3   30544   00512   8  18  620550   1   2   6   60555   2   5   50556////////////
100700   3  13  130700   1   4   40700   10636   8  32  460616   1   2   6   60700   2   8   80700////////////
100800  11  48  490758   5  23  230759   40702   4  12  190746   8   3  12  120757   8  35  360758////////////
100900  20  77  770859  10  39  390900  210815   5  13  210816  15   5  16  160859  15  58  580859////////////
101000  44 173 1731000  22  89  891000  390903   4  16  280915  35   9  32  321000  33 132 1321000////////////
101100  69 213 2211056  36 114 1181054  821012   4  12  181003  57  12  37  381056  53 166 1711057////////////
101200  93 308 3171156  49 162 1681157 1081103   4  12  181106  77  16  51  531156  72 235 2421156////////////
101300  58  87 3061201  31  45 1611201  441250   4  10  131222  48  10  16  511201  44  66 2331201////////////
101400  21  58  861301  11  29  441301  221337   3  11  111400  16   5  13  161301  16  43  661301////////////
101500  14  32  561401   6  12  271401  121500   4   8  201430  11   3   9  121401  10  24  411401////////////
101600   9  22  301501   3   4  151517   01537   4  43  431600   6   3   8   91501   6  15  221501////////////
101700   9  27  291638   2   7   91638   41652  13  36  641634   6   3   9   91638   6  18  201638////////////
101800   9  17  311713   2   3  101712   31755   8   9  431757   6   3   8  101714   6  11  221713////////////
101900   5  11  181809   1   0   41810   01859   3   9  221857   2   3   7   81806   3   7  121809////////////
102000   4   9  111901   0  -1   01911  -11956   6   9  371942   2   2   6   71903   2   5   71901////////////
102100   3   9   92012   0  -1   02009  -22043   4  20  272032   1   2   7   72045   2   5   52025////////////
102200   3   9   92104   0  -1   02133  -22153   6  18  282101   1   2   7   72108   2   5   52102////////////
102300   3   8   92203   0  -1   02205  -32245   7  19  462258   1   2   6   72218   2   4   52202////////////
102400   3   9   92325   0   0   12324  -12301   8  34  492353   1   2   6   62344   2   5   50000////////////
110100   3   9   90026   0   0   10020  -30034   8  55  660054   1   2   6   70056   2   5   50008////////////
110200   3   9   90127   0  -2   00101  -30117  10  58  650156   1   2   6   70129   2   4   50128////////////
110300   3   9   90300   0   0   00258  -20205   8  41  750249   1   2   7   70256   2   5   50300////////////
110400   3   9   90304   0   0   10305  -10326   9  19  920325   1   2   6   70301   2   5   50304////////////
110500   3   9   90500   0   0   10426  -10404   8  18  500422   1   2   6   60451   2   5   50441////////////
110600   3   9   90552   0   1   10550  -10502  22  71  900523   1   2   6   70519   2   5   50526////////////
110700   4  15  150700   1   5   50700   10603  21  52  860622   2   2   7   70700   2   9   90700////////////
110800   7  27  270742   3  10  110742   50701   3  10  180721   4   3   9   90742   5  19  190800////////////
110900  13  32  490829   5  13  210829  100855   2  -2  210820   9   4   9  120829   9  23  360829////////////
111000  10  32  350903   4  13  150904   70920   9  16  410948   7   3   9  100903   7  23  260903////////////
111100  16  55  681039   7  26  311039  121010   7  28  421047  12   4  12  141040  12  42  511039////////////
111200  44 167 1981141  21  82  991142  241103   6  10  301107  36   8  28  341141  33 126 1531141////////////
111300  70 317 3171300  35 162 1621300  551218   4  10  111222  58  12  51  511300  54 244 2441300////////////
111400  64 138 3291302  32  67 1691302  521354   4  10  151326  54  10  23  521302  49 106 2521302////////////
111500  23  81 1381411  10  33  681411   31435   5   8  481453  18   5  16  231411  17  60 1051411////////////
111600  27  96  991510  12  46  461600  261533   3   9  251504  22   5  19  191510  20  72  741510////////////
111700  24  34  991602  11  14  471602  131656   6  34  341609  19   5   9  191602  18  25  741602////////////
111800  11  17  421723   5   6  191724   61759   7  34  391709   8   3   7  101724   8  12  311723////////////
111900   4   9  171801   1  -2   61801  -51843   3   9  131801   2   2   6   71801   3   5  111801////////////
112000   3   8   91901  -1  -2   01958  -31939   3   9  101929   1   2   7   71948   1   4   41901////////////
112100   3   8   82041  -1  -2  -12006  -52046   2  13  202040   1   2   7   72049   1   4   42042////////////
112200   3   9   92150   0   1   22132  -32110   7  19  202147   1   2   7   72153   2   5   52142////////////
112300   3   9   92252   1   3   32257   02218   6  18  192208   0   3   7   72208   2   5   52257////////////
112400   3   9   92341   1   2   32347   20000   6  18  182303   1   2   7   70000   2   5   52344////////////
120100   3   9   90007   1   2   30009   20048   6  18  180055   1   2   7   70002   2   5   50015////////////
120200   3   9   90145   1   1   30110   10200   4  18  180102   1   2   7   70158   2   5   50124////////////
120300   3   9   90233   0   2   20242   00221   6  18  180210   0   3   7   70223   2   5   50253////////////
120400   3   9   90330   1   3   30400   10318   7  18  350340   1   2   6   70302   2   5   50350////////////
120500   3   9   90408   1   3   40408   20424   7  18  250418   1   2   6   60443   2   5   50409////////////
120600   3   9   90556   1   3   30501   20532   8  18 1060537   1   2   6   60554   2   5   50600////////////
120700   3  10  100700   1   3   30634   20627   7  14  290658   1   2   6   60632   2   6   60700////////////
120800   5  20  200800   2   7   70757   30704   1   1  130729   3   2   7   70800   3  14  140800////////////
120900  10  37  420856   4  15  170856   60805   2  13  160859   7   3  10  100857   7  27  310856////////////
121000  18  45  670913   8  18  300913  130904   3   9  230918  14   4  11  140913  13  33  490914////////////
121100  33 118 1181100  15  55  551100  191001  -1 -38  101044  27   6  21  211100  24  88  881100////////////
121200  43 120 1401121  20  56  681121  471146  -9  10  191155  36   7  21  241121  32  91 1061120////////////
121300  64 268 2681300  31 131 1311300  571201   4  12  211243  53  11  42  421300  50 205 2051300////////////
121400  76 141 3151304  37  69 1561305  691400   5  10  441354  64  12  24  491304  58 112 2351304////////////
121500--------------------------------------------------------------------------------------------------------
121600  72 166 2211501  37  83 1121501  831600   5  13  261549  60  12  27  361501  57 131 1711501////////////
121700  56 153 1761652  28  76  891652  621630   5  12  211656  46  10  27  311652  44 119 1361652////////////
121800  41  43 1831716  20  17  941716  171800   5  13  251758  34   7  10  321716  31  33 1391715////////////
121900   9   9  421801   3  -2  171801  -21900   5  10  361817   6   3   6  101818   7   7  321801////////////
122000   3   8   91901  -1   0   01959  -41905   4   5  321916   1   2   6   61957   2   4   61901////////////
122100   3   9   92044   0   0   12049  -22003   1 -22  292015   1   2   6   72045   2   5   52044////////////
122200   3   9   92116   0  -2   22113  -22200   6  18  182200   1   2   6   62101   2   5   52113////////////
122300   3   9   92231   0   1   22230  -12206   0-222  192247   1   2   6   72210   2   5   52230////////////
122400   3   9   90000   1   3   30000   12301 -15 -60  192354   1   2   6   62316   2   5   50000////////////
130100   3   9   90012   1   1   30005   10048 -18-160  190025   1   2   6   60100   2   5   50006////////////
130200   3   9   90107   0   0   20106  -10158 -14-147  180122   1   2   6   70105   2   5   50106////////////
130300   3   9   90257   0   3   30250   00201  -2   8  180201   1   2   6   70215   2   5   50256////////////
130400   3   9   90302   0   0   20301  -20356 -15-111  200340   1   2   7   70359   2   5   50301////////////
130500   3   9   90427   0   1   10500  -10446 -32-170  180442   1   2   7   70421   2   5   50500////////////
130600   3   9   90600   0   1   20518  -10545  -3  19  220516   1   2   7   70512   2   5   50600////////////
130700   3  12  120700   0   3   30700  -20632   1   7  200648   1   2   7   70700   2   7   70700////////////
130800   8  31  340740   3  11  120739   20710   2   8  190704   5   3   9  100740   6  22  240740////////////
130900  15  56  580858   5  23  230858  110801   2   8  130803  11   4  13  130858  10  42  420858////////////
131000  18  46  640904   7  19  260905  130952   4  18  210946  14   4  11  140904  13  33  460903////////////
131100  22 110 1101100   9  51  511100  101005   3   8  151019  17   5  20  201100  16  83  831100////////////
131200  44 150 1721143  21  71  831143  241127   5  10  291151  36   8  26  291143  34 113 1311143////////////
131300  57 218 2181300  27 108 1081300  601210   4   8  211231  47  10  36  361300  43 166 1661300////////////
131400  94 288 3011358  46 143 1491358 1101311   4  11  291327  79  15  46  481319  72 226 2341358////////////
131500  92 286 3021421  46 144 1521421  841438   4  11  211408  77  15  47  481455  72 221 2321420////////////
131600  86 184 3531517  44  92 1851517  851544   4  12  171550  72  14  30  581517  68 141 2791517////////////
131700  92 291 4401649  46 151 2231649  691608   5  19  311654  76  16  49  801649  70 226 3421649////////////
131800  54  47 3781702  27  20 1871702  201800   5  11  191702  45   9   9  691702  43  38 2991702////////////
131900  12   9  611817   4   0  271817   01850   4  11  231857   9   3   5  131818   9   6  471817////////////
132000   3   8   91901   0   1   11959  -31932   5  11  301939   1   2   6   61957   2   6   61901////////////
132100   3   8   82021   0   0   12011  -52047   5  13  272058   1   2   6   62020   2   6   62020////////////
132200   3   8   82114   0  -2   22112  -22155   7  18  562113   1   2   6   62107   2   5   62106////////////
132300   3   8   82221   0   1   22217  -32202   8  35  682259   1   2   6   62220   2   5   62220////////////
132400   3   8   82319   0   1   22316   02344   7  18  472351   1   2   6   62319   2   5   52317////////////
140100   3   8   90021   1   1   30018   00041  12  43  620045   1   2   6   60020   2   5   60020////////////
140200   3   8   80142   0   1   20109   00126  13  64  680159   1   2   6   60140   2   5   50140////////////
140300   3   8   90206   0   1   20204  -10253   8  55  610229   1   2   6   60207   2   5   50206////////////
140400   3   8   90312   1   1   20344   00351  16  18  750310   1   2   6   60301   2   5   50311////////////
140500   3   8   90423   0   0   20420  -10435  14  29  930409   1   2   6   60459   2   5   50449////////////
140600   3   8   80539   0  -2   10526  -20553  23  75  860504   1   2   6   60539   2   4   50507////////////
140700   5  41  410700   0  14  140700  -30609  28   9  960638   3   2  13  130700   3  30  300700////////////
140800  23  81  810800   9  33  330800  160701   3   6  190736  18   5  16  170715  17  60  600800////////////
140900  57 352 4020858  26 184 2080858  340801   2   8  180835  47  10  62  720858  47 309 3550858////////////
141000 183 601 6011000 106 363 3670958 1240902   7  17  280934 154  29  91  970930 162 544 5441000////////////
141100 237 704 7131052 141 411 4161058 3611001   6  16  211022 201  36 108 1081058 218 648 6611052////////////
141200 245 873 9061158 134 473 4791158 1571123   6  16  271129 208  37 137 1421158 221 773 8021158////////////
141300 307 329 9691221 161 176 5101220 1751259   7  15  241239 259  48  44 1501221 274 264 8631221////////////
141400 194 555 8771323 102 294 4531313 1721351   6  14  231331 164  30  94 1421324 161 452 7761313////////////
141500 124 670 6701500  67 364 3641500 1461414   5  15  181453 104  20 117 1171500  98 554 5541500////////////
141600 204 233 6871507 119 132 3801528 1321600   6  16  221540 170  34  30 1171507 169 189 5811507////////////
141700  62 118 4091607  33  61 2391607  551645   5  18  201652  53   9  18  711607  50  93 3391607////////////
141800  30  49 1231704  15  23  631703  221759   4  18  231717  25   5  11  201705  23  39  971703////////////
141900   9  10  561804   4   3  261804   21848   4   9  181806   6   3   5  121804   7   6  431804////////////
142000   3   8  101901   1   1   31921   11958   4   9  191934   1   2   5   61915   2   5   61901////////////
142100   3   7   92023   0  -3   22009  -32058   3  11  192036   1   2   5   62023   2   3   62021////////////
142200   3   8   82157  -1  -4  -22153  -52136   7  19  432141   1   2   6   62159   1   4   52155////////////
142300   3   8   82300  -1   0   02300  -42213   7  34  492259   1   2   6   62252   2   5   52300////////////
142400   3   9  102355   0   1   22357  -12334  10  18  622306   1   2   7   72355   2   6   72355////////////
150100   3   9   90001   0   1   20054  -10039   7  25  490043   1   2   6   70001   2   5   60001////////////
150200   3   9   90103   0   0   00101  -30136   8  18  590157   1   2   6   60200   2   5   50102////////////
150300   3   9   90237   1   3   30237   00218   7  23  230300   1   2   6   70241   2   6   60238////////////
150400   3   9   90301   1   2   30321   20356   8  18  560334   1   2   6   60301   2   5   60301////////////
150500   3   9   90421   1   2   30434   10406   8  24  550433   1   2   6   60421   2   5   60419////////////
150600   3   8   90501   0   1   20504   00548  16  36  590548   1   2   6   60501   2   5   50501////////////
150700   3  11  110700   0   2   20700   00628  19  56  750602   1   2   6   60700   2   7   70700////////////
150800  11  69  690800   4  34  340800   30701   4  14  240704   8   3  16  160800   8  51  510800////////////
150900  46 198 1980900  25 111 1110900  360801   5  13  200856  37   9  36  360900  34 150 1500900////////////
151000  64 208 2081000  36 115 1151000  900929   5   9  190930  53  11  36  360902  49 161 1611000////////////
151100 130 451 5321050  72 243 2911050 1171001   4  17  181059 108  22  75  931050 100 350 4221050////////////
151200 193 682 6821200 105 361 3611200 2321125   6  17  181106 161  32 117 1171200 153 559 5591200////////////
151300 219 746 7541259 117 405 4121258 3431201   6  19  201250 182  37 124 1261259 184 639 6471259////////////
151400 223 634 7761320 123 352 4321320 1831353   6  16  221340 186  37 113 1311320 184 495 6571320////////////
151500  65  52 6691402  36  29 3731402  271458   5  11  201412  54  11  10 1221402  48  38 5371402////////////
151600  18  55  681553   9  27  351553  191533   4   9  201545  14   4  12  141553  13  41  491553////////////
151700  12  30  531601   5  15  261601   71651   4  21  211700   9   3   9  121601   9  21  401601////////////
151800  15  39  451731   7  20  231732  151701   5   9  231706  11   4  10  121731  11  28  331727////////////
151900   9  13  391801   4   4  201801   41900   4   9  221806   6   3   6  101801   6   8  281801////////////
152000   3   8  121901   1   2   51901   21938   3   9  191903   1   2   6   61901   2   5   81901////////////
152100   3   8   92021   1   2   32055   12026   4  15  212040   1   2   6   62021   2   5   52021////////////
152200   3   8   82136   1   2   32117   12154   7  18  342148   1   2   6   62157   2   5   52135////////////
152300   3   9   92300   1   4   42300   22205   7  18  262258   1   2   6   62202   2   5   52259////////////
152400   3   8   92302   1   1   42318   10000   7  19  292327   1   2   6   62355   2   5   52302////////////
160100   3   8   80030   1   2   20055   10010   7  18  190010   1   2   6   60030   2   5   50030////////////
160200   3   8   80101   0   0   20107  -20151   8  29  400120   1   2   6   60102   2   4   50102////////////
160300   3   8   80224   0  -1   10222  -10300   8  19  540205   1   2   6   60225   2   4   50223////////////
160400   3   9   90323   0   2   30314  -30303  11  18  620332   1   2   6   60347   2   5   50346////////////
160500   3   8   90411   0   0   20406   00500   8  19  570444   1   2   6   60410   2   5   50413////////////
160600   3   7   80503  -1  -1   00501  -40548  14  68  680557   1   2   6   60506   1   4   50502////////////
160700   3  11  110700   1   4   40700  -20603   9  17  680601   1   2   6   70627   2   7   70700////////////
160800  10  42  430758   5  21  220757   40701   2   3  190712   7   3  11  110742   7  31  310758////////////
160900  31 171 1710900  17  92  920900  190807   3  10  210854  24   7  32  320900  23 130 1300900////////////
161000 102 283 5220936  57 156 2990937  890904   5  13  210916  84  18  47 1010936  79 211 4290936////////////
161100 116 297 5601039  65 167 3071039 1331016   5   9  161034  97  19  49 1021039  89 229 4441039////////////
161200  92 250 3051114  51 141 1691114 1201129   4  11  171112  77  15  41  501114  70 190 2301114////////////
161300 143 821 8881254  80 468 4901255 1271218   4  14  151259 119  24 143 1581254 112 683 7351254////////////
161400 176 216 8341316 101 124 4831316 1241400   6  15  201313 147  29  34 1451316 141 170 6991316////////////
161500  51  85 2241405  28  45 1261405  351451   4  10  161426  43   8  16  361405  38  62 1721405////////////
161600  36 137 1371600  19  74  741559  391530   4   9  181547  29   7  27  271600  27 103 1031559////////////
161700  52 104 1821618  28  57  991618  521657   4  20  201700  42  10  20  341618  39  78 1371619////////////
161800  33  45 1261707  17  24  671706  241800   4  11  201706  26   7  10  241707  24  33  951706////////////
161900   8  12  421801   4   5  231801   51900   4   9  181807   5   3   6  101801   6   7  311801////////////
162000   3   9  111901   1   2   51901   21928   3  10  131905   1   2   6   62000   2   5   71901////////////
162100   3   8   92024   1   4   52038   22009   3  11  112100   1   2   5   62022   2   4   52022////////////
162200   3   8   92138   1   1   42101   12200   7  19  282149   1   2   6   62138   2   4   52139////////////
162300   3  10  102258  -2  -4   02201 -142219   7  17  372258   1   2   6   62252   1   5   52256////////////
162400   3   9  102301  -1   2   20000  -82321   7  17  322316   1   2   7   72356   1   5   52307////////////
170100   3   9   90011   0  -2   30046  -30031   6  19  200032   1   2   7   70039   2   5   50011////////////
170200   3   9   90146   1   5   60142  -20101  13  18 6440134   0   3   6   80124   2   5   50158////////////
170300   3   9   90211   2   5   50205   40222  12  18 6610222   1   2   6   70235   2   5   50203////////////
170400   3   9   90325   2   4   50334   40400 -18  17  180302   1   2   6   70321   2   5   50328////////////
170500   3   9   90448   2   5   50444   40421  -4  18  180409   1   2   6   70413   2   5   50450////////////
170600   3   9   90549   2   5   50546   40525 -23  18  180556   1   2   7   70549   2   5   50504////////////
170700   3  10  100659   1   3   50603   20636 -16  16  200625   0   3   8   80640   2   6   60657////////////
170800--------------------------------------------------------------------------------------------------------
170900--------------------------------------------------------------------------------------------------------
171000--------------------------------------------------------------------------------------------------------
171100--------------------------------------------------------------------------------------------------------
171200--------------------------------------------------------------------------------------------------------
171300--------------------------------------------------------------------------------------------------------
171400--------------------------------------------------------------------------------------------------------
171500--------------------------------------------------------------------------------------------------------
171600--------------------------------------------------------------------------------------------------------
171700--------------------------------------------------------------------------------------------------------
171800--------------------------------------------------------------------------------------------------------
171900--------------------------------------------------------------------------------------------------------
172000--------------------------------------------------------------------------------------------------------
172100--------------------------------------------------------------------------------------------------------
172200--------------------------------------------------------------------------------------------------------
172300--------------------------------------------------------------------------------------------------------
172400--------------------------------------------------------------------------------------------------------
180100--------------------------------------------------------------------------------------------------------
180200--------------------------------------------------------------------------------------------------------
180300--------------------------------------------------------------------------------------------------------
180400--------------------------------------------------------------------------------------------------------
180500--------------------------------------------------------------------------------------------------------
180600--------------------------------------------------------------------------------------------------------
180700--------------------------------------------------------------------------------------------------------
180800--------------------------------------------------------------------------------------------------------
180900--------------------------------------------------------------------------------------------------------
181000--------------------------------------------------------------------------------------------------------
181100--------------------------------------------------------------------------------------------------------
181200--------------------------------------------------------------------------------------------------------
181300--------------------------------------------------------------------------------------------------------
181400--------------------------------------------------------------------------------------------------------
181500  75 201 2331424  36  95 1111424  901442   4  10  151402  62  13  36  411424  58 156 1781424////////////
181600  61 151 2061507  29  73  991507  691536   4  10  181547  50  11  27  371507  47 116 1581507////////////
181700  33  77 1481601  15  36  721601  311632   5  13  191610  27   6  16  261601  25  60 1141601////////////
181800  19  34  761701   9  15  361701  151800   5  19  201725  15   4   9  151701  15  26  601701////////////
181900   9  13  371813   3   4  161813   41900   5  15  211835   6   3   6  101813   7  10  281813////////////
182000   3   8  131901   1   1   41902  -11944   5  20  221956   1   2   6   61901   2   6  101901////////////
182100   3   8   92049   0   0   22046  -22037   7  15  262033   1   2   6   72048   2   5   62047////////////
182200   3   8   92120   0   0   22121  -12158   7  18  442108   1   2   6   62120   2   5   62120////////////
182300   3   8   92227   0   0   32227  -22240   6  17  192237   1   2   6   72227   2   6   72227////////////
182400   3   8   92310   1   2   42309   02301   8  18  392307   1   2   6   72309   2   6   72310////////////
190100   3   8   80038   0   1   20036  -30054   7  18  360046   1   2   6   60038   2   5   60002////////////
190200   2   7   80104  -4  -9   10101 -170113   8  19  330151   0   2   6   60200   0   2   60101////////////
190300   3   8   80226  -3  -7  -60251 -110238  10  18  780247   0   3   8   80240   1   3   40224////////////
190400   3   8   90341  -2  -7  -30339  -80333   3  18  350313   0   3   8   80355   1   4   50340////////////
190500   3   9   90500  -2  -4  -40456  -70434   7  24  450424   0   3   8   80443   2   5   50413////////////
190600   3   8   90504  -2  -5  -30530  -70514  -3 -30  340504   0   3   7   80521   1   4   50503////////////
190700   3  10  100700  -1  -2  -10658  -50601 -24  -1  170608   0   3   7   70601   2   6   60700////////////
190800  10  58  580800   2  21  210800  -20701   0   0   30744   7   3  14  140800   7  43  430800////////////
190900  30  96 1300841  13  42  580841  220801   1  -1   60856  24   6  20  250841  22  71  960841////////////
191000  36 143 1431000  16  66  661000  300904   4  22  290948  29   7  27  271000  27 108 1081000////////////
191100  57 180 1861056  27  87  901056  631008   8  22  261010  47  10  32  331051  43 135 1411051   0////   0
191200  93 293 3051152  46 146 1511151  621106   7  18  241103  77  16  49  511152  71 224 2291150   0////   0
191300  86 287 2881201  42 141 1431201  751209   6  18  191222  71  15  48  481300  66 222 2221201   0////   0
191400  94 295 3051358  46 148 1521358 1061334   5  15  181311  44  50////  16//// 2271358135814001358////   0
191500  89 292 2941459  44 145 1471401 1061441   4  11  171403  39  50   0  15//// 2231459145915001459////   0
191600  73 151 2901501  37  76 1451502  751557   4  11  141545  60  13  26  501501  56 115 2221501 601////   0
191700  36  67 1481601  17  30  741601  301700   4  11  171644  29   7  14  261601  27  50 1131601 601////   0
191800  15  20  661701   6   7  301701   61759   5  11  191754  11   4   7  141701  11  15  501701   7////   0
191900   5  10  201801   1   1   61801   11858   4  17  191825   3   2   6   71801   4   7  151801   0////   0
192000   3   8  101901   0  -1   11905  -11943   5  20  201945-163 16619021951////  69  63  641901////////9613
192100   3   8   82055   0   0   12053  -22015   6  10  272033   1   2   6   62055   2   6   62055   0//// 901
192200   3   8   82151   0   0   12110  -12144   7  18  422108   1   2   6   62150   2   5   62149   0//// 901
192300   3   8   82209   0  -1   22217  -22258   6  18  182219   1   2   6   62206   2   5   62209   0////  10
192400   3   8   82359   0   0   12317  -22333   9  34  502315   1   2   6   60000   2   5   52320////////////
200100   3   8   80005   0   1   10057  -20017   8  17  490046   1   2   6   60017   2   5   50005////////////
200200   3   8   80107   0  -1   10104  -20148   7  18  470153   1   2   6   60200   2   5   50103////////////
200300   3   8   80208  -1  -1   00201  -30231  10  18  510255   1   2   6   60238   2   5   50206////////////
200400   3   8   80308   0  -1   00351  -30316  10  44  470340   1   2   6   60323   2   5   50350////////////
200500   3   9   90500   0   0   10458  -30436  10  28  450430   1   2   6   60455   2   5   60459////////////
200600   3   8   80501   0  -1   10529  -10556   8  22  380503   1   2   6   60501   2   5   50501////////////
200700   3   9   90657   0   1   20652  -30606   7  26  420602   1   2   6   60639   2   6   60656////////////
200800   6  33  330800   2  14  140800   00709   5  14  170729   3   3   9   90800   4  24  240800////////////
200900  20  85  850900   9  40  400900  150801   5  14  230827  15   5  18  180900  15  64  640900////////////
201000  42 188 1881000  21  96  961000  410901   5  16  180948  34   8  33  331000  32 144 1441000////////////
201100  80 271 2711100  41 136 1361100  941012   5  10  171011  66  14  47  471100  61 206 2061100////////////
201200--------------------------------------------------------------------------------------------------------
201300--------------------------------------------------------------------------------------------------------
201400 141 475 4751400  74 249 2491400 1791318   5  14  181302 118  23  78  781400 107 358 3581400////////////
201500 183 416 6341447  99 238 3591447 2221411   6  16  211454 152  31  70 1091445 141 333 5151447////////////
201600 112 290 4121515  60 150 2251515 1291551   5  13  181520  93  19  49  711515  86 219 3211515////////////
201700  71 150 2951601  36  77 1531601  691627   4  15  151700  59  12  26  501601  54 114 2251602////////////
201800  27  26 1391701  13   9  721701   91757   4   9  181727  22   5   7  251701  20  18 1071701////////////
201900   4   8  251801   1   2   91801   01828   4   9  171813   2   2   5   71801   3   5  181801////////////
202000   3   8   91901   0   1   21901   11944   4  15  191931   1   2   6   61949   2   5   51901////////////
202100   3   8   82033   1   1   22033   12053   4  10  232045   1   2   6   62032   2   5   52005////////////
202200   3   8   82155   0   1   22152   12103   7  18  272118   1   2   6   62121   2   5   52123////////////
202300   3   8   82229   1   1   22227   12256   6  18  182207   1   2   6   62229   2   5   52229////////////
202400   3   8   82353   0   2   22349   02304   7  25  392310   1   2   6   62323   2   5   52351////////////
210100   3   8   80044   0   1   20042   00031   6  18  290053   1   2   6   60039   2   5   50043////////////
210200   3   8   80105  -1  -1   10103  -60131   7  18  220135   1   2   6   60158   2   5   50200////////////
210300   3   8   80244   0  -2   10247  -20300   7  18  460256   1   2   6   60203   2   5   50201////////////
210400   3   8   80358  -1  -3  -20303  -60333  11  39  610328   1   2   7   70400   1   5   50400////////////
210500   3   9   90500  -1  -3  -20414  -50424  11  50  620458   1   2   7   70426   2   5   50408////////////
210600   3   9   90546  -1  -1  -10558  -30529  15  61  650555   1   2   6   60531   2   5   50600////////////
210700   3  10  100700  -1  -1   00608  -30644   9   6  660603   1   2   6   60648   2   6   60700////////////
210800   7  31  310800   1   9   90800  -20705   0  -6   70709   4   3  10  100759   5  22  220800////////////
210900  13  53  530900   4  22  220900   80841   2  11  110859   9   4  13  130900   9  39  390900////////////
211000  22  64  850933  10  28  380933  150908   6  20  330936  17   5  14  170935  16  48  630933////////////
211100  17  53  621001   7  23  271001  131028   6   9  241021  13   4  12  131001  13  39  461001////////////
211200  43 299 2991200  21 151 1511200  191106   6  17  231109  35   8  52  521200  33 227 2271200////////////
211300 107 191 3481231  55  99 1821238  991300   4  17  171201  89  18  31  591231  81 141 2681231////////////
211400  43  46 2051310  23  23 1081309  231400   5  11  261304  36   7   9  351310  32  34 1501309////////////
211500  18  74  821453   7  29  331454   81425   3   8  151432  14   4  16  171453  13  55  601454////////////
211600  37  89 1551521  18  43  761521  301501   4  10  181548  30   7  18  291521  28  67 1171521////////////
211700  20  29  941608   9   8  471609   71656   4  23  231700  16   4   9  191608  15  20  721608////////////
211800   6  20  291701   0   4   61701  -31731   5   8  471725   4   2   8   81701   4  14  201701////////////
211900   7  10  251810   1   0   51821  -11852   3   8  141827   4   3   7   91810   5   6  171810////////////
212000   3   9  101901  -1  -3   01901  -32000   3   8   91927   1   2   7   71955   2   5   61901////////////
212100   3   9   92035   0  -1  -12017  -22005   2  10  102100   1   2   7   72054   2   5   52100////////////
212200   3   9   92101   0   0   12159  -22125   6  17  192122   1   2   7   72124   2   5   52101////////////
212300   3   8   92201   0  -1   12214  -12226   6  17  192242   1   2   6   72227   2   5   52201////////////
212400   3   9   92358   0  -1   02309  -22352   6  18  502312   1   2   6   72336   2   5   50000////////////
220100   3   9   90016   0   0   10019  -10037   8  24  580055   1   2   6   70017   2   5   50014////////////
220200   3   9   90141   0   2   20200  -10120   3  18  180148   1   2   6   70133   2   5   50136////////////
220300   3   8   90204   0   0   20202   00300  -8  18  180206   1   2   6   60226   2   5   50227////////////
220400   3   9   90358   0  -1   00306  -20348  -5   6  240324   1   2   7   70352   2   5   50358////////////
220500   3   8   90430   0  -1   00430  -20458  -5 -22  220455   1   2   6   70402   2   5   50418////////////
220600   3   8   90520   0  -1   00520  -20539  -8 -15   20551   1   2   6   70501   2   5   50513////////////
220700   3  10  100700   0   0   00700  -20632   4   9  290613   1   2   7   70647   2   6   60700////////////
220800   8  27  320730   2   9  110730   00706   2   5  120751   5   3   9  100730   6  19  230730////////////
220900  18  82  820900   7  36  360900   90801   2   7  160822  14   4  17  170900  13  61  610900////////////
221000  37 111 1220950  16  50  560950  340911   5  11  250947  30   7  21  230950  27  84  910950////////////
221100  55 141 2391045  26  67 1151045  471006   6   9  311020  45  10  25  401045  41 109 1781045////////////
221200  67 332 3331159  32 163 1641159  511106   5  18  291119  55  12  56  561159  52 256 2571159////////////
221300  88 114 3681209  43  55 1841209  551300   4  17  171300  73  15  20  621209  68  86 2811209////////////
221400  16  64 1001301   6  28  491301   91319   5   9  211338  12   4  14  181301  12  49  761301////////////
221500  40 163 1631500  18  77  771500  221405   4  10  211403  32   8  29  291500  31 124 1241500////////////
221600  40  73 1991518  19  31  971519  131549   4   9  171548  32   8  15  351518  31  57 1511505////////////
221700  43  93 2031637  20  42 1011638  191650   3  11  201659  35   8  18  371637  33  73 1521637////////////
221800  28  22 1351704  13   8  651705   81800   4   9  211726  22   6   7  251705  21  17 1001705////////////
221900   6  11  221802   2   3   91801   31900   4   9  221827   4   2   6   71803   4   8  171801////////////
222000   3   8  111901   0  -1   31901  -11958   3   9  111905   1   2   6   61901   2   5   81901////////////
222100   3   8   82024   0  -2   02023  -32058   3  10  222046   1   2   6   62100   2   5   52006////////////
222200   3   8   82134   0  -1   02130  -22120   7  18  352123   1   2   6   62144   2   5   52132////////////
222300   3   8   82248  -1  -3  -12245  -42227   6  18  182217   1   2   6   62247   2   5   52246////////////
222400   3   8   82327  -1  -3  -22323  -42307   6  18  182350   1   2   6   62328   2   5   52326////////////
230100   3   8   80007  -1  -4  -10025  -40042   7  18  360053   1   2   6   60020   2   4   50009////////////
230200   3   8   80145  -1  -2  -10143  -60116   7  18  380158   1   2   6   60159   1   4   40146////////////
230300   3   9   90244  -1  -1   00248  -40209   8  17  680255   1   2   7   70244   2   5   50245////////////
230400   3   8   90301  -1  -3  -10317  -30313  11  61  730345   1   2   6   70301   2   5   50303////////////
230500   3   8   80420  -1  -2   00407  -30454  11  56  770429   1   2   6   60458   2   5   50421////////////
230600   3   8   80501  -1  -1  -10600  -40518  10  18  800507   1   2   6   70526   2   5   50548////////////
230700   3  10  100700   0  -1   00632  -20641   6 -15  350602   1   2   6   60700   2   6   60700////////////
230800  15  98  980800   5  37  370800  -10701  -1   4   60749  11   4  21  210800  11  76  760800////////////
230900  54 208 2130858  25 104 1050859  400801   4  14  170835  44  10  37  380858  41 163 1680858////////////
231000  97 195 3480914  51 101 1790915 1010958   4  12  140906  81  16  32  620914  76 148 2860914////////////
231100  95 305 3331046  49 158 1731049  971006   4  13  181024  79  16  51  571046  72 230 2491047////////////
231200 103 296 3501116  53 152 1801117 1191138   5  14  171105  86  17  50  581117  79 236 2551117////////////
231300 176 450 7371240  93 234 3881240 1591201   5  16  181240 147  29  73 1251240 137 355 5951240////////////
231400 197 501 6681309 106 270 3611309 2461301   6  15  201328 165  32  84 1121309 154 387 5341309////////////
231500 149 347 5841409  80 181 3211409 1781458   5  12  191427 124  25  58  981409 115 264 4621409////////////
231600 127 240 5281526  68 126 2941526 1261600   5  14  181532 105  22  40  931523  98 183 4171523////////////
231700  93 163 5491628  48  82 2941628  821700   5  17  171659  77  16  28 1111628  72 125 4611628////////////
231800  52 118 1621701  25  57  811702  571800   4  12  181727  42  10  23  281721  39  89 1241701////////////
231900  17  11 1151801   7  -1  551801  -11900   4   9  171827  13   4   5  221801  13   7  861801////////////
232000   2   7  101901  -1  -4  -11903  -61930   3   9  171943   0   2   6   61959   1   5   71901////////////
232100   3   7   92026  -1  -2  -12052  -52017   3  11  142042   1   2   6   72025   2   5   62025////////////
232200   2   6   72101  -2  -9  -22102 -102142   7  18  202138   0   2   5   62103   1   3   52101////////////
232300   2   5   72217  -3 -11  -52215 -112254   7  20  202245   0   2   5   62216   1   2   42216////////////
232400   2   7   72355  -3  -6  -62348 -112310   7  18  202301   0   2   6   62355   1   3   42355////////////
240100   3   7   80041  -2  -7  -40037  -80002   6  19  280053   1   2   6   80043   1   3   40042////////////
240200   3   7   70158  -2  -5  -30140  -70101   7  16  800147   1   2   7   70200   1   4   40200////////////
240300   3   8   80300  -1  -2  -20244  -50201   8  18 1010242   1   2   6   70201   1   4   40244////////////
240400   3   8   80319  -1  -4  -10313  -40331   9  57  840357   1   2   6   70321   2   4   50315////////////
240500   3   7   80405  -1  -3  -10405  -50420  11  18  770446   1   2   6   60403   1   4   40437////////////
240600   3   9   90550   0   0   10539  -60506   8  17  590503   1   2   7   70551   2   5   50548////////////
240700   3  10  100700   0   1   10603  -20618   6   4  370623   1   2   7   70602   2   6   60700////////////
240800  15  83  890756   5  31  350756   00701  -2  -5  120712  11   4  18  190756  11  61  650756////////////
240900  55 267 2960851  24 132 1380851  300803   1  11  110900  44  11  47  570851  41 200 2310851   0////   1
241000  96 353 6010953  49 184 3170953  960921   5  12  200946  79  17  60 1090953  74 275 4870953   0////2301
241100 134 404 5381047  69 214 2871047 1561019   5  14  181027 111  23  68  951047 105 318 4421047////////////
241200 148 373 6361109  80 196 3471109 1531141   5  15  181125 123  25  62 1111109 115 281 5161109////////////
241300 167 592 5921300  88 317 3171300 1831206   5  19  241235 139  28 100 1001300 128 461 4611300////////////
241400 244 762 9671356 135 447 5631356 2341324   6  18  221315 203  41 128 1641356 198 654 8551356////////////
241500 201 427 7761425 114 233 4541425 2331454   7  15  251432 168  33  70 1311414 162 318 6701414////////////
241600 126 175 6341523  70  86 3641523  771549   5  11  201532 105  21  30 1121523  97 131 5191523////////////
241700  55 100 2051620  28  49 1071620  461656   4  18  181700  45  10  19  361620  41  78 1511620////////////
241800  23  38 1001701  11  16  491701  151757   4   9  271727  18   5  10  191701  17  28  781701////////////
241900   8  10  381801   2   0  151801   01900   3   9  231826   5   3   6  101801   5   5  271801////////////
242000   3   8   91901   0  -2   11906  -31952   3   9   91943   1   2   6   62000   2   5   51901////////////
242100   3   8   82017   0  -2   12021  -22002   3  10  112046   1   2   6   62001   2   4   52016////////////
242200   3   8   82156  -1  -2  -12102  -22200   7  18  192121   1   2   6   62153   2   4   52158////////////
242300   3   8   82252  -1  -1  -12240  -32220   6  18  182203   1   2   6   62254   2   5   52253////////////
242400   3   8   82303  -1  -1  -12302  -32357   7  18  182313   1   2   6   62302   2   5   52302////////////
250100   3   8   90036   0  -1   00045  -20013   6  18  180053   1   2   6   70036   2   5   60035////////////
250200   3   8   80149   0   0   10112  -20156   6  18  180112   1   2   6   60146   2   5   50146////////////
250300   3   8   90225   0  -1   10224  -20245   6  18  190206   1   2   6   70226   2   4   60225////////////
250400   3   8   90311  -1  -2   00310  -30349   7  23  420358   1   2   6   60316   2   5   50311////////////
250500   3   9   90453   0   1   10454  -30435   6  18  190433   1   2   6   60452   2   5   50451////////////
250600   3   8   80502   0  -1   10501  -20537   6  18  180514   1   2   6   60501   2   5   50502////////////
250700   3   9   90700   0  -1   10618  -10650   6  17  180646   1   2   6   60622   2   5   50700////////////
250800   8  34  340800   2  13  130800  -10701   1   3  130713   5   3  10  100800   5  25  250800////////////
250900  15  64  650858   7  30  300858  140801   2   8  140812  11   4  14  140900  11  48  480900////////////
251000  32 126 1300951  16  63  650951  260907   3   9  110948  26   6  24  240951  24  94  970952////////////
251100  48 177 1771100  24  90  901100  591030   3   8  121021  39   9  32  321100  36 134 1341100////////////
251200  96 242 3161138  50 129 1671134  941101   4  15  201112  79  17  40  551137  73 184 2411138////////////
251300 100 320 3281257  53 169 1761257 1271204   4  10  161201  83  17  55  561256  76 243 2501256////////////
251400 127 278 4641333  68 153 2491333 1531400   4  11  151338 106  21  46  791333  97 215 3471333////////////
251500  97 268 3211420  52 141 1781421 1181428   4  11  151404  81  16  45  551420  74 203 2461420////////////
251600  53 109 2661501  28  56 1411502  511547   4   9  131521  44   9  20  451501  40  82 2021501////////////
251700  32  66 1111605  17  33  581604  331700   4  26  261700  26   6  13  201605  24  49  831604////////////
251800  13  23  661701   6   8  331702   71749   4   9  241728  10   3   7  131701   9  15  481701////////////
251900   5   9  231809   2   3   91808   11852   3   9  121827   3   2   5   71809   3   5  161809////////////
252000   3   8   91901   1   1   21904   01958   3   9   91905   1   2   5   61925   2   4   51924////////////
252100   3   8   82100   0   0   32004  -12046   3  10  102100   1   2   5   52100   1   4   42100////////////
252200   3   8   82133   0   0   12106  -22153   6  18  182142   1   2   6   62136   2   5   52133////////////
252300   3   9   92249   0   0   12232  -12223   6  18  182216   1   2   6   62245   2   5   52248////////////
252400   3   9   92352   0   1   22355  -12312   6  17  182324   1   2   7   72355   2   5   62349////////////
260100   3   8   90001   1   1   30022   10055   7  18  190043   1   2   5   70003   2   4   60003////////////
260200   3   8   80149   0   1   20108   00152   7  18  190131   1   2   6   60157   2   5   50148////////////
260300   3   8   80232   0   1   10226  -10235   6  18  180241   1   2   6   60236   2   5   50236////////////
260400   3   8   80305   0   0   10342   00317   7  18  230321   1   2   6   60303   2   4   50310////////////
260500   3   8   80410   0   0   20423  -10438   7  18  210440   1   2   6   60409   2   4   50408////////////
260600   3   8   90522   0   1   10547   00501   6  18  180501   1   2   6   60521   2   5   50520////////////
260700   3   9   90617   0   2   20658   00606   6  16  180603   1   2   6   60618   2   5   50619////////////
260800   5  20  200800   1   6   60754   10716   3   7  190707   3   2   8   80800   3  14  140800////////////
260900  13  56  560900   5  26  260900   70801   3  11  180844   9   4  13  130850   9  41  410900////////////
261000  22  69  740941  11  34  370941  220912   3   9  120909  17   5  14  150941  16  51  550941////////////
261100  29  76  911039  14  39  461040  321005   3   9  151023  23   6  15  181039  21  57  691039////////////
261200  34  80 1271124  17  41  641124  381103   3  10  121159  28   6  15  231124  25  59  951124////////////
261300  42 180 1841258  22  95  991257  381210   3   9  191203  34   8  32  331258  31 137 1391258////////////
261400  64 162 2051323  34  86 1131323  801306   4  11  151353  53  11  27  361322  49 123 1561323////////////
261500  42 103 1611401  22  52  851401  511456   4  10  111401  35   7  19  271401  32  77 1221401////////////
261600  29  83 1061506  14  42  541506  331534   3  10  141547  23   6  16  201507  21  62  801506////////////
261700  27  55  921612  14  27  461612  271700   3  18  181700  21   6  12  181619  20  41  691612////////////
261800  10  19  521701   5   7  261701   71800   4   9  191726   7   3   7  121701   7  13  381701////////////
261900   5   8  201816   2   2   91815   21854   3   9   91900   3   2   5   71817   3   4  141816////////////
262000   3   8   81918   1   1   21923   11957   3   9   91930   1   2   5   61919   2   4   51919////////////
262100   3   9   92059   1   1   22055   12059   3  10  102100   1   2   6   62058   2   5   52057////////////
262200   3   8   92101   0   1   22107   02114   6  18  192152   1   2   6   62101   2   5   52101////////////
262300   3   8   82226   0   0   22210  -12250   6  18  182208   1   2   6   62246   2   5   52246////////////
262400   3   8   92353   0   0   22350   02359   6  18  182307   1   2   6   62351   2   5   52351////////////
270100   3   9   90023   0   1   20034   00002   6  18  180011   1   2   6   60005   2   5   50022////////////
270200   3   8   90149   0   0   20145   00154   6  19  190159   1   2   6   70150   2   4   50149////////////
270300   3   9   90239   0   1   10249   00202   6  18  190201   1   2   6   60259   2   5   50219////////////
270400   3   9   90359   0   2   20358   00303   7  18  430322   1   2   6   60351   2   5   50400////////////
270500   3   8   90401   0   0   20413  -20452   7  19  200449   1   2   6   60436   2   4   50401////////////
270600   3   9   90559   0   1   10526  -20533   7  18  200543   1   2   6   60600   1   5   50600////////////
270700   3   9   90658   0   1   20645   00622   6  16  180611   1   2   6   60634   2   5   50644////////////
270800   4  12  120755   1   3   40755   10702   2   6  160721   2   2   6   70756   2   7   80755////////////
270900   7  18  300843   2   5  110843   30804   2   7  160851   4   3   7   90843   4  12  210843////////////
271000   6  16  200954   2   6   80954   30914   3   8   90914   3   3   7   80954   4  11  140954////////////
271100   7  38  381100   3  17  171100   41026   3   9  131026   4   3  10  101100   5  28  281100////////////
271200  11  27  471105   5  12  211105   81130   3  15  181159   8   3   8  111105   8  19  341105////////////
271300  12  59  591300   5  27  271300   81210   3   8  171202   9   3  13  131300   8  44  441300////////////
271400  23  98  991350  10  44  461357  121324   3   8  131311  18   5  18  181358  17  74  741359////////////
271500  35 111 1161426  17  54  571426  381433   3   9  101447  28   7  20  211458  26  84  881426////////////
271600  26  41 1101502  12  17  541501  151552   3   9  141549  21   5  11  201502  19  30  831503////////////
271700  13  30  481605   5  12  211605  121637   4  22  221700   9   4  10  121604   9  22  351605////////////
271800   9  25  301701   3   9  121701   81734   6   8  421728   6   3   9   91701   7  18  221701////////////
271900   5   9  231801   1   1   81801   01859   3   9  301829   2   3   7   91801   3   6  171801////////////
272000   3   9   91901   1   2   21918   01906   3   9   91941   1   2   7   71923   2   6   61954////////////
272100   3   8   92004   0  -1   22003  -12100   3  11  232039   1   2   6   72004   2   5   62046////////////
272200   3   8   92147   0  -1   32143  -22107   6  18  192103   1   2   6   72107   2   5   62145////////////
272300   3   8   82228   0   0   12238  -12205   7  20  202259   1   2   6   62225   2   4   62230////////////
272400   3   9   92359   0   2   22356  -12304   6  18  202301   1   2   6   62349   2   5   52357////////////
280100   3   9   90053   1   3   30052   10020   6  18  180057   1   2   6   60027   2   5   50053////////////
280200   3   9   90115   1   3   30126   20149   3  18  180153   1   2   6   60157   2   5   50137////////////
280300   3   9   90202   1   2   30230   20258 -16  18  180249   1   2   6   60257   2   5   50203////////////
280400   3   9   90330   1   2   30331   20350   6  18  190352   1   2   6   60322   2   5   50330////////////
280500   3   9   90402   1   1   20401   10425   7  18  380419   1   2   6   60403   2   5   50401////////////
280600   3   9   90541   0   1   20539   00555   6  18  180548   1   2   6   60550   2   5   50510////////////
280700   3   9   90700   0   2   20700   10648   6  16  180659   1   2   6   60700   2   5   50700////////////
280800   5  26  260800   1  10  100800   10702   2   5  140706   2   3   8   80800   4  18  180800////////////
280900  21  70  750842   9  32  340842  100801   2   7   80859  16   5  14  150842  15  53  560847////////////
281000  34 131 1311000  16  63  631000  320901   3   9  120914  28   6  23  231000  25  99  991000////////////
281100  49 146 1561037  23  69  751037  581020   3   9  101044  41   8  25  261037  37 112 1181037////////////
281200  75 291 2911200  36 144 1441200  711101   4  23  231200  63  12  46  461200  57 223 2231200////////////
281300 164 768 8181258  84 422 4461258 1481201   4  11  241202 138  26 119 1271258 127 608 6631258////////////
281400 202 440 9111335 108 227 5061335 2271400   6  14  191348 171  31  67 1451335 161 345 7751335////////////
281500 124 319 4791412  64 163 2481412 1481444   5  11  161420 105  19  50  741412  96 249 3801412////////////
281600 131 379 4511550  69 201 2401550 1621503   5  13  171547 110  21  60  731550 102 294 3601550////////////
281700  94 146 3961604  50  74 2111604  741700   5  11  171604  79  15  23  621604  73 112 3121604////////////
281800  29  47 1431701  14  21  721701  211800   4   9  201726  24   5  10  231701  22  36 1101701////////////
281900   9   8  471801   3   1  211801   01851   4   9  201807   6   3   5  101801   7   6  351801////////////
282000   3   8   81901   0   0   11947  -11954   3   8  191904   1   2   6   62000   2   6   61901////////////
282100   3   8   82006   0   0   12053  -12038   3  10  142004   1   2   6   62005   2   6   62004////////////
282200   3   8   82123   0   0   12125  -12158   7  18  192111   1   2   6   62121   2   5   52101////////////
282300   3   8   82255   0  -1   12216  -22229   7  18  192206   1   2   6   62226   2   5   52224////////////
282400   3   8   82328   0   0   02356  -22343   7  18  192306   1   2   6   62329   2   5   52328////////////
290100   3   8   80005   0  -2   00011  -20053   7  18  190034   1   2   6   60020   2   4   50002////////////
290200   3   8   90156   0  -2   00136  -20118   7  18  390134   1   2   6   70153   2   5   60152////////////
290300   3   8   80300   0   0   10220  -30247   8  17  500226   1   2   6   60247   2   5   50247////////////
290400   3   8   80306   0   0   00336  -20355   6  18  380316   1   2   6   60345   2   5   50344////////////
290500   3   8   80453   0   0   00413  -20452   9  33  670458   1   2   6   60453   2   4   50453////////////
290600   3   8   80538   0  -1   00521  -20546  16  67  680550   1   2   6   60551   2   5   50545////////////
290700   3   8   80700   0   2   20659  -20605  21  42  710650   1   2   6   60631   2   5   50631////////////
290800  10  70  710758   3  29  290759   00711  -1  -6  230705   7   3  15  150758   7  49  500758////////////
290900  29 127 1270900  12  59  590900  200817   0   4  100854  23   6  23  230900  22  97  970900////////////
291000  67 255 2551000  35 136 1361000  610901   3   9  150904  56  11  41  411000  52 191 1911000////////////
291100 131 694 7081053  72 398 4071057 1281033   4  12  151046 110  21 110 1151053 108 641 6491054////////////
291200 258 743 7441138 149 427 4321138 3951106   6  16  191117 218  40 116 1161200 241 700 7001200////////////
291300 275 761 7841243 159 447 4551255 4241230   5  14  181242 232  43 119 1221255 259 722 7401204////////////
291400 267 725 7981306 160 447 4721306 4391336   6  17  221351 226  41 111 1231306 256 695 7611306////////////
291500 245 635 7501407 150 394 4691405 2651429   6  17  201412 207  38 101 1151407 234 606 7211405////////////
291600 197 472 6351506 123 279 3931506 2791600   6  17  191550 166  31  74 1011506 185 435 6021501////////////
291700 134 282 4691604  74 131 2771602 1311700   6  20  201700 113  21  44  741602 122 252 4331601////////////
291800  64  92 2821701  26  29 1311701  291800   5  13  251703  53  11  15  441701  56  74 2521701////////////
291900  13   5  891801   2 -11  311801 -111900   5  11  171844  11   2   2  141801   9   1  711801////////////
292000   2   5   71936  -3 -13  -61941 -132000   3  10  161905   0   2   4   71937   1   1   51932////////////
292100   2   6   62059  -5 -11 -112016 -152027   3  10  132045   0   2   6   62100   1   3   32100////////////
292200   2   6   62103  -4 -11 -102146 -132105   7  19  192132   0   2   6   62102   1   3   32101////////////
292300   2   7   72256  -3  -6  -62259 -112201   7  18  192230   0   2   6   62245   1   3   42241////////////
292400   3   8   82340  -2  -4  -32359  -82304   6  17  182307   1   2   7   72339   1   4   42350////////////
300100   3   7   80001  -2  -4  -30039  -90013   6  18  190027   1   2   6   80005   1   4   40002////////////
300200   2   7   70103  -2  -4  -20103  -80108   7  18  190121   0   2   6   70108   1   3   40106////////////
300300   2   7   70219  -2  -6  -30214  -70233   7  18  290227   0   2   6   60220   1   3   40217////////////
300400   2   7   70357  -2  -3  -20351  -70311   7  17  530328   0   2   7   70358   1   4   40357////////////
300500   3   7   70434  -2  -4  -20433  -60449   9  19  700401   1   2   6   70401   1   3   40433////////////
300600   3   7   70520  -1  -4  -20516  -60509   6  22  320559   1   2   6   60522   1   4   40520////////////
300700   3   9   90700  -1  -2  -10658  -60614   6  16  310602   1   2   6   60659   1   5   50700////////////
300800  12  73  730800   3  27  270800  -20704   0   0   90701   8   4  16  160800   9  55  550800////////////
300900  52 212 2120900  21  91  910900  280801   1  11  110900  42  10  38  380900  41 170 1700900////////////
301000 113 393 3990956  57 215 2180956  950901   5  13  200935  94  19  66  670956  94 335 3410956////////////
301100 169 518 5331048  95 292 3021047 2201001   5  14  171043 141  28  84  861048 146 450 4651048////////////
301200 163 581 5941154  93 335 3471154 1631131   5  16  161200 137  26  97 1011154 138 497 5151154////////////
301300 201 364 6781244 111 206 3691244 2061300   5  15  181205 168  33  52 1161244 168 275 5761244////////////
301400 209 619 7191313 118 351 4031313 2001302   6  14  191348 174  35 107 1231313 174 526 6141313////////////
301500--------------------------------------------------------------------------------------------------------
301600--------------------------------------------------------------------------------------------------------
301700--------------------------------------------------------------------------------------------------------
301800--------------------------------------------------------------------------------------------------------
301900--------------------------------------------------------------------------------------------------------
302000--------------------------------------------------------------------------------------------------------
302100--------------------------------------------------------------------------------------------------------
302200--------------------------------------------------------------------------------------------------------
302300--------------------------------------------------------------------------------------------------------
302400--------------------------------------------------------------------------------------------------------
