58265 2011   121213603204    1    1    1    1    1    1   60---------------------------------------------V3.00
010100   2   7   80013  -1  -2   10019  -80042   6  18  200036   0   2   5   60051   1   2   40012////////////
010200   2   7   70200  -2  -2  -20200 -110139   7  18  220144   0   2   5   50119   0   3   30200////////////
010300   3   8   80225  -1  -4   00227  -60242   6  17  210244   1   2   6   70244   1   4   50224////////////
010400   3   7   80319  -2  -6  -40301  -80336   6  18  240331   1   2   6   70319   1   3   50319////////////
010500   2   8   80459  -2  -2  -20500  -90428   6  16  190430   0   2   7   70457   1   5   50500////////////
010600   3   8   80510  -1  -3  -10502  -60533   5  17  180544   1   2   6   70530   2   4   50507////////////
010700   3   8   80617  -2  -4  -20609  -80636   7  18  240642   1   2   6   70608   1   4   40609////////////
010800   3  11  110800  -1   0   10759  -40702   4  12  130754   1   2   7   70747   2   7   70800////////////
010900   9  42  420900   2  13  140859  -10806   3   8  130801   6   3  11  110900   7  34  340900////////////
011000  20  68  680959   7  25  250958  120901   3   8   90956  15   5  15  150959  16  57  570959////////////
011100  29  99  991100  11  41  411100  241002   3   8   91019  23   6  20  201100  25  83  831100////////////
011200  43 118 1421142  18  49  621142  401111   3   9  121132  35   8  23  261142  36 102 1211142////////////
011300  70 248 2481300  32 119 1191300  501201   4  12  191215  58  12  41  411300  59 208 2081300////////////
011400  93 298 2981400  44 145 1451352 1011306   4  10  171335  77  16  51  511400  79 248 2481400////////////
011500 129 417 4941448  66 212 2581448 1541402  26 131 3041456 107  22  75  911448  89 224 2671448////////////
011600  98 156 4471502  48  74 2271502  741600  42  16 3011502  81  17  26  821502  60 127 2271501////////////
011700  38  61 1641605  18  24  801605  241659   4   9  171634  31   7  12  281605  32  51 1341605////////////
011800  11  11  621701   3  -3  241701  -31800   4   9  171711   8   3   5  131701   9   7  511701////////////
011900   3   7  111801  -1  -2  -21841  -51805   3   8   91808   1   2   6   61843   2   5   71801////////////
012000   3   7   81909  -1  -2  -11933  -21902   3   8  201946   1   2   6   61908   2   5   51908////////////
012100   3   7   82035  -1  -2  -22008  -32026   3  10  102100   1   2   6   62035   2   5   52035////////////
012200   2   5   82106  -3 -14  -12103 -142158   6  19  192200   0   2   5   62107   1   2   52106////////////
012300   1   4   52210  -5 -14 -122242 -182222   7  19  212230  -1   2   5   52205   0   1   22210////////////
012400   2   6   60000  -5 -11 -102359 -162304   6  14  192301   0   2   7   72359   1   3   32359////////////
020100   2   6   60002  -4 -10  -90037 -110031   7  15  680036   0   2   7   80017   1   3   30001////////////
020200   2   5   60136  -3  -8  -80151 -110106   6  17  180153   0   2   6   70101   1   2   30101////////////
020300   2   4   50209  -3 -10  -70245 -110255   7  50  500300   0   2   5   60210   1   1   20210////////////
020400   2   5   60312  -3  -9  -50311 -100302  12  65  670343   0   2   6   70313   1   1   30312////////////
020500   2   6   60500  -3  -8  -60458 -110439   6  15  280401   0   2   7   70500   1   3   30500////////////
020600   2   6   60554  -3  -7  -60548 -100542   4  16  180510   0   2   6   70503   1   3   30553////////////
020700   2   6   60602  -3  -5  -50646 -110616   0   1  180607   0   2   5   60603   1   2   30602////////////
020800   3  16  160800  -3  -4  -40759 -110732   1   6   60800   1   2   7   70800   1  10  100800////////////
020900  20 121 1210900   6  42  420900  -40803   2  11  110859  15   5  22  220900  14  90  900900////////////
021000  66 253 2531000  26 106 1061000  430901   4  13  140907  54  12  44  441000  53 200 2001000////////////
021100 116 364 3841056  56 182 1941057 1071001   6  18  181100  96  20  62  661056  94 299 3181056////////////
021200 154 440 4581146  80 232 2431146 1831101   7  22  221200 127  27  77  811146 111 217 3601125////////////
021300 156 386 5781246  83 200 3171246 1581254   8  30  431247 129  27  64 1061246  84 248 2721246////////////
021400 107 161 5171305  54  75 2751305  731358  11   9  961331  89  18  26  951305  74 137 2751316////////////
021500  65 149 2631439  30  73 1281439  671455   6   9  901439  54  11  26  501439  53 127 1731429////////////
021600  30  32 1501501  14  12  711502  121600   3  17  171600  24   6   8  261502  25  26 1271501////////////
021700   6  11  311601   2   1  111601   11700   4   9  181601   4   2   6   81601   4   7  251601////////////
021800   3   8  111702   1   2   21755   11739   3   9  181711   1   2   5   61702   2   5   71702////////////
021900   3   8   81801   0   1   21805  -11830   3   8   91833   1   2   5   51858   1   4   51801////////////
022000   3   8   82000   0   1   21908  -51920   3   8  241945   1   2   5   51959   1   5   52000////////////
022100   3   8   82003   0   1   12024   02058   4  22  302054   1   2   5   52002   2   4   52001////////////
022200   3   8   82153   0   0   12112   02142   7  17  552102   1   2   6   62152   2   4   52151////////////
022300   3   8   82216   0  -2   12213  -22254   7  17  442212   1   2   6   62205   2   4   52216////////////
022400   3   8   82359  -1  -2  -12314  -42334   6  18  182319   1   2   6   62344   1   4   42355////////////
030100   3   8   90039   0   0   00033  -30011   6  17  250038   1   2   6   60041   2   5   50041////////////
030200   3   8   80121   0   0   10124  -10104   6  19  240145   1   2   6   60101   2   5   50119////////////
030300   3   8   80241   0   1   20236   00258   8  18  320244   1   2   6   60203   2   4   50240////////////
030400   3   8   80323   0  -1   10321  -10354   7  17  290331   1   2   6   60329   2   4   50306////////////
030500   3   8   80421   0  -1   00419  -30438   7  17  280431   1   2   6   60457   2   4   40420////////////
030600   3   8   80514   0   0   10556  -10503   7  17  270509   1   2   6   60510   2   5   50514////////////
030700   3   8   80610   0  -1   10609  -10700   7  19  260619   1   2   6   60601   2   4   50601////////////
030800   3   9   90800   0  -1   00718  -20740   3  11  110727   1   2   6   60759   2   5   50800////////////
030900   5  21  210900   1   7   70900   00801   3   8  110802   3   2   8   80900   3  16  160900////////////
031000  13  56  580955   5  25  260956   70901   3   8  100907   9   4  12  130956  10  46  480955////////////
031100  29 111 1121057  14  54  551059  261001   3   8  161014  23   6  21  211057  24  93  941057////////////
031200  39 123 1241159  19  59  601147  481113   3   9  111131  32   7  22  221159  33 104 1051159////////////
031300  36  88 1221204  18  41  591204  411300   4  11  191224  29   7  17  221204  30  74 1031204////////////
031400  25  84  881316  12  39  411316  231330   4   8  211336  20   5  17  171316  21  70  741316////////////
031500  29  82  901405  13  38  421445  341424   4   9  191413  23   6  16  181406  24  69  751405////////////
031600  22  41  821501  10  17  391501  161554   3   9  101519  17   5  10  161501  18  33  691501////////////
031700  10  19  401601   3   5  161601   51700   3   9  201652   7   3   7  101601   7  14  321601////////////
031800   4   9  181701   1   0   41701   01800   3   8  201713   2   2   5   71701   3   5  131701////////////
031900   3   8   91801   0   0   11802   01822   3   8   81806   1   2   6   61846   2   4   51801////////////
032000   3   8   81958   0   1   11955   01930   3   8  201945   1   2   6   61907   2   4   51959////////////
032100   3   8   82001   0   1   22041   02015   3  10  122012   1   2   5   62017   2   4   42001////////////
032200   3   8   82132   0   1   12107   02116   6  20  262126   1   2   5   62131   2   4   52131////////////
032300   3   8   82259   0   1   22219   12244   6  18  212259   1   2   5   52202   2   4   42204////////////
032400   3   7   82315   0  -1   22314  -12359   6  18  182357   1   2   5   52309   2   4   52315////////////
040100   3   8   80051   0   1   10049  -20006   6  17  180001   1   2   5   60041   2   4   40023////////////
040200   3   8   80150   0   1   10101  -10137   7  17  500108   1   2   6   60150   2   4   40150////////////
040300   3   8   80201   0  -1   10205  -10300   7  17  280229   1   2   6   60239   1   4   40201////////////
040400   3   7   80304  -1  -3  -10307  -40335   7  17  280331   1   2   6   60358   1   3   40310////////////
040500   3   8   80433  -1  -3  -10437  -30414   6  17  170445   1   2   6   60444   1   4   40449////////////
040600   3   8   80550  -1  -3  -20544  -40516   6  17  180533   1   2   6   60521   1   4   40554////////////
040700   3   8   80700  -1  -3  -10647  -30659   7  17  210632   1   2   6   60623   2   4   50638////////////
040800   3   9   90759  -1  -2  -10755  -40717   3   8  100707   1   2   6   70748   2   5   50759////////////
040900   5  19  200856   0   3   40854  -20801   3   8  100810   3   2   8   80858   3  14  150856////////////
041000  15  72  750956   5  30  320956   40902   3   8   80905  11   4  15  150956  12  60  620957////////////
041100  37 132 1351059  16  59  611059  291007   3   8  181030  30   7  23  241059  31 112 1131059////////////
041200  52 149 1741138  23  66  801138  391108   3  10  111159  43   9  25  301138  45 129 1501138////////////
041300  59 112 2151244  26  48 1001244  481300   4  11  231225  49  10  19  361244  50  95 1851244////////////
041400  59 310 3101400  27 152 1521400  441335   7  14  271330  49  10  54  541400  49 245 2461357////////////
041500  56 127 3121401  26  58 1531401  361435   6  15  211432  46  10  23  541401  47 108 2451401////////////
041600  28  91 1271501  12  40  581502  201537   4  26  261600  22   6  18  231502  24  75 1081502////////////
041700  23  33  961617  10  12  431617  111657   4   9  281610  18   5   9  191617  19  26  811617////////////
041800   9  10  361718   2  -1  131717  -11752   3   8  211708   6   3   6  101719   7   6  291718////////////
041900   3   8  101801  -1  -2  -11801  -31824   3   8  241830   1   2   6   61859   2   4   61801////////////
042000   3   8   82000  -1  -1  -12000  -41947   3   8  301947   1   2   6   61958   1   5   52000////////////
042100   3   8   82057  -1  -1  -12059  -32018   3  10  102100   1   2   6   62058   2   5   52057////////////
042200   3   8   82112  -1  -2  -12111  -32122   6  25  272159   1   2   6   62112   2   4   52111////////////
042300   3   8   82253  -1  -1   02255  -32212   8  17  502212   1   2   6   62250   2   5   52251////////////
042400   3   8   82301   0  -1   02354  -32315   6  17  182355   1   2   5   62301   2   4   52301////////////
050100   3   8   80016   0  -1   00012  -10052   6  17  180001   1   2   6   60015   2   4   50013////////////
050200   3   8   80114   0  -1   00113  -20128   6  17  240159   1   2   6   60110   2   4   50112////////////
050300   3   8   80215   0  -2   00222  -30232   9  30  420250   1   2   5   60215   2   4   50214////////////
050400   3   8   80352  -1  -2  -20301  -30354  10  28  420326   1   2   6   60357   1   4   40351////////////
050500   3   8   80429  -1  -2   00427  -30405   8  17  400406   1   2   6   60425   2   4   50428////////////
050600   3   8   80527   0   1   10552  -40508   6  17  250534   1   2   6   60526   2   4   50526////////////
050700   3   8   80619   0  -2   10617  -20700   9  26  290651   1   2   5   60629   2   4   50619////////////
050800   3   9   90759   0   0   00730  -20718   5  12  140717   1   2   6   60759   2   6   60800////////////
050900   8  38  400853   2  14  150853   00806   3   8  130805   5   3  11  110853   6  31  320853////////////
051000  22  84  840958  10  40  401000  150901   3   8   80955  17   5  17  171000  18  69  700958////////////
051100  38 122 1381037  19  61  701037  401001   3  10  151020  31   7  22  251037  32 104 1151037////////////
051200  44 161 1611159  22  81  821159  411113   3   9  141111  36   8  28  281159  38 137 1381159////////////
051300  53 138 1791237  27  70  901237  561247   4   9  161221  44   9  25  311237  44 116 1531237////////////
051400  43 159 1711339  21  79  861341  421314   3   8  181354  35   8  28  301340  37 139 1501339////////////
051500  44 195 1951500  22  98  981500  451427   4  17  191403  36   8  35  351500  37 164 1641500////////////
051600  30  37 1911501  15  17  971501  161558   4   9  151501  24   6   9  341501  24  28 1611501////////////
051700  15  40  581638   6  16  251638  131611   4   9  211615  11   4  10  131638  12  32  481638////////////
051800   9  10  461706   3   1  201706   11800   3   8  221712   6   3   6  111705   7   6  371706////////////
051900   3   8  101801   0   0   11801  -11843   3   8  211825   1   2   5   61801   2   4   61801////////////
052000   3   8   81940   0   2   21938   01907   3   8  301947   1   2   6   61939   2   5   51938////////////
052100   3   8   82007   0   1   22005   02044   3  10  122023   1   2   5   52001   2   5   52004////////////
052200   3   8   82140   0   1   22154   12118   6  17  172117   1   2   5   62127   2   4   52141////////////
052300   3   8   82257   0   1   22201   02224   7  17  442209   1   2   6   62253   2   5   52300////////////
052400   3   8   82309   0   1   22355   02344   6  17  172320   1   2   6   62311   2   5   52309////////////
060100   3   8   80007   1   2   30048   10024   6  18  180100   1   2   5   60015   2   5   50004////////////
060200   3   8   80101   0   0   10101   00148   6  18  210144   1   2   5   60143   1   4   40101////////////
060300   3   8   80258   0   1   10232   00203   3  17  180206   1   2   6   60253   2   5   50257////////////
060400   3   8   80341   0   0   10301   00336   2   3  180304   1   2   6   60339   2   4   50343////////////
060500   3   8   80431   0   0   00431  -10444   6  17  180445   1   2   6   60455   2   4   50431////////////
060600   3   8   80520   0   0   00600  -10539   6  17  180539   1   2   6   60521   2   4   40516////////////
060700   3   8   80652   0   0   10616   00601   7  21  250649   1   2   6   60651   2   5   50652////////////
060800   3   9   90759   0   2   20759   00752   4  12  130739   1   2   6   60749   2   5   50759////////////
060900   4  14  140900   1   4   40858   10806   3   8  110801   2   2   7   70900   2  10  100900////////////
061000   6  17  170925   2   5   60928   30941   3   8   80908   4   2   7   70959   4  12  120925////////////
061100   8  25  261053   3   9   91036   41003   3   8   91042   5   3   8   81036   6  18  201037////////////
061200   9  27  291137   3  10  111137   51122   3   8  121104   6   3   8   81137   7  21  221137////////////
061300  13  41  531227   5  17  221227   91201   3   8  151247  10   3  10  121227  10  32  431227////////////
061400  10  39  411301   4  15  171301   61325   3   8   91337   7   3  10  101301   8  31  321301////////////
061500  15  41  521415   6  16  211416  111444   3   8   91443  11   4  10  111416  12  33  421415////////////
061600  10  21  431516   3   6  171516   51554   3   8   91535   7   3   8  111515   8  15  341516////////////
061700   8  23  291609   2   6  111609   31631   3   8  101616   5   3   8   91609   6  17  221609////////////
061800   5   9  221701   1   0   51710   01800   3   8   81728   2   3   6   81710   4   5  161701////////////
061900   3   9   91801   0   1   11810  -21827   3   8   81818   1   2   7   71838   2   5   51900////////////
062000   3   8   91903   0   0   11913  -21937   3   8   91947   1   2   6   71902   2   5   61902////////////
062100   3   8   82002   0  -1   02016  -22027   2   4  102020   1   2   6   62053   2   5   52019////////////
062200   3   7   82137   0  -2  -12134  -22105   5  32  322151   1   2   6   72104   2   5   52102////////////
062300   3   7   72205  -1  -3  -22212  -42251  12  39  422257   1   2   6   62252   2   4   52212////////////
062400   3   8   82347  -1  -2  -22350  -32303  11  17  422316   1   2   6   62318   2   5   52345////////////
070100   3   8   80058  -1  -2  -10050  -30024   6  17  280032   1   2   6   60058   2   5   50013////////////
070200   3   8   80105  -1  -3  -20156  -30130   6  17  260157   1   2   6   60101   2   4   50136////////////
070300   3   8   80207  -1  -2  -10256  -30206  12  18  570217   1   2   6   60240   2   4   50207////////////
070400   3   8   80320  -1  -2  -10308  -30333   9  17  530311   1   2   6   60318   2   4   50318////////////
070500   3   8   80432  -1  -3  -10431  -30420   6  17  170438   1   2   6   60456   2   4   50435////////////
070600   3   8   80550  -1  -1  -10547  -30501   5  17  170512   1   2   6   60557   2   4   50548////////////
070700   3   8   80602  -1  -2  -10623  -30651   2   7  170601   1   2   6   60617   2   4   50639////////////
070800   3   9   90800  -1  -2  -20704  -40711   1   4   50740   1   2   6   60757   2   6   60800////////////
070900   6  25  250900   0   6   60900  -20802   3   8   80828   4   2   8   80859   4  19  190900////////////
071000  17  74  770957   6  31  320957   60901   3   8   80925  13   4  15  150957  14  60  630957////////////
071100  35 117 1211055  16  52  541055  321001   4   9  221016  29   6  20  211055  29  96 1001055////////////
071200  48 161 1621159  22  77  781159  511115   3   9  171102  40   8  27  271159  39 132 1341159////////////
071300  57 177 1841253  27  85  871253  691226   4   9  171217  48   9  29  301253  47 148 1531253////////////
071400  59 162 1761301  28  78  841301  761357   3  10  111356  49  10  26  291301  49 134 1481301////////////
071500  53 122 1681407  25  56  801407  561500   3   9  111452  44   9  20  271407  44 100 1381407////////////
071600  34  78 1211501  15  33  571501  331600   3   9  131502  28   6  14  201501  28  64 1001501////////////
071700  20  36  771601   8  13  321601  121658   3   9  141651  16   4   9  141601  17  29  631601////////////
071800   7  10  361701   1  -1  121701  -21753   4  16  191742   5   2   6   91701   6   7  281701////////////
071900   3   7  101801  -1  -4  -11802  -51835   4   8  201828   1   2   5   61801   1   4   61801////////////
072000   3   7   71940  -2  -4  -31902  -51920   3   8  261946   1   2   6   61957   1   4   41940////////////
072100   3   8   82034  -1  -3  -22027  -42021   3  14  142100   1   2   6   62041   2   4   52032////////////
072200   3   8   82118  -1  -3  -22126  -42144   7  17  402110   1   2   6   62121   2   4   52118////////////
072300   3   7   82215  -1  -4  -32201  -42300   7  17  352244   1   2   6   62227   2   4   52215////////////
072400   3   8   82344  -1  -2  -12342  -42304   6  17  312301   1   2   6   72344   2   4   52344////////////
080100   3   8   80001  -1  -3  -20022  -40035   6  17  180018   1   2   6   60001   1   4   40002////////////
080200   3   7   80101  -1  -3  -30140  -40109   6  17  190158   1   2   6   60101   1   4   40101////////////
080300   3   8   80253  -1  -3  -20211  -40227   7  18  420217   1   2   6   60223   2   4   50251////////////
080400   3   8   80400  -1  -3  -20315  -50351   7  17  490305   1   2   7   70400   2   5   50400////////////
080500   3   8   80401  -1  -3  -10430  -40437   6  17  200425   1   2   6   70401   2   4   50401////////////
080600   3   8   80600  -1  -3  -30600  -40509   6  17  220544   1   2   6   60501   1   4   40600////////////
080700   3   7   90614   0  -1   10617  -30602  10  27  320650   1   2   5   70614   2   4   60613////////////
080800   3   9   90800   0  -1   00759  -20721   5  15  160745   1   2   6   60800   2   5   50800////////////
080900   6  29  290900   1  10  100856  -10805   4   8  160807   4   2   8   90857   4  22  220900////////////
081000  14  49  491000   6  21  211000   90902   3   8  130925  11   3  11  111000  11  39  391000////////////
081100  27  94 1041051  12  44  491051  211001   3   9  141011  22   5  17  191051  22  77  851051////////////
081200  41 140 1401200  19  66  661200  431103   3   9   91158  34   7  24  241200  34 114 1141200////////////
081300  43 127 1401201  20  58  661201  501239   4  14  161255  36   7  22  241201  35 103 1141201////////////
081400  51 133 1511345  24  61  721345  601301   3   9  131304  42   9  22  251345  42 108 1241345////////////
081500  43 104 1341410  20  47  631410  471458   4  13  171443  36   7  18  231410  35  84 1091410////////////
081600  32  67 1051501  14  28  481501  281600   3   8  121501  26   6  14  191501  26  54  851501////////////
081700  18  39  651601   7  14  271601  141656   3   8  131630  14   4  10  131601  14  30  521601////////////
081800   8  10  381701   2  -1  141701  -11759   3   8   81743   5   3   6   91701   6   6  301701////////////
081900   3   7   91801  -1  -3  -11802  -41849   3   8   91834   1   2   5   61801   1   4   61801////////////
082000   3   7   71943  -2  -5  -31902  -51915   3   8   81906   1   2   6   61957   1   4   41942////////////
082100   3   8   82017  -1  -4  -32017  -52026   3   9   92100   1   2   6   62017   1   4   52017////////////
082200   3   8   82102  -2  -5  -42123  -52200   6  17  172139   1   2   6   62150   1   4   42101////////////
082300   3   8   82249  -1  -3  -32246  -52201   6  17  172224   1   2   6   62234   1   4   42206////////////
082400   3   7   82311  -1  -4  -32354  -52315   6  17  172357   1   2   6   62305   1   4   52312////////////
090100   3   8   80100  -2  -4  -30042  -60022   6  17  170050   1   2   6   60100   1   4   40059////////////
090200   3   7   80144  -2  -4  -30115  -50104   6  17  280158   1   2   6   60143   1   4   50143////////////
090300   3   7   80224  -2  -5  -40201  -60240   7  26  280250   1   2   6   60226   1   4   40224////////////
090400   3   7   80338  -2  -5  -40341  -60310   7  21  270330   1   2   6   60337   2   4   50338////////////
090500   3   7   80411  -2  -5  -30414  -50442   6  17  250446   1   2   6   60413   1   4   50414////////////
090600   3   8   80536  -2  -4  -30546  -60509   7  17  250510   1   2   6   60536   1   4   40535////////////
090700   3   7   80611  -2  -4  -40624  -50619   8  22  260620   1   2   6   60655   1   4   40604////////////
090800   3  10  100800  -1  -3  -20754  -40735   4  11  130753   1   2   6   60800   2   6   60800////////////
090900   8  39  390900   1  12  120900  -20801   3   7  120809   5   3  11  110900   6  31  310900////////////
091000  20  79  791000   8  35  351000  120902   3   8  120950  15   5  16  161000  16  64  641000////////////
091100  35 121 1211100  17  58  591059  361001   3   9  101013  29   6  21  211059  28  98  991059////////////
091200  45 130 1381157  22  62  671122  511142   3   8  101154  37   8  23  241157  37 106 1131157////////////
091300  47 181 1811300  23  86  861300  441236   4  14  151243  39   8  30  301300  38 150 1501300////////////
091400  59  93 1951317  29  44  961318  441400   3  10  131359  49  10  17  331318  48  74 1591317////////////
091500  25  62  901401  11  26  421401  251435   4   9  181442  20   5  13  161401  20  49  721401////////////
091600  24  58  801548  10  24  351548  241600   3   9  121501  19   5  12  161548  20  47  661548////////////
091700  13  23  581601   5   7  241601   61640   3   8  151630  10   3   7  121601  10  17  461601////////////
091800   4   8  221701   0  -1   71701  -41743   3   8  121708   2   2   5   71701   3   4  161701////////////
091900   3   7   81813   0   0   11812  -61832   3   8   91832   1   2   5   51849   1   4   41814////////////
092000   3   7   81955  -1  -2   01909  -31937   3   8   91903   1   2   5   61954   1   4   41953////////////
092100   3   7   72013  -1  -3  -12007  -42052   3  10  102100   1   2   5   62047   1   4   42012////////////
092200   3   7   82128  -1  -2  -12126  -52119   6  17  182110   1   2   6   62127   1   4   52128////////////
092300   3   7   72223  -1  -3  -22233  -52210   6  17  182256   1   2   5   62232   1   4   42233////////////
092400   3   7   72310  -1  -4  -22309  -52357   6  17  182323   1   2   6   62358   1   3   42307////////////
100100   3   8   80059  -1  -1  -10100  -40011   6  17  180049   1   2   6   60059   1   4   40100////////////
100200   3   8   80131  -2  -4   00101 -110113   6  20  220113   1   2   6   70135   1   4   50135////////////
100300   3   7   80203  -2  -4  -30227  -60254   6  19  210222   1   2   6   70238   1   4   40241////////////
100400   3   8   80351  -1  -3  -20332  -50309   6  17  210338   1   2   6   60354   1   4   40350////////////
100500   3   8   80442  -1  -1  -10440  -50410   6  17  170445   1   2   6   60432   1   4   40442////////////
100600   3   7   80502  -1  -4  -10515  -60534   4  17  180544   1   2   6   70533   1   3   40502////////////
100700   3   8   80656  -1  -3  -20623  -50611   9  23  330644   1   2   6   60659   1   4   40656////////////
100800   3  14  140800  -1  -2  -20800  -50740   4  11  130743   1   2   8   80800   2   9   90800////////////
100900  11  64  640900   2  22  220900  -20801   3   7  130807   8   3  14  140900   8  51  510900////////////
101000  48 194 1940956  20  85  860958  230901   3  10  110942  39   9  33  340955  38 152 1520956////////////
101100  62 230 2301100  27 103 1031100  641036   4  10  161017  51  11  39  391100  50 182 1821100////////////
101200  90 222 2661111  41  98 1231111  981200   4  12  121153  75  15  37  451111  71 175 2101111////////////
101300 102 255 3701242  48 123 1811242  971201   5  14  191245  85  17  42  641242  79 194 2821242////////////
101400 107 327 4071356  52 156 2041356  961320   9  32  701356  89  18  53  701356  76 228 2581348////////////
101500 124 340 5681416  61 164 2901416 1081426  14  74 2021437 104  20  60 1001416  84 185 3091416////////////
101600  93 182 3361513  42  82 1591513  591525  55  32 2891537  77  16  28  571513  54 131 2211511////////////
101700  43  93 2241607  16  32  941607  231632  13  14 1791607  36   7  18  411607  30  69 1311601////////////
101800  18  12 1041703   5  -9  391703  -91800   7   9  451709  14   4   5  211703  13   8  731703////////////
101900   2   3  111801  -6 -20  -91807 -241838   3   9  101831   0   2   5   51820   0   0   71801////////////
102000   2   6   62000  -6 -13 -132000 -211902   3   8   91901   0   2   6   61949   1   3   32000////////////
102100   3   8   82048  -3  -6  -62043 -132003   3   9   92100   1   2   7   72046   2   5   52047////////////
102200   3   8   82131  -2  -6  -62119  -92122   6  17  292158   1   2   6   72133   2   4   52137////////////
102300   3   8   82208  -2  -3  -32246  -62201   8  16  372246   1   2   6   82207   2   4   62207////////////
102400   3   7   82304  -1  -5  -22303  -52359   6  17  182332   1   2   6   62304   2   3   52304////////////
110100   3   7   70014  -1  -6  -30009  -60055   6  17  180042   1   2   6   60012   1   3   40013////////////
110200   3   8   80148  -2  -3  -30200  -70125   6  16  300143   1   2   6   60149   1   4   50147////////////
110300   3   7   80202  -1  -3  -20258  -40204  10  24  480245   1   2   6   60202   1   4   50202////////////
110400   3   7   70301  -2  -6  -30301  -70358   7  20  320304   1   2   6   60337   1   3   40337////////////
110500   3   7   70434  -2  -5  -40429  -70413   6  17  360446   1   2   6   60435   1   4   40434////////////
110600   3   7   80517  -1  -3  -20556  -50505   7  16  260543   1   2   6   60511   2   4   50516////////////
110700   3   7   70601  -1  -3  -20602  -50639  10  26  450647   1   2   6   60658   1   4   40601////////////
110800   3   9   90800  -1  -2  -20759  -40725   5  14  200746   1   2   6   60800   1   6   60800////////////
110900   8  44  440900   1  13  130900  -20803   3   7  140813   5   3  11  110900   6  34  340900////////////
111000  33 125 1270957  14  58  590956  140901   3   9  110950  27   6  21  220957  26  94  960956////////////
111100  58 219 2191100  28 109 1091100  581006   4  10  151016  48  10  35  351100  43 165 1651100////////////
111200  91 268 3001148  45 133 1481148 1121115   5  15  171153  76  15  44  491148  66 187 2151148////////////
111300 121 307 4561240  61 150 2361240 1241201   7  25  291247 101  20  50  801240  87 201 3421240////////////
111400 159 459 4831323  82 240 2551323 1631301  31 177 1771400 131  28  79  851323  75 178 2681308////////////
111500 146 228 4651412  73  99 2411413  991500  43  52 2661434 121  25  35  811412  61 143 1791421////////////
111600  62 143 2321508  27  61 1021508  611517   5   9  571501  52  10  25  381508  47 115 1531505////////////
111700  26  22 1421601  10   4  611603   41700   3   9  101622  21   5   7  251601  21  16 1141601////////////
111800   5   8  221701   0  -2   31701  -21757   3   8  101748   3   2   6   71701   3   5  161701////////////
111900   3   7   81801  -1  -3  -21802  -41822   3   8  111825   1   2   6   61850   1   4   51801////////////
112000   3   7   81935  -1  -3  -11932  -31957   3   8   81925   1   2   5   61909   1   4   41908////////////
112100   2   6   72004  -2  -8  -32001  -82058   3  10  102100   0   2   5   62020   1   3   42003////////////
112200   2   6   62102  -3 -10  -72102 -122141   6  18  192141   0   2   5   62132   1   2   32102////////////
112300   2   6   72212  -3 -10  -62210 -102300   6  18  182237   0   2   6   72211   1   2   42210////////////
112400   2   5   62329  -4 -14  -82328 -162358   6  18  192317   0   2   5   62328   1   2   32328////////////
120100   2   5   50001  -6 -14 -130054 -190015   7  18  200029   0   2   5   60004   0   1   20004////////////
120200   2   8   80200  -3  -6  -60151 -150108   6  16  230159   0   2   7   70155   1   4   40159////////////
120300   3   6   80208  -2  -9  -50221  -90255   7  19  270224   1   2   6   70208   1   3   40201////////////
120400   3   7   80336  -2  -5  -30335  -90304   6  16  250326   1   2   7   70356   1   4   50333////////////
120500   3   7   80446  -1  -5  -20452  -60404   6  17  240450   1   2   6   70401   1   3   40437////////////
120600   2   6   70501  -2  -6  -50517  -90552   7  18  270543   0   2   6   60501   1   2   30501////////////
120700   2   5   60632  -3  -7  -50628 -100648  10  22  340620   0   2   5   70641   1   2   30639////////////
120800   2  17  170800  -3   0   00800 -110745   4  12  180721   0   2   8   80800   1  12  120800////////////
120900  20  95  960857   7  38  400857   00806   3  10  170820  15   5  18  180848  15  73  730858////////////
121000  56 226 2261000  22  92  921000  320912   4  12  190950  46  10  39  391000  44 178 1781000////////////
121100 106 340 3411055  49 167 1681052  941001   5  16  161057  88  18  58  581100  86 282 2841055////////////
121200 139 398 4311138  71 208 2221138 1641101   6  18  181157 115  24  69  741138 116 328 3621138////////////
121300 148 391 4511252  76 200 2321252 1811229   7  28  281300 122  26  68  801252 118 277 3631234////////////
121400 169 458 5091323  89 238 2711323 2081301  37 205 2051400 139  30  80  891323  74 146 2991304////////////
121500 150 376 4571401  76 182 2381401 1821500  80 380 3801500 124  26  67  801402  49 123 1451401////////////
121600 108 243 3781502  48  96 1841501  961600 116 258 3921503  88  20  46  671502  42 104 1231501////////////
121700  62 113 2401602  23  40  941601  401700  49  51 2551602  50  12  21  451602  33  74 1041601////////////
121800  19  14 1101701   5  -5  391701  -51800   8   9  491701  15   4   6  211701  13   9  731701////////////
121900   2   3  131801  -6 -23  -51801 -251854   3   9  101833   0   2   4   61801   0  -1   81801////////////
122000   1   5   52000  -7 -16 -161955 -231906   3   8   91901  -1   2   6   62000   0   2   21957////////////
122100   2   5   62037  -6 -16 -142052 -192017   3  10  102100   0   2   6   72006   1   2   32005////////////
122200   2   6   62154  -5 -13 -112152 -162101   6  17  182112   0   2   6   72155   1   2   32153////////////
122300   3   8   82244  -3  -7  -52249 -152203   6  16  172202   1   2   7   72245   1   5   52244////////////
122400   3   8   82339  -3  -5  -52353 -102313   6  16  172319   0   3   7   82341   2   5   52339////////////
130100   3   8   80001  -2  -5  -50016  -70020   6  16  170039   1   2   7   70007   2   5   50053////////////
130200   3   8   80129  -1  -1  -10200  -60108   6  17  260144   1   2   6   70115   2   4   50127////////////
130300   3   7   80214   0  -1   10239  -20204   8  24  310220   1   2   5   60215   2   4   50214////////////
130400   3   7   80315   0  -2   00302  -20344   7  17  300326   1   2   5   60302   1   4   40319////////////
130500   3   8   80452  -1  -2  -10458  -30423   6  17  270450   1   2   6   60454   1   4   50451////////////
130600   3   8   80532  -1  -2  -10507  -30522   7  17  260534   1   2   6   60530   2   4   50530////////////
130700   3   8   80605  -1  -2  -10642  -30651  10  25  300622   1   2   6   60609   2   4   50606////////////
130800   3  10  100800   0   0   00757  -30725   5  14  170721   1   2   6   70751   2   6   60800////////////
130900   7  35  360858   1  13  140858   00802   3   8  140803   4   3  10  100859   5  27  280858////////////
131000  25 122 1260956  11  59  620956  120904   3   8   81000  20   5  21  220956  20  98  990957////////////
131100  41 163 1631100  20  78  781100  481035   3   8   91027  34   7  28  281100  33 132 1321100////////////
131200  63 151 2011136  30  71  971136  691157   3  10  111130  52  11  25  341136  51 123 1641136////////////
131300  63 175 1901228  30  84  901228  711201   4  10  161254  53  10  29  311228  52 144 1561228////////////
131400  53 143 1731301  25  69  821301  661327   3  10  161319  44   9  24  291301  44 116 1431301////////////
131500  56 125 1781433  27  60  871433  601500   4   9  161416  47   9  21  301433  46 102 1451434////////////
131600  34  71 1231501  16  33  591501  331600   3  10  111510  28   6  13  211501  28  57 1011501////////////
131700  16  26  691601   6   7  321601   71700   3   8  101604  12   4   8  131605  13  20  551601////////////
131800   6   9  261705   1   0   71710   01757   3   8   91701   4   2   6   81706   5   6  191706////////////
131900   3   8   91801   0   0   11859  -11816   3   8   81807   1   2   6   61841   2   4   61801////////////
132000   3   8   82000   0   1   11924   01908   3   8   81944   1   2   5   61901   1   4   41901////////////
132100   3   8   82039   0   1   22036   12043   3  10  102100   1   2   5   52037   2   4   42037////////////
132200   3   8   82128   1   2   22119   12111   6  17  172147   1   2   5   52156   2   4   52157////////////
132300   3   7   82201   0   1   22230  -12256   6  17  182257   1   2   5   52229   2   4   52230////////////
132400   3   7   82326   0   0   12301  -12306   6  18  182355   1   2   5   62325   1   4   42325////////////
140100   3   8   80042   0  -1   00039  -20012   6  17  180003   1   2   5   60040   1   4   40033////////////
140200   3   7   80118   0  -1   10120  -10103   6  17  280158   1   2   5   60120   2   4   50120////////////
140300   3   7   80204  -1  -2  -10203  -30238   8  24  310227   1   2   5   60210   1   4   40204////////////
140400   3   7   80314  -1  -2   00316  -30333   7  24  300326   1   2   6   60312   1   4   50312////////////
140500   3   7   80413   0  -1   00419  -20404   7  17  290405   1   2   5   60413   2   4   50413////////////
140600   3   8   80557   0  -1   00558  -20507   7  17  280510   1   2   6   60555   1   4   40554////////////
140700   3   7   80624   0  -2   00622  -20700  10  27  310645   1   2   5   60624   1   4   40623////////////
140800   3   8   80800   0   0   00753  -20704   5  14  150734   1   2   6   60727   1   5   50800////////////
140900   8  45  450900   2  17  170900   00801   3   7  150811   5   3  11  110900   6  35  350900////////////
141000  32 141 1411000  14  67  671000  180901   3   9   90950  26   6  26  261000  25 109 1091000////////////
141100  86 310 3101100  41 156 1561100  701001   4  13  151036  71  15  55  551100  66 244 2441100////////////
141200  99 246 3541155  48 118 1791155  871130   5  14  161156  82  17  41  631155  76 178 2781155////////////
141300 124 494 4941300  62 261 2611300 1161202   6  31  311300 103  21  90  901300  91 356 3561300////////////
141400 159 506 5261354  83 267 2781358 1261304  24 129 1331358 131  28  87  931350  88 259 3061307////////////
141500 140 293 5111402  70 139 2651402 1331458  56 168 2221428 115  25  54  891402  66 150 2631402////////////
141600  90 216 2811501  39  86 1321501  861600  63 191 1961554  73  17  41  511513  45 103 1481501////////////
141700  58  99 2131602  20  28  841602  281700  48  58 1881602  47  11  20  411602  29  59 1021601////////////
141800  17  13  981701   2 -11  281701 -111800   8   9  571701  13   4   6  191701  11   8  571701////////////
141900   2   3  131801  -6 -21 -111803 -221851   3  10  101852   0   2   4   61801   0  -1   81801////////////
142000   2   5   61930  -6 -17 -131929 -211902   3   9  101901   0   2   6   71932   1   1   41931////////////
142100   2   5   52013  -6 -15 -142053 -192017   3  10  102100   0   2   5   62013   0   1   22013////////////
142200   2   6   62121  -4 -12 -102153 -152103   6  17  182102   0   2   6   62152   1   2   32120////////////
142300   2   6   62206  -4 -10  -82225 -122201   6  18  182247   0   2   6   62210   1   2   32206////////////
142400   2   6   62323  -3 -10  -72307 -112352   6  17  192353   0   2   6   72335   1   2   32323////////////
150100   2   6   60058  -3  -8  -60055 -120010   6  16  180025   0   2   6   60058   1   3   30056////////////
150200   2   8   80200  -3  -4  -40158 -110115   6  15  210158   0   2   6   60200   1   4   40200////////////
150300   3   8   80230  -1  -2  -10240  -30201   7  24  290223   1   2   6   70229   2   5   50221////////////
150400   3   8   80304  -1  -2  -10306  -30330   6  17  300326   1   2   7   70359   2   5   50336////////////
150500   3   8   80451  -1  -2  -10404  -30458   6  17  320447   1   2   6   70401   2   4   40401////////////
150600   3   8   80518  -1  -2  -10520  -30507   7  16  330543   1   2   6   60501   2   4   40554////////////
150700   3   8   80603  -1  -3  -10628  -40655  11  31  350618   1   2   6   60658   2   4   40605////////////
150800   3   8   80800  -1  -2  -20800  -40747   5  15  160703   1   2   6   60701   1   5   50800////////////
150900   6  31  310900   0   5   50900  -20805   3   7  150805   3   3  10  100900   4  24  240900////////////
151000  24 107 1071000  10  51  511000   60901   3   8   80954  19   5  19  191000  19  86  861000////////////
151100  55 178 1811056  27  90  911056  521001   3   9  101050  46   9  29  301056  44 143 1441057////////////
151200  78 250 2501200  39 126 1281159  911101   4  11  151117  65  13  42  421159  60 192 1921200////////////
151300  85 231 2521235  43 113 1291235 1101258   5  12  161257  70  15  40  431235  66 180 1931235////////////
151400 107 337 3931342  54 170 2031342 1051316  11  65  671355  88  19  60  711342  71 191 2381339////////////
151500 112 249 4011413  56 117 2021413  921442  27  41 1451428  92  20  42  721413  64 170 2051406////////////
151600  80 217 2501557  38 103 1191501  951533  12  75  961557  66  14  41  471557  58 145 1731501////////////
151700  43  88 1971601  19  36  931601  361700   7   8  841609  35   8  18  361601  32  70 1401601////////////
151800  17  13  851701   5  -3  341701  -31800   3   9  101716  13   4   6  171701  13   8  671701////////////
151900   3   7  121801  -2  -5  -41801  -71819   3   8   91831   1   2   5   61801   1   3   71801////////////
152000   3   8   81938  -1   0   11953  -61908   3   8   81909   1   2   6   71936   2   4   61933////////////
152100   2   6   82001  -1  -5   02005  -52100   3  10  102100   0   2   5   62003   1   3   42001////////////
152200   2   6   72119  -2  -8  -42118  -82148   6  18  182127   0   2   5   62118   1   2   32118////////////
152300   2   7   82247  -2  -4  -32246  -92202   6  17  192204   0   2   6   62251   1   4   42247////////////
152400   3   9   90000  -1   1   10000  -52312   6  15  172328   1   2   7   72358   2   6   62358////////////
160100   3   7   90002   0  -5   10004  -50100   6  18  180059   1   2   5   70001   2   3   60001////////////
160200   3   8   80157  -1  -3  -20151  -60108   6  16  220144   1   2   6   60158   1   4   50157////////////
160300   3   7   80208  -1  -3  -20214  -40257   7  20  270227   1   2   6   60206   1   4   50205////////////
160400   3   8   80340  -1  -2  -20400  -40347   6  24  240344   1   2   6   60342   1   4   40348////////////
160500   3   8   80438   0  -1   00428  -20403   6  17  240449   1   2   6   60441   2   5   50437////////////
160600   3   8   80501   0  -3   00543  -30600   6  17  220518   1   2   6   60535   2   4   50501////////////
160700   3   7   80601  -1  -2  -20658  -30612   9  22  260640   1   2   6   60617   1   4   40601////////////
160800   3   9   90800   0   1   10800  -20701   4   8  130703   1   2   6   60749   1   5   50800////////////
160900   7  26  290850   2   8  110850   10809   3   8   80807   4   3   8   90850   5  19  210850////////////
161000  13  23  460922   5   6  180922   61000   3   8   90917  10   3   8  110922  10  16  360922////////////
161100  15  61  671056   6  25  291054   61015   3   8   91057  11   4  13  131056  11  47  541055////////////
161200  11  29  591101   4  10  241101   31141   3   8   91122   8   3   9  121101   8  22  461101////////////
161300  16  61  611300   6  25  251300  101201   3   8  151237  12   4  12  121300  12  48  481300////////////
161400  32 181 1811400  14  85  851400  141320   3   8   91320  26   6  28  281400  26 151 1511400////////////
161500  65 212 3011415  30 100 1501415  411439   4   8  241416  55  10  34  481415  52 173 2231414////////////
161600  62  86 2791509  28  35 1341509  351600   5  10  481510  51  11  16  471509  50  71 2031508////////////
161700  11  16  821601   2   1  331601  -11647   3   8  101610   8   3   7  161601   8  11  671601////////////
161800   5   9  171723   0   0   21723  -11753   3   8   81758   2   3   6   71722   4   6  131723////////////
161900   3   8   91801   0  -1   01851  -11811   3   8   81815   1   2   6   61807   2   5   61801////////////
162000   3   8   81911   0   0   01922  -11924   3   8   81956   1   2   6   61907   2   6   61923////////////
162100   3   8   82028   0   0   02016  -12035   3  11  202057   1   2   6   62014   2   6   62015////////////
162200   3   8   82152   0   0   12150  -12107  12  48  522149   1   2   6   62104   2   6   62155////////////
162300   3   7   82201   0  -1   02203  -22237  14  41  492201   1   2   6   62228   2   4   62201////////////
162400   3   8   82346   0   0   00000  -12302   8  18  472302   1   2   6   62346   1   4   42305////////////
170100   3   8   80059   0   0   00054  -10005   6  17  180003   1   2   6   60051   2   4   50050////////////
170200   3   8   80144   0   0   00103  -10159   6  17  170151   1   2   6   60154   2   4   50107////////////
170300   3   8   80255   0   0   00254  -10201   6  17  170205   1   2   6   60243   2   4   50247////////////
170400   3   8   80347   0   0   00321   00400   6  17  180329   1   2   6   60303   2   4   50344////////////
170500   3   8   80424   0  -1   00402  -10444   6  17  170442   1   2   6   60432   2   4   40402////////////
170600   3   8   80547   0   0   00556  -10519   4  17  170554   1   2   6   60516   2   4   50548////////////
170700   3   8   80602   0   0   10652   00630   6  14  220643   1   2   6   60601   2   5   50651////////////
170800   3   8   80800   0   0   10711  -10749   3   8  100741   1   2   6   60759   2   5   50800////////////
170900   4  19  190900   1   6   60900   00802   3   8  110813   2   2   7   70900   3  14  140900////////////
171000  15  38  520940   6  15  230941   70901   3   8   81000  11   4   9  110940  12  30  420952////////////
171100  16  78  801058   7  35  361058  111008   3   8   91036  12   4  14  141057  13  64  651058////////////
171200  19  47  801112   8  19  361112  121131   3   8   91122  15   4  11  141112  15  37  661112////////////
171300  17  51  691218   6  20  291218  111244   3   8  121236  13   4  11  131218  13  40  551218////////////
171400  15  27  651316   6   8  271315   81342   3   8   91326  11   4   8  131316  12  20  521315////////////
171500   9  26  311431   2   7  101431   51442   3   8   81443   6   3   8   91431   6  19  231431////////////
171600   9  21  281548   3   5   91548   51600   3   9   91600   6   3   8   91548   6  15  211548////////////
171700   7  13  241616   2   2   71615   21700   3   8   91601   4   3   7   81615   5   9  181616////////////
171800   4   9  141714   0   0   21703   01756   3   8   81714   2   2   6   71714   2   5   91714////////////
171900   3   8   91801   0  -2   01802  -21853   3   8   81825   1   2   6   61856   2   4   51801////////////
172000   3   9   91947   0   0   01955  -31910   3   8   81911   1   2   6   71939   2   5   61948////////////
172100   3   9   92026   0   0   02011  -52047   4   9  252046   1   2   7   72027   2   5   62026////////////
172200   3   8   92129   0  -1   12126  -42112   6  17  172111   1   2   6   72101   2   5   62129////////////
172300   3   9   92238   0   0   12237  -12223   6  17  172215   1   2   6   62234   2   5   52238////////////
172400   3   8   92307   0   0   02302  -22343   6  17  172314   1   2   6   62311   2   4   52306////////////
180100   3   8   80040   0   0   00028  -20018   6  17  170002   1   2   6   60020   2   5   50038////////////
180200   3   7   80105  -1  -5   00111  -50200   6  18  180200   1   2   6   60156   1   3   50105////////////
180300   3   8   80242  -1  -1   10237  -80211   5  17  210245   1   2   6   60246   1   4   50241////////////
180400   2   5   80301  -2  -9  -10336 -100355   4  19  190354   0   2   5   60303   1   1   40301////////////
180500   2   8   80500  -2   0   00500 -100444   5   4  190401   0   2   7   70500   1   4   40500////////////
180600   2   8   90506  -1   0   30504  -80534   3  15  190539   0   2   6   70505   1   5   50505////////////
180700   2   6   80602  -2  -8   00607 -110639   6  16  200620   0   2   6   70620   1   2   50603////////////
180800   3  11  110800  -1   4   40759  -90727   3   9  110754   1   2   7   70756   1   7   70800////////////
180900  10  57  570900   4  25  250900   40801   3   8  110808   7   3  13  130900   8  44  440900////////////
181000  28  70  920912  12  31  430912  250901   3  10  230953  22   6  14  180912  22  56  730913////////////
181100  37 151 1541058  17  72  731058  321001   7  22  321040  31   6  25  251058  30 125 1281058////////////
181200  58 223 2391148  28 110 1181148  551116   5   9  271121  48  10  35  391148  47 181 1911149////////////
181300  67 153 2351202  32  70 1151202  701300   4   9  191215  56  11  25  371202  55 128 1971203////////////
181400  66 207 2081356  31  97  991356  691303   3  10  121353  55  11  33  341356  54 168 1681400////////////
181500  50  77 2121404  22  32  991404  321500   3   9  131404  42   8  15  341404  41  65 1721404////////////
181600  40  98 1311538  18  43  591540  321502   3   8  131547  33   7  18  231538  34  81 1101538////////////
181700  16  16  971601   6   3  431601   31655   5  32  331656  12   4   6  181601  13  12  801601////////////
181800   4   9  161701   0  -1   31701  -11757   3   8  381709   2   2   6   61716   3   6  121701////////////
181900   3   8   91801   0  -2   01802  -21858   3   8   81900   1   2   6   61859   2   5   61801////////////
182000   3   8   81949   0  -1  -12000  -21901   3   8   81955   1   2   5   61907   2   5   51950////////////
182100   3   8   82100   0   0   02056  -22048   4   9  342042   1   2   6   62057   2   5   52058////////////
182200   3   8   82116   0   0   12153  -12104   6  17  172150   1   2   5   62108   2   5   52157////////////
182300   3   8   82201   0   0   02201  -12244   6  17  292208   1   2   6   62249   2   5   52203////////////
182400   3   8   82304   0  -1   02316  -10000   6  17  452332   1   2   6   62348   2   5   52321////////////
190100   3   8   80050   0   1   10056  -10032   6  17  170003   1   2   6   60047   2   5   50047////////////
190200   3   8   80104   0   1   20139   10115   6  18  220126   1   2   5   60101   2   5   50101////////////
190300   3   8   80201   0  -1   10228  -10255   6  17  220214   1   2   6   60213   2   4   50201////////////
190400   3   7   80302   0  -1  -10301  -20327   5   8  190315   1   2   6   60319   1   4   40303////////////
190500   3   8   80455   0  -1  -10439  -10459   5  16  240407   1   2   6   60455   1   4   40443////////////
190600   3   8   80538   0  -2  -10520  -20600   3  17  170549   1   2   6   60541   1   4   40535////////////
190700   3   7   80605  -1  -3  -10608  -30653   5  14  170603   1   2   6   60603   1   4   40601////////////
190800   3   8   80800  -1  -2  -20800  -40709   2   6   80745   1   2   6   60753   2   5   50800////////////
190900   4  16  170852   0   3   30853  -20801   3   8   80828   2   2   7   70853   3  12  130852////////////
191000   7  24  241000   1   5   51000   30901   3   8   80953   4   3   8   81000   5  17  171000////////////
191100  17  79  791100   6  32  321100   51003   3   7  151019  13   4  15  151100  13  64  641100////////////
191200  32  81 1071150  14  38  501151  311108   3   9  171114  26   6  14  181150  26  66  871150////////////
191300  26  79  911245  12  39  441245  251215   4  11  251246  21   5  14  161246  21  63  741246////////////
191400  21  66  771301  10  31  371301  211338   4   8  231343  17   4  13  141301  16  53  611301////////////
191500  23  47  851433  11  21  411431  211500   5   9  231412  19   4  10  161431  18  38  681431////////////
191600  16  51  521551   7  22  241556  171537   3   8  121512  12   4  11  111551  13  41  421551////////////
191700  24  55  761624  11  23  351630  231700   3   8  201604  19   5  12  151624  19  45  621624////////////
191800   9  10  541701   3   1  231701   11759   3   8  111701   6   3   5  121701   7   7  441701////////////
191900   3   8  101801   0  -1   11801  -21859   3   8   81802   1   2   5   51847   2   4   71801////////////
192000   3   8   81959   0   0   02000  -21941   3   8   81901   1   2   6   61955   2   5   51932////////////
192100   3   8   82045   0   0   02039  -12023   3  13  132100   1   2   6   62051   2   5   52033////////////
192200   3   7   82136   0  -1   02129  -22153   8  17  422121   1   2   5   62101   2   4   52101////////////
192300--------------------------------------------------------------------------------------------------------
192400--------------------------------------------------------------------------------------------------------
200100--------------------------------------------------------------------------------------------------------
200200--------------------------------------------------------------------------------------------------------
200300--------------------------------------------------------------------------------------------------------
200400--------------------------------------------------------------------------------------------------------
200500--------------------------------------------------------------------------------------------------------
200600--------------------------------------------------------------------------------------------------------
200700--------------------------------------------------------------------------------------------------------
200800--------------------------------------------------------------------------------------------------------
200900--------------------------------------------------------------------------------------------------------
201000  20  84  841000   8  37  371000  110901   3   8   80953  16   4  16  161000  16  67  671000////////////
201100  41 133 1341053  20  66  681047  381001   3   9  181019  34   7  22  231050  34 108 1101053////////////
201200  50 168 1681200  25  85  851159  611109   3   9  111121  42   8  28  281200  41 139 1391200////////////
201300  60 172 1841252  29  84  891252  761224   4   9  141255  50  10  28  301252  49 142 1521252////////////
201400  52 112 1731302  25  54  841304  531356   3   9  101313  43   9  19  281302  43  93 1441302////////////
201500  44 128 1371418  21  60  641418  521404   3   9  131433  36   8  22  231418  37 106 1131418////////////
201600  35  67 1291504  16  29  601503  291600   3   9   91530  29   6  13  221504  29  54 1061504////////////
201700  17  28  661601   7   9  281601   91700   3   9  211656  13   4   8  131607  14  22  531601////////////
201800   6   9  291702   1  -3   91702  -31800   3   8  231711   4   2   5   81701   5   5  221702////////////
201900   3   7   91801  -1  -3  -11820  -31847   3   8   91821   1   2   5   51848   2   4   51801////////////
202000   3   8   81939  -1  -2  -21959  -31903   3   8   81921   1   2   6   61942   2   4   51936////////////
202100   3   8   82100  -1  -1  -12100  -32009   3   9   92100   1   2   6   62059   2   5   52056////////////
202200   3   8   82122   0  -1  -12200  -22147   6  17  172138   1   2   6   62121   2   5   52136////////////
202300   3   8   92252   0  -2   22249  -22259   6  19  192300   1   2   6   62259   2   4   52251////////////
202400   3   8   82348   0   0   12316  -12301   6  17  192303   1   2   6   62301   2   4   42350////////////
210100   3   8   80053   0   1   10053  -10046   6  17  170011   1   2   6   60048   2   5   50054////////////
210200   3   8   80107   0   0   20118   00133   6  15  180121   1   2   6   60105   2   4   50109////////////
210300   3   8   90259   0   2   20300  -10206   6  16  180222   1   2   6   60249   2   5   50259////////////
210400   3   8   90301   0  -1   20304  -20359   5  17  180328   1   2   6   60302   2   4   50303////////////
210500   3   8   80422   0   0   10429  -10402   5  17  180402   1   2   6   60434   2   4   50430////////////
210600   3   8   80523   0   1   10600   00501   3  17  170554   1   2   6   60555   2   5   50525////////////
210700   3   8   80606   0   0   10601  -10645   6  14  220619   1   2   6   60642   2   4   50602////////////
210800   3   8   80800   0   0   10708  -10740   3   8   90757   1   2   6   60800   2   5   50800////////////
210900   4  19  190900   0   4   40900  -10809   3   8   90803   2   2   7   70900   3  13  130900////////////
211000  14  52  520950   5  21  211000   50901   3   8   80943  10   4  11  110950  11  41  410950////////////
211100  48 169 1701055  22  79  801055  211001   3   9  101020  41   7  25  251056  38 131 1311100////////////
211200  53 126 1691101  24  57  781113  551140   3   8  191106  45   8  20  251101  43 103 1351113////////////
211300--------------------------------------------------------------------------------------------------------
211400--------------------------------------------------------------------------------------------------------
211500  50 132 1841401  22  58  891401  491440   3   9  111410  42   8  22  291401  41 111 1511401////////////
211600  53 135 1661536  24  61  791537  571525   4  11  271546  44   9  23  281546  43 106 1311515////////////
211700  30  30 1331601  13   8  601601   81700   3   9  101657  24   6   8  231601  25  24 1041601////////////
211800   7  10  291701   1   0   81701   01759   3   9   91701   5   2   5   81701   5   6  231701////////////
211900   3   7   91801  -1  -6  -11801  -61855   3   9   91809   1   2   5   51855   2   3   61801////////////
212000   2   7   72000  -2  -5  -41957 -101915   3   8   91920   0   2   6   62000   1   4   41959////////////
212100   2   5   72003  -3 -10  -42002 -112054   3  11  112100   0   2   5   62015   1   1   42001////////////
212200   3   8   82200  -1  -1  -12138 -102101   6  16  192101   1   2   6   62144   1   5   52151////////////
212300   3   8   82201  -1  -2  -12236  -32212   6  17  172248   1   2   6   62202   2   4   52201////////////
212400   3   8   82357   0   1   12359  -22301   6  16  172314   1   2   6   62356   2   5   50000////////////
220100   3   8   90012   0   0   10017  -10032   6  17  170055   1   2   6   60027   2   4   50003////////////
220200   3   8   80115   0   0   10112  -20150   6   6  180145   1   2   6   70147   2   4   50117////////////
220300   3   8   80202   0  -1   10230  -20206   5  17  180232   1   2   6   70209   2   4   50229////////////
220400   3   8   80311   0   0   00347  -20313   6  17  180319   1   2   6   60314   2   4   40334////////////
220500   3   8   80430   0  -1   00424  -10416   5  17  170441   1   2   6   60440   2   4   50424////////////
220600   3   8   80528   0  -3   10531  -30600  -2  17  180543   1   2   6   60600   2   4   50530////////////
220700   3   8   90634  -1  -1  -10700  -50609   8  30  310655   1   2   6   70636   2   5   50631////////////
220800   3   9   90800   0   0   00722  -20709   5  16  170759   1   2   6   60701   2   5   50800////////////
220900   6  26  260900   1   9   90900   00813   3   8  160803   3   3   8   80900   4  20  200900////////////
221000  24 120 1201000  10  55  551000  100901   3   9   90950  19   5  21  211000  19  95  951000////////////
221100  56 196 1971055  25  88  881100  571001   3  10  101030  47   9  32  321055  44 155 1551055////////////
221200  73 198 2121133  34  94 1011141  881120   4   9  141130  61  12  31  341107  59 164 1741141////////////
221300  68 174 1991201  32  82  951237  811259   4   9  151254  57  11  28  311201  57 147 1661236////////////
221400  56 152 1721301  26  70  821301  631350   4   9  161335  47   9  25  271301  47 128 1451301////////////
221500  52 136 1561413  23  60  721412  581452   3  11  141447  44   8  23  251413  43 114 1311413////////////
221600  41  92 1371501  18  39  611502  391551   3   9  101522  34   7  16  231501  34  76 1141501////////////
221700  21  30  921602   8   9  391601   91700   3   9  101624  17   4   8  161601  18  24  771602////////////
221800   7  10  301703   1   0  101703   01759   3  11  121758   5   2   6   81701   5   8  241703////////////
221900   3   7  101801  -1  -2  -11801  -31850   4   8  191830   1   2   6   61801   2   5   81801////////////
222000   3   8   81952   0   1   11951  -21910   3   8  101906   1   2   6   61951   2   6   61951////////////
222100   3   7   82001   0   0   12045   02033   3  10  102100   1   2   5   62001   2   5   62001////////////
222200   3   7   82115   0  -1   02114  -22152   7  17  292126   1   2   5   52115   2   5   52115////////////
222300   3   7   82218  -1  -2  -12215  -32256   7  17  312210   1   2   5   62228   2   5   52228////////////
222400   3   7   82331   0  -1  -12335  -32312   6  17  172349   1   2   6   62320   2   5   52331////////////
230100   3   7   80015   0  -1   00013  -20023   6  17  170023   1   2   5   60030   2   5   50014////////////
230200   3   7   80109   0  -2   00106  -20147   7  22  280155   1   2   5   50107   2   5   50112////////////
230300   3   7   70229  -1  -4  -10239  -40258   8  17  280229   1   2   5   50248   1   3   50202////////////
230400   2   6   70301  -2  -5  -40301  -60354   8  23  390342   0   2   6   60348   1   3   30301////////////
230500   2   7   70500  -2  -4  -40450  -50401   6  17  250401   0   2   6   60459   1   3   30500////////////
230600   3   7   80554  -1  -3  -30528  -50536   1  16  170502   1   2   6   60558   1   3   40528////////////
230700   3   8   80640  -1  -3  -20639  -40611   3   9  120623   1   2   6   60700   1   4   40658////////////
230800   3   9   90800  -1  -2  -10750  -30706   2   6   60753   1   2   7   70729   2   5   50759////////////
230900   5  25  250900   0   6   60900  -20808   2   8   80822   2   3   8   80900   3  18  180900////////////
231000  23 112 1121000  10  51  511000   70901   3   8   90927  18   5  20  201000  18  88  881000////////////
231100  46 141 1511055  21  64  701055  501002   3   9  111019  38   8  23  251055  37 115 1221054////////////
231200  54 199 2011158  25  98  991158  471112   3  10  131114  45   9  31  321158  44 163 1641157////////////
231300  79 311 3111300  39 160 1601300  951219   4  17  171300  67  12  49  491300  62 226 2261300////////////
231400 114 392 4191350  58 203 2211350 1201318  10  61  611400  96  18  64  681350  78 234 2601350////////////
231500 136 365 4491419  70 185 2371419 1471409  49 227 2271500 114  22  59  731419  72 179 2461418////////////
231600  89 215 3651503  41  97 1851503  741526  41 125 2251502  75  14  37  591503  50 114 1861504////////////
231700  61  97 2261617  24  27 1021617  271700  29  33 1281602  51  10  17  391617  35  61 1321617////////////
231800  18  15  951701   2 -11  271705 -111800   6   9  341701  14   4   6  161701  12  11  601701////////////
231900   2   4  151801  -6 -17 -111809 -201842   3   8  151805   0   2   5   61801   1   2  101801////////////
232000   2   5   61945  -6 -14 -121944 -181918   3   8   91922   0   2   5   61943   1   2   31945////////////
232100   2   5   52041  -5 -15 -142001 -182029   3  10  102100   0   2   6   62041   1   2   22041////////////
232200   2   5   52108  -6 -18 -132109 -182200   6  18  182125   0   2   6   62154   1   2   22109////////////
232300   2   5   52219  -6 -15 -122257 -182233   7  17  522223   0   2   6   62300   0   1   22218////////////
232400   2   5   62337  -5 -13 -102325 -162341   6  17  192354   0   2   6   82339   1   2   32337////////////
240100   2   5   50054  -5 -14 -110016 -160004   6  17  200006   0   2   6   60001   0   1   20039////////////
240200   2   5   60143  -5 -13 -100144 -160149   6   2  270123   0   2   6   60147   1   2   20142////////////
240300   2   6   60257  -5 -15  -90209 -150241   5  15  380209   0   2   6   70255   1   2   20213////////////
240400   2   5   60327  -5 -12 -100327 -160305   3  15  290313   0   2   6   60330   1   1   20326////////////
240500   2   6   80420  -3 -10  110418 -130411   3  16  170440   0   2   6   60415   0   1   20407////////////
240600   2   6   60517  -3  -7  -70509 -120506  -4  -4  180522   0   2   6   60518   0   2   20600////////////
240700   2   8   80700  -2   1   10700 -110623   2   5   90640   0   2   6   60645   1   5   50700////////////
240800   2   6   60706   2   6   60720   60725   3   8   80714   0   2   5   50701   1   2   20706////////////
240900   8  49  490900   2  22  220900  -10807   3   7   90813   5   3  11  110900   7  40  400900////////////
241000  41 187 1890953  19  86  910953  230901   3  13  130959  34   7  31  320953  31 143 1460953////////////
241100 101 341 3411100  48 167 1681057  881002   5  15  161054  84  17  55  551100  84 287 2871100////////////
241200 146 459 4591200  76 252 2521159 1701102   6  18  191158 123  23  73  731159 125 399 3991200////////////
241300 179 544 5601248  98 295 3101248 2281210   7  27  271251 150  29  88  911248 154 452 4771250////////////
241400 170 348 5291301  92 171 2921309 1391355  21  47 1051357 143  27  52  861301 107 214 4381301////////////
241500 136 324 4571408  69 160 2391415 1521406  33  72 1751454 114  22  51  761415  79 204 2371438////////////
241600 107 200 4291506  51  88 2151506  841559  35  40 2201506  90  17  32  731506  62 129 2171502////////////
241700  48  71 2231606  19  21  951606  201657  12  10  831612  40   8  13  391606  31  51 1311605////////////
241800  14  16  691701   3  -1  201701  -11800   3   9  101715  11   3   6  131701  11  12  501701////////////
241900   3   7  151801  -2  -3  -11801  -61832   3   8  151804   1   2   5   61801   2   4  111801////////////
242000   3   7   71956  -1  -4  -21904  -61935   3   8   91938   1   2   5   61955   1   4   41955////////////
242100   2   7   72038  -2  -4  -32044  -62015   3  10  102100   0   2   6   62048   1   4   42036////////////
242200   2   7   72155  -2  -5  -42133  -62158   6  17  182103   0   2   6   62156   1   4   42154////////////
242300   3   7   72227  -2  -5  -52227  -62207   6  17  172202   1   2   6   62246   1   4   42228////////////
242400   3   7   82324  -2  -4  -32328  -62302   6  17  172332   1   2   6   62326   1   4   42323////////////
250100   3   7   70001   2   6   60055   60004   2   6   60008   1   2   5   60001   1   4   40035////////////
250200   3   7   80134  -1  -5  -30116  -50158   6  27  270200   1   2   6   60106   1   4   50132////////////
250300   3   7   80251  -2  -5  -30217  -50242   8  17  410223   1   2   6   60240   1   4   40218////////////
250400   3   7   80328  -2  -5  -30327  -50358   7  21  330320   1   2   6   60311   1   4   40325////////////
250500   3   7   80431  -1  -4  -20439  -60405   7  17  440453   1   2   6   60432   2   4   50431////////////
250600   3   7   70501  -1  -4  -20526  -50549   8  17  270530   1   2   5   60501   1   3   40507////////////
250700   2   6   70602  -2  -7  -30601  -90657   9  23  280627   0   2   6   60652   1   3   30652////////////
250800   2   7   70800  -4 -10  -70701 -120732   4  10  180724   0   2   5   60708   1   3   30705////////////
250900  10  54  540900   1  17  170900  -90801   3   8   90802   7   3  12  120900   7  39  390900////////////
251000  27  87  870934  11  36  370934  160902   3   7   90951  22   5  16  170934  21  70  701000////////////
251100  45 170 1711057  21  86  861057  341005   3   9  131045  37   8  27  271057  36 138 1381100////////////
251200  67 252 2521200  33 127 1271159  741116   3  11  141121  56  11  40  401200  54 190 1901200////////////
251300 133 428 4361220  70 228 2301226 1071209   6  21  221252 111  22  72  751220 106 340 3601226////////////
251400 147 415 4401350  77 216 2331319 1701317  19 105 1051400 123  24  69  731350  91 197 3371301////////////
251500 131 371 4231408  66 181 2201408 1061414  44 210 2101500 109  22  63  711408  63 161 1991407////////////
251600  93 159 3681501  44  71 1801501  711554  28  11 2121503  78  15  25  631501  57 126 1791535////////////
251700  48  60 2081603  20  19  961603  191700   5   9  491613  40   8  12  371613  36  45 1441603////////////
251800  14  14  581701   4   0  171701  -11756   3   8  111716  11   3   6  121718  10   9  431701////////////
251900   3   7  131801  -1  -1   01801  -41842   3   8  161830   1   2   5   61801   2   4   91801////////////
252000   3   7   81926   0  -2  -11913  -21903   3   8   81933   1   2   5   61902   1   4   41902////////////
252100   3   8   82057  -1  -2  -12005  -32021   3  10  102100   1   2   6   62048   1   4   42100////////////
252200   3   7   82106  -1  -3  -12106  -42119   6  17  182133   1   2   5   62120   1   4   42105////////////
252300   3   8   82242  -1  -1  -12300  -32203   6  17  172211   1   2   6   62241   2   4   42241////////////
252400   3   8   80000   0   0   02359  -22336   6  16  182343   1   2   6   62301   1   5   50000////////////
260100   3   8   80004   0  -1   00049  -10059   6  17  170019   1   2   6   60001   2   4   50005////////////
260200   3   8   80120   0  -1   00118  -20138   6  30  300200   1   2   5   60144   1   4   40120////////////
260300   3   8   80250   0  -1   00245  -20203   8  17  450223   1   2   5   60251   2   4   40247////////////
260400   3   8   80330   0  -1   00327  -10349   7  24  450322   1   2   6   60318   2   4   40332////////////
260500   3   8   80404  -1  -2  -10401  -30432   8  17  280402   1   2   5   60404   1   4   40401////////////
260600   3   8   80538   0  -1   00529  -20522   7  17  350524   1   2   6   60546   2   4   50532////////////
260700   3   8   80700   0   0   00655  -20609   8  22  410623   1   2   6   60700   2   5   50700////////////
260800   3   8   80759   0   0   10757  -10745   4  13  190724   1   2   6   60756   2   5   50756////////////
260900   3  10  100845   0   1   20845  -10832   3   8  130802   1   2   6   60849   2   6   60846////////////
261000   5  21  280956   1   5   90957  -10926   3   8   90950   3   2   7   80956   3  15  210956////////////
261100  26 128 1281100  11  61  611100   51005   3   8  181045  21   5  22  221100  21 104 1041100////////////
261200  21 101 1201101  10  49  571101  161116   4   8  231109  17   4  18  211101  16  81  991101////////////
261300  39 126 1451257  19  62  711257  371214   3   9  141243  32   7  22  251257  31 102 1171257////////////
261400  37  58 1521326  18  28  771326  271357   3  10  101339  30   7  11  261326  29  45 1181326////////////
261500  26  47 1091431  12  21  531435  201459   3  11  151443  21   5  10  201435  20  36  851431////////////
261600  15  25  541540   6   9  251540   91557   3   9   91501  12   3   7  121540  11  19  421506////////////
261700   7  15  251605   2   4   91616   41657   3   8  101627   5   2   6   71605   5  10  181605////////////
261800   4  11  151701   1   3   41748   21730   3   8  181716   2   2   6   61701   3   7  101701////////////
261900   3   8  111801   0  -1   31801  -11900   3   8  201825   1   2   6   61801   2   4   71801////////////
262000   3   8   81924   0   0   01907  -11903   3   8   81952   1   2   5   61940   2   4   41901////////////
262100   3   8   82043   0   1   22045  -22008   3  10  102100   1   2   6   62047   2   4   52046////////////
262200   3   8   82104   0   0   12131   02200   6  17  172117   1   2   5   62102   2   4   42101////////////
262300   3   8   82300   0   1   12300  -12216   6  17  172209   1   2   6   62300   1   4   42300////////////
262400   3   8   82326   0   1   12350   02302   6  17  172346   1   2   5   62306   2   4   52325////////////
270100   3   8   80046   0   0   10030   00058   6  17  170059   1   2   5   60047   2   4   50047////////////
270200   3   8   80153   0   0   10113   00133   7  26  270158   1   2   6   60125   2   4   50122////////////
270300   3   8   80222   0  -1   00224  -10234  10  40  510255   1   2   5   60232   2   4   50224////////////
270400   3   8   80337   0   0   00353  -10304  10  22  440354   1   2   6   60324   2   4   50337////////////
270500   3   8   80401   0   0   00408  -10426   7  17  270453   1   2   5   60401   1   4   40401////////////
270600   3   8   80552   0   0   00549  -20528   6  17  320526   1   2   6   60525   1   4   40549////////////
270700   3   8   80658   0   2   20654   00603   8  20  420625   1   2   5   60602   2   4   40656////////////
270800   3   8   80759   0   0   20705   00800   4  12  200725   1   2   6   60758   2   5   50713////////////
270900   4  21  220859   0   6   60859   00813   3   8  130803   2   2   8   80859   3  16  160859////////////
271000  19  80  800959   7  34  340959   50902   3   8  100951  15   4  15  151000  15  64  641000////////////
271100  49 222 2771050  22 109 1321051  311029   3  11  231045  41   8  34  441050  38 165 2111050////////////
271200  66 143 2271139  31  69 1081139  621154   4   9  171115  56  10  23  361139  53 119 1841139////////////
271300  61 164 2141237  28  77 1001237  611214   4  10  151254  51  10  26  341237  49 132 1741237////////////
271400  50 120 1601301  23  56  751301  531353   3   9  111313  42   8  20  261301  41  99 1311331////////////
271500  41  83 1531415  19  36  721415  341457   3  15  151500  34   7  15  241415  33  69 1251415////////////
271600  25  46  861522  11  18  391523  181600   3   9  141501  20   5  10  161522  20  36  711523////////////
271700  16  40  521618   6  15  211617  131646   3   8  181626  12   4  10  111619  13  32  431618////////////
271800  10  12  431710   3   0  161710   01800   3   8  161711   7   3   6  101702   8   8  331710////////////
271900   3   8  121801  -1  -1   01801  -41827   3   8  141807   1   2   6   61801   2   5   81801////////////
272000   3   8   81903  -1  -2  -11901  -31926   3   8   81931   1   2   5   61902   2   4   51902////////////
272100   3   8   82038  -1  -3  -12029  -32100   3  10  102100   1   2   6   62039   2   4   52038////////////
272200   3   8   82200  -1  -1  -12200  -32151   6  16  172127   1   2   6   62200   2   5   52200////////////
272300   3   8   82202  -1  -2  -12253  -32248   6  17  172254   1   2   6   62201   2   5   52201////////////
272400   3   8   82302  -1  -3  -22329  -42342   6  17  172344   1   2   6   62353   2   4   52301////////////
280100   3   7   80001  -2  -3  -30100  -80023   6  17  370029   1   2   6   60006   1   4   40001////////////
280200   3   8   80124  -1  -2   00142  -30103   6  21  310158   1   2   6   60157   2   4   50124////////////
280300   3   8   80226   0  -1   00216  -20202   8  17  400211   1   2   6   60230   2   4   50228////////////
280400   3   8   80355  -1  -1  -10326  -30353   9  17  400357   1   2   6   70354   2   5   50352////////////
280500   3   8   80441   0   0   00455  -20427   6  17  220425   1   2   6   60401   2   5   50441////////////
280600   3   7   80506   0  -2   00507  -20553   5  17  250529   1   2   5   60532   2   4   50506////////////
280700   3   8   80629  -1  -2  -10603  -30606   8  23  390628   1   2   6   60653   2   4   50629////////////
280800   2   7   70800   2   6   60702   60751   3   7   80706   0   2   6   60757   1   3   40756////////////
280900   6  31  310900   1  10  100900  -10806   3   8  120804   4   2   9   90900   4  24  240900////////////
281000  19  69  691000   8  32  321000  110901   3   8  110950  15   4  13  130954  15  56  561000////////////
281100  34 119 1191100  16  57  571100  331001   3   9  111048  28   6  19  191100  27  97  971100////////////
281200  52 168 1681200  25  83  831200  571101   3   8  111115  44   8  27  271200  43 139 1391200////////////
281300  67 193 2061243  33  96 1031242  801204   3   8  151254  57  10  30  321243  55 159 1691243////////////
281400  72 195 2101342  35 100 1031339  921303   3   8  101348  61  11  30  321341  59 161 1721342////////////
281500  71 191 2191425  35  98 1111424  831448   3   9  111414  60  11  30  341425  58 153 1761426////////////
281600  54 106 1961505  26  49 1001505  491600   3   9  111509  46   8  17  301504  43  86 1561505////////////
281700  29  61 1051601  13  25  481602  251700   3   8  151626  24   5  12  171601  23  49  841601////////////
281800  11  10  601701   3  -2  241701  -21800   3   9  151709   8   3   5  121701   8   6  481701////////////
281900   3   8   91801   0   1   11858  -31822   3   8  121805   1   2   6   61855   2   5   51801////////////
282000   3   7   81902  -1  -4   11908  -71938   3   8   91925   1   2   5   61920   1   3   51901////////////
282100   3   8   82100  -1   0   02100  -62024   3  10  102100   1   2   6   62051   1   4   42100////////////
282200   3   8   82156   0  -1   02101  -22115   6  17  172142   1   2   6   62115   1   4   42154////////////
282300   3   8   82250  -1  -2  -12248  -32229   6  17  172207   1   2   6   62231   2   4   42250////////////
282400   3   8   82305   0   0   02359  -32353   6  17  182337   1   2   6   62311   2   4   52307////////////
290100   3   8   80058   0   0   00056  -20028   6  17  180002   1   2   6   60054   2   5   50058////////////
290200   3   8   80107   0  -1   00125  -20146   6  18  220158   1   2   6   60110   2   4   50104////////////
290300   3   8   80258  -1  -2  -10246  -30206   7  21  380226   1   2   6   60206   1   4   40255////////////
290400   3   8   80356  -1  -2  -10356  -30351   7  17  340324   1   2   6   60305   1   4   40400////////////
290500   3   8   80402   0  -1   00431  -20442   6  17  220401   1   2   6   60427   2   4   40402////////////
290600   3   8   80528   0   0   00554  -20506   5  17  250547   1   2   6   60528   2   4   50528////////////
290700   3   8   80627   0  -2   00617  -30637  11  28  470625   1   2   6   60637   2   4   50625////////////
290800   3   9   90800   0  -1  -10711  -30702   5  13  210726   1   2   6   60717   2   5   50800////////////
290900   6  30  300900   1   9   90900  -20802   3   8  120807   3   3   9   90900   4  23  230900////////////
291000  19  85  851000   8  38  381000  100901   3   8   90951  15   4  16  161000  15  68  681000////////////
291100  43 159 1591100  20  74  751055  391001   3   9  231048  36   7  26  261100  35 129 1291100////////////
291200  68 242 2431158  32 116 1171158  761101   4  10  261111  57  11  38  381158  54 189 1891200////////////
291300 101 290 3191235  49 139 1551235 1161201   5  16  161300  85  16  44  501235  75 209 2401235////////////
291400 127 355 4221335  65 178 2241335 1311321  13  70  701358 107  20  55  681335  81 197 2861309////////////
291500 120 306 3611414  60 153 1851415 1511458  38 151 1511500 101  19  49  571415  66 162 1991414////////////
291600  87 206 3041501  41  99 1531501  781546  24  14 1511501  73  14  32  491501  54 157 1611501////////////
291700  43  56 2201603  20  22 1071603  221658   4   8  261603  36   7  11  361603  33  44 1581601////////////
291800  10  11  551701   3   1  221701   01758   3   9  151706   7   3   5  111701   7   7  431701////////////
291900   3   7  111801  -1  -3   11801  -41852   3   8   91804   1   2   5   51852   2   4   71801////////////
292000   3   7   81911  -1  -3  -11910  -41941   3   9   91934   1   2   5   61910   1   3   41911////////////
292100   3   7   72100  -1  -4  -22044  -52035   3  10  102100   1   2   6   62100   1   4   42100////////////
292200   3   8   82115  -1  -3  -22148  -42133   6  17  182139   1   2   6   62117   1   4   42115////////////
292300   3   8   92222   0  -1   02222  -32206   6  17  172201   1   2   6   62255   2   5   52221////////////
292400   3   8   82302   0  -1   02303  -22339   6  17  182331   1   2   6   62301   2   4   52301////////////
300100   3   8   80025   0  -1   00017  -20036   6  17  180039   1   2   6   60025   2   4   50024////////////
300200   3   8   80116   0  -2   00117  -20158   7  28  340149   1   2   6   60150   2   4   50149////////////
300300   3   8   80208  -1  -1  -10247  -20219   7  23  400222   1   2   6   60209   2   4   50213////////////
300400   3   8   80350   0  -1   00354  -20323   8  17  410321   1   2   6   60349   2   4   50335////////////
300500   3   8   80417   0  -1   00415  -10500   7  17  330439   1   2   5   60401   2   4   50417////////////
300600   3   8   80600   0  -1   00554  -10502   6  17  220555   1   2   6   60600   2   5   50600////////////
300700   3   8   80601   0  -1   10607  -20645   8  22  400650   1   2   6   60602   2   4   50601////////////
300800   3   8   90722   0   0   10723  -10701   4  12  170749   1   2   6   60710   2   4   50709////////////
300900   4  18  180900   1   5   50900   10805   3   8  130801   2   2   7   70858   3  12  120900////////////
301000  11  44  441000   4  19  191000   50901   3   8  120950   8   3  10  100959   8  34  341000////////////
301100  21  76  761100  10  37  371100  191002   3   8  161047  17   4  14  141100  17  61  611100////////////
301200  37 115 1261144  19  61  661145  381101   4   9  221116  31   6  19  211144  30  93 1021144////////////
301300  40  98 1261249  21  51  641249  471222   3   9  141255  33   7  17  211250  32  79 1041249////////////
301400  30  73 1031306  15  35  521306  351356   3  10  101338  25   5  13  171305  24  57  841306////////////
301500  17  29  761410   8  13  371410  131500   3   9  101401  13   4   8  141410  13  21  601410////////////
301600   9  26  301551   4  10  131506   71535   3   8   91502   6   3   8   81551   7  19  231551////////////
301700   8  22  281613   3   8  111613   51632   3   8   91649   5   3   7   81613   6  16  201613////////////
301800   5  10  231701   1   1   81701   11757   3   8  231706   3   2   6   71710   3   6  171701////////////
301900   3   7   91801   1  -1   31847  -11900   3   9   91900   1   2   5   61823   2   3   61801////////////
302000   3   8   81952   0   0   11950  -21921   3   8   91906   1   2   5   61951   1   4   51952////////////
302100   3   7   82006   0  -1   12003  -22027   3  10  102100   1   2   5   62052   1   4   42052////////////
302200   3   7   82110   0  -5   12108  -52200   6  18  182159   1   2   5   62149   2   3   52109////////////
302300   2   5   72201  -3  -8  -42203  -92244   7  18  202232   0   2   5   52201   1   1   32204////////////
302400   2   6   60000  -3  -5  -50000 -102349   6  17  182303   0   2   5   50000   1   3   30000////////////
310100   3   7   80030  -1  -1  -10100  -50010   6  16  170039   1   2   6   60033   1   4   50030////////////
310200   3   8   90133   1   1   30132  -10101   6  17  180151   1   2   6   60112   2   5   50136////////////
310300   3   8   90231   0   0   30228  -20208   7  16  270226   1   2   6   60251   2   5   50232////////////
310400   3   7   80301   0  -6   10309  -60400   7  20  300324   1   2   6   60301   1   3   50309////////////
310500   2   6   60401  -2  -7  -30417  -70500   7  17  240402   0   2   5   60437   1   2   30459////////////
310600   2   6   60533  -2  -8  -50548 -100506   5  17  250547   0   2   5   60538   1   2   30526////////////
310700   2   8   80700  -2   1   10700  -90603  10  26  310613   0   2   6   60659   1   5   50700////////////
310800   3   9   90800   1   4   40739   00703   5  11  150702   1   2   6   60733   2   6   60732////////////
310900   5  16  160849   2   8   80849   40801   3   8  120804   3   2   7   70900   3  12  120849////////////
311000   9  32  340950   4  15  160950   80904   3   8   90950   6   3   9   90950   7  25  270950////////////
311100  17  71  711100   8  33  331100  131014   3   8  201044  13   4  13  131100  14  56  561100////////////
311200  35 121 1211200  17  62  621200  321104   4   8  291117  29   6  20  201200  28  99  991200////////////
311300  58 194 2111255  31 100 1131253  611220   3  10  141256  49   9  30  331255  47 160 1721255////////////
311400  49 139 2011305  26  73 1041305  521331   3   9  111321  41   8  22  311305  40 116 1691305////////////
311500  25  83 1341401  13  41  701401  191430   3   8  111413  20   5  15  211401  20  68 1121401////////////
311600  18  44  781501   8  21  391501  121545   3   8   91505  14   4  10  151501  14  34  641501////////////
311700  13  14  611609   6   5  291609   51700   3   8   91631  10   3   6  131609  10  10  491609////////////
311800   4   8  141705   1   2   51701   11758   3   8   81701   2   2   5   61714   3   5  101704////////////
311900   3   8   81804   0   1   21807  -11830   3   8   91830   1   2   5   51856   1   4   51808////////////
312000   3   7   81901  -1  -2   01901  -21947   3   8   91908   1   2   6   61947   1   3   41901////////////
312100   3   8   82057   0  -1   02058  -22001   3   9   92100   1   2   6   62046   1   4   42057////////////
312200   3   8   82146   0  -1   12157  -22135   6  17  182157   1   2   5   62137   1   4   42102////////////
312300   3   8   82225   0   0   12212  -12205   6  17  182215   1   2   6   62240   1   4   42225////////////
312400   3   8   82340   0   1   22343   02355   6  17  172315   1   2   6   62343   2   4   52339////////////
