58265 2012   091213603204    1    1    1    1    1    1   60---------------------------------------------V3.00
010100   3   8   80034   0   0   10021  -20038   6  18  180024   1   2   6   60044   2   5   50033////////////
010200   3   8   80150   0   1   20134  -10103   5  18  360145   1   2   6   60152   2   5   50104////////////
010300   3   8   80216   0   1   20230  -10219   3  18  180228   1   2   6   60221   2   5   50218////////////
010400   3   8   80332   0   2   20400   10340   5  18  210315   1   2   6   60316   2   5   50308////////////
010500   3   8   80415   1   1   20425   00438   5  17  180402   1   2   6   60416   2   5   50442////////////
010600   3   8   90559   1   1   20526   10535   0  -6  200510   1   2   6   60537   2   5   50557////////////
010700   3  10  100700   0   1   10652  -10638  -1   7  170618   1   2   6   60639   2   7   70700////////////
010800   6  25  250800   2   6   70745   10704   1   4   60708   3   3   8   80800   4  19  190800////////////
010900  12  32  380820   4  10  130848   60809   2   3   90808   9   3   8   90819   9  25  290848////////////
011000  17  68  681000   5  23  231000   80931  -1   8   80919  14   3  12  121000  13  51  511000////////////
011100  34  82 1411040  13  27  571040  201011  10-105 1961052  28   6  14  221040  26  61 1061041////////////
011200  32  68 1081129  12  24  411129  211158  -9 -50  351141  26   6  13  171129  24  50  811129////////////
011300  33  94 1141251  12  33  441251  221206   2  99 1041259  27   6  16  181251  24  69  841251////////////
011400  43 161 2361353  16  63  971353  131315  89 234 4021353  36   7  23  321353  32 119 1791353////////////
011500  60 109 2281406  23  44  921406  441459  39  12 2471402  51   9  19  311406  45  82 1721406////////////
011600  33 104 1171517  11  39  411501  181512   3   9  121506  27   6  18  191517  25  80  871517////////////
011700  19  35 1031602   6   8  391603   61654   2   8   91626  15   4  10  181602  14  25  791602////////////
011800  24  77  821731   7  23  291730   81701  -1   8  101746  19   5  16  161800  17  58  621731////////////
011900  18  24  821806   5   3  261809   31900   3   8   91842  14   4   9  161806  13  17  621807////////////
012000   5   9  241901  -1  -4   31902  -61937   3   8   91948   2   3   7   91901   3   5  161901////////////
012100   3   9  102056  -1  -3  -22026  -52007   3  10  102100   0   3   7   82058   2   6   62055////////////
012200   3  10  102134  -1  -1  -12200  -32113   6  16  172156   0   3   7   82118   2   6   62118////////////
012300   3   9  102203  -1  -2   02209  -32239   6  18  182246   0   3   7   82203   2   6   62212////////////
012400   3   8   92301  -1  -5  -22340  -50000   6  17  182307   0   3   7   72353   2   5   62301////////////
020100   3   8   80034  -1  -4  -30030  -60002   6  17  180018   0   3   7   70040   2   5   60052////////////
020200   3   7   80151  -1  -3  -10129  -50108   3  18  180114   1   2   6   70101   2   4   50102////////////
020300   3   8   80257  -1   0   10244  -50208   1  17  180213   1   2   6   60201   1   4   50255////////////
020400   3   7   80324  -1  -5   10315  -90358   4  16  170305   1   2   7   70400   2   4   50321////////////
020500   3   7   80421  -1  -3   00447  -40401   4   6  180408   1   2   6   70401   1   4   40421////////////
020600   3   8   80548   0   1   10558  -30525  -1  -4  180506   1   2   6   60540   2   4   50545////////////
020700   3  16  160700   0   2   20657  -20628  -2  -5  130603   1   2   7   70700   2  10  100700////////////
020800  28 281 2850759   8  76  790759   20706  -1  -8   10716  22   6  47  470759  21 210 2110759////////////
020900  67 209 2850810  23  85 1110851  450817   0   2   90842  56  11  33  500810  51 157 2270810////////////
021000  89 331 3311000  38 149 1491000  840902   2   9  160941  75  14  51  511000  67 249 2491000////////////
021100 111 261 3761010  49 116 1701005 1161100   5  22  261012  94  17  41  591010  82 201 2761010////////////
021200 197 93010111155  92 427 4821155 1121109   9  19  671136 167  30 139 1551155  81 284 2841200////////////
021300 253 83210591244 112 343 4621201 1981219   9  17  331206 214  39 127 1661244  96 311 3121255////////////
021400 319 45911011308 136 196 4731308 1961400   7  17  281303 269  50  71 1741308  78 154 3151301////////////
021500 251 807 9571415 111 371 4281448 1971428   6  18  251403 211  40 128 1511415  75 223 2501445////////////
021600 190 461 9001502  91 218 4411502 1891521   6  25  261558 160  30  74 1451503  99 285 2981530////////////
021700 142 230 6481626  71 104 3421625  971637   6  14  221601 119  23  36 1111626  66 168 2851601////////////
021800  58 108 2551709  26  45 1161709  401746   5   9  181748  49   9  19  411709  43  83 1761712////////////
021900  20  23 1061801   8   5  441801   51900   3  11  111900  16   4   6  191801  15  15  811801////////////
022000   4   6  221901  -1  -5   41902  -51951   4   9  171912   2   2   5   61901   2   3  151901////////////
022100   2   7   72059  -2  -7  -42035  -72100   3  10  102028   0   2   6   62100   1   4   42100////////////
022200   3   7   82142  -2  -6  -52110  -72127   6  17  192124   1   2   6   62144   1   4   42140////////////
022300   3   7   82227  -2  -5  -42251  -62230   6  18  182258   1   2   6   62228   1   4   42224////////////
022400   3   8   82358  -2  -5  -32338  -72304   6  17  182301   1   2   6   62358   1   4   52357////////////
030100   3   8   80020  -2  -4  -30043  -60025   6  17  180044   1   2   6   60002   2   4   50020////////////
030200   3   7   80101  -2  -4  -30104  -60158   5  18  180124   1   2   6   60113   1   4   40101////////////
030300   3   8   80255  -2  -6  -30247  -60254   3  -7  180204   1   2   6   60256   2   4   50253////////////
030400   3   7   80315  -2  -4  -20329  -60325   5  18  180344   1   2   6   60316   1   4   40313////////////
030500   3   7   70408  -2  -3  -30459  -60431   5  17  180410   1   2   6   60445   1   4   40420////////////
030600   3   7   80543  -1  -4  -30542  -60521  -3 -14  180506   1   2   6   60546   1   4   40542////////////
030700   3  15  150700  -1   0   00700  -60603  -3 -10  180603   1   2   7   70700   2   9   90700////////////
030800  18  92  920800   5  33  330800   10702  -1  -2   00739  13   5  19  190800  13  69  690800////////////
030900  50 286 3150859  19 132 1440859  360801   2   8  140838  41   9  50  560859  37 226 2500859////////////
031000 106 257 4170905  52 124 2010905 1230959   5  15  210936  88  18  41  740905  78 182 3360905////////////
031100 154 534 5931024  77 264 2951024 1121006   9  31  511058 128  26  89 1011024 103 290 3981024////////////
031200 223 717 8781140 110 346 4321140 2201107   9  18  571140 186  37 119 1471140 121 409 4281140////////////
031300 223 717 8781140 110 346 4321140 2201107   9  18  571140 186  37 119 1471140 121 409 4281140////////////
031400 223 717 8781140 110 346 4321140 2201107   9  18  571140 186  37 119 1471140 121 409 4281140////////////
031500 223 717 8781140 110 346 4321140 2201107   9  18  571140 186  37 119 1471140 121 409 4281140////////////
031600 223 717 8781140 110 346 4321140 2201107   9  18  571140 186  37 119 1471140 121 409 4281140////////////
031700 223 717 8781140 110 346 4321140 2201107   9  18  571140 186  37 119 1471140 121 409 4281140////////////
031800 223 717 8781140 110 346 4321140 2201107   9  18  571140 186  37 119 1471140 121 409 4281140////////////
031900 223 717 8781140 110 346 4321140 2201107   9  18  571140 186  37 119 1471140 121 409 4281140////////////
032000 223 717 8781140 110 346 4321140 2201107   9  18  571140 186  37 119 1471140 121 409 4281140////////////
032100 223 717 8781140 110 346 4321140 2201107   9  18  571140 186  37 119 1471140 121 409 4281140////////////
032200 223 717 8781140 110 346 4321140 2201107   9  18  571140 186  37 119 1471140 121 409 4281140////////////
032300 223 717 8781140 110 346 4321140 2201107   9  18  571140 186  37 119 1471140 121 409 4281140////////////
032400 223 717 8781140 110 346 4321140 2201107   9  18  571140 186  37 119 1471140 121 409 4281140////////////
040100--------------------------------------------------------------------------------------------------------
040200--------------------------------------------------------------------------------------------------------
040300--------------------------------------------------------------------------------------------------------
040400--------------------------------------------------------------------------------------------------------
040500--------------------------------------------------------------------------------------------------------
040600--------------------------------------------------------------------------------------------------------
040700--------------------------------------------------------------------------------------------------------
040800--------------------------------------------------------------------------------------------------------
040900--------------------------------------------------------------------------------------------------------
041000--------------------------------------------------------------------------------------------------------
041100--------------------------------------------------------------------------------------------------------
041200--------------------------------------------------------------------------------------------------------
041300--------------------------------------------------------------------------------------------------------
041400--------------------------------------------------------------------------------------------------------
041500--------------------------------------------------------------------------------------------------------
041600--------------------------------------------------------------------------------------------------------
041700--------------------------------------------------------------------------------------------------------
041800--------------------------------------------------------------------------------------------------------
041900--------------------------------------------------------------------------------------------------------
042000--------------------------------------------------------------------------------------------------------
042100--------------------------------------------------------------------------------------------------------
042200--------------------------------------------------------------------------------------------------------
042300--------------------------------------------------------------------------------------------------------
042400--------------------------------------------------------------------------------------------------------
050100--------------------------------------------------------------------------------------------------------
050200--------------------------------------------------------------------------------------------------------
050300--------------------------------------------------------------------------------------------------------
050400--------------------------------------------------------------------------------------------------------
050500--------------------------------------------------------------------------------------------------------
050600--------------------------------------------------------------------------------------------------------
050700--------------------------------------------------------------------------------------------------------
050800--------------------------------------------------------------------------------------------------------
050900--------------------------------------------------------------------------------------------------------
051000--------------------------------------------------------------------------------------------------------
051100--------------------------------------------------------------------------------------------------------
051200--------------------------------------------------------------------------------------------------------
051300--------------------------------------------------------------------------------------------------------
051400--------------------------------------------------------------------------------------------------------
051500--------------------------------------------------------------------------------------------------------
051600--------------------------------------------------------------------------------------------------------
051700--------------------------------------------------------------------------------------------------------
051800--------------------------------------------------------------------------------------------------------
051900--------------------------------------------------------------------------------------------------------
052000--------------------------------------------------------------------------------------------------------
052100--------------------------------------------------------------------------------------------------------
052200--------------------------------------------------------------------------------------------------------
052300--------------------------------------------------------------------------------------------------------
052400--------------------------------------------------------------------------------------------------------
060100--------------------------------------------------------------------------------------------------------
060200--------------------------------------------------------------------------------------------------------
060300--------------------------------------------------------------------------------------------------------
060400--------------------------------------------------------------------------------------------------------
060500--------------------------------------------------------------------------------------------------------
060600--------------------------------------------------------------------------------------------------------
060700--------------------------------------------------------------------------------------------------------
060800--------------------------------------------------------------------------------------------------------
060900--------------------------------------------------------------------------------------------------------
061000--------------------------------------------------------------------------------------------------------
061100--------------------------------------------------------------------------------------------------------
061200--------------------------------------------------------------------------------------------------------
061300--------------------------------------------------------------------------------------------------------
061400--------------------------------------------------------------------------------------------------------
061500--------------------------------------------------------------------------------------------------------
061600--------------------------------------------------------------------------------------------------------
061700--------------------------------------------------------------------------------------------------------
061800--------------------------------------------------------------------------------------------------------
061900--------------------------------------------------------------------------------------------------------
062000--------------------------------------------------------------------------------------------------------
062100--------------------------------------------------------------------------------------------------------
062200--------------------------------------------------------------------------------------------------------
062300   3   7   82206  -1  -2   12203  -72237   6  17  192227   1   2   5   62209   1   4   52205////////////
062400   3   7   82305  -2  -4  -22301  -62356   6  18  192352   1   2   5   62340   1   3   42303////////////
070100   3   7   70035  -2  -6  -40012  -90050   6  17  190003   1   2   6   60037   1   4   40025////////////
070200   3   7   80155  -2  -4  -30155  -90126   7  17  310106   1   2   6   60150   1   4   40150////////////
070300   3   9   90254  -1  -2   00254  -60219   6  16  230236   1   2   6   60257   2   5   50254////////////
070400   3   8   90320   0   0   10316  -30356   7  17  300303   1   2   6   60321   2   5   60320////////////
070500   3   8   90418   1   1   30445   00434   7  21  260413   1   2   6   60401   2   5   50420////////////
070600   3   8   90547   1   1   30521   10555   8  23  400532   1   2   6   60547   2   5   50547////////////
070700   3  10  100700   0   2   20700   00610   9  21  380629   1   2   6   60700   2   6   60700////////////
070800   6  27  270800   2  11  110800   20701   4  12  200728   3   3   9   90800   4  19  190800////////////
070900  15  65  650854   6  30  300900  110802   4  10  200827  11   4  15  150854  11  48  490855////////////
071000  48 154 2020938  23  73  970939  310901   5  15  220926  39   9  29  380938  36 113 1480938////////////
071100  52 131 1741005  26  66  851004  591054   5  19  261055  42  10  24  321005  39  98 1291005////////////
071200  59 235 2361159  29 113 1131200  621104   6  11  301123  48  11  43  431159  44 178 1781200////////////
071300  95 312 3221247  46 147 1531247 1081204   4  14  161254  78  17  57  591247  71 234 2341300////////////
071400 100 237 4101304  48 111 1951304 1111400   6  16  251319  82  18  44  781304  75 178 2631305////////////
071500  70 158 2801410  33  72 1321410  591454   6  14  241417  57  13  30  531410  53 121 2061410////////////
071600  68 178 2811550  31  87 1301551  491520   3  11  221516  55  13  33  541550  51 135 2101550////////////
071700  41 125 1661601  19  59  801601  371644   3   9  111603  33   8  24  311601  31  94 1251601////////////
071800  26  44 1241701  12  20  581702  201800   3   9  101709  21   5  10  241701  20  32  931701////////////
071900  12  13  451820   5   6  201819   61900   3   9   91845   9   3   6  111830   9   8  331830////////////
072000   3   8  131901   1   4   61901   31957   3   9   91918   1   2   5   61901   2   4   81901////////////
072100   3   8   82022   1   4   42023   32018   3  10  102100   1   2   5   52020   2   4   52019////////////
072200   3   8   82107   1   4   52153   22137   6  18  182132   1   2   5   52107   2   4   52107////////////
072300   3   8   82234   1   3   52206   22248   6  18  192208   1   2   5   62233   2   4   52233////////////
072400   2   8   82354  -2  -2   02301 -122319   7  18  262311   0   2   5   52342   1   4   42354////////////
080100   3   7   90049  -1  -4   10040  -60055   6  20  200058   1   2   6   60055   1   2   50049////////////
080200   3   8   80150  -1   0   00154  -50107   5  17  200102   1   2   5   60101   1   4   40153////////////
080300   3   7   80204  -1  -3   00201  -50233   6  14  190218   1   2   6   60242   1   4   40202////////////
080400   3   8   90332   0   2   30335  -30302   7  19  260349   1   2   6   60325   2   5   50330////////////
080500   3   8   80401   1   1   20422   10408   7  18  360401   1   2   6   60401   2   5   50401////////////
080600   3   7   80518   0  -3   20514  -30600   7  18  280528   1   2   5   60535   2   4   50516////////  10
080700   3   9   90700   0   3   30700  -40601   7  22  330655   1   2   6   60633   2   6   60700////////   7
080800   6  23  230759   2   9   90800   20709   5  13  190725   3   3   8   80800   4  16  160759////////  13
080900  13  87  870900   6  40  400900   80811   5   9  210824   9   4  18  180900  10  65  650900////////////
081000  41 113 1240924  20  54  590926  410901   5  14  190923  33   8  21  240924  31  84  940924////////////
081100  59 238 2471057  27 110 1131058  531002   5  19  211055  48  11  42  441058  45 180 1851057////////////
081200 114 389 3891200  52 174 1741200 1081101   5  12  311121  94  20  67  671200  86 288 2881200////////////
081300 157 388 5041229  73 175 2391229 1751300   5  16  181211 130  27  65  871229 117 295 3631228////////////
081400 158 488 5931353  74 229 2831353 1701325   6  17  221316 131  27  82 1051353 113 315 3341319////////////
081500 197 491 8281426  96 240 4021429 1511457   6  19  241415 164  33  84 1471426  97 222 3491406////////////
081600 202 550 7281506 102 278 3591506 1501533   6  16  191530 167  35  98 1291506  79 197 2741505////////////
081700 164 237 5801612  79 110 2891612 1021653   6  13  181649 135  29  40 1081641  77 162 2591634////////////
081800  47 108 2231701  21  46 1041701  401742   4  10  131712  39   8  21  371701  34  77 1581701////////////
081900  33  35 1641809  13  10  611809  101900   4  10  111820  26   7   8  381809  23  25  931812////////////
082000   4   5  331901  -1  -7   91901  -81951   3   9  101941   2   2   4   81901   2   2  231901////////////
082100   2   6   62100  -3  -9  -52005  -92050   3  10  102100   1   1   5   52100   1   2   32004////////////
082200   2   6   62200  -3  -6  -62159  -92105   7  18  192102   0   2   5   52141   1   3   32139////////////
082300   2   7   72214  -2  -6  -52253  -92213   6  18  182235   0   2   6   62224   1   3   42214////////////
082400   2   7   72323  -2  -5  -42320  -72316   6  18  180000   0   2   6   62328   1   3   42326////////////
090100   3   7   70059  -1  -4  -30043  -60021   6  18  180001   1   2   6   60014   1   4   40059////////////
090200   3   8   80158  -1  -3  -10152  -50107   5  17  180103   1   2   6   60154   1   5   50155////////////
090300   3   7   80201  -1  -3  -10253  -50224   3   9  180213   1   2   6   60201   1   4   40202////////////
090400   3   6   80324  -2  -8  -10313  -90347   5  18  270355   1   2   6   80334   1   3   40328////////////
090500   2   7   70500  -2  -2  -20500  -90404   6  18  230455   0   2   5   70404   1   3   30449////////////
090600   2   7   70524  -1  -2  -20545  -50523   2   3  180504   0   2   5   60525   1   3   40525////////////
090700   3  19  190700   0   5   50700  -30628   1   3  100657   1   2   8   80700   2  13  130700////////////
090800  15 119 1190800   4  38  380800   50701   2   6   90749  11   4  25  250800  11  88  880800////////////
090900  71 199 3300851  27  93 1410851  400801   5  13  200848  57  14  33  630851  55 148 2580851////////////
091000 133 283 5570947  66 145 2880948  930901   6  16  220919 109  24  45 1010948 105 214 4430947////////////
091100 152 403 5961031  75 195 2921031 1451001   6  16  301030 126  26  68 1091031 113 300 4591031////////////
091200 126 351 4571107  61 172 2261107 1361135   6  17  311116 105  21  61  791107  94 267 3301107////////////
091300 133 422 4901225  63 198 2341225 1421210   5  14  181210 110  23  73  871225  99 315 3391225////////////
091400 173 484 5711312  83 232 2711312 1911346   6  18  231311 143  30  84 1001312 126 351 3991312////////////
091500 145 464 5221404  70 219 2461404 1551430   6  15  231410 120  25  81  901404 108 323 3671404////////////
091600  92  63 5301512  45  32 2521512  301554   5  12  171508  76  16  10  951512  67  45 3481511////////////
091700  37 164 1641700  17  73  731700  321601   4   9  121601  30   7  32  321700  27 119 1191700////////////
091800  42  48 1741703  19  22  781704  221800   3  10  101722  34   8  11  341703  31  36 1301704////////////
091900   9  15  461801   4   6  211801   61900   3   9  101801   6   3   6  111801   7   9  341801////////////
092000   3   7  141901   1   3   61901   21959   3   9   92000   1   2   4   61902   2   4   91901////////////
092100   3   8   82059   1   2   32003   12057   3  10  102100   1   2   5   52100   1   4   42100////////////
092200   3   9   92129   1   4   52158   12113   6  17  182103   1   2   6   72128   2   5   62126////////////
092300   3   8   92201   1   4   42201   32220   7  18  192249   1   2   5   62201   2   4   52201////////////
092400   3   5   82343   1  -8   42340  -80000   7  22  242356   1   2   5   52335   1  -1   52342////////////
100100   3   9   90031  -1   0   10053  -90010   7  18  230021   1   2   7   70033   1   5   50048////////////
100200   3   9   90150   0   1   20135  -10102   8  18  820142   1   2   7   70116   2   5   50140////////////
100300   3   9   90216   1   1   30238   10201   9  28  700238   1   2   7   70218   2   5   50249////////////
100400   3   9   90329   1   1   30324   10346   9  17  980320   1   2   7   70349   2   5   50324////////////
100500   3   9   90500   0   1   20414   00436  11  17 2680413   1   2   7   70438   2   5   50459////////////
100600   3   9   90534   1   2   20516   00554  24 102 1500520   1   2   6   70509   2   5   60509////////////
100700   3   9   90700   1   3   30643   10605  30 127 1510651   1   2   6   60601   2   6   60700////////////
100800   5  21  210800   2   8   80800   20704  14  40  800742   3   2   8   80800   3  14  140800////////////
100900  12  29  480848   5  12  190849   80802  31   4 1370829   9   3   9  110851   8  21  360851////////////
101000  21  52  750948   9  21  300948  110902  -1   8  360929  16   5  12  150947  16  38  570948////////////
101100  21  68  771057   8  25  291057  151025  -4-363 1831049  16   5  15  161057  15  50  561057////////////
101200  35  65 1281110  13  22  491110  201159 -68-243  111144  28   7  14  231110  26  49  961110////////////
101300  31  87 1251207  11  31  451206  121250 -16   8 1681258  25   6  17  211207  23  65  921207////////////
101400  39 126 1951322  14  53  771322  161346  64 266 2681357  32   7  23  311322  29  94 1461322////////////
101500  72 215 2811420  30  89 1241420  531454  39   9 3181408  60  12  36  461420  55 159 2111420////////////
101600 114 139 6781533  49  57 3121533  571600   6  19  251552  95  19  25 1151533  84 117 4221532////////////
101700  41 126 2151653  16  52  921654  131608  11  30  461638  33   8  25  391654  32 100 1641653////////////
101800  26  41 1391717  10  16  581717   91737   7   8  441742  20   6  11  261717  20  32 1061717////////////
101900   7  10  381802   2   3  141802   21834   3   6  221836   4   3   6  101802   5   6  291802////////////
102000   3  10  111906   1   3   31904   01937   1   8   91915   1   2   7   72000   2   6   71906////////////
102100   3   7  102005   1  -1   32003  -22058   2  10  102100   1   2   6   72005   2   4   62003////////////
102200   3   8   82136  -1  -1   02107  -42117   0  17  182101   1   2   6   72124   2   5   52159////////////
102300   3   9   92255   0   1   22244  -42234   6  17  182235   1   2   6   62201   2   6   62258////////////
102400   3   8   92333   0   1   12313   12309   6  18  182358   1   2   5   62347   2   6   62324////////////
110100   3   8   92333   0   1   12313   12309   6  18  182358   1   2   5   62347   2   6   62324////////////
110200   3   8   92333   0   1   12313   12309   6  18  182358   1   2   5   62347   2   6   62324////////////
110300   3   8   92333   0   1   12313   12309   6  18  182358   1   2   5   62347   2   6   62324////////////
110400   3   8   92333   0   1   12313   12309   6  18  182358   1   2   5   62347   2   6   62324////////////
110500   3   8   92333   0   1   12313   12309   6  18  182358   1   2   5   62347   2   6   62324////////////
110600   3   8   92333   0   1   12313   12309   6  18  182358   1   2   5   62347   2   6   62324////////////
110700   3   8   92333   0   1   12313   12309   6  18  182358   1   2   5   62347   2   6   62324////////////
110800   3   8   92333   0   1   12313   12309   6  18  182358   1   2   5   62347   2   6   62324////////////
110900   3   8   92333   0   1   12313   12309   6  18  182358   1   2   5   62347   2   6   62324////////////
111000   3   8   92333   0   1   12313   12309   6  18  182358   1   2   5   62347   2   6   62324////////////
111100  22 586 6571056  10 285 3101056 2761059   1  21  211056  18   4  98 1101056  18 490 5531056////////////
111200--------------------------------------------------------------------------------------------------------
111300--------------------------------------------------------------------------------------------------------
111400--------------------------------------------------------------------------------------------------------
111500--------------------------------------------------------------------------------------------------------
111600  36 274 3031540  17 125 1411540 1251600   2  19  251559  30   6  46  501540  28 210 2351540////////////
111700  78 196 2711601  36  86 1241601  791649   6  18  311627  65  13  35  461601  59 153 2091601////////////
111800  63 119 2051705  28  53  911705  531800   6  17  311725  52  11  22  361705  46  84 1571702////////////
111900  23  23 1161801  10   8  511801   81900   6  17  251853  18   5   5  221801  17  15  811801////////////
112000   3   7  211901   0  -1   81901  -31952   6  15  271921   1   2   5   52000   2   4  141901////////////
112100   3   7   82017   0  -1   22028  -12001   4  10  212008   1   2   5   62016   1   4   52016////////////
112200   2   7   72107  -1  -2   22103  -32142   8  24  422156   0   2   5   52107   1   3   42106////////////
112300   3   7   72253  -1  -3   02249  -42243   8  18  442214   1   2   5   52257   1   4   42300////////////
112400   3   9   92352  -1   0   00000  -32349   6  15  262345   1   2   7   72358   2   6   62348////////////
120100   3   7   90001   0   0   10021   00013   7  18  510046   1   2   5   70001   2   4   60001////////////
120200   2   6   70122   0   1   40141  -10116   9  22  450142   0   2   3   60115   1   2   40115////////////
120300   2   8   80300  -1  -1   10252  -50218   7  17  400209   0   2   6   60221   1   5   50220////////////
120400   3   7   90308   0  -1   00316  -30307   6  18  180324   1   2   5   70308   1   4   60308////////////
120500   3   7   80448  -1  -2   00406  -40442   7  18  190417   1   2   5   60447   1   4   40447////////////
120600   3   7   80513  -1  -4  -10519  -40544   7  23  290540   1   2   6   60549   1   4   50512////////////
120700   3  11  110700   0   0   10656  -40603   7  22  400609   1   2   6   60700   2   7   70700////////////
120800   7  25  250800   2   9   90759   00701   4   8  150731   4   3   8   80742   5  17  170800////////////
120900  16  52  660844   6  15  270845   80803   4  15  180804  12   4  12  140844  11  38  480844////////////
121000  34 126 1290942  10  49  491000   80907   4  16  210904  27   7  23  240942  25  93  950942////////////
121100  41 106 1361005  17  45  571005  401050   5  15  211033  33   8  20  251005  30  79 1031005////////////
121200  54 176 2021155  18  57  661157  361119   5  10  211101  44  10  32  351155  40 132 1541155////////////
121300  99 400 4531254  38 163 1891255  421212   4  17  211229  82  17  67  761254  72 294 3251254////////////
121400 142 400 4741351  61 186 2181354 1221325   6  16  211330 118  24  66  801351 107 309 3551344////////////
121500 111 152 4721410  51  67 2171415  671500   6  16  221427  93  18  25  791410  83 114 3261410////////////
121600  24  30 1481501  10   8  651501   71559   6  20  301526  19   5   8  241501  18  22 1111501////////////
121700  10  43  501655  -1  12  121700 -171615   6  15  381648   7   3  11  121655   7  32  361656////////////
121800  15  35  521722   5  12  191722  101752   4  14  221732  11   4  10  121722  11  26  371722////////////
121900   6  10  371803   1   1  131803   11847   6  16  211851   4   2   6  101803   4   6  271803////////////
122000   3   7  101901   0   1   21954  -11935   5   9  181919   1   2   5   61920   2   3   61901////////////
122100   3   8   82059   0   0   12005  -12049   4  10  232048   1   2   6   62100   1   4   42058////////////
122200   3   8   82101   0  -2   12104  -32154   7  17  382153   1   2   6   62154   1   4   42101////////////
122300   3   7   82215  -1  -3  -12214  -32258   7  17  382205   1   2   6   62239   2   4   42215////////////
122400   3   8   80000  -1  -3  -22320  -42317   6  16  182345   1   2   6   60000   1   5   50000////////////
130100   3   8   80009  -1  -1   00050  -30003   6  17  230046   1   2   6   60007   2   4   50007////////////
130200   3   8   80103  -1  -3   10104  -40138  10  42  420200   1   2   6   60102   1   4   50103////////////
130300   3   7   80211  -1  -2  -20211  -40229   8  17  600215   1   2   6   60242   1   4   40211////////////
130400   3   8   80353  -1  -1   00349  -30333   6  17  170333   1   2   6   60308   2   4   40350////////////
130500   3   7   80413   0  -2   00413  -40457   6  17  180404   1   2   6   60500   1   4   40412////////////
130600   3   8   80559  -1  -2  -10554  -30549   7  17  410542   1   2   6   60600   2   5   50559////////////
130700   3  11  110700  -1   1   10700  -40629   7  22  380641   1   2   6   60700   2   7   70700////////////
130800  10  49  490800   3  17  170800   00703   4   8  160713   7   3  13  130800   7  37  370800////////////
130900  25  88  880900  10  35  350900  170802   3   8  160841  19   6  18  180900  19  66  660900////////////
131000--------------------------------------------------------------------------------------------------------
131100  94 283 3271054  43 130 1511054  991022   6  16  211009  77  17  50  571054  73 219 2481053////////////
131200 154 552 5711159  73 267 2801159 1251103   6  17  221106 127  27  94  971159 116 408 4091152////////////
131300 153 387 5951207  71 175 2871203 1631229   6  16  201207 127  26  67 1011207 116 291 4221202////////////
131400 115 330 3831301  51 145 1771302 1221342   6  20  221303  95  20  59  661301  88 252 2891301////////////
131500 131 437 5501433  59 197 2491433 1231417   6  17  221402 108  23  79  991433  97 320 3221433////////////
131600 179 425 6591523  85 210 3281526 1891558   5  26  261600 147  32  75 1211523 109 257 3441507////////////
131700 117 209 5461614  54  91 2631614  901657   6  16  181615  97  20  36 1031614  76 159 2551601////////////
131800  60  96 2191711  26  40  951712  401800   5  16  221756  49  11  18  411711  44  71 1601711////////////
131900  16  14  941801   6   0  391801   01900   6  16  231826  13   3   5  181801  11   9  691801////////////
132000   3   7  141901   0  -2   11905  -31931   5   9  241925   1   2   5   61934   2   4   81901////////////
132100   3   8   82059   0  -2   12016  -32005   3   9  132052   1   2   6   62059   1   5   52058////////////
132200   3   8   82102  -1  -2  -12117  -32157   7  17  352152   1   2   6   62102   2   5   52102////////////
132300   3   8   82239  -1  -2   02228  -22237   6  17  172228   1   2   6   62201   2   4   52238////////////
132400   3   8   82345  -1  -1  -10000  -32320   6  17  182304   1   2   6   62353   2   4   52342////////////
140100   3   8   80003  -1  -2   00019  -30059   6  17  180037   1   2   6   60004   2   4   50009////////////
140200   3   8   80145  -1  -2  -10140  -30125   6  17  170111   1   2   6   60143   2   4   50145////////////
140300   3   8   80225  -1  -1   00251  -30217   6  18  180258   1   2   6   60225   2   4   50238////////////
140400   3   8   80334   0  -1   00357  -20318   6  18  180400   1   2   5   60331   2   4   50331////////////
140500   3   7   80419   0  -2   00420  -30452   6  18  180404   1   2   5   60420   1   4   50419////////////
140600   3   8   80548  -1  -2  -10517  -30533   7  17  400543   1   2   6   60555   1   4   40547////////////
140700   3   9   90700   0   0   00658  -20609   7  23  370642   1   2   7   70700   2   6   60700////////////
140800   5  19  190759   1   4   50758   00701   4   8  170711   3   2   7   70755   3  13  130759////////////
140900   9  42  420900   2  15  150900   40809   4  15  150900   6   3  11  110900   6  31  310900////////////
141000  22 104 1041000   9  44  441000  160901   4  15  160942  17   5  21  211000  17  79  791000////////////
141100  56 195 1951100  25  88  881058  451001   6  16  211008  45  11  36  361100  42 148 1481100////////////
141200 111 417 4801145  51 200 2191149  841105   6  16  221107  91  20  74  891145  82 297 3561145////////////
141300 124 273 3951240  58 128 1871201 1281300   6  16  221205 102  22  49  701240  93 206 2841240////////////
141400  92 300 3001400  41 133 1331400  921312   6  18  231304  75  17  55  551400  70 228 2281400////////////
141500  90 192 3191417  41  85 1431417  811452   6  21  221403  74  16  35  571417  69 145 2411417////////////
141600  73 208 2311520  33  92 1021520  831541   5  13  291531  60  13  38  421520  55 158 1741520////////////
141700  72 192 2251612  33  84 1001612  791638   5  17  201632  59  13  36  411612  53 133 1671612////////////
141800  43  67 1931702  20  29  871702  281758   5  16  191754  35   8  14  361702  32  50 1321702////////////
141900  16  20  671801   5   1  281801   11858   6  15  211825  12   4   6  141801  12  14  501801////////////
142000   3   7  191901  -1  -4   01901  -61913   4   8  191926   1   2   5   61901   1   4  131901////////////
142100   3   8   82053  -1  -2  -12053  -52022   3   9   92100   1   2   6   62053   1   5   52053////////////
142200   3   8   92123   0   0   22142  -22101   6  17  192150   1   2   5   72123   2   4   62122////////////
142300   3   8   82252   0   0   22253   02300   6  18  182300   1   2   6   62230   2   5   52229////////////
142400   3   5   92327  -1  -9   22331 -162351   6  19  192339   1   2   6   62356   1   0   52326////////////
150100   2   7   70100  -3  -6  -60100 -150013   7  17  250013   0   2   6   60100   0   2   20100////////////
150200   3   8   80148  -1  -1  -10159  -60102   6  17  180122   1   2   6   60148   1   4   40200////////////
150300   3   8   80300  -1  -1   00214  -20242   6  16  180230   1   2   7   70252   2   5   50259////////////
150400   3   8   80352   0   0   00359  -20321   6  17  170335   1   2   6   70330   2   4   50301////////////
150500   3   8   80410   0  -2   00401  -20450   6  17  180450   1   2   6   60459   2   4   50423////////////
150600   3   8   80501  -1  -2   00519  -30542   6  17  180505   1   2   6   70548   2   4   40532////////////
150700   3   9   90700   0  -1   00627  -10608   3 -21  230615   1   2   7   70656   2   5   50700////////////
150800   5  25  250800   1   5   50800  -10703   1   8  110745   2   3   9   90800   3  17  170800////////////
150900  46 198 1980900  25 111 1110900  360801   5  13  200856  37   9  36  360900  34 150 1500900////////////
151000  10  34  410946   2   8  110946   50915   3   6  250943   7   3  10  110946   7  24  290946////////////
151100  34 129 1361028  12  49  511028   81001   2   3  111043  27   7  25  271028  25  97 1021028////////////
151200  28  73 1271101  10  26  481101  211158   2   5  121113  22   6  15  241101  21  55  961101////////////
151300  28 144 1441300  10  50  501300  201228   2   5  121212  22   6  26  261300  21 108 1081300////////////
151400  26  56 1431301   8  19  491301  131341   1   3  101311  21   5  13  261301  19  43 1091301////////////
151500  18  55  611430   6  14  221430   81443   0  -3  101410  14   4  13  131430  14  41  461430////////////
151600  25  50  831530   8  15  311529  121503   5  33  431529  20   5  12  171530  19  39  641530////////////
151700  17  32  641612   6  10  211612   81654  10  13  541608  13   4   9  141612  13  24  491612////////////
151800  12  21  411709   3   5  141708   51800   3   7  271714   9   3   7  101709   9  16  311709////////////
151900   5  10  201801   1   0   51808   01900   2   2  131804   3   2   6   71801   4   7  151801////////////
152000   3   8   91901   0  -2   11901  -22000   2   8  151918   1   2   6   61901   2   5   71901////////////
152100   2   6   82001  -2  -6  -22010  -62058   3   9   92100   0   2   6   62100   1   3   52001////////////
152200   2   8   82200  -2  -3  -32200  -62119   6  17  182126   0   2   6   62158   1   4   42200////////////
152300   3   8   82231  -1  -2  -12232  -32210   6  17  182214   1   2   7   72238   2   5   52300////////////
152400   3   8   82359   0   0   02354  -22301   6  17  172313   1   2   6   72303   2   5   52354////////////
160100   3   8   80047   0   0   00023  -10058   6  17  170001   1   2   6   60059   2   5   50043////////////
160200   3   8   80130   0  -1   00103  -20137   6  17  170108   1   2   7   70139   2   5   50130////////////
160300   3   8   90243   0   0   00217  -10237   6  17  170201   1   2   7   70238   2   5   50242////////////
160400   3   9   90337   0   1   20343  -10302   6  17  170358   1   2   6   70303   2   5   50346////////////
160500   3   9   90436   0   1   10500   00438   6  17  170407   1   2   6   60429   2   5   50500////////////
160600   3   9   90530   1   1   20548   10531  11  17 3050554   1   2   6   60541   2   5   50515////////////
160700   3   9   90658   1   2   20646   10611  23 196 3680626   1   2   6   60611   2   5   50700////////////
160800   5  18  180800   1   5   50800   20711  14   8 1600712   3   2   7   70800   3  12  120800////////////
160900   6  18  190812   2   5   60852   30838   5   8 1100803   3   3   7   70811   4  12  130812////////////
161000  15  80  910953   5  27  320953   40914   6  32  620931  11   4  16  170953  10  58  660953////////////
161100  35  68 1421025  12  22  521026  201055   6  14  401043  28   7  14  261025  26  50 1071026////////////
161200  29  83  991142  10  27  361142  181121  10  21  511139  23   6  16  191142  22  61  731141////////////
161300  36 136 1381259  13  52  521300  201230   5  20  321217  29   7  24  241216  27 102 1041259////////////
161400  21  59 1241301   7  20  471301  121332   3 -35  781315  17   4  12  221301  15  44  921301////////////
161500  27  84 1121420  10  32  431420  151451 -10 -16   81448  22   5  16  201420  20  63  841420////////////
161600  19  87  871600   7  29  331501   51528  -5 -39  121513  15   4  17  171600  14  65  651600////////////
161700  22  38  891602   7  11  291603   91656 -25 -50   81615  17   5  11  181603  16  28  651602////////////
161800  12  15  531713   3   3  171714   31800  14 107 1241759   9   3   7  131713   8  10  391713////////////
161900   5   9  191841   1   1   51841   11853  50 248 2481900   3   2   6   81841   3   6  131841////////////
162000   3   8   91901   0   0   11907   02000  24   8 2851922   1   2   6   61901   2   5   51901////////////
162100   3   8   82025   0   0   12020  -12046 -15   9   92100   1   2   6   62052   2   5   52053////////////
162200   3   8   92135   0  -1   02135  -32142  -3 -85  182138   1   2   6   62147   2   5   52134////////////
162300   3   9   92237  -1  -2   02241  -42227 -40  17  182256   1   2   6   72236   2   5   62236////////////
162400   3   9   92332   0  -1   12329  -22302   5  17  182352   1   2   6   72320   2   5   62327////////////
170100   3   9   90041   0   0   10051  -10006   5  16  170053   1   2   6   70046   2   5   60040////////////
170200   3   8   90101   0  -3   10132  -30159   0  17  170159   1   2   6   70112   2   4   50101////////////
170300   3   7   80213  -1  -5  -10215  -50254   5  18  180300   1   2   6   60224   2   3   50213////////////
170400   3   8   80400  -1   0   00400  -50301   5  16  180303   1   2   6   60358   1   5   50400////////////
170500   3   8   80409   0   1   10456  -20437   6  17  220403   1   2   6   60407   2   5   50404////////////
170600   3   8   80540   0  -1   10501  -20518   9  32  570538   1   2   6   60551   2   4   50544////////////
170700   3  11  110659   0   0   10651  -20635   7   4  590610   1   2   7   70656   2   7   70656////////////
170800  12  90  900800   3  30  300800   00704   2   7  110744   8   4  19  190800   9  67  670800////////////
170900  36 124 1280840  12  43  460840  270826   2   7   90817  28   8  24  250840  27  93  940840////////////
171000  73 259 3400937  29 106 1450937  400905   2  11  110952  60  13  45  600939  56 198 2550937////////////
171100 148 413 6601021  64 180 3041021 1111001   4  14  191013 123  25  70 1181021 114 316 5361021////////////
171200 158 227 6931111  68  92 2981143  921200   6  16  221112 131  27  39 1181111 121 181 5511111////////////
171300 114 273 3921243  47 113 1621243  931201   7  15  661226  94  20  47  691243  84 190 2881243////////////
171400 193 524 9061326  86 234 4071326 1141301   6  16  171302 160  33  90 1601321 109 305 4071327////////////
171500 224 705 8591442 103 333 3971443 1501430   6  17  171436 186  38 126 1521442 108 235 3671423////////////
171600 199 527 7071506  97 261 3361522 1251516   6  16  181517 164  35  93 1241506  72 163 2451506////////////
171700 159 354 5221603  73 150 2551603 1181640   6  17  181627 130  29  68  941620  54 129 1661647////////////
171800  89 135 3491701  35  40 1541706  401800   6  13  181743  72  17  27  671705  44  74 1471716////////////
171900  17  14 1341801   2  -5  391801  -51851   4   8  201858  13   4   6  271801  10   9  731801////////////
172000   2   5  141901  -3 -12  -51902 -121957   5  11  281955   0   2   5   61901   1   2   91901////////////
172100   2   6   72044  -4  -9  -82051 -142006   7  29  312050   0   2   6   72044   1   3   42026////////////
172200   2   5   62129  -3  -8  -72122 -102142  17  43  632110   0   2   5   62109   1   2   32128////////////
172300   2   6   62246  -3  -7  -62245 -112211  10  18  762206   0   2   6   62232   1   3   32232////////////
172400   2   7   72338  -2  -6  -42337  -82315   6  17  292301   0   2   6   62340   1   3   42329////////////
180100   2   7   70027  -2  -5  -40044  -70050  12  21  730016   0   2   6   60052   1   3   40046////////////
180200   2   7   70102  -2  -4  -40156  -70141   5   7  560106   0   2   6   60101   1   3   40152////////////
180300   2   7   70259  -2  -5  -40201  -80226   6   0  550254   0   2   6   60227   1   4   40300////////////
180400   2   7   70313  -2  -5  -30311  -70316   8  20  620318   0   2   6   60301   1   3   40313////////////
180500   2   7   70401  -2  -5  -30458  -80435   4   7  450408   0   2   6   60435   1   4   40500////////////
180600   3   7   70518  -1  -4  -10538  -60552  -1  -9  160518   1   2   6   60529   1   3   40515////////////
180700   3  11  110700  -1  -3  -10617  -60649  -2   3   40653   1   2   6   60700   1   6   60700////////////
180800  21  95 1230751   6  36  470751  -30701   1   3   40731  16   5  20  270751  15  72  900750////////////
180900  66 237 3520857  25 102 1440856  240844   1   1   40817  53  13  45  700857  51 190 2890857////////////
181000  92 119 4620906  40  50 1970916  470951   4  14  150929  76  16  20  880906  71  89 3710906////////////
181100 112 377 7991050  50 169 3611050  481001   5  17  191052  92  20  62 1431050  86 273 6311050////////////
181200 116 332 4851104  52 146 2241105 1091135   6  18  201158  97  19  56  821104  88 250 3541104////////////
181300 114 262 3561206  52 116 1641212 1131258   6  14  201256  95  19  43  601212  87 203 2701212////////////
181400  90 162 3061327  40  72 1381326  721400   6  16  201307  75  15  27  521327  69 122 2301327////////////
181500  74 294 2941500  33 129 1291500  671404   6  16  171428  61  13  52  521500  56 223 2231500////////////
181600  97 266 3171509  45 127 1451509 1111543   6  16  331529  80  17  47  561509  74 201 2401509////////////
181700  64 122 2751606  29  53 1311606  511644   5  11  221618  53  11  23  481602  48  89 2101606////////////
181800  30  66 1161701  13  25  511701  251800   4   9  191743  24   6  14  221701  23  49  851701////////////
181900  12  13  641801   4   1  251801   11859   4   9  181851   9   3   6  141801   8   8  481801////////////
182000   3   7  121901   0   0   11905  -11902   4   8  241955   1   2   5   61901   2   4   71901////////////
182100   2   6   72002  -1  -6   02007  -72048   6  10  322038   0   2   5   52002   1   3   42002////////////
182200   2   6   62151  -3  -8  -62101 -102137  17  50  792137   0   2   5   62151   1   2   32149////////////
182300   2   6   62226  -2  -5  -52255  -92209   9  34  902203   0   2   5   62227   1   2   32226////////////
182400   2   7   72346  -2  -4  -32335  -72309   6  17  282301   0   2   6   62348   1   3   32340////////////
190100   2   6   70036  -1  -4  -20035  -70025   6  18  180057   0   2   5   60050   1   3   40050////////////
190200   2   7   70136  -1  -5  -20129  -60113   3 -21  180120   0   2   6   60137   1   3   40134////////////
190300   2   7   70246  -2  -3  -30235  -70215  -1 -13  290203   0   2   5   60203   1   3   40255////////////
190400   2   6   70337  -1  -4  -20347  -70305   0  15  180359   0   2   6   60323   1   3   40354////////////
190500   2   7   70441  -2  -3  -20439  -70417   3   8  170431   0   2   6   60440   1   3   40440////////////
190600   2   7   70542  -1  -5  -20522  -60525   1   0  170516   0   2   6   60509   1   3   40507////////////
190700   3  11  110700  -1   0   00700  -50601   1   3   60630   1   2   6   60700   2   7   70700////////////
190800  13  51  580750   5  24  250751   00701   1   0   80727   9   4  13  140750  10  38  430751////////////
190900  24  92  940857  11  41  420857  210819   0   0   30815  19   5  20  200857  18  69  710857////////////
191000  63 326 3261000  28 139 1391000  420901  -1   0   90958  51  12  60  601000  48 246 2461000////////////
191100 196 573 6321055  90 276 3011055 1471001   4  16  181056 160  36 101 1171030 153 454 5071055   0////   0
191200 198 381 7031136  92 179 3361124 1511152   6  19  211108 163  35  64 1271136 155 297 5641124   0////   0
191300 192 255 8141216  90 127 3881216 1241258   6  14  261252 159  33  42 1471216 146 199 6431216   0////   0
191400 125 343 6701351  58 161 3031351 1151317   6  16  201349  68  57////  21//// 2611351135114001349////   0
191500 103 210 3551431  48  99 1651436  921454   6  17  221448  66  37   0  17//// 1551431143115001401////   0
191600  87 187 2981524  41  85 1431528  811503   5  12  171551  72  15  32  531524  65 140 2271528 601////   0
191700  63 152 1911610  28  68  871624  681700   4  10  181620  52  11  28  341611  48 116 1451610 601////   0
191800  47  77 2001712  20  30  881713  301800   4  10  161740  38   9  14  421712  33  57 1271709   7////   0
191900  14  14  751801   4  -3  281801  -41857   4   9  161851  11   3   5  141801  10   9  561801   0////   0
192000   2   6  141901  -3  -7  -31901 -101945   4   9  211926-187 18919011951////  80////  731901////////9549
192100   3   8   82052  -2  -2  -22100  -72019   4   9  372029   1   2   6   62053   2   5   52047   0//// 901
192200   3   8   82144  -1  -1   02157  -42111   6  17  332136   1   2   6   62104   2   5   52137   0//// 901
192300   3   8   82255   0  -1   02238  -22220   6  17  182259   1   2   6   62256   2   5   52254   0////  10
192400   3   8   82302   0  -1   02350  -22340   6  17  422301   1   2   6   62301   2   4   52301////////////
200100   3   8   80047   0  -1   00005  -20028   6  17  170009   1   2   6   60023   2   4   50047////////////
200200   3   8   80146   0  -1   00151  -20103   6  11  180136   1   2   6   60147   2   5   50145////////////
200300   3   8   80224   0   0   00256  -20210   5  11  300235   1   2   6   60246   2   4   50224////////////
200400   3   8   80356   0   0   00340  -20315   5  15  250334   1   2   6   60350   2   5   50355////////////
200500   3   8   80402   0   0   10425  -10401   5  14  170408   1   2   6   60401   2   5   50401////////////
200600   3   8   80501   0   0   10508  -10532   1 -17  180556   1   2   6   60536   2   4   50501////////////
200700   3   9   90700   0   1   10649  -10638  -3  16  160700   1   2   6   60637   2   5   50700////////////
200800   6  30  300800   1   9   90800   10701   3   7  140759   3   3   9   90800   4  21  210800////////////
200900--------------------------------------------------------------------------------------------------------
201000  10  48  560937   3  17  190938  150929 -14 -44  -60938   8   2  12  130938   7  36  410937////////////
201100  21  46  701028   8  17  261028  171059 -12  10  101100  16   5  12  161028  16  34  531028////////////
201200  17  45  661121   5  15  241121   51141   3  10  291147  13   4  11  151121  12  33  491121////////////
201300  41 147 1471300  16  59  591300  161201  -3   8  111204  33   8  27  271300  31 112 1121300////////////
201400  32  87 1461301  11  32  581301  161320   9  66  891332  25   7  18  271301  24  66 1111301////////////
201500  54 141 1931451  22  54  811418  281403  16   3 1181419  44  10  26  351418  41 108 1471418////////////
201600  34  77 1551506  13  28  601506  181540   3   9  151503  27   7  16  281506  26  60 1161506////////////
201700  19  37  801602   7  11  291602  111700   3   9   91616  15   4  10  171602  15  30  621602////////////
201800  12  21  511719   4   5  171719   51800   3   9  261750   9   3   7  121719   9  16  401719////////////
201900   5   9  221804   1   0   51805   01843   3   8  301853   3   2   6   71811   4   7  171804////////////
202000   3   8   91901   0   0   01905  -11943   4   8  301923   1   2   6   61901   2   6   71901////////////
202100   3   8   82023   0  -1   02053  -22042   4  10  372029   1   2   6   62041   2   5   62017////////////
202200   3   8   92144   0   0   22136  -12111   7  28  542139   1   2   6   62148   2   6   62147////////////
202300   3   7   92220   0  -4   12238  -42258   7  24  362219   1   2   6   62212   2   4   62211////////////
202400   3   8   82359   0   1   22340  -42322   6  17  362301   1   2   6   62359   1   5   52358////////////
210100   3   8   80012   0   1   20031   00019   6  17  180025   1   2   6   60012   2   5   50012////////////
210200   3   8   90150   1   2   20147   10114   4  -2  170130   1   2   6   60115   2   5   50150////////////
210300   3   9   90300   1   2   20207   10243   1  17  170220   1   2   6   60249   2   5   50258////////////
210400   3   8   90305   0   1   20302   00329   5  23  360348   1   2   6   60316   2   5   50305////////////
210500   3   8   80401   0   0   20448  -20412   9  27  550422   1   2   6   60408   2   4   50448////////////
210600   3   8   80527   0   0   20522  -10557   9 -10  600525   1   2   6   60531   2   4   50526////////////
210700   3   9   90700   0   0   20633  -10655   7  22  370632   1   2   6   60700   2   5   50700////////////
210800   6  26  260800   2   7   70739   00703   4  11  160711   3   3   9   90800   4  18  180800////////////
210900  13  56  560900   4  19  190900   60810   5  18  280857   9   4  13  130900   9  41  410900////////////
211000  37 122 1310953  14  48  520946  200901   4  13  230913  30   7  23  250952  28  92 1000952////////////
211100  57 222 2221100  23  92  921058  451003   4  13  131100  47  10  39  391100  43 169 1701059////////////
211200 134 394 5501138  58 169 2401138  931101   5  14  431153 111  23  66  931138 102 306 4221138////////////
211300 169 478 5901248  75 210 2621248 1571206   5  15  381218 141  28  79  991248 129 361 4491248////////////
211400 159 408 6171327  73 186 2821327 1461353   4  12  161311 133  26  67 1041327 117 305 4141327////////////
211500 185 350 7441450  86 166 3511450 1661500   4  13  141458 154  31  56 1301450 122 255 4071450////////////
211600 121 376 4201540  58 184 1971540 1341512   5  14  161530 101  20  64  751540  88 257 2751556////////////
211700 132 306 4671613  62 134 2291614 1341700   6  15  191632 108  24  57  871613  66 148 2441601////////////
211800  73  88 3051701  31  36 1321701  351757   5  10  171728  60  13  15  561701  43  66 1651726////////////
211900  16  10  871801   6   2  361802   21900   3   9  111835  12   4   4  151802  13   7  661801////////////
212000   3   8  101901   0  -1   11901  -11915   3   8  241944   1   2   5   51959   2   5   71901////////////
212100   3   7   82003   0  -3   02014  -32100   3  10  152029   1   2   5   52004   1   4   52005////////////
212200   3   8   82149  -1  -3  -22111  -52128   6  17  182108   1   2   6   62158   1   4   52155////////////
212300   3   8   82243  -1  -2  -12236  -32250   6  17  182205   1   2   6   62245   2   5   52243////////////
212400   3   8   92354  -1  -1  -12351  -32325   6  16  182321   1   2   6   72354   2   5   62353////////////
220100   2   7   80001  -1  -3   00002  -60030   7  18  190021   0   2   5   60001   1   3   50001////////////
220200   3   8   80152  -1  -2  -10127  -40103   4  17  180101   1   2   6   60141   1   4   40140////////////
220300   3   8   80212   0  -1   00256  -20247  -9 -53  170222   1   2   6   60247   2   4   40212////////////
220400   3   8   80355   0   0   10336  -30328 -13 -34  170356   1   2   6   60353   2   4   50355////////////
220500   3   8   80500   0   0   10420  -10432   0 -14  170402   1   2   6   60500   2   5   50459////////////
220600   3   9   90540   0   1   20521   00501  -4 -28  180514   1   2   6   60549   2   5   50537////////////
220700   3   9   90700   0   2   20627   00634  -8 -19   20606   1   2   6   60606   2   5   50700////////////
220800   9  56  560800   2  18  180800   10701  -3 -10  -50726   6   3  14  140800   6  41  410800////////////
220900  22  63  760830   8  25  300857  170843  -3   0   10859  17   5  14  170830  16  46  560830////////////
221000  44 132 1580929  19  61  690929  240903   1   8   81000  36   8  24  290929  33 100 1190929////////////
221100  59 170 1981027  28  79  921027  541048   4  11  131057  49  10  29  341027  45 130 1501028////////////
221200  91 378 4571155  43 174 2101155  761102   4  13  221114  75  16  65  791155  69 280 3461155////////////
221300 162 129 7001227  77  63 3181227  611258   5  12  191229 134  28  20 1221227 123  96 5351227////////////
221400  70 242 2601348  33 116 1231351  481310   5  16  181342  58  12  42  451348  53 180 1981348////////////
221500 108 264 3891417  51 123 1941417 1071451   6  16  161415  89  19  45  721417  80 199 2611412////////////
221600  91 197 4411508  42  85 2091509  711542   5  10  161508  75  16  36  821509  65 152 2841508////////////
221700  98 264 3401631  43 115 1561631  851601   4  12  161645  79  19  51  681631  66 170 2121630////////////
221800  49  46 2621701  21  20 1151701  201800   4   9  161738  40   9   9  501701  34  34 1691701////////////
221900   7   8  451801   3   2  181801   21859   3   9  101829   5   2   5   91801   5   5  331801////////////
222000   3   8   81901   1   3   32000   11952   3   9  231944   1   2   5   51934   2   4   51906////////////
222100   3   7   82012   0  -3   42013  -62041   3  10  192030   1   2   5   52056   1   3   42003////////////
222200   3   8   82200  -1  -2  -12145  -42139   6  17  182102   1   2   6   62152   1   4   42200////////////
222300   3   9   92259   0   0   02208  -22204   6  17  172250   1   2   6   62241   2   5   52258////////////
222400   3   9   92342   0  -1   02349  -12316   6  17  172308   1   2   6   62302   2   4   52340////////////
230100   3   8   90001   0   1   10100  -10006   6  18  190051   1   2   6   60001   2   4   40027////////////
230200   3   8   80155   0   1   20155   00120   3  17  180101   1   2   6   60139   2   5   50155////////////
230300   3   8   90223   0   0   20221   00256   0  17  170300   1   2   6   60240   2   5   50223////////////
230400   3   8   90346   0   1   20338  -10313   2   7  300336   1   2   6   60351   2   5   60347////////////
230500   3   8   80411   0   1   20406   00428   7  24  370425   1   2   6   60402   2   5   50409////////////
230600   3   8   80514   0   0   10503  -10554  10  24  490513   1   2   6   60553   2   5   50518////////////
230700   3   9   90659   0   1   10651  -10640   9  20  380642   1   2   6   60618   2   5   50700////////////
230800   5  19  210755   1   4   50755   00713   3   9  120702   2   3   8   80755   3  13  140754////////////
230900  11  49  490853   3  17  170900   30809   3   9  130851   8   3  12  120853   8  36  360853////////////
231000  27 108 1150954  10  42  450953  160922   2   0   90912  21   6  21  220955  20  81  870954////////////
231100  79 436 4481057  33 191 1961057  421002   0  12  121100  65  14  74  771057  59 326 3401057////////////
231200 148 360 5631121  65 158 2431121 1371140   5  18  191112 123  25  62  961121 113 283 4431121////////////
231300 149 407 7111205  67 177 3171206 1451241   5  14  161204 124  25  66 1221205 115 308 5561205////////////
231400 127 383 4911318  58 173 2261319 1061339   6  16  161326 106  21  61  831318  95 286 3591319////////////
231500 178 201 7521416  85  96 3591416  961500   6  16  171448 148  30  30 1331416 116 159 4601416////////////
231600  82 220 3581548  39 105 1751548  671513   5  16  161501  68  14  38  681548  59 148 2151536////////////
231700  40  66 2431603  18  27 1151603  211652   4   9  171602  33   7  14  441603  28  51 1481603////////////
231800  25  57  881721  10  23  351721  231710   3   9  231759  20   5  13  171721  18  41  671721////////////
231900  11  11  541801   4   2  221801   21900   3   9  201847   8   3   5  121801   8   7  391801////////////
232000   3   8  111901   0   1   21901  -11921   3   8  211944   1   2   5   61937   2   5   71901////////////
232100   3   8   82030   0   0   22049   02032   3  10  112030   1   2   5   62032   2   4   52009////////////
232200   3   8   82158   0   0   12119  -22150   6  17  182122   1   2   6   62200   2   5   52157////////////
232300   3   8   82218   0   3   32248  -12202   6  18  272255   1   2   5   62229   2   5   52236////////////
232400   3   8   82328   1   0   32348   00000   6  20  200000   1   2   5   62311   2   3   52326////////////
240100   3   9   90100   0   0   10058  -10033   6  17  220003   1   2   6   60058   1   5   50056////////////
240200   3   8   90108   0   1   10150   00101   3  11  180134   1   2   6   60104   2   5   50106////////////
240300   3   9   90300   0   1   10213  -10240   0  17  170230   1   2   6   60259   2   5   50259////////////
240400   3   8   90327   0   0   20325   00400   1   5  180356   1   2   6   60315   2   4   50302////////////
240500   3   8   80446   0   1   20456   00404   4   8  180402   1   2   6   60432   2   5   50446////////////
240600   3   8   90553   1   2   20525   10518   4  -1  200540   1   2   6   60535   2   5   50539////////////
240700   3   9   90700   1   2   20614   20700   2   9  180634   1   2   6   60659   2   5   50700////////////
240800   6  19  220748   2   6   70748   20701   3  12  150704   4   2   8   80749   4  14  150748////////////
240900   9  43  430900   3  16  160900   50812   4  21  250856   6   3  11  110900   6  31  310900   0////   1
241000  15  37  470935   5  12  170904  100953   3  17  220902  11   4  10  110905  10  26  340938   0////2301
241100  27 131 1321059  10  50  511058  121001   7  34  351034  22   5  23  231059  20  98  991059////////////
241200  46 154 1591122  19  65  671123  401108   5  23  411104  38   8  27  271200  35 118 1201122////////////
241300  38 132 1521201  16  55  641201  301232   4   6  301227  31   7  24  271201  29  97 1161201////////////
241400  38  33 1541325  15  11  641324  111400   1   6   91309  31   7   9  271325  29  25 1211325////////////
241500  23 115 1151500   9  49  491500  101402   2  17  171500  18   5  22  221500  18  89  891500////////////
241600  39  76 1491517  16  32  641517  241549   3   8  171502  32   7  15  271517  30  59 1101519////////////
241700  25  24  991621  10   8  411621   81700   3   9  101637  20   5   7  191621  19  20  771621////////////
241800  11  18  411733   3   5  151733   51759   4  15  241759   8   3   7  101733   8  14  321732////////////
241900   5   9  181809   1   1   51811   11859   3   9  101801   3   2   5   71809   4   6  131810////////////
242000   3   8   91901   0   0   11901   01958   3   8  131928   1   2   6   62000   2   5   61901////////////
242100   3   8   82007   0   1   12058  -12044   3  10  102100   1   2   6   62045   2   5   52005////////////
242200   3   8   82136   0   1   22156   02138   6  17  182105   1   2   6   62133   2   5   52130////////////
242300   3   8   82234   0   1   32217  -12243   7  17  722254   1   2   6   62244   2   5   52243////////////
242400   3   8   82318   0   0   32304  -12343   6  17  182304   1   2   6   62338   2   5   52329////////////
250100   3   8   80013   0   0   10027  -20036   6  18  200039   1   2   6   60039   2   4   50014////////////
250200   3   8   80142   0   0   10142  -10109   4  25  330159   1   2   6   60153   2   4   50148////////////
250300   3   8   80258   0   2   20258   00201   4  18  180300   1   2   6   60241   2   5   50257////////////
250400   3   9   90357   1   2   30358   10339   6  16  220340   1   2   6   60327   2   5   50359////////////
250500   3   9   90459   1   1   20444   10459   6  16  230404   1   2   6   60500   2   5   50459////////////
250600   3   8   90501   1   2   30554   10525   5   8  190515   1   2   6   60506   2   5   50501////////////
250700   3   9   90700   0   1   20658   00615   4  12  160639   1   2   6   60617   2   5   50659////////////
250800   5  19  190800   1   5   60739   10702   3   7  100720   3   2   8   80800   3  13  130800////////////
250900  13  59  630856   4  21  220856   60801   2   5   80801   9   4  14  140856  10  44  470856////////////
251000  21  66  700953   7  24  250954  160924   0   1   70911  16   5  14  150952  15  50  530953////////////
251100  34 138 1461058  13  56  581058  241001   0   0   31007  28   6  25  251058  26 105 1101058////////////
251200  42  80 1701138  15  32  661139  251115   5  45  551126  35   7  14  291138  31  61 1221138////////////
251300  44 142 1641252  16  56  631254  331201   5   9  481226  37   7  25  271253  33 106 1251252////////////
251400  35  75 1381301  14  31  561304  221319   1  -1   91309  29   6  14  241301  27  59 1051303////////////
251500  31  41 1411449  12  17  581449  101409  -3  -6   01402  25   6   9  251449  24  32 1111449////////////
251600  24  47 1061522   7  18  361522   61504  -2   9   91600  19   5  10  191522  18  36  781522////////////
251700  20  52  731638   8  21  301639  171652   3   9   91653  16   4  11  141638  15  38  561638////////////
251800  10  21  471701   3   8  201701  -11728   3   8  151751   7   3   7  101701   7  15  351701////////////
251900   5   9  201801   2   3   81801   31856   3   8  211842   3   2   5   71801   4   6  151801////////////
252000   3   7   91901   0  -1   31921  -31929   3   9  431923   1   2   5   51916   2   4   61901////////////
252100   3   9   92100   0   4   42100  -22014   3  10  242029   1   2   5   62042   2   6   62057////////////
252200   3   8   92101   1   1   42114   12200   6  17  182136   1   2   5   62101   2   5   62101////////////
252300   3   8   82223   0   1   12221   02254   7  32  752254   1   2   5   62229   2   5   52222////////////
252400   3   7   82312   0  -3   12305  -42358   6  19  190000   1   2   6   62305   2   3   52306////////////
260100   3   7   70059  -1  -2   00044  -50010   6  18  190008   1   2   6   60055   1   4   40043////////////
260200   3   8   80200  -1  -2  -10111  -30157   1 -32  180102   1   2   6   60200   1   4   40200////////////
260300   3   8   80235   0  -1   00221  -20253  -6  -6  170259   1   2   6   60201   2   4   50238////////////
260400   3   8   80339   0  -1   10331  -10400  -4 -12  140306   1   2   6   60340   2   5   50400////////////
260500   3   8   80414  -1  -1   00447  -40404  -1 -13  180450   1   2   6   60407   2   4   50410////////////
260600   3   8   80526   0   0   00554  -40546  -5 -21  140511   1   2   6   60526   2   4   50525////////////
260700   3   9   90700   0   0   00612  -30650  -7 -13 -120608   1   2   6   60651   2   5   50657////////////
260800  12  77  770800   3  28  280800  -10716  -2  -7  -50714   9   3  17  170800   8  58  580800////////////
260900  40 162 1620900  16  67  670900  290801   0   8   90844  32   8  28  280900  30 123 1230900////////////
261000  83 403 4120959  37 189 1891000  720901   4  13  130959  69  14  68  690959  62 311 3190959////////////
261100 146 556 7531058  68 273 3471058 1461024   9 101 2341058 123  23  91 1241058 101 254 5291007////////////
261200 216 584 8311113 102 280 3951113 1751125  20  34 1971117 181  35  93 1381113 116 371 4011144////////////
261300 168 437 9711216  79 207 4441210 1241235  15  17 1871210 141  27  70 1631216 104 320 3951215////////////
261400 181 562 6191355  85 274 2871354 2101316   6  17  171400 152  29  92 1001355 129 369 3931354////////////
261500 177 475 7581433  87 238 3751437 1241447   6  17  171435 148  29  82 1311433 104 210 3671406////////////
261600 138 139 6611504  68  60 3391508  601559   6  11  201525 115  23  21 1161505  71 108 3021525////////////
261700  94  92 4151634  43  39 1961635  391700   5  15  191650  77  17  11  801634  59  69 2591635////////////
261800  27  46 1111709  11  16  491709  161800   4   9  151701  22   5  10  171713  21  34  871710////////////
261900  10  11  461801   2  -3  151801  -31900   3   9   91829   7   3   5   91801   7   6  341801////////////
262000   3   7  101901   0   1   21945  -31906   3   9   91903   1   2   5   51935   1   3   61901////////////
262100   3   7   82040  -1  -4   12006  -42059   3  10  102100   1   2   5   62039   1   3   52038////////////
262200   2   7   72200  -2  -2  -12151  -82129   7  17  192113   0   2   5   52101   1   4   42158////////////
262300   3   7   82217  -1  -4  -12204  -42258   6  18  182237   1   2   6   62217   1   4   42215////////////
262400   2   6   72303  -1  -5  -32306  -62333   6  18  192343   0   2   5   62333   1   3   42302////////////
270100   2   7   80056  -1  -2  -10054  -60001   5 -17  190007   0   2   6   60100   1   4   40054////////////
270200   3   8   80153  -1  -1  -10157  -40120  -2 -10  170134   1   2   6   60106   1   4   40103////////////
270300   3   8   80300  -1  -1  -10250  -30240   2   3  190244   1   2   6   60218   1   4   40300////////////
270400   3   7   80302  -1  -2   00308  -40339   4  11  320345   1   2   5   60304   1   3   40302////////////
270500   3   7   70434  -1  -3   10445  -40406   5  16  210426   1   2   5   60440   1   4   40434////////////
270600   3   8   80547   0  -1   20533  -30502   4   6  190514   1   2   6   60547   1   4   40549////////////
270700   3   9   90700  -1  -1   00643  -40615   6  23  270659   1   2   6   60700   1   5   50700////////////
270800  17  73  840751   6  26  310751  -10701   4  14  140759  13   4  16  190750  12  56  610751////////////
270900  35 167 1670900  11  55  550900  240806   5  11  160834  28   7  30  300900  25 109 1090900////////////
271000 135 403 4700947  56 188 2130950  780901   5  15  250944 111  24  67  820947  73 265 2651000////////////
271100 148 400 7221038  70 187 3491038 1391017   7  18  851038 124  24  63 1281038 103 292 3561038////////////
271200 162 468 5371116  77 226 2541117 1831151   7  20  331116 136  26  75  871116 115 320 3611116////////////
271300 119 307 4391201  56 143 2151201 1351251   5  17  171203 100  19  49  701201  94 243 3211206////////////
271400 107 282 3151334  51 134 1501335 1321325   6  14  171301  90  17  45  511335  85 223 2571334////////////
271500 108 412 4121500  51 188 1881500 1161407   6  16  161409  90  18  70  701500  85 313 3131500////////////
271600 104 196 4041504  48  95 1841505  951559   4  10  161508  86  18  34  691504  82 154 3121501////////////
271700  56 128 1961603  26  58  961605  571659   3   9  121610  46  10  22  331601  44 101 1521601////////////
271800  25  32 1321703  11  15  611703  131757   3   9  131750  20   5   8  231703  20  23 1041703////////////
271900   7   8  341804   2   1  151801   01854   4  18  191858   5   2   5   81804   4   4  251805////////////
272000   3   8   81901   0  -1   11901  -21946   3  11  171958   1   2   5   52000   1   4   41947////////////
272100   3   7   82031   0  -2   12031  -52056   3  10  252014   1   2   5   62030   1   2   52030////////////
272200   3   7   82149  -1  -2  -12149  -42102   6  18  182200   1   2   6   62149   1   3   42124////////////
272300   3   8   82259  -1  -1   02256  -72208   7  17  192207   1   2   6   62212   1   4   42300////////////
272400   3   8   82348   0  -1   02316  -32306   6  17  192306   1   2   6   62350   1   4   52346////////////
280100   3   8   80034   0  -1   10055  -10016   6   0  180054   1   2   6   60030   2   5   50034////////////
280200   3   8   80107   0   1   10127  -10104   3  -1  180134   1   2   6   60110   2   4   50105////////////
280300   3   8   80220   0  -2   10201  -30244   0   4  170203   1   2   7   70300   2   5   50300////////////
280400   3   8   80356   0  -1  -10353  -20303   4  10  190350   1   2   6   70303   2   5   50303////////////
280500   3   8   80417   0  -1   10444  -30457   5  17  190437   1   2   6   60412   2   5   50411////////////
280600   3   8   80552   0   0   10507  -20547   2   9  190503   1   2   6   60552   2   5   50551////////////
280700   3   8   80700   0  -1   10602  -30609   2  15  150656   1   2   6   60612   2   5   50610////////////
280800   5  19  190800   0   0   30746  -20709   2   5   80711   3   2   7   80749   3  12  130748////////////
280900  35 184 1840900  12  74  740900   00801   2   6  160841  28   7  32  320900  26 139 1390900////////////
281000  42 107 1860901  16  38  750901  380959   0   6   61000  34   8  19  320901  34  86 1410901////////////
281100  69 334 3341059  28 140 1401100  311015   4  10  281048  58  11  53  541058  54 261 2611100////////////
281200  82 182 3301101  34  77 1371101  751128   5  21  241157  69  13  30  531101  64 142 2611101////////////
281300  79 284 3121253  35 125 1391253  681226   4  14  231201  66  13  46  511253  62 222 2351253////////////
281400 113 312 4051339  51 142 1851339 1091324   5  12  151342  95  18  49  661339  88 251 3101339////////////
281500 100 269 3141402  44 118 1421401 1161451   5  14  151432  84  16  44  501402  80 208 2551402////////////
281600  89 358 3581600  40 166 1661600  971534   4  13  151502  74  15  62  621600  70 254 2541600////////////
281700 102 260 4581608  47 117 2151608  831642   5  14  161632  84  18  49  831608  67 148 2731608////////////
281800  47  80 2901705  20  33 1261705  331800   4  10  171708  39   8  15  601705  31  62 1441701////////////
281900  15   9  771801   5  -3  311801  -31900   3   9  131853  12   3   4  141801  11   5  601801////////////
282000   2   8   91901  -1   0   01959  -61917   3   8   91912   0   2   6   61956   1   4   51956////////////
282100   3   7   82001   0  -1   12013  -22047   3  10  142012   1   2   5   62001   1   3   42001////////////
282200   3   7   72145  -1  -2  -12103  -52122   6  17  182130   1   2   5   52200   1   4   42145////////////
282300   3   8   82258  -1  -1  -12258  -62246   6  17  182230   1   2   6   62252   1   4   52251////////////
282400   3   7   82320  -1  -3  -12335  -52307   6  17  182341   1   2   6   72323   2   4   52323////////////
290100   2   7   70001  -1  -4  -10003  -40044   6   0  190007   0   2   5   60001   1   3   40001////////////
290200   3   8   80200  -1   0   00143  -50105   3  -8  190115   1   2   6   60200   1   5   50159////////////
290300   3   8   80204   0  -1   00234  -20254   1  -3  170232   1   2   6   60204   2   4   50201////////////
290400   3   8   80315   0   0   10347  -20327   2   8  170350   1   2   6   60318   2   4   50312////////////
290500   3   8   80453   0   0   20449  -20436   4  14  180410   1   2   6   60454   1   4   50452////////////
290600   3   8   80524   0   1   20514  -20507   4  10  180521   1   2   6   60528   2   5   50522////////////
290700   3   8   80700   0   0   20610  -20658   7  25  300658   1   2   6   60654   2   5   50636////////////
290800   5  22  220800   1   5   50800  -20717   5  11  150707   3   2   8   80800   3  16  160800////////////
290900  17  46  630848   5  11  200847   50801   4   8  140804  13   4  12  150847  13  34  490847////////////
291000  32 123 1480925  11  49  540925   80907   3  10  110940  25   7  23  280925  25  98 1180925////////////
291100  53 166 1761041  23  63  831043  451003   4   9  261048  43  10  29  311041  41 128 1381041////////////
291200  47 186 1861200  18  66  701117  271148   5  30  531158  39   8  32  321200  37 145 1451200////////////
291300  69 195 2181210  27  81  811210  681244   4   3  461204  57  12  34  381210  54 151 1721210////////////
291400  66 162 2491342  27  69 1031342  601314   4  12  121354  54  12  28  431342  52 131 1981342////////////
291500  37  98 1541401  16  43  661401  341423   4  12  131449  31   6  18  261401  29  79 1251401////////////
291600--------------------------------------------------------------------------------------------------------
291700--------------------------------------------------------------------------------------------------------
291800   9  15  351701   3   6  151701   61800   3   9  141708   7   2   6   81701   6  10  261701////////////
291900   4   8  151801   1   3   51801   31829   3   9  151859   2   2   5   61801   2   4  101801////////////
292000   3   8   81901   1   2   31904   11959   3   8   91919   1   2   5   51958   1   4   41955////////////
292100   3   8   82036   1  -1   32008  -12100   3  10  102100   1   2   5   52035   2   4   42034////////////
292200   2   7   82101  -1  -3  -12101  -52125   7  18  192104   0   2   6   62200   1   2   32101////////////
292300   3   8   82258  -1  -1  -12239  -62215   6  17  182215   1   2   6   62245   1   4   52244////////////
292400   3   8   82305   0  -1  -12336  -22317   6  17  170000   1   2   5   62302   2   5   52359////////////
300100   3   8   80056   0   2   20100  -10003   6  10  180037   1   2   5   50001   2   5   50055////////////
300200   3   8   80115   1   2   20159   10143   1   2  170133   1   2   6   60152   2   5   50118////////////
300300   3   8   80214   1   2   30216   00229   0   1  170228   1   2   6   60243   2   5   50216////////////
300400   3   8   80336   0   0   20336   00359   2   9  180350   1   2   6   60337   2   4   50331////////////
300500   3   8   80401   0  -1   10408  -10454   3   2  180403   1   2   5   60401   1   4   40432////////////
300600   3   8   80525   0  -1   00521  -20550  -1  -5   40520   1   2   6   60559   1   4   40526////////////
300700   3   8   80700   0   0   00646  -20634   1  11  150656   1   2   6   60646   2   5   50646////////////
300800   7  39  390759   2  14  140800  -10703   2   9   90759   4   3  11  110759   5  30  300759////////////
300900  25  97 1010855  10  42  440856  140803   3   8  110825  20   5  19  200854  19  75  780854////////////
301000  50 243 2431000  22 108 1081000  360908   4  12  120958  41   9  42  421000  39 187 1871000////////////
301100 148 543 6371053  68 251 2971053 1121001   7  30  451053 123  25  89 1061053  98 344 3441100////////////
301200 174 438 6001102  80 202 2741102 2011151   7  14  451102 146  28  71  961102 125 334 3781133////////////
301300 164 507 5261240  76 236 2411240 1851208   6  15  251240 138  26  83  851240 121 299 3621224////////////
301400 217 475 8661331 105 238 4211332 1141351   7  16 1101331 181  36  76 1491331  98 261 3261330////////////
301500 200 308 8401405  98 153 4211405 1131434   6  18  181500 167  33  47 1441405  88 220 2881407////////////
301600 184 326 7121513  93 177 3531513 1181544   7  14  221513 152  32  49 1241513  84 196 3081511////////////
301700 126 317 5421603  60 139 2721603  921639   6  15  201629 104  22  60  971603  54 129 2041603////////////
301800  57 104 3121701  25  32 1381705  321800   5  12  171710  48   9  24  591701  34  57 1321717////////////
301900  14   6 1041801   3  -7  291801  -81858   4  10  121820  11   3   2  241801   9   2  561801////////////
302000   2   6   62000  -3  -8  -61911 -111949   3   7  101904   1   1   6   62000   1   3   32000////////////
302100   3   7   82007  -1  -1  -12026  -82001   3  10  102100   1   2   5   72006   1   3   52006////////////
302200   3   8   82135  -1   0   02200  -32128   6  17  182117   1   2   6   62134   1   4   42135////////////
302300   2   6   72201  -1  -4   02201  -42251   6  18  192233   0   2   5   62211   1   3   42211////////////
302400   2   7   72358  -2  -6  -52301  -82330   6  17  192306   0   2   6   62356   1   3   32356////////////
