58265 2011   011213603204    1    1    1    1    1    1   60---------------------------------------------V3.00
010100--------------------------------------------------------------------------------------------------------
010200--------------------------------------------------------------------------------------------------------
010300--------------------------------------------------------------------------------------------------------
010400--------------------------------------------------------------------------------------------------------
010500--------------------------------------------------------------------------------------------------------
010600--------------------------------------------------------------------------------------------------------
010700--------------------------------------------------------------------------------------------------------
010800--------------------------------------------------------------------------------------------------------
010900--------------------------------------------------------------------------------------------------------
011000--------------------------------------------------------------------------------------------------------
011100--------------------------------------------------------------------------------------------------------
011200--------------------------------------------------------------------------------------------------------
011300--------------------------------------------------------------------------------------------------------
011400--------------------------------------------------------------------------------------------------------
011500--------------------------------------------------------------------------------------------------------
011600--------------------------------------------------------------------------------------------------------
011700--------------------------------------------------------------------------------------------------------
011800--------------------------------------------------------------------------------------------------------
011900--------------------------------------------------------------------------------------------------------
012000--------------------------------------------------------------------------------------------------------
012100--------------------------------------------------------------------------------------------------------
012200--------------------------------------------------------------------------------------------------------
012300--------------------------------------------------------------------------------------------------------
012400--------------------------------------------------------------------------------------------------------
020100--------------------------------------------------------------------------------------------------------
020200--------------------------------------------------------------------------------------------------------
020300--------------------------------------------------------------------------------------------------------
020400--------------------------------------------------------------------------------------------------------
020500--------------------------------------------------------------------------------------------------------
020600--------------------------------------------------------------------------------------------------------
020700--------------------------------------------------------------------------------------------------------
020800--------------------------------------------------------------------------------------------------------
020900--------------------------------------------------------------------------------------------------------
021000--------------------------------------------------------------------------------------------------------
021100--------------------------------------------------------------------------------------------------------
021200--------------------------------------------------------------------------------------------------------
021300--------------------------------------------------------------------------------------------------------
021400--------------------------------------------------------------------------------------------------------
021500--------------------------------------------------------------------------------------------------------
021600--------------------------------------------------------------------------------------------------------
021700--------------------------------------------------------------------------------------------------------
021800--------------------------------------------------------------------------------------------------------
021900--------------------------------------------------------------------------------------------------------
022000--------------------------------------------------------------------------------------------------------
022100--------------------------------------------------------------------------------------------------------
022200--------------------------------------------------------------------------------------------------------
022300--------------------------------------------------------------------------------------------------------
022400--------------------------------------------------------------------------------------------------------
030100--------------------------------------------------------------------------------------------------------
030200--------------------------------------------------------------------------------------------------------
030300--------------------------------------------------------------------------------------------------------
030400--------------------------------------------------------------------------------------------------------
030500--------------------------------------------------------------------------------------------------------
030600--------------------------------------------------------------------------------------------------------
030700--------------------------------------------------------------------------------------------------------
030800--------------------------------------------------------------------------------------------------------
030900--------------------------------------------------------------------------------------------------------
031000--------------------------------------------------------------------------------------------------------
031100--------------------------------------------------------------------------------------------------------
031200--------------------------------------------------------------------------------------------------------
031300--------------------------------------------------------------------------------------------------------
031400--------------------------------------------------------------------------------------------------------
031500  28  75  911410   2   6   61454   61402   3   8   81402  24   4  12  141401  22  60  741413////////////
031600  23  55  761501   2   6   61554   61503   3   8   81503  19   4  10  121501  19  45  611501////////////
031700  16  34  561603   2   6   61621   61657   3   8   81632  13   3   8  101603  13  26  451603////////////
031800   7  10  341702   2   6   61708   61727   3   8   81708   5   2   5   81702   5   7  261702////////////
031900--------------------------------------------------------------------------------------------------------
032000--------------------------------------------------------------------------------------------------------
032100--------------------------------------------------------------------------------------------------------
032200--------------------------------------------------------------------------------------------------------
032300--------------------------------------------------------------------------------------------------------
032400--------------------------------------------------------------------------------------------------------
040100--------------------------------------------------------------------------------------------------------
040200--------------------------------------------------------------------------------------------------------
040300--------------------------------------------------------------------------------------------------------
040400--------------------------------------------------------------------------------------------------------
040500--------------------------------------------------------------------------------------------------------
040600--------------------------------------------------------------------------------------------------------
040700--------------------------------------------------------------------------------------------------------
040800--------------------------------------------------------------------------------------------------------
040900--------------------------------------------------------------------------------------------------------
041000--------------------------------------------------------------------------------------------------------
041100--------------------------------------------------------------------------------------------------------
041200--------------------------------------------------------------------------------------------------------
041300--------------------------------------------------------------------------------------------------------
041400  56 145 1741321   2   6   61354   61307   3   8   81306  48   8  20  241317  47 121 1441322////////////
041500  46  98 1491402   2   6   61403   61458   3   8   81431  39   7  15  211420  38  79 1241402////////////
041600  27  55 1031502   2   6   61513   61518   3   8   81516  23   4  10  151502  22  44  831502////////////
041700  15  24  591607   2   6   61607   61608   3   8   81602  12   3   6  111607  12  18  471607////////////
041800   5  10  231701   2   6   61704   61735   3   8   81703   3   2   5   71708   4   6  171701////////////
041900   3   7  101801   2   6   61845   61854   3   8   81801   1   2   5   51802   2   4   61803////////////
042000   3   7   71940   2   6   61933   61949   3   8   81920   1   2   5   51959   2   4   51943////////////
042100   3   7   72040   2   6   62007   62053   3   7   82021   1   2   5   52043   2   4   52042////////////
042200   3   8   82145   2   6   62104   62143   2   6   62153   1   2   5   62146   2   5   52146////////////
042300   3   7   82251   2   6   62209   62217   2   6   62218   1   2   5   52228   2   4   52228////////////
042400   3   7   72301   2   6   62303   62351   2   6   62318   1   2   5   52355   1   4   42301////////////
050100   3   7   80040   2   6   60049   60008   2   6   60018   1   2   5   60039   2   4   50039////////////
050200   3   7   80122   2   6   60121   60128   2   6   60111   1   2   5   50124   2   5   50124////////////
050300   3   7   70203   2   6   60216   60222   2   6   60209   1   2   5   50201   2   4   50201////////////
050400   3   7   70343   2   6   60333   60311   2   6   60310   1   2   5   50400   2   4   40339////////////
050500   3   7   70413   2   6   60402   60500   2   6   60454   1   2   5   50414   2   4   40428////////////
050600   3   7   70600   2   6   60504   60534   2   6   60512   1   2   5   50600   1   4   40507////////////
050700   3   7   70601   2   6   60616   60608   2   6   60700   1   2   5   50601   1   4   40601////////////
050800   3   8   80800   2   6   60720   60737   3   8   80704   1   2   6   60800   1   5   50800////////////
050900   4  18  180900   2   6   60825   60824   3   8   80820   2   2   7   70900   3  13  130900////////////
051000  10  48  481000   2   6   60928   60922   3   8   80956   7   3  10  101000   8  38  381000////////////
051100  31 127 1281058   2   6   61040   61029   3   8   81001  26   5  20  201059  25 100 1021058////////////
051200--------------------------------------------------------------------------------------------------------
051300--------------------------------------------------------------------------------------------------------
051400--------------------------------------------------------------------------------------------------------
051500--------------------------------------------------------------------------------------------------------
051600--------------------------------------------------------------------------------------------------------
051700--------------------------------------------------------------------------------------------------------
051800--------------------------------------------------------------------------------------------------------
051900   3   5  171801   2   6   61814   61857   3   8   81801   1   2   5   61801   1   1  121801////////////
052000   2   6   61929   2   6   61904   61952   3   8   81908   0   2   5   61958   1   3   31927////////////
052100   2   5   72046   2   6   62008   62020   3   7   82009   0   2   5   62048   1   2   32044////////////
052200   2   6   82126   2   6   62149   62114   2   6   62200   0   2   6   72134   1   3   52124////////////
052300   2   5   62201   2   6   62211   62256   2   6   62209   0   2   5   62201   1   2   32201////////////
052400   2   7   72350   2   6   62301   62314   2   6   62352   0   2   6   62350   1   3   42351////////////
060100   2   7   70057   2   6   60015   60007   2   6   60004   0   2   5   50001   1   4   40100////////////
060200   2   7   70123   2   6   60155   60103   2   6   60115   0   2   5   50126   1   4   40101////////////
060300   2   7   70252   2   6   60213   60230   2   6   60232   0   2   6   60255   1   4   40251////////////
060400   2   6   70308   2   6   60330   60303   2   6   60311   0   2   5   60313   1   3   40309////////////
060500   2   5   60402   2   6   60416   60444   2   6   60402   0   2   6   60459   1   1   30401////////////
060600   2   5   50518   2   6   60501   60535   2   6   60506   0   2   5   60501   1   2   20519////////////
060700   2   5   90621   2   6   60602   60605   2   6   60700   0   2   6   60614   1   2   60614////////////
060800   2   6   60800   2   6   60706   60707   3   7   70705   0   2   6   60706   1   3   30800////////////
060900   9  49  490900   2   6   60848   60802   3   7   70824   6   3  11  110900   7  38  380900////////////
061000  36 163 1631000   2   6   60956   60908   3   7   80942  30   6  24  241000  28 128 1280959////////////
061100  87 300 3031053   2   6   61055   61002   3   8   81059  74  13  47  481053  70 245 2491053////////////
061200 126 393 3931159   2   7   71123   61102   3   8   81157 107  19  58  581159 104 321 3221159////////////
061300 150 419 4321233   2   7   71258   61212   3   8   81248 128  22  60  631233 121 331 3461233////////////
061400 149 389 4321310   2   7   71354   61302   3   8   81349 128  21  55  621318 112 264 3421310////////////
061500 118 252 3901404   2   7   71402   71440   3   8   81404 101  17  36  561405  79 169 2631404////////////
061600  81 214 2671516   2   6   71505   61600   3   8   81505  69  12  33  391516  58 152 1811517////////////
061700  52 100 2041601   2   6   71620   61603   3   8   81629  44   8  16  311601  38  73 1471601////////////
061800  17  19  941701   2   6   71704   61759   3   8   81706  14   3   6  151701  12  13  691701////////////
061900   3   7  181801   2   6   61801   61858   3   8   81801   1   2   6   71855   2   5  121801////////////
062000   2   6   71901   2   6   61937   61916   3   8   81938   0   2   5   61901   1   3   51901////////////
062100   2   7   72022   2   6   62038   62051   3   7   82004   0   2   5   62023   1   3   42023////////////
062200   2   7   72200   2   6   62112   62155   2   6   62106   0   2   6   62200   1   5   52200////////////
062300   3   7   82208   2   6   62223   62213   2   6   62300   1   2   5   72204   1   4   52203////////////
062400   2   7   72301   2   6   62321   62342   2   6   62356   0   2   5   52301   1   4   42340////////////
070100   2   7   70100   2   6   60047   60032   2   6   60033   0   2   5   50057   1   4   40013////////////
070200   2   7   70113   2   6   60154   60132   2   6   60101   0   2   5   50107   1   4   40107   0////   0
070300   2   7   70229   2   6   60254   60219   2   6   60204   0   2   5   50226   1   4   40226   0////   0
070400   2   7   70322   2   6   60301   60333   2   6   60348   0   2   5   50400   1   4   40346   0////   0
070500   2   7   70430   2   6   60411   60419   2   6   60410   0   2   5   50430   1   4   40430   0////   0
070600   2   7   70557   2   6   60526   60530   2   6   60509   0   2   5   50554   1   3   40554   0////   0
070700   2   5   70601   2   6   60611   60638   2   6   60700   0   2   5   50618   1   1   30601   0////   0
070800   2   6   60800   2   6   60709   60753   3   7   80701   0   2   6   60800   1   3   30800   0////   0
070900   5  27  270859   2   6   60848   60816   3   7   70856   2   3   9   90859   4  20  200859   0////   0
071000  15  41  490947   2   6   60957   60906   3   8   80958  11   4   9  110914  12  32  400947  50////   0
071100  44 148 1861045   2   6   61059   61039   3   8   81054  37   7  23  291045  35 121 1461045////////   0
071200  45 179 1791200   2   6   61159   61102   3   8   81131  38   7  28  281200  37 145 1451200////////   0
071300  81 263 2691258   2   6   61251   61201   3   8   81239  69  12  38  401250  65 210 2121259////////   0
071400  78 217 3101353   2   6   61319   61301   3   8   81314  67  11  31  491352  62 179 2231353////////   0
071500  57 120 2121401   2   6   61443   61451   3   8   81415  49   8  18  311401  47  97 1751401   9////////
071600  28  55 1201523   2   6   61503   61553   3   8   81502  18  10   0   5////  421522152216001524////////
071700   8   9  551601   2   6   61608   61611   3   8   81602   3   5   0   2////   51601160117001602////   9
071800   3   8   91701   2   6   61708   61730   3   8   81716   1   2   6   61728   1   4   41701////////   1
071900   3   7   81802   2   6   61809   61843   3   8   81806  -3   6  20  201900   41858185819001803////////
072000   3   7   71912   2   6   61911   61936   3   8   81913   1   2   5   61912   1   4   41909 200////   9
072100   3   7   72058   2   6   62042   62019   3   7   82001  -2   5 400 4002100   42040204021002058//// 256
072200   3   8   82157   2   6   62120   62114   2   6   62159  -3   6   4   42200   52156215622002157////2007
072300   3   7   82202   2   6   62237   62207   2   6   62207   1   2   5   62201   2   4   52201//////// 267
072400   3   7   82310   2   6   62318   62337   2   6   62351   1   2   5   52314   1   4   42311////////////
080100   3   7   70032   2   6   60001   60036   2   6   60046   1   2   5   50047   1   4   40029////////////
080200   3   7   70114   2   6   60109   60151   2   6   60110   1   2   5   60104   1   4   40117////////////
080300   3   7   70254   2   6   60245   60225   2   6   60205   1   2   6   60216   1   4   40213////////////
080400   3   7   70359   2   6   60311   60314   2   6   60328   1   2   5   60304   1   4   40358////////////
080500   3   7   70421   2   6   60438   60418   2   6   60438   1   2   5   50406   1   4   40418////////////
080600   3   7   70505   2   6   60506   60517   2   6   60525   1   2   5   50516   1   4   40514////////////
080700   3   7   80621   2   6   60656   60655   2   6   60700   1   2   5   60615   1   4   40623////////////
080800   3   7   80757   2   6   60747   60704   3   8   80713   1   2   5   50705   1   4   40800////////////
080900   3  13  130900   2   6   60808   60857   3   8   80859   1   2   6   60900   2   8   80900////////////
081000  13  78  781000   2   6   60928   60915   3   8   80928  10   3  12  121000  10  63  631000////////////
081100  50 186 1911057   2   6   61053   61003   3   8   81030  44   6  23  231054  40 148 1501059////////////
081200  48  75 2021116   2   6   61128   61104   3   8   81132  42   6  12  261116  39  61 1551116////////////
081300  33  72 1251222   2   6   61203   61205   3   8   81203  28   5  12  171222  27  58 1041222////////////
081400  20  70  731301   2   6   61302   61331   3   8   81308  16   4  12  121400  16  58  591301////////////
081500  53 308 3081500   2   6   61424   61403   3   8   81444  45   8  46  461500  42 196 1961500////////////
081600  84 165 3241503   2   6   71543   61504   3   8   81533  72  12  24  481503  62 128 2121507////////////
081700  40  88 1561601   2   6   61610   61630   3   8   81618  34   6  14  231601  30  68 1221601////////////
081800  20  22  911704   2   6   61704   61756   3   8   81709  16   4   7  161709  15  16  681701////////////
081900   3   4  201801   2   6   61820   61847   3   8   81801   1   2   5   71801   1   1  151801////////////
082000   2   5   51946   2   6   61901   61959   3   7   81903   0   2   6   61951   1   2   21946////////////
082100   2   7   82051   2   6   62007   62037   3   7   72052   0   2   6   72033   1   4   52049////////////
082200   2   6   82118   2   6   62150   62114   2   6   62141   0   2   6   72123   1   3   52115////////////
082300   2   7   72259   2   6   62211   62239   2   6   62209   0   2   6   62259   1   4   42300////////////
082400   2   4   72301   2   6   62331   62353   2   6   62319   0   2   5   62301   1   1   42301////////////
090100   2   7   70059   2   6   60001   60033   2   6   60002   0   2   5   60039   1   4   40037////////////
090200   2   7   70102   2   6   60132   60106   2   6   60127   0   2   5   60123   1   4   40101////////////
090300   2   7   70206   2   6   60245   60207   2   6   60229   0   2   5   60225   1   3   40206////////////
090400   2   6   70316   2   6   60310   60303   2   6   60324   0   2   5   50332   1   3   40330////////////
090500   2   7   70450   2   6   60411   60408   2   6   60439   0   2   6   60500   1   3   40432////////////
090600   2   7   70557   2   6   60509   60529   2   6   60517   0   2   5   60524   1   4   40600////////////
090700   2   7   70612   2   6   60651   60602   2   6   60700   0   2   5   60615   1   4   40629////////////
090800   2   8   80800   2   6   60721   60728   3   7   80757   0   2   6   60800   1   4   40800////////////
090900   9  57  570900   2   6   60806   60822   3   8   80813   6   3  12  120900   7  44  440900////////////
091000  44 214 2141000   2   6   60955   60904   3   8   80953  37   7  34  341000  35 180 1801000////////////
091100 101 332 3321100   2   6   71058   61006   3   8   81055  86  15  49  491100  86 284 2841100////////////
091200 136 424 4241200   2   6   71142   61129   3   8   81116 116  20  60  601200 115 357 3571200////////////
091300 165 478 4781259   2   6   71233   61201   3   8   81256 142  23  67  681259 138 390 3931253////////////
091400 169 454 4811326   2   7   71349   71301   3   8   81350 145  24  63  681317 118 229 3911301////////////
091500 155 392 4571403   2   7   71426   71401   3   8   81454 133  22  56  641411  69 185 2261401////////////
091600 119 269 4031517   2   7   71503   71600   3   8   81503 102  17  40  591517  58 131 1961517////////////
091700  69 124 2671601   2   7   71603   61631   3   8   81628  59  10  20  401601  37  74 1301601////////////
091800  23  20 1221701   2   6   71702   61754   3   8   81711  19   4   6  201701  15  13  731701////////////
091900   3   6  201801   2   6   61801   61839   3   8   81802   1   2   6   61801   2   2  131801////////////
092000   2   7   71933   2   6   61926   61938   3   8   81941   0   2   5   61909   1   3   41910////////////
092100   2   7   72100   2   6   62032   62013   3   7   82011   0   2   6   62100   1   4   42059////////////
092200   2   7   72112   2   6   62121   62104   2   6   62110   0   2   5   62111   1   3   42118////////////
092300   2   7   72208   2   6   62217   62257   2   6   62203   0   2   5   52256   1   4   42255////////////
092400   2   7   72319   2   6   62310   62328   2   6   62306   0   2   5   52317   1   3   42317////////////
100100   2   7   70015   2   6   60020   60003   2   6   60011   0   2   5   50015   1   4   40014////////////
100200   2   7   70101   2   6   60116   60111   2   6   60118   0   2   5   50145   1   3   40102////////////
100300   2   7   70230   2   6   60245   60220   2   6   60213   0   2   5   60232   1   4   40231////////////
100400   2   7   70355   2   6   60312   60305   2   6   60320   0   2   5   50302   1   4   40356////////////
100500   2   7   70429   2   6   60419   60408   2   6   60444   0   2   5   50420   1   4   40429////////////
100600   2   7   70543   2   6   60524   60546   2   6   60517   0   2   5   50514   1   4   40537////////////
100700   2   7   70654   2   6   60608   60602   2   6   60700   0   2   5   50654   1   4   40653////////////
100800   3   7   70800   2   6   60730   60701   3   7   80712   1   2   5   50800   1   4   40800////////////
100900   6  31  310900   2   6   60858   60855   3   7   80805   4   2   8   80900   4  24  240900////////////
101000  22 100 1000959   2   6   60953   60902   3   8   80948  18   4  17  170959  18  79  800959////////////
101100  52 189 1891100   2   6   61010   61017   3   8   81038  44   8  28  281056  41 150 1501100////////////
101200  74 200 2261154   2   6   61106   61116   3   8   81125  63  11  30  331154  58 154 1821154////////////
101300  69 204 2431226   2   6   61223   61210   3   8   81246  59  10  30  351226  56 169 1951226////////////
101400  57 155 2051301   2   6   61310   61338   3   8   81308  49   8  23  301301  46 130 1691301////////////
101500  53 139 1631426   2   6   61500   61425   3   8   81438  45   8  21  241427  43 112 1351425////////////
101600  43 107 1561505   2   6   61532   61508   3   8   81502  36   7  17  231505  35  87 1261505////////////
101700  27  58 1121603   2   6   61601   61618   3   8   81625  22   5  11  181603  22  46  901602////////////
101800  13  16  571704   2   6   61709   61713   3   8   81701  10   3   6  111701  10  11  451701////////////
101900   3   7  161801   2   6   61807   61843   3   8   81801   1   2   5   61811   2   3  111801////////////
102000   2   7   71928   2   6   61902   61950   3   8   81935   0   2   5   51958   1   3   41926////////////
102100   2   7   72049   2   6   62023   62026   3   7   82025   0   2   6   62050   1   4   42049////////////
102200   3   7   72108   2   6   62135   62107   2   6   62112   1   2   5   62106   1   4   42106////////////
102300   2   6   72201   2   6   62213   62242   2   6   62205   0   2   5   52201   1   3   42201////////////
102400   2   6   62307   2   6   62307   62332   2   6   62315   0   2   5   62351   1   3   32306////////////
110100   2   6   70054   2   6   60015   60031   2   6   60020   0   2   6   60057   1   3   40054////////////
110200   2   7   70145   2   6   60112   60116   2   6   60103   0   2   6   60148   1   3   40146////////////
110300   2   7   70300   2   6   60208   60205   2   6   60257   0   2   6   60201   1   4   40259////////////
110400   3   7   80319   2   6   60330   60327   2   6   60333   1   2   6   70321   2   4   50320////////////
110500   2   6   70418   2   6   60452   60402   2   6   60449   0   2   5   60417   1   3   40418////////////
110600   2   4   60501   2   6   60509   60542   2   6   60510   0   2   4   50512   1   0   30512////////////
110700   1   5   50700   2   6   60601   60638   2   6   60700  -1   2   6   60659   0   2   20650////////////
110800   2   6   60800   2   6   60705   60740   3   7   70714   0   2   6   60751   1   2   20800////////////
110900  11  78  780900   2   6   60802   60838   3   7   70900   8   3  16  160900   7  58  580900////////////
111000  53 219 2191000   2   6   61000   60902   3   8   80959  44   9  33  331000  44 187 1871000////////////
111100 104 365 3651100   2   6   61052   61003   3   8   81046  88  16  55  551100  91 324 3241100////////////
111200 151 491 4911200   2   7   71153   61101   3   8   81117 129  22  72  721200 134 438 4381200////////////
111300 176 510 5231213   2   7   71251   71201   3   8   81254 151  25  72  761213 152 423 4631213////////////
111400 187 517 5321343   2   7   71331   71311   3   8   81345 160  27  76  771343 118 196 4281306////////////
111500 167 408 5131401   2   7   71421   71411   3   8   81422 143  24  59  751401  59 153 1931401////////////
111600 127 281 4141503   2   7   71506   71552   3   8   81504 108  19  43  611503  50 125 1531503////////////
111700  77 148 2791601   2   7   71601   61658   3   8   81601  65  12  24  431601  37  78 1241601////////////
111800  30  30 1461701   2   6   71705   61743   3   8   81706  25   5   7  231701  18  20  771701////////////
111900   3   3  291801   2   6   61801   61900   3   8   81801   1   2   5   71801   1   0  191801////////////
112000   2   4   51922   2   6   61943   61921   3   8   81921   0   2   5   71906   0   1   21906////////////
112100   1   4   42008   2   6   62025   62015   3   7   82006  -1   2   6   62008   0   1   12008////////////
112200   2   4   52135   2   6   62103   62121   2   6   62102   0   2   6   72133   0   1   32133////////////
112300   2   5   52257   2   6   62208   62219   2   6   62203   0   2   6   62257   0   2   22257////////////
112400   2   4   52324   2   6   62349   62329   2   6   62328   0   2   5   62323   0   0   22323////////////
120100   2   4   50027   2   6   60023   60018   2   6   60009   0   2   5   70026   0   1   30026////////////
120200   2   5   50151   2   6   60104   60156   2   6   60112   0   2   6   60152   1   2   30152////////////
120300   2   5   70216   2   6   60210   60202   2   6   60219   0   2   5   60251   1   1   30237////////////
120400   2   5   60336   2   6   60307   60340   2   6   60319   0   2   5   60336   1   1   30336////////////
120500   2   5   50419   2   6   60455   60413   2   6   60404   0   2   5   60440   1   2   20419////////////
120600   2   5   60523   2   6   60510   60527   2   6   60507   0   2   6   60528   1   1   30522////////////
120700   2   5   50656   2   6   60615   60655   2   6   60700   0   2   6   60650   1   2   20656////////////
120800   2   7   70800   2   6   60707   60735   3   7   70707   0   2   6   60754   1   3   30800////////////
120900   9  56  560900   2   6   60855   60809   3   7   70856   4   5////  16//// 900  16  40////  40////   2
121000  35 156 1561000   2   6   61000   60901   3   7   70953  27   8  24  260942  27 124 1241000 112////2328
121100  76 257 2571100   2   6   61100   61001   3   8   81041  65  11  39  391100  60 205 2051100////////////
121200  82 206 2791116   2   6   61157   61101   3   8   81135  70  12  29  431116  65 166 2271116////////////
121300  30  61 2011201   2   6   61206   61250   3   8   81215  25   5  11  291201  24  47 1621201////////////
121400  29  92 1111324   2   6   61305   61336   3   8   81312  24   5  15  191324  23  73  841321////////////
121500  35  94 1171449   2   6   61418   61407   3   8   81443  29   6  16  191449  28  75  951449////////////
121600  23  74  891501   2   6   61518   61545   3   8   81503  19   4  13  151501  19  60  711501////////////
121700  17  24  761609   2   6   61601   61657   3   8   81605  14   3   7  141604  13  18  611609////////////
121800   7  14  241702   2   6   61730   61736   3   8   81703   5   2   6   71701   5  10  181702////////////
121900   3   7  141801   2   6   61806   61823   3   8   81811   1   2   5   61801   2   4  101801////////////
122000   3   7   71954   2   6   61903   61908   3   7   81920   1   2   5   51954   1   4   41953////////////
122100   2   7   72001   2   6   62040   62047   3   7   82049   0   2   5   52001   1   4   42001////////////
122200   2   7   72108   2   6   62154   62132   2   6   62103   0   2   5   52114   1   4   42107////////////
122300   2   5   72215   2   6   62206   62207   2   6   62201   0   2   5   52215   1   2   42216////////////
122400   2   4   52301   2   6   62307   62346   2   6   62308   0   2   5   52352   0   1   22310////////////
130100   2   5   50014   2   6   60004   60052   2   6   60008   0   2   5   50100   0   2   20100////////////
130200   2   8   80155   2   6   60102   60143   2   6   60101   0   2   6   60159   1   5   50154////////////
130300   3   7   80202   2   6   60252   60209   2   6   60300   1   2   6   60300   2   4   50201////////////
130400   3   7   70302   2   6   60313   60302   2   6   60347   1   2   5   60304   1   4   40329////////////
130500   2   7   70435   2   6   60442   60414   2   6   60443   0   2   5   60402   1   4   40439////////////
130600   3   7   70547   2   6   60502   60507   2   6   60513   1   2   5   50549   1   4   40549////////////
130700   3   7   70642   2   6   60602   60608   2   6   60700   1   2   5   50642   1   4   40642////////////
130800   3   7   70800   2   6   60724   60706   3   7   80729   1   2   5   50703   1   4   40758////////////
130900   6  31  320859   2   6   60842   60804   3   7   80859   4   2   8   80857   4  24  240859////////////
131000  23 110 1101000   2   6   60941   60903   3   8   80939  19   4  17  171000  18  87  871000////////////
131100  59 224 2241100   2   6   61053   61024   3   8   81100  50   9  34  341100  45 169 1691100////////////
131200 126 402 4041158   2   6   61159   61104   3   8   81150 107  19  60  611158 101 325 3271158////////////
131300 156 426 4751255   2   7   71252   61203   3   8   81259 133  23  63  711255 124 326 3751248////////////
131400 127 290 4611314   2   7   71321   71358   3   8   81324 109  18  40  701314  91 214 3361314////////////
131500  76 153 3701408   2   6   71404   61453   3   8   81402  65  11  23  561408  59 125 2401408////////////
131600  41  79 1681502   2   6   61514   61559   3   8   81516  35   6  14  251502  33  64 1371502////////////
131700  23  47  921605   2   6   61614   61651   3   8   81605  19   4  10  151605  18  36  751605////////////
131800  10  14  451701   2   6   61717   61729   3   8   81737   7   3   6   91701   7  10  351701////////////
131900   3   7  141801   2   6   61801   61812   3   8   81811   1   2   5   61801   2   4   91801////////////
132000   3   7   71906   2   6   61924   61954   3   8   81904   1   2   5   51932   1   4   41936////////////
132100   3   7   72009   2   6   62014   62055   3   7   82049   1   2   5   52006   1   4   42006////////////
132200   3   7   72109   2   6   62107   62157   2   6   62115   1   2   5   52109   1   4   42125////////////
132300   3   7   72300   2   6   62209   62231   2   6   62202   1   2   5   52228   1   4   42229////////////
132400   3   7   70000   2   6   62354   62347   2   6   62332   1   2   5   50000   1   4   40000////////////
140100   2   7   70001   2   6   60023   60043   2   6   60010   0   2   5   50002   1   3   40001////////////
140200   3   7   70145   2   6   60104   60154   2   6   60131   1   2   5   50135   1   4   40105////////////
140300   2   6   70201   2   6   60212   60220   2   6   60209   0   2   5   60209   1   3   40201////////////
140400   2   7   70357   2   6   60328   60345   2   6   60305   0   2   5   50301   1   3   30352////////////
140500   2   7   70457   2   6   60428   60420   2   6   60427   0   2   6   60446   1   4   40457////////////
140600   3   7   70553   2   6   60508   60503   2   6   60517   1   2   5   60550   1   4   40550////////////
140700   3   8   80646   2   6   60645   60628   2   6   60700   1   2   6   60650   2   4   50647////////////
140800   3   8   80759   2   6   60719   60728   3   8   80730   1   2   6   60800   1   4   40800////////////
140900   6  24  250852   2   6   60849   60829   3   8   80815   4   2   7   70900   4  18  190852////////////
141000  17  98  981000   2   6   60939   60907   3   8   80940  14   3  14  141000  13  77  771000////////////
141100  49 119 1791028   2   6   61028   61006   3   8   81045  42   7  17  241028  39  96 1411028////////////
141200  50 216 2161200   2   6   61103   61106   3   8   81140  43   7  30  301200  40 175 1751200////////////
141300 113 380 4501252   2   6   61253   61236   3   8   81257  97  16  52  661252  88 285 3531252////////////
141400 121 364 4501317   2   6   71328   61302   3   8   81333 104  17  53  681317  86 230 3221301////////////
141500 140 352 4411404   2   7   71444   61401   3   8   81449 119  21  53  681404  81 203 2461403////////////
141600 101 218 3741505   2   6   71506   61535   3   8   81508  86  15  33  571505  64 158 2131505////////////
141700  60 109 2281604   2   6   71608   61614   3   8   81601  50  10  19  371604  42  80 1521601////////////
141800  24  23 1061706   2   6   61704   61741   3   8   81704  19   5   7  191706  18  17  761704////////////
141900   4   7  211801   2   6   61809   61835   3   8   81811   2   2   5   71801   2   4  151801////////////
142000   2   5   71903   2   6   61907   61950   3   8   81904   0   2   5   51949   1   2   41903////////////
142100   2   5   62016   2   6   62011   62046   3   7   82005   0   2   5   52036   1   1   32014////////////
142200   2   6   72150   2   6   62109   62157   2   6   62101   0   2   5   52152   1   3   42150////////////
142300   3   8   82300   2   6   62256   62230   2   6   62256   1   2   7   72300   1   5   52300////////////
142400   3   7   82301   2   6   60000   62306   2   6   62321   1   2   5   72302   1   3   52301////////////
150100   2   7   70009   2   6   60016   60037   2   6   60004   0   2   5   50009   1   4   40058////////////
150200   2   7   70142   2   6   60118   60145   2   6   60120   0   2   5   50200   1   3   40142////////////
150300   2   7   70252   2   6   60234   60206   2   6   60255   0   2   5   50238   1   3   40242////////////
150400   2   7   70320   2   6   60324   60333   2   6   60318   0   2   5   60322   1   4   40317////////////
150500   2   6   70408   2   6   60418   60446   2   6   60444   0   2   5   50415   1   2   40409////////////
150600   2   7   70541   2   6   60503   60505   2   6   60538   0   2   5   60548   1   4   40541////////////
150700   2   7   70612   2   6   60655   60609   2   6   60700   0   2   5   70629   1   4   40646////////////
150800   2   8   80800   2   6   60755   60718   3   8   80701   0   2   5   50701   1   4   40759////////////
150900   8  48  480900   2   6   60842   60827   3   8   80828   6   2  10  100900   6  37  370900////////////
151000  34 159 1591000   2   6   60922   60923   3   8   80954  28   6  26  261000  26 120 1201000////////////
151100  85 319 3191100   2   6   61059   61002   3   8   81055  72  13  49  491100  67 253 2531100////////////
151200 132 416 4161200   2   6   71136   61102   3   8   81148 112  20  62  621200 107 337 3371200////////////
151300 166 489 4921256   2   7   71300   61201   3   8   81258 141  25  72  721247 133 361 3941242////////////
151400 176 484 5011318   2   7   71337   71304   3   8   81337 151  25  70  731318  90 190 3561301////////////
151500 161 411 4811401   2   7   71431   71413   3   8   81407 138  23  60  701403  63 158 1891401////////////
151600 126 289 4081501   2   7   71503   71557   3   8   81502 108  18  44  601501  52 127 1571501////////////
151700  77 148 2861601   2   7   71605   71659   3   8   81603  65  12  23  431601  37  80 1261601////////////
151800  29  30 1451701   2   6   71701   61750   3   8   81704  24   5   6  231701  17  20  781701////////////
151900   3   3  291801   2   6   61801   61854   3   8   81801   1   2   5   61801   1   0  191801////////////
152000   2   5   51939   2   6   61909   61946   3   7   81901   0   2   6   71956   1   2   31938////////////
152100   2   8   82059   2   6   62009   62012   3   7   72001   0   2   7   72100   1   5   52100////////////
152200   3   8   82142   2   6   62141   62101   2   6   62156   1   2   6   72142   2   5   52142////////////
152300   3   7   82201   2   6   62208   62206   2   6   62209   1   2   6   72230   1   4   52230////////////
152400   2   7   72308   2   6   62343   62330   2   6   62352   0   2   5   62307   1   4   42307////////////
160100   2   7   70039   2   6   60021   60032   2   6   60010   0   2   5   50005   1   4   40046////////////
160200   2   7   70141   2   6   60137   60149   2   6   60153   0   2   5   50158   1   4   40158////////////
160300   2   7   70244   2   6   60242   60256   2   6   60207   0   2   5   50201   1   4   40254////////////
160400   2   7   70347   2   6   60303   60358   2   6   60321   0   2   5   50355   1   4   40345////////////
160500   2   7   70443   2   6   60430   60424   2   6   60402   0   2   5   50401   1   4   40443////////////
160600   3   7   70539   2   6   60509   60522   2   6   60547   1   2   5   60540   1   4   40539////////////
160700   3   7   70656   2   6   60640   60617   2   6   60700   1   2   6   60657   1   4   40655////////////
160800   3   8   80800   2   6   60718   60703   3   8   80733   1   2   5   50754   1   5   50800////////////
160900   5  25  250900   2   6   60817   60819   3   8   80803   3   2   8   80900   4  18  180900////////////
161000  16  47  580945   2   6   60943   60911   3   8   80939  13   3   9  110945  13  35  460945////////////
161100  18  42  661031   2   6   61021   61058   3   8   81052  15   3   8  111031  13  32  521031////////////
161200  17  55  551200   2   6   61107   61150   3   8   81154  14   3  10  101200  13  44  441200////////////
161300  27  57  991237   2   6   61221   61227   3   8   81201  23   4  10  141237  21  44  801237////////////
161400  34 119 1351334   2   6   61301   61335   3   8   81344  29   5  16  181335  27  95 1101334////////////
161500  44 113 1331430   2   6   61442   61431   3   8   81444  38   6  16  181429  35  91 1081430////////////
161600  32  82 1121501   2   6   61514   61528   3   8   81509  27   5  13  161501  26  66  901501////////////
161700  24  39  851602   2   6   61617   61633   3   8   81609  20   4   8  141602  19  30  681602////////////
161800   8  13  381701   2   6   61706   61740   3   8   81711   6   2   6   81701   6   8  291701////////////
161900   3   7  131803   2   6   61830   61809   3   8   81835   1   2   5   61804   2   4   91803////////////
162000   3   7   71948   2   6   61925   61935   3   8   81904   1   2   6   61930   1   4   41946////////////
162100   3   7   72052   2   6   62035   62011   3   7   82001   1   2   6   62023   1   4   42057////////////
162200   3   7   82153   2   6   62103   62142   2   6   62102   1   2   5   62111   1   4   42149////////////
162300   3   7   82237   2   6   62242   62246   2   6   62208   1   2   5   62236   2   4   42239////////////
162400   3   8   82333   2   6   62327   62343   2   6   62304   1   2   5   52357   2   4   42333////////////
170100   3   8   80012   2   6   60008   60004   2   6   60021   1   2   5   60012   2   4   40014////////////
170200   3   7   80152   2   6   60102   60105   2   6   60117   1   2   5   60147   1   4   40101////////////
170300   3   7   70249   2   6   60228   60227   2   6   60201   1   2   6   60233   1   4   40246////////////
170400   3   8   80338   2   6   60302   60303   2   6   60311   1   2   6   60345   2   4   50342////////////
170500   3   8   80408   2   6   60432   60402   2   6   60451   1   2   6   60409   2   4   50419////////////
170600   3   8   80503   2   6   60524   60501   2   6   60538   1   2   6   60501   2   4   40510////////////
170700   3   8   80632   2   6   60614   60635   2   6   60700   1   2   5   60632   2   4   40633////////////
170800   3   8   80759   2   6   60704   60714   3   7   80733   1   2   5   50759   2   4   40759////////////
170900   4  15  150900   2   6   60839   60816   3   7   80821   2   2   6   60859   2  10  100900////////////
171000   7  35  351000   2   6   60930   60916   3   8   80909   5   2   8   81000   5  28  281000////////////
171100  11  45  451100   2   6   61034   61015   3   8   81027   8   3   9   91100   8  36  361100////////////
171200--------------------------------------------------------------------------------------------------------
171300  13  64  641300   2   6   61206   61256   3   7   81210  10   3  10  101300  10  50  501300////////////
171400  34 128 1281342   2   6   61308   61316   3   7   81313  29   5  16  161342  27 105 1051342////////////
171500  31  65 1401404   2   6   61433   61459   3   7   81443  27   4  11  171404  25  53 1141404////////////
171600--------------------------------------------------------------------------------------------------------
171700--------------------------------------------------------------------------------------------------------
171800  12  14  501725   2   6   61724   61711   3   7   81722   9   3   6  101724   9  10  391724////////////
171900   3   7  141801   2   6   61810   61820   3   8   81830   1   2   6   61802   2   4  101801////////////
172000   3   7   71951   2   6   61901   61913   3   8   81949   1   2   6   61918   1   4   41920////////////
172100   3   8   82059   2   6   62042   62005   3   7   82009   1   2   6   62007   1   4   42058////////////
172200   3   7   82106   2   6   62133   62115   2   6   62109   1   2   6   62157   1   4   42107////////////
172300   3   7   82208   2   6   62217   62212   2   6   62204   1   2   5   62205   1   4   42208////////////
172400   3   7   82317   2   6   62303   62353   2   6   62332   1   2   6   62331   1   4   42319////////////
180100   3   8   80031   2   6   60029   60019   2   6   60005   1   2   6   60035   2   4   50029////////////
180200   3   8   80113   2   6   60136   60110   2   6   60133   1   2   6   60105   2   4   50110////////////
180300   3   8   80209   2   6   60212   60231   2   6   60211   1   2   6   60249   2   5   50207////////////
180400   3   8   80316   2   6   60338   60310   2   6   60331   1   2   5   60312   2   4   50315////////////
180500   3   8   80454   2   6   60432   60439   2   6   60411   1   2   6   60500   2   4   50452////////////
180600   3   8   80508   2   6   60555   60516   2   6   60535   1   2   6   60533   2   5   50528////////////
180700   3   8   80629   2   6   60605   60614   2   6   60700   1   2   5   60607   2   5   50621////////////
180800   3   8   80759   2   6   60714   60708   3   7   80737   1   2   5   60737   2   5   50800////////////
180900   5  24  240900   2   6   60823   60814   3   8   80802   3   2   7   70900   3  18  180900////////////
181000  12  58  581000   2   6   60926   60906   3   8   80956   9   3  10  101000  10  46  461000////////////
181100  34 101 1161031   2   6   61030   61013   3   8   81043  29   5  14  161031  28  82  951031////////////
181200  54 184 1931156   2   6   61145   61101   3   8   81143  47   7  23  241156  44 142 1601156////////////
181300  55 126 2071203   2   6   61254   61211   3   8   81219  48   7  16  251203  44 103 1631203////////////
181400  35 117 1401308   2   6   61314   61335   3   8   81317  30   5  16  181308  29  93 1161308////////////
181500  63 272 2721456   2   6   61409   61446   3   8   81419  55   8  33  341456  51 217 2171500////////////
181600  89 138 2921514   2   6   61559   61503   3   8   81600  78  11  18  361537  71 115 2351514////////////
181700  30  34 1361601   2   6   61605   61639   3   8   81610  25   5   8  181601  24  27 1131601////////////
181800   5   8  331701   2   6   61703   61759   3   8   81714   3   2   5   71701   4   5  261701////////////
181900   2   7   81801   2   6   61806   61821   3   8   81808   0   2   6   61900   1   3   51801////////////
182000   3   7   71929   2   6   61909   61903   3   8   81955   1   2   6   61927   1   4   41959////////////
182100   3   7   82023   2   6   62036   62004   3   7   82030   1   2   5   62011   2   4   42020////////////
182200   2   7   72102   2   6   62105   62149   2   6   62101   0   2   6   62158   1   4   42102////////////
182300   3   7   72229   2   6   62207   62237   2   6   62206   1   2   5   62201   1   4   42255////////////
182400   3   7   72352   2   6   62347   62316   2   6   62343   1   2   5   52301   2   4   52353////////////
190100   3   7   70049   2   6   60049   60001   2   6   60034   1   2   5   50056   2   4   50049////////////
190200   3   7   70128   2   6   60157   60143   2   6   60117   1   2   5   50127   2   4   50109////////////
190300   3   7   70236   2   6   60227   60216   2   6   60203   1   2   5   50221   2   4   50232////////////
190400   3   7   70306   2   6   60301   60328   2   6   60303   1   2   5   50359   2   4   40346////////////
190500   3   7   70408   2   6   60411   60415   2   6   60405   1   2   5   50436   1   4   40453////////////
190600   3   7   70549   2   6   60535   60502   2   6   60514   1   2   5   50501   2   4   40551////////////
190700   3   7   70606   2   6   60629   60621   2   6   60700   1   2   5   50659   2   4   40608////////////
190800   2   7   70800   2   6   60722   60726   3   7   70730   0   2   5   50800   1   4   40800////////////
190900   7  44  440900   2   6   60851   60809   3   8   80900   5   2   9   90900   5  34  340859////////////
191000  21  94  941000   2   6   60945   60913   3   7   80906  17   4  14  141000  17  77  771000////////////
191100  32  66 1271020   2   6   61028   61026   3   7   81029  27   5  10  171020  26  53 1041020////////////
191200  35 104 1621151   2   6   61117   61111   3   8   81128  30   5  14  201151  29  85 1391151////////////
191300  36 111 1391206   2   6   61213   61210   3   8   81235  31   5  16  181206  30  91 1191206////////////
191400  37  96 1811326   2   6   61400   61336   3   8   81314  32   5  14  231326  30  77 1501326////////////
191500  54 200 2321452   2   6   61456   61403   3   8   81442  47   7  27  301455  44 160 1871452////////////
191600  57 113 2071520   2   6   61546   61504   3   8   81540  49   8  17  271521  46  92 1671520////////////
191700  36  26 1401610   2   6   61605   61601   3   8   81620  31   5   6  201613  29  20 1151610////////////
191800  13  27  521720   2   6   61711   61758   3   8   81702  10   3   8  101720  10  21  421720////////////
191900   4   7  271801   2   6   61801   61824   3   8   81806   2   2   5   81801   3   4  211801////////////
192000   2   7   71926   2   6   61905   61922   3   8   81941   0   2   5   51925   1   4   41926////////////
192100   3   7   72021   2   6   62005   62017   3   7   82003   1   2   5   62021   2   4   52021////////////
192200   2   7   72101   2   6   62153   62200   2   6   62130   0   2   5   52101   1   4   42101////////////
192300   2   7   72242   2   6   62228   62208   2   6   62217   0   2   5   52238   1   4   42245////////////
192400   2   7   72315   2   6   62342   62309   2   6   62335   0   2   5   52318   1   4   42316////////////
200100   2   6   70015   2   6   60001   60024   2   6   60001   0   2   5   50014   1   3   40015////////////
200200   2   4   60102   2   6   60105   60157   2   6   60101   0   2   5   50101   0   1   30102////////////
200300   2   5   50259   2   6   60212   60249   2   6   60202   0   2   6   60255   0   2   20259////////////
200400   2   6   60340   2   6   60301   60319   2   6   60308   0   2   6   60343   1   3   30339////////////
200500   2   4   70416   2   6   60438   60424   2   6   60443   0   2   5   60407   1   1   40412////////////
200600   2   5   50527   2   6   60512   60553   2   6   60510   0   2   6   60549   0   1   20558////////////
200700   2   5   50658   2   6   60622   60658   2   6   60700   0   2   6   60653   0   2   20640////////////
200800   2   6   60800   2   6   60717   60733   3   7   70729   0   2   6   60721   1   2   20758////////////
200900   8  49  490900   2   6   60854   60841   3   7   70851   5   3  15  150900   6  39  390900////////////
201000  28 114 1530953   2   6   60954   60909   3   7   71000  21   7  21  300953  23  96 1240953////////////
201100  73 350 3501100   2   6   61048   61003   3   8   81059  63  10  45  451100  58 284 2841100////////////
201200  92 239 3371101   2   6   61146   61102   3   8   81156  80  12  30  431140  72 182 2721101////////////
201300 144 470 5271253   2   6   61221   61204   3   8   81217 125  19  65  731253 103 265 3811205////////////
201400 161 281 5231312   2   7   71350   61303   3   8   81345 139  22  34  721312  82 203 2601312////////////
201500 135 213 4931412   2   7   71453   61423   3   8   81455 117  18  27  701412  71 167 2441413////////////
201600  95 268 3431553   2   6   71502   61541   3   8   81502  82  13  35  511553  66 176 1981554////////////
201700  73 136 3341607   2   6   71645   61610   3   8   81637  63  10  20  491607  45 106 1781605////////////
201800  34  37 1421715   2   6   61701   61746   3   8   81707  28   6   8  231714  23  26 1011701////////////
201900   4   3  361801   2   6   61801   61855   3   8   81806   2   2   4   81801   3  -1  261801////////////
202000   2   4   51946   2   6   61904   61939   3   7   81901   0   2   5   71924   0   0   21917////////////
202100   1   5   52100   2   6   62004   62049   3   7   82005  -1   2   7   72100   0   3   32100////////////
202200   2   6   62200   2   6   62103   62109   2   6   62111   0   2   6   72102   1   3   32102////////////
202300   2   7   72259   2   6   62250   62209   2   6   62255   0   2   6   62237   1   5   52236////////////
202400   2   7   72301   2   6   62337   62329   2   6   62357   0   2   6   62316   1   4   52301////////////
210100   2   5   70001   2   6   60013   60029   2   6   60046   0   2   5   60001   1   1   40001////////////
210200   2   5   50149   2   6   60107   60147   2   6   60117   0   2   5   50152   1   2   20200////////////
210300   2   7   80249   2   6   60205   60223   2   6   60239   0   2   6   60247   1   4   50245////////////
210400   3   6   80312   2   6   60358   60314   2   6   60338   1   2   6   70319   1   2   50312////////////
210500   2   5   60408   2   6   60423   60448   2   6   60405   0   2   5   60403   1   1   30406////////////
210600   2   6   70542   2   6   60509   60546   2   6   60503   0   2   6   60600   1   3   40542////////////
210700   2   6   70612   2   6   60658   60608   2   6   60700   0   2   5   60613   1   3   40646////////////
210800   2   9   90800   2   6   60707   60746   3   7   70701   0   2   6   60800   1   5   50800////////////
210900   9  48  500856   2   6   60858   60844   3   7   70830   6   3  13  130856   7  38  410856////////////
211000  31 123 1231000   2   6   60944   60901   3   7   80947  25   6  18  180942  25 100 1001000////////////
211100  58 205 2051100   2   6   61059   61003   3   8   81059  50   8  28  281100  46 162 1621100////////////
211200  94 325 3331151   2   6   61149   61106   3   8   81153  81  13  43  451151  74 255 2611151////////////
211300 113 343 3781232   2   6   61246   61204   3   8   81244  98  15  46  511232  87 250 2861232////////////
211400 138 408 4561354   2   6   61355   61304   3   8   81344 119  19  55  621328  93 247 2821335////////////
211500 125 231 4791403   2   7   71445   61423   3   8   81440 108  17  32  681403  82 181 2691404////////////
211600  57  41 2601507   2   6   71503   61551   3   8   81516  49   8   8  351504  44  30 2021506////////////
211700  11  17  461619   2   6   61601   61656   3   8   81603   8   3   6   91619   8  12  361619////////////
211800   4   9  171701   2   6   61702   61736   3   8   81715   2   2   5   61702   3   5  121701////////////
211900   3   7   91801   2   6   61803   61818   3   8   81808   1   2   5   51802   2   4   51801////////////
212000   3   7   71903   2   6   61902   61931   3   8   81935   1   2   5   51958   1   4   41957////////////
212100   2   7   72021   2   6   62009   62045   3   7   82025   0   2   5   52038   1   4   42021////////////
212200   3   7   72113   2   6   62117   62154   2   6   62106   1   2   5   52113   1   4   42111////////////
212300   3   7   72239   2   6   62220   62221   2   6   62211   1   2   5   52239   1   4   42238////////////
212400   2   7   72301   2   6   62322   62334   2   6   62328   0   2   5   52313   1   4   42305////////////
220100   3   7   70055   2   6   60041   60002   2   6   60037   1   2   6   60052   1   4   40053////////////
220200   3   7   70128   2   6   60123   60102   2   6   60157   1   2   5   60130   1   4   40127////////////
220300   3   7   70229   2   6   60218   60203   2   6   60257   1   2   5   50228   1   4   40228////////////
220400   2   7   70323   2   6   60332   60336   2   6   60356   0   2   5   50301   1   4   40316////////////
220500   2   7   70410   2   6   60424   60428   2   6   60431   0   2   5   50412   1   3   40410////////////
220600   3   7   70557   2   6   60507   60531   2   6   60525   1   2   5   50559   1   4   40557////////////
220700   3   7   80655   2   6   60603   60609   2   6   60700   1   2   6   60646   1   4   50645////////////
220800   3   7   70722   2   6   60756   60721   3   7   80713   1   2   5   60701   1   4   40720////////////
220900   4  17  190856   2   6   60834   60808   3   7   80851   2   2   6   70856   2  12  140856////////////
221000  15  52  570954   2   6   60942   60919   3   7   80956  12   3  10  110954  11  41  450954////////////
221100  31 117 1191059   2   6   61048   61001   3   8   81042  26   5  18  181059  25  95  971059////////////
221200  42 158 1581200   2   6   61152   61113   3   8   81111  36   6  24  241200  34 130 1301200////////////
221300  51 148 1751234   2   6   61220   61208   3   8   81244  43   8  22  261234  41 122 1411234////////////
221400  65 166 2151321   2   6   61338   61316   3   8   81352  56   9  24  311321  53 134 1781321////////////
221500  91 265 3441435   2   6   61449   61403   3   8   81456  78  13  37  521435  66 200 2351435////////////
221600  83 100 3471516   2   6   71545   61502   3   8   81546  71  12  15  511522  59  81 2421516////////////
221700  41  84 1741627   2   6   61604   61641   3   8   81602  35   6  14  261627  33  66 1421627////////////
221800  24  38  851731   2   6   61704   61735   3   8   81705  19   5   9  161731  19  27  661701////////////
221900   5   5  381801   2   6   61803   61851   3   8   81802   3   2   5   91802   3   2  271801////////////
222000   2   6   61927   2   6   61902   61921   3   8   81913   0   2   5   61926   1   2   31927////////////
222100   2   5   62005   2   6   62027   62037   3   7   82001   0   2   5   62030   1   1   22029////////////
222200   2   6   62200   2   6   62103   62155   2   6   62101   0   2   6   62153   0   2   22159////////////
222300   2   7   72257   2   6   62209   62219   2   6   62234   0   2   6   62224   1   4   42257////////////
222400   2   5   72301   2   6   62322   62331   2   6   62314   0   2   5   62301   1   1   42301////////////
230100   2   5   50043   2   6   60018   60013   2   6   60010   0   2   6   60047   1   2   20058////////////
230200   2   6   90149   2   6   60101   60110   2   6   60104   0   2   6   60118   1   2   60104////////////
230300   2   7   70300   2   6   60204   60210   2   6   60214   0   2   6   60300   1   4   40300////////////
230400   2   6   70302   2   6   60331   60306   2   6   60355   0   2   5   60306   1   3   40330////////////
230500   2   6   70425   2   6   60448   60416   2   6   60455   0   2   6   70427   1   3   40424////////////
230600   2   7   70558   2   6   60538   60512   2   6   60538   0   2   5   60502   1   4   40559////////////
230700   3   7   70608   2   6   60635   60621   2   6   60700   1   2   5   60652   1   4   40611////////////
230800   3   8   80800   2   6   60759   60709   3   7   70711   1   2   5   50701   1   5   50800////////////
230900   7  43  430900   2   6   60806   60825   3   7   70807   5   2   9   90859   5  34  340900////////////
231000  32 115 1151000   2   6   60959   60904   3   8   80947  27   5  17  171000  25  93  931000////////////
231100  56 205 2051100   2   6   61048   61003   3   8   81059  48   8  31  311100  44 160 1601100////////////
231200  86 266 2731126   2   6   61155   61102   3   8   81158  73  13  38  411126  67 206 2131126////////////
231300 107 329 3361259   2   6   61222   61215   3   8   81219  92  15  47  491240  77 221 2291240////////////
231400 131 349 3871327   2   7   71341   61306   3   8   81355 112  19  49  561327  85 230 2481327////////////
231500 123 136 4091427   2   7   71428   61401   3   8   81459 105  18  19  591427  81 105 2561427////////////
231600  48 157 1791512   2   6   71506   61557   3   8   81508  41   7  26  261600  38 109 1441512////////////
231700  49  89 1681626   2   6   71659   61601   3   8   81641  41   8  14  271629  37  68 1271625////////////
231800  20  30  871701   2   6   61710   61755   3   8   81703  16   4   7  141701  14  20  661701////////////
231900   4   4  301801   2   6   61805   61900   3   8   81801   2   2   4   71802   2   1  201801////////////
232000   2   5   52000   2   6   61903   61941   3   7   81901   0   2   6   61957   0   2   22000////////////
232100   2   6   62057   2   6   62001   62009   3   7   72007   0   2   6   62058   1   3   32057////////////
232200   2   6   62147   2   6   62154   62106   2   6   62115   0   2   6   62101   1   2   32147////////////
232300   2   5   62208   2   6   62206   62256   2   6   62238   0   2   6   62243   1   2   32209////////////
232400   2   5   72326   2   6   62321   62303   2   6   62356   0   2   6   62335   1   2   42329////////////
240100   2   6   60040   2   6   60005   60050   2   6   60025   0   2   6   60001   1   2   20040////////////
240200   3   8   80153   2   6   60146   60128   2   6   60133   1   2   6   60155   1   5   70129////////////
240300   3   8   80208   2   6   60254   60208   2   6   60234   1   2   6   60210   2   5   50205////////////
240400   3   8   80317   2   6   60312   60318   2   6   60313   1   2   5   60318   2   4   50316////////////
240500   3   7   80404   2   6   60445   60421   2   6   60448   1   2   5   50406   2   4   40407////////////
240600   3   7   80538   2   6   60505   60558   2   6   60549   1   2   5   50541   2   4   50537////////////
240700   3   7   80630   2   6   60622   60618   2   6   60700   1   2   5   50630   2   4   50630////////////
240800   3   8   80800   2   6   60716   60726   3   8   80716   1   2   5   50759   1   5   50800////////////
240900   5  31  310900   2   6   60811   60810   3   7   80859   3   2   8   80900   4  24  240900////////////
241000  19  67  750956   2   6   60952   60901   3   8   80938  15   4  12  130956  15  55  600956////////////
241100  27  84  861049   2   6   61046   61006   3   8   81054  22   5  14  141050  22  68  691049////////////
241200  24  76  881104   2   6   61125   61108   3   8   81117  20   4  13  151104  19  59  711104////////////
241300  31 120 1381252   2   6   61211   61203   3   8   81239  26   5  18  211252  25  97 1111252////////////
241400  36 106 1151301   2   6   61312   61302   3   8   81344  30   6  16  181301  29  87  931301////////////
241500  30  68 1041404   2   6   61430   61404   3   8   81402  25   5  12  161404  25  53  861404////////////
241600  22  79  791600   2   6   61509   61538   3   8   81504  18   4  14  141600  17  64  641600////////////
241700  24  19  971625   2   6   61645   61604   3   8   81613  20   4   6  171625  19  14  781625////////////
241800   5   7  191721   2   6   61705   61758   3   8   81701   3   2   5   61721   3   4  141721////////////
241900   3   7   81819   2   6   61822   61845   3   8   81839   1   2   5   51803   1   4   41818////////////
242000   3   7   81939   2   6   61920   61929   3   8   81907   1   2   5   51901   1   4   41925////////////
242100   3   7   82020   2   6   62030   62017   3   7   82009   1   2   5   52019   2   4   42018////////////
242200   3   7   72132   2   6   62101   62108   2   6   62122   1   2   5   52153   1   4   42132////////////
242300   3   7   72208   2   6   62201   62217   2   6   62209   1   2   5   52221   1   4   42208////////////
242400   2   7   70000   2   6   62351   62338   2   6   62302   0   2   5   52359   1   4   40000////////////
250100   3   7   80014   2   6   60003   60010   2   6   60051   1   2   5   50012   1   4   40014////////////
250200   3   7   70200   2   6   60135   60114   2   6   60120   1   2   5   50129   1   4   40200////////////
250300   3   7   70208   2   6   60234   60201   2   6   60214   1   2   5   60208   1   4   40206////////////
250400   2   7   70311   2   6   60308   60330   2   6   60329   0   2   5   50321   1   4   40318////////////
250500   3   7   70443   2   6   60416   60411   2   6   60409   1   2   5   50449   1   4   40442////////////
250600   3   7   70556   2   6   60509   60506   2   6   60502   1   2   5   50538   1   4   40531////////////
250700   3   7   70629   2   6   60611   60626   2   6   60700   1   2   5   50605   1   4   40629////////////
250800   3   8   80800   2   6   60706   60759   3   8   80745   1   2   5   60744   1   4   40745////////////
250900   4  18  180900   2   6   60840   60900   3   8   80843   2   2   6   60857   3  13  130900////////////
251000  12  51  510958   2   6   60926   60904   3   8   80944   9   3  10  100957  10  40  410959////////////
251100  28 115 1161059   2   6   61046   61005   3   8   81042  24   4  17  171059  22  94  941059////////////
251200  40 140 1401200   2   6   61147   61132   3   8   81159  34   6  21  211200  33 112 1121200////////////
251300  41  59 1541220   2   6   61252   61202   3   8   81234  35   6  10  221220  32  46 1241217////////////
251400  15 124 1241400   2   6   61301   61351   3   8   81302  12   3  18  181400  12 101 1011400////////////
251500  33  97 1261407   2   6   61442   61402   3   8   81426  28   5  15  191406  27  78 1021406////////////
251600  33  57 1451515   2   6   61501   61509   3   8   81536  28   5  10  221515  26  46 1181515////////////
251700  31  83 1121634   2   6   61623   61628   3   8   81602  26   5  14  191645  25  67  901613////////////
251800  20  21 1071704   2   6   61720   61704   3   8   81702  16   4   6  181704  16  15  871704////////////
251900   4   7  211801   2   6   61824   61844   3   8   81805   2   2   5   61801   3   4  151801////////////
252000   3   7   71902   2   6   61901   61928   3   8   81908   1   2   5   52000   1   4   41901////////////
252100   3   7   72003   2   6   62024   62059   3   7   82001   1   2   5   52001   1   4   42058////////////
252200   2   7   72101   2   6   62116   62155   2   6   62119   0   2   5   52127   1   3   42101////////////
252300   2   7   72227   2   6   62211   62221   2   6   62202   0   2   5   52256   1   4   42226////////////
252400   3   7   82359   2   6   62320   62308   2   6   62311   1   2   5   52359   1   4   42356////////////
260100   3   7   80009   2   6   60042   60003   2   6   60050   1   2   5   60009   2   4   50009////////////
260200   3   7   70158   2   6   60133   60139   2   6   60130   1   2   5   50102   1   4   40158////////////
260300   3   7   70212   2   6   60240   60251   2   6   60222   1   2   5   50224   1   4   40215////////////
260400   3   7   70327   2   6   60349   60312   2   6   60345   1   2   5   50357   1   4   40326////////////
260500   3   7   80421   2   6   60448   60404   2   6   60413   1   2   5   50425   1   4   40420////////////
260600   3   7   70517   2   6   60504   60516   2   6   60528   1   2   5   50546   1   4   40515////////////
260700   3   7   80657   2   6   60649   60612   2   6   60700   1   2   6   60657   1   4   40655////////////
260800   3   8   80714   2   6   60745   60718   3   7   80723   1   2   5   60701   1   4   40714////////////
260900   4  22  220900   2   6   60833   60843   3   8   80816   2   2   7   70900   3  16  160900////////////
261000  16  48  640951   2   6   60959   60902   3   8   80958  13   3   9  110951  12  37  490951////////////
261100  14  87  871100   2   6   61023   61032   3   8   81008  11   3  13  131100  11  72  721100////////////
261200  42 153 2021150   2   6   61156   61107   3   8   81153  36   6  20  261150  34 126 1611150////////////
261300  81 190 3301247   2   6   61258   61206   3   8   81259  70  11  26  461247  63 147 2411246////////////
261400  51 142 1901311   2   6   61312   61347   3   8   81315  44   7  20  251301  42 117 1521311////////////
261500  40  50 1441402   2   6   61412   61413   3   8   81422  34   6   9  201402  32  38 1171401////////////
261600  22  21 1031525   2   6   61503   61518   3   8   81502  18   4   6  161532  17  15  841525////////////
261700  12  38  521652   2   6   61604   61629   3   8   81628   9   3   8  101651  10  30  421651////////////
261800  13  21  441716   2   6   61730   61714   3   8   81731  10   3   6   91715  10  15  351716////////////
261900   4   7  201801   2   6   61804   61844   3   8   81836   2   2   5   61801   2   4  151801////////////
262000   3   7   71923   2   6   61930   61955   3   8   81921   1   2   5   51916   1   4   41917////////////
262100   3   7   82030   2   6   62025   62039   3   7   82029   1   2   5   52030   1   4   52029////////////
262200   3   7   72103   2   6   62103   62121   2   6   62156   1   2   5   52151   1   4   42152////////////
262300   2   7   72241   2   6   62211   62246   2   6   62222   0   2   5   52241   1   4   42241////////////
262400   2   7   72359   2   6   62305   62337   2   6   62309   0   2   5   52340   1   4   42358////////////
270100   3   7   80040   2   6   60024   60035   2   6   60009   1   2   6   60057   1   4   40056////////////
270200   2   7   70101   2   6   60124   60121   2   6   60147   0   2   5   60110   1   3   40101////////////
270300   2   7   70249   2   6   60205   60227   2   6   60227   0   2   5   50201   1   3   30206////////////
270400   2   7   70342   2   6   60348   60358   2   6   60332   0   2   5   50359   1   3   30343////////////
270500   3   7   70457   2   6   60426   60421   2   6   60427   1   2   5   50459   1   4   40457////////////
270600   3   7   70544   2   6   60504   60542   2   6   60535   1   2   5   50542   1   4   40542////////////
270700   3   8   80659   2   6   60612   60635   2   6   60700   1   2   5   60633   1   4   40655////////////
270800   3   8   80800   2   6   60716   60711   3   8   80716   1   2   5   60708   1   4   40800////////////
270900   5  18  190844   2   6   60803   60816   3   8   80838   3   2   6   60844   3  12  130845////////////
271000  11  40  460951   2   6   60939   60902   3   8   80951   8   3   8   90935   8  31  350950////////////
271100  29 100 1071044   2   6   61010   61020   3   8   81056  25   4  14  141044  24  82  861044////////////
271200  44 177 1771200   2   6   61138   61128   3   8   81143  38   6  24  241200  36 144 1441200////////////
271300  27  56 1771201   2   6   61205   61252   3   8   81213  23   4  10  241201  22  43 1421201////////////
271400  19  72  721400   2   6   61352   61351   3   8   81351  16   3  12  121400  14  58  581400////////////
271500  28  29 1481421   2   6   61449   61409   3   8   81409  24   4   7  201421  22  22 1191421////////////
271600  23  88 1031552   2   6   61519   61545   3   8   81541  19   4  13  151551  18  72  851551////////////
271700  22  33  911602   2   6   61601   61608   3   8   81633  18   4   7  141602  18  26  751602////////////
271800  11  38  401730   2   6   61737   61739   3   8   81756   8   3   9   91730   9  30  311730////////////
271900   6   6  431805   2   6   61813   61855   3   8   81818   4   2   5   91805   4   2  331803////////////
272000   2   7   71947   2   6   61912   61923   3   8   81901   0   2   5   61946   1   4   41943////////////
272100   3   7   72058   2   6   62042   62014   3   7   82040   1   2   5   62049   1   4   42023////////////
272200   3   8   82155   2   6   62133   62142   2   6   62133   1   2   6   62159   2   5   52150////////////
272300   3   7   82203   2   6   62227   62211   2   6   62253   1   2   5   62207   1   4   52201////////////
272400   3   7   72305   2   6   62309   60000   2   6   62305   1   2   5   52344   1   4   42304////////////
280100   3   8   80055   2   6   60046   60049   2   6   60033   1   2   6   60024   1   4   40053////////////
280200   3   7   80101   2   6   60137   60139   2   6   60113   1   2   5   60108   1   3   40108////////////
280300   3   7   70236   2   6   60213   60233   2   6   60229   1   2   5   50229   1   4   40300////////////
280400   3   7   70304   2   6   60335   60356   2   6   60332   1   2   5   50339   1   4   40301////////////
280500   2   7   70402   2   6   60426   60401   2   6   60401   0   2   5   50402   1   4   40406////////////
280600   3   8   80557   2   6   60515   60509   2   6   60600   1   2   5   60557   1   4   40556////////////
280700   3   8   80651   2   6   60628   60604   2   6   60700   1   2   5   50604   2   5   50615////////////
280800   3   8   80800   2   6   60755   60726   3   8   80707   1   2   5   50703   2   5   50800////////////
280900   5  22  220900   2   6   60817   60809   3   8   80821   3   2   8   80900   3  15  150900////////////
281000   9  33  331000   2   6   60951   60905   3   8   80922   6   3   8   81000   7  26  261000////////////
281100   9  21  421010   2   6   61024   61100   3   8   81027   6   3   6   91009   6  16  331010////////////
281200  20  72  761151   2   6   61136   61130   3   8   81110  16   4  11  121151  16  58  611151////////////
281300  29  90 1001253   2   6   61210   61201   3   7   81256  25   4  13  141253  23  73  811253////////////
281400  39 103 1371327   2   6   61339   61317   3   8   81316  34   5  14  171327  31  83 1111328////////////
281500  50 154 1541500   2   6   61448   61409   3   8   81451  43   7  20  201500  40 124 1241500////////////
281600  55 166 1661600   2   6   61530   61502   3   8   81535  48   7  22  221600  44 135 1351600////////////
281700  72 126 2621615   2   6   61658   61616   3   8   81639  62  10  17  391615  49  96 1681615////////////
281800  20  25 1231701   2   6   61705   61752   3   8   81701  17   3   7  161701  15  19  931701////////////
281900   4   6  241801   2   6   61816   61847   3   8   81802   2   2   5   71801   3   4  181801////////////
282000   2   7   71956   2   6   61921   61955   3   8   81920   0   2   5   61955   1   4   41955////////////
282100   2   7   72002   2   6   62028   62047   3   7   82024   0   2   5   52001   1   4   42001////////////
282200   2   7   72132   2   6   62109   62128   2   6   62154   0   2   5   62131   1   4   42136////////////
282300   2   7   72257   2   6   62208   62244   2   6   62229   0   2   6   62300   1   4   42300////////////
282400   2   7   72303   2   6   62334   62313   2   6   62304   0   2   5   62305   1   4   42304////////////
290100   2   7   70100   2   6   60021   60052   2   6   60016   0   2   5   50100   1   4   40100////////////
290200   3   7   70133   2   6   60111   60113   2   6   60111   1   2   5   60135   1   4   40133////////////
290300   3   7   70238   2   6   60246   60204   2   6   60234   1   2   5   60219   1   4   40242////////////
290400   2   7   70308   2   6   60340   60310   2   6   60336   0   2   5   50347   1   4   40301////////////
290500   2   7   70404   2   6   60415   60405   2   6   60452   0   2   5   50457   1   4   40453////////////
290600   2   7   70514   2   6   60508   60538   2   6   60506   0   2   5   50514   1   3   40514////////////
290700   2   7   70659   2   6   60644   60612   2   6   60700   0   2   5   50634   1   4   40633////////////
290800   3   8   80800   2   6   60733   60724   3   7   80740   1   2   6   60744   1   5   50800////////////
290900   7  36  360900   2   6   60839   60803   3   7   80801   5   2   8   80900   5  28  280900////////////
291000  29 139 1400959   2   6   60941   60903   3   8   80957  24   5  19  190959  23 110 1100959////////////
291100  54 226 2261100   2   6   61037   61001   3   8   81100  47   7  31  311100  43 177 1771100////////////
291200  86 273 2731200   2   6   61139   61104   3   8   81137  75  11  36  361130  67 209 2091200////////////
291300 128 381 4181255   2   6   61241   61202   3   8   81253 111  17  54  581255  87 255 2671255////////////
291400  74 270 3751301   2   6   71331   61357   3   8   81319  64  10  38  531301  55 213 2501301////////////
291500  71 203 2681401   2   6   61421   61403   3   8   81404  61  10  28  371401  57 163 2121401////////////
291600  53  87 2091505   2   6   61537   61502   3   8   81538  45   8  13  291505  42  70 1621501////////////
291700  36  81 1181627   2   6   61628   61618   3   8   81603  30   6  13  181627  30  65  971627////////////
291800  17  28  781701   2   6   61713   61739   3   8   81707  14   3   7  131701  14  21  621701////////////
291900   4   7  271801   2   6   61803   61845   3   8   81810   2   2   5   71801   3   3  211801////////////
292000   2   7   71940   2   6   61906   61948   3   8   81924   0   2   5   51938   1   4   41936////////////
292100   3   7   72020   2   6   62049   62040   3   7   82045   1   2   5   52046   1   4   42046////////////
292200   2   7   72110   2   6   62120   62104   2   6   62109   0   2   5   52116   1   4   42109////////////
292300   3   7   72237   2   6   62259   62211   2   6   62220   1   2   5   52211   1   4   42235////////////
292400   3   7   72343   2   6   62305   62327   2   6   62304   1   2   5   52342   1   4   42354////////////
300100   2   6   70001   2   6   60013   60009   2   6   60058   0   2   5   50001   1   3   40001////////////
300200   2   6   70128   2   6   60103   60200   2   6   60105   0   2   5   50124   1   3   40110////////////
300300   2   7   70300   2   6   60218   60223   2   6   60205   0   2   6   60300   1   4   40258////////////
300400   3   7   70329   2   6   60354   60304   2   6   60329   1   2   5   60320   1   4   40320////////////
300500   2   7   70452   2   6   60447   60453   2   6   60401   0   2   5   60450   1   4   40451////////////
300600   2   5   70501   2   6   60501   60533   2   6   60537   0   2   5   50501   1   1   40501////////////
300700   2   7   70700   2   6   60601   60657   2   6   60700   0   2   6   60659   1   4   40700////////////
300800   3   9   90800   2   6   60703   60715   3   7   70730   1   2   6   60728   2   5   50800////////////
300900   8  51  510900   2   6   60818   60816   3   8   80844   5   3  11  110900   6  40  400900////////////
301000  37 129 1291000   2   6   60954   60907   3   8   80945  31   6  18  190950  28  97  970951////////////
301100  57 209 2091100   2   6   61053   61004   3   8   81042  49   8  29  291100  44 157 1571100////////////
301200 105 354 3691159   2   6   61200   61107   3   8   81155  90  15  50  521159  77 225 2511143////////////
301300 121 333 4471258   2   6   61224   61201   3   8   81241 105  16  44  631258  83 243 2871257////////////
301400 145 345 5011350   2   7   71350   61302   3   8   81358 125  20  47  691350  88 204 2931307////////////
301500  96 165 3901406   2   7   71401   61447   3   8   81416  83  13  22  551406  72 132 2401407////////////
301600  41 116 1531501   2   6   71502   61555   3   8   81502  35   6  18  211501  33  95 1221501////////////
301700  53 126 1761637   2   6   61608   61652   3   8   81653  45   8  20  281637  41  96 1331632////////////
301800  18  19 1241701   2   6   61713   61749   3   8   81705  15   3   6  201702  14  13  941701////////////
301900   4   6  191801   2   6   61801   61851   3   8   81801   2   2   5   61805   2   2  131801////////////
302000   2   7   71950   2   6   61903   61944   3   8   81902   0   2   5   61949   1   3   41950////////////
302100   2   7   72031   2   6   62007   62014   3   7   82050   0   2   5   62005   1   3   42029////////////
302200   2   7   72154   2   6   62121   62112   2   6   62106   0   2   6   62108   1   4   42146////////////
302300   3   7   72201   2   6   62228   62207   2   6   62214   1   2   5   62204   1   4   42204////////////
302400   2   7   72307   2   6   62305   62301   2   6   62315   0   2   5   62340   1   3   42309////////////
310100   3   8   80100   2   6   60017   60056   2   6   60006   1   2   6   60058   1   5   50100////////////
310200   3   7   80114   2   6   60142   60111   2   6   60159   1   2   5   60120   2   4   50114////////////
310300   2   7   70201   2   6   60236   60201   2   6   60255   0   2   5   60205   1   3   40201////////////
310400   2   7   70359   2   6   60302   60314   2   6   60305   0   2   5   50343   1   4   40400////////////
310500   3   7   70427   2   6   60417   60452   2   6   60406   1   2   5   50419   1   4   40419////////////
310600   3   7   70555   2   6   60527   60526   2   6   60506   1   2   5   50533   1   4   40600////////////
310700   3   7   70649   2   6   60639   60605   2   6   60700   1   2   5   50634   1   4   40647////////////
310800   3   8   80800   2   6   60706   60724   3   8   80730   1   2   5   60733   1   4   40755////////////
310900   4  18  180900   2   6   60813   60846   3   8   80806   2   2   6   60900   2  13  130900////////////
311000  14  87  871000   2   6   60958   60928   3   8   80958  11   3  13  131000  11  71  711000////////////
311100  43 183 1831100   2   6   61047   61002   3   8   81024  37   6  22  221100  34 145 1451100////////////
311200  68 130 2611117   2   6   61150   61107   3   8   81149  59   9  17  331122  54 103 2031117////////////
311300  26  82 1271201   2   6   61203   61205   3   8   81208  22   4  13  171201  21  68 1011201////////////
311400  31  80 1031323   2   6   61313   61339   3   8   81307  26   5  13  151323  25  64  841322////////////
311500  34  68 1151422   2   6   61413   61404   3   8   81426  29   5  10  181422  26  55  871431////////////
311600  19  43  671501   2   6   61505   61516   3   8   81501  16   3   8  101504  15  34  551504////////////
311700  14  35  441607   2   6   61641   61603   3   8   81616  11   3   8   91607  11  27  351607////////////
311800  11  17  391725   2   6   61703   61730   3   8   81704   8   3   6   81724   9  13  301725////////////
311900   4   7  171802   2   6   61807   61832   3   8   81809   2   2   5   61804   2   4  121802////////////
312000   2   7   71901   2   6   61904   61926   3   8   81905   0   2   5   51941   1   4   41958////////////
312100   2   5   72005   2   6   62039   62022   3   7   82001   0   2   5   52006   1   1   42006////////////
312200   2   7   72148   2   6   62107   62130   2   6   62117   0   2   5   62153   1   3   42145////////////
312300   2   7   72203   2   6   62203   62218   2   6   62211   0   2   5   52205   1   3   42204////////////
312400   2   7   72322   2   6   62339   62315   2   6   62301   0   2   6   60000   1   3   42312////////////
