58265 2011   071213603204   65   24 6670   55    1--------------------------------------------------------------------------
3021555556565555565656565656575656565757575858596059606162626363636363646464646565666667676868697069696970697170696970706969
3022686870696969697070706867686768676869676768686968676869696869697071717070697171707070686969707169706970697172717169676665
3023646564646363636363646365636564646364636464636464646565646566656665656565656465646464646565646464646465656565666566666666
0100666666666666676767676767676869686969707070696968696870686868686867676767686967676768686969696968686767676868686767666766
0101666666666666666767678068686868686969696969696970697070707070707070717071707070717171707070707070707069696969686868686868
0102686869696969696969697070717172727273737373747474747475757575757575757575767676767676767676767676767676757675767576757575
0103757575757575757575757576767676767676767675757575757474747474747474747474747575757575757575757575757575757575757575767575
0104757576767676767676767676767676767676767676767676777676767677777777767776767677767574747373737373737373737373737373737273
0105737373737373737373737373737373737373747374737575748574757574737575757576767675757474767575767575757575757576767676767677
0106787878777777767677797978777676777879787979797878787878787878797877777778777776767675747474747474747474747474747575757575
0107757575757575757575757575757575757575757676767676767576767676767777777777777778787878787878787878787978787878787978787878
0108787878787878787878787877777777777776767676767676767676777676777777777777777777777777777777777777777777767777777777777777
0109777777777777777777777777777777777878787877787877777878777777777777777777777777778777777676767676767575757675747574737374
0110737373737373737373737373737172727171717171727273737373747474747474747474737474757575757576747474747474747474747474757474
0111747474747474747474747474747474737373737373737372727272727171717172727271717171717071717171717170707171717171717272717171
0112717171717272727272737373737474747373747474747474747474747474747474747474747474747474747474747474737375747474747474757474
0113747475747474747474747473747373737373737373727271737171717272727172727272727271717070717171717171706971707070707070707070
0114717070707170707070717170717172717171707170707070717170707070707170707070717171707170707070707070717070707070707070717171
0115707070707071717171717170707070707070717170717170696969696969697069696969696868696969686968686868686868686768686968676767
0116676768686767686867676868686868696868676766666566646464646565666567676667666566666666676767676869676767676768686767686766
0117676666666766666666666766666566666466666666666667676767676566666666666667686768686868686868696969686869696968696969686969
0118696969696970706969697070696970696969706970707070707070717070707170707070707070707070707070707070707071717171717171717071
0119707071707170707070707170706970696969696969696969696969707070707070707070707070707070707070707070707070707170707070707070
0120707170707070717171717172727271717172727272727273727372727373737373737373747475757675757676767677767777787878787978797979
0121797979797979797979797979797878787878787878787878787979797878787878787777777777777777777777777777777777767676767676767676
0122767777787779808182828283848485868788888990909091919192929292929292929292939393939393939393939393939393939393939393939393
0123939393939393939393939393939393939393939393939393939393939393939393939393939393939393939393939393939393939393939393939393
0200949393949494949494949494949494949494949494949494949494949494949494949494949494949494949494949394949494949494949494949494
0201949494949494949494949494949494949494949494949494949494949494949494949494949494949494949494949494949494949494949494949494
0202949494949494949494949494949494949494949494949494949494949494949494949494949494949494949494949494949494949494949494949494
0203949494949494949494949494949494949494949494949494949494949494949494949494949494949494949494949494949494949494949494949494
0204949494949494949494949494949494949494949494949494949494949494949494949494949494949494949494949494949494949494949494949494
0205949494949494949494949494949494949494949494949494949494949494949494949494949494949494949494949494949494949494949494949494
0206949494949494949494949494949494949494949494949494949494949494949494949494949494949494949494949494949494949494949494949494
0207949494949494949494949494949494949494949494949494949494949494949494949494949494949494949494949494949494949494949494949494
0208949494949494949494949494949494949494949494949494949494949494949494949494949494949494949494949494949494949494949494949494
0209949494949494949494949494949494949494949494949494949494949494949494949494949494949494949494949494949494949494949494949494
0210949494949494949494949494949494949494949493939393939393939393939393929292929292919191919191919090898988898888888787868787
0211868685858586858585868685848485848585858585848485858484848485848483838484848484858484848484848484848484848584858585848484
0212848484838484848484858585858585858585858585858585858585848484858584838383828382828282818282828181818282818181807980797980
0213808079787978777777777776787777777777777877757676777777777575767676767676767777777777767677777777777777767675757676767676
0214767776777676767676767575757676767576757576757575767574747475747473737474747474757272707172737373727274727373727273737272
0215737273717373727272747272727272727372727272717071717171737374727271737272727373737272737272727171727373747271707171717171
0216727170717271717170717271717171717172717170707171717272727373737472727373727171737172717171717070717171707171717171717171
0217727272717272727273737272717271717172717172707070706969696970706969686767666768666769696968686767686767686868696867676868
0218686868686869697070706969686969696870696969696970707070717170707071717071717171717271707070717171717172727272727272727272
0219737273737373737373747373737474747474747474747474747474747475757474747575757575757576767676767676767677767777777777777777
0220777777777777777777777777777777777777777777787878787878787878787878787879787878787878797979797878787878787878787878787979
0221797979797979797979797980808080807979797980808080808080808080797979797979797979797979797979797979797979797979807980798080
0222808080808080808080808079797979797979797979797979797979797979797979797979797979798079797878787878787878787877777777777676
0223777777777777767777777777767777777777777677777776767676767675757575757575757575757575757475747474747474747575747474757575
0300757575757474747474747474757575757575757575757575757575757576767676767676767676757575757576767676767676757575757575757575
0301757575757575757575757575747575747474747474737374747474747373737474747474747474747474747474747474757575757575757475757575
0302757576777676777777777776767675757474747475757575747575757576757677767776767676767676767676767676767675767676767777777979
0303797980808080808080818181848181818182828282828182838383838383848382828283848383838283838384848484848484838484838383838383
0304848384848484848483838383838283838484848484848484848484828383848482828382828282828282828181828282818282828283838382828283
0305838383838382828282818181828383838383848484848484858484848585848485858585858585858586868585868686858585858585848383838282
0306828282828282828281818181808079797979797979797979797979798080808080808181828282828383838383838383848484838384848484848484
0307838382828281818080807979797979797979797979797979797979867978797978787878787878787778787878787878787777777777777777777778
0308787778777878787777777777777676767676767575757575767675757575757574747574757474747474747474747474747474747474737474747474
0309747474747474737374747474747474747474747374737474737374747373737473737373747373737373737373737373737473727272727272727272
0310717171717171717170707070707071707170706968696968686869696869686869696970696970707070707070707070707070717070697071717170
0311707171717171717271717171717170707171717070717070697070696969696970696969696969686970627069707070707070717071717171717172
0312717171717171727271717272727271717171727271727272727272727272727272727172727171717172727272727272737273737372727273737373
0313737374747473737373747475747474747474737474757474747474747575747575757575747474747474747474747475747575757575757575757576
0314767676757676767676777776777676767676767676767677777878787878787979807979807980808080797979797979808080808080818182848587
0315888990909191919292929292929292929293939393939393939393939393939393939393939393939393939393939393949494949494949494489494
0316949494949494949494949494949494949494949494949494949494949494949494949494949494949494949494949494949494949494949494949494
0317949494949494949494949494949494949494949494949494949494949494949494949494949494949494949494949494949494949494949494949494
0318949494949494949494949494949494949494949494949494949494949494949494949494949494949494949494949494949494949494949494949494
0319949494949494949494949494949494949494949494949494949494949494949494949494949494949494949494949494949494949494949494949494
0320949494949494949494949494949494949494949494949494949494949494949494949494949494949494949494949494949494949494949494949494
0321949494949494949494949494949494949494949494949494949494949494949494949494949494949494949494949494949494949494949494949494
0322949494949494949494949494949494949494949494949494949494949494949494949494949494949494949494949494949494949494949494949494
0323949494949494949494949494949494949494949494949494949494949494949494949494949494949494949494949494949494949494949494949494
0400949494949494949494949494949494949494949494949494949494949494949494949494949494949494949494949494949494949494949494949494
0401949494949494949494949494949494949494949494949494949494949494949494949494949494949494949494949494949494949494949494949494
0402949494949494949494949494949494949494949494949494949494949494949494949494949494949494949494949494949494949494949494949494
0403949494949494949494949494949494949494949494949494949494949494949494949494949493939393939393939393939393939292929292929292
0404929191919190908989898989898989898989898989898989898989898989898989898989898990909090909090909090909090909090909089898988
0405888888888887878887888888888888888888888888888888888888888888888888888888888888888888878787888888888888888787878787878888
0406888888888888888888888888888888888888888888888888888888888888888888888888888888878787868686868686868686868686868686878786
0407868787878787878787878787888888888888888989898989898989898989898989898990908989898888888887878787878787878787878787878787
0408878787878787878787878686868787868685858586868686868686868687868685858586858685858586868585858585858585868685868686868686
0409858585868585858585858685858686858585858585858484848585858585858585858585868585868585858686868686868686868686868586868585
0410858484848485858585858585858584848585858585848485858585858485858585858584848484838484848483828282828182838282828383828282
0411818283828282818182818281808180818180818080808080808080808080808080818280808080818181808081818181818181818180818181818182
0412818181818181818281828282828282828282818282828182828181818080808181808080798080798079808078788078797878777878777878787878
0413777778787777777776767676757676767576747575737473737475737374737272727371727171696971727069686768697072696868696767666768
0414676566666567676967666565666767686666676667676768696767686766666766676768696868686968696869676666656566676666666667696868
0415686968686768666667686666676865646464646565656464656566636463636464636261626364636364626265626061626362616260616262616162
0416636263626162646162616162636362646463646462616264626261616060616061596060595960595961616262616161616261616262626261626364
0417636161616261616161626260606060626159595960606058605958606060585757565657575959606160596061616160616162626261636364656566
0418656665666566656565666665656464666767646564656765676767666767646566656667666565656666666665656667676666656566666565656565
0419656667666766666666666667656665656566666564656565656566666667666665666666666666666667676767676968686867676868686767676768
0420686868697070717070707070717070706969696970697070707171727170696969707072727272737172737274757372737574747476757577767877
0421777778777881818080798078787676767778808180777676777779787878797978787879798181818181828281818282818181818282828282818182
0422828282818180808081818181818282828383838482838384848484838383838383838383828282848585858585858685858484828182838484848485
0423858585858585858585848484848485868686868686868685848484858585848483838484848383848484848484848483838283848584848383828281
0500828382828283838282828182828281818182838485868686878787878788888989898989898989898989898989898990909089898989898989898989
0501898989898989898989898989898989898989898989898989898990909090909090919191919191919191919292929292929292929292929292929292
0502929191919191919191919191919292929292929292929293939393939393939393939393939393939393939393939393789393939393939393939393
0503939393939393939393939393939393939393939393939393939393939393939393939393939393939494949494949494949494949494949494949494
0504949494949494949494949494949494949494949494949494949494949494949494949494949494949494949494949494949494949494949494949494
0505949494949494949494949494949494949494949494949494949494949494949494949494949494949494949494949494949494949494949494949494
0506949494949494949494949494949494949494949494949494949494949494949494949494949494949494949494949494949494949494949494949494
0507949494799494949494949494949494949494949494949494949494949494949494949494949494949494949494949494949494949494949494949494
0508949494949494949494949494949494949494949494949494949494949494949494949494949494949494949494949494949393939393939393939393
0509939393939393939393939393939393939393939393939393939392929292929292929292919191919190909090909090909090909090909090908989
0510898989898989898989898989898989898989888888888888888888878787878786868787878787878787878787878787878787878686868686868584
0511848484858484848485858585858585858585728686868584858585858584848485858484848484848484848484848484848484858585858584848483
0512848484838383838383838384848483828383838382838382818181828283828282828283838383838483838382838181818281818181807980797878
0513787878787878787978777777787878787778777776777777767776767776757675777675757474757473747576767575767776777778787879798079
0514798080798079787878797978797878787979797778777877777878777677787777777776767676767776747575767676767677777777767677767676
0515767576777776757676747476757575767675767676767677767676767777777778697878777676777677777777777778777878777777787878787777
0516787877787878787877787978787878777778787978797877787878787877777878787879787878787878797979797979798080808080808080808080
0517818181818181818282828282828283838383838383838383838382828282828382828282828282828283838282828282828282818181818282828282
0518828383838383838383838384848484848585858585858586868686868686868686868686868686868686878787878787888888888888888889898888
0519888888888786868686858585858585858585858585848484838383838383838282828283838384848484848484858485768484848483838383838382
0520828282828282828282828282828383838383838382828383828282828282828282828282818181818080797878787878787877777777777777777777
0521777776767676767675757575757575757575757474747575747575757575757575757575757575757575757575757575757575757575757575757574
0522747474747575757574757575757575757575757575757575757575767676767676767676767676767676767676767676767676767676767676767676
0523767676767776777777777777777777777777777777777777777777787878787878787878787878787878787878787879797979797979797979797878
0600787879797979797979797979797979797979797979797979797979797979797979797979797979808080808080808080808080808080808080808081
0601818180808180818180818181818181818181818181818181818181818181818181818181818181818181818181818181818282828182828282828181
0602828181818181818181818181818181818181818181818181818181818080808080808080808080808080808080798080808080808080797979798080
0603808080807980808081818182828282838383838383838384848484848484848484848484858585858585858585858585858585858585858585858585
0604858585858585858585858585858585858586868686868686868686868686868686868686868686868686868686868686868686868687878787878787
0605868787878787878787878787888787878787878787878787888888888888888888888989898989899090909090909090909090909090909090909090
0606909090909090909090898989898989898989898989898989898989898888888888888888898989898989898989898989898989898989898989898989
0607898989898988888888888888888887878888888888888888888888888888888888888888888888888888888888888888888888888888888888888888
0608888888888888888888888888888888888888888888888888888888888889898988898988888988888787878787888787878787878787878786868685
0609848585868686868586858584858586868585858686858686858484858585848484848384848483838383828383838382828181818182828181808080
0610818181808080818180808080808078797979767674757677777776747373737473737370717171707172717172727272737373747473727274747373
0611737373737273727272727271717171717171707170717272727069686869686868686767686967676564646566656465666565666665646666666666
0612676666666767666566666867666768676666676867686869696969696970717171716969696769706968686567686869656466666666666767656665
0613666666646666666566676766666867666565676868676767686969696968686869686868686868686969696969686968686869696968696868686968
0614676767696969697069686969697069686869696969696970707271716969706968697070707071707070717170707171707070717171717171717272
0615727173727271717171707171717171717171717373727273727374747272737273727373727272737373747473737272737373747475757573747476
0616747374747574747373737373747574737473747475767675757675737273747575757575767775757678787776767676757372737574757576767677
0617787778777674757473747374757474747373747374737373747376767675757575757574757473747575757473737574747474747575767574757574
0618757575757675767776747576747777787776767777777677767776767676767575757676777775757676767676767676767676767675767676767676
0619767777767575757575757576767676777777777878787879797979797980808080808080808080808081818282828282828282828282828282828383
0620838384848484858585868586868585868483848484838482828381828281818080818181807980797778787877787979798081818282848384848484
0621838383848485858586868686868686878787888788888888888989898989898989888989898989898988888787878887888888888888888889888989
0622898989898990899089898989898989888889898989909090909090909090909090908989898989898989888888888888888888898988888888888888
0623888888898989898989898989898888888888888888888888888887878787888788888787878787878787878888878888878787878787878787878888
0700888888888888888888888888888889888888888888888889888888878888878787878787888888888788888888888888888888888887878788888888
0701888888888888888888888888878787878787878787878686868686868686878787878787878787878787878888888888878888888888888888878887
0702878888878787878787878787878787878787878787878787878787878787878787878787878787878787868686868686868686868686868686868686
0703858686868686868686868686868686868686868686868685868686868686868686868686868686868686868685858585858686868686878787878787
0704868787878787878686878787878786868686878787878787878787878787878787878787878788888888888888888888888888888888888888888888
0705888888888787878787878888888888888888888888888888888888888888888887888888888889898888888989898888888887878888888888888888
0706888888898989898989909090909090909090909090909090909090909090909090909090909090909090919191919191919191909089888887878888
0707888888888888888787878787878888888888888888888888898989898989898989898989898989898989898989898989898989898989898989898989
0708898989898989898988888888888888888888888887878787878686878787868686868787878787878787878686878787878787878687878686868686
0709878786878781868686868585858686858685858585858484848484848483838484848484848383848383838484848484848383838382838383838483
0710848482828181818180798079797980797880818282828078777778797980797877797676757575767675757575757475747475737473757474747475
0711747273747572706967686869706970696968697069697069706868676967686769686667666768676667666967676668666868696766666765656565
0712636363666563646363656564656464656463616059596061606059606059606161606162616060596059585858585757565757595858595960595759
0713605859585960595960606059616060606057605865585858595758555758565756565554565553505154555352504951484848484849464545464949
0714484447454339373030323233333433313230323230353032333438343528343133343132303033313335353433323235323231313132323332313133
0715313229292931342929293130302827303227262726272729292825252324272424262525262726232323242625242523232324232425262722212221
0716232423252322232223242223232323232423232323242323242425242726272527242626252626262525232426252425242523252726262425282727
0717252725242727262625272824252627263030272729262725282626252830262726262864293030313132313331322729292629262928292828282626
0718242526242427272626272626252627262527262626272828283030302828292828292829282827282929313132333232313130313333323433333534
0719343432323334333332333334343437353435373636373534343335343436363738384141424140404140434444454545454645474748474948474850
0720464549534646505152545258575453565657575859616062616161586061606362616162626262625859616163636164616268676363656665656564
0721646565676767686972686967686767676767676968666665656772717174747573727271737473737272727373737272717192707170727372716968
0722676767676970706971717373757474747474737374757678787775747474747472707171707172727272727072727070707172747373757675757676
0723747475767674767675767879808080808181818181807978787979798081828181838082858585848483838384838281818080797979807978798081
0800818181828283838382807879797980797779777677787777787780808079797978798080808282838382828282808079797978777879787978798080
0801808180808181818283838282818079808080818182838382817980808080787980808283828283848282828181817979818283828080818080797879
0802797978757372706867676766666666676666666666676868676767676766666666676666666767676768697170707171717474757475747577798079
0803807981828281818182817879798082828383838383848383818177747578777779818081797878797979808080818181818080808079798079808180
0804798078777776777774747575727170706968696868686970696969697069737375767676787877798080787979798080818180808180808079788081
0805807980808081808080818080818079808180788082838281818178788081828381817976757472727069696969676767697169707069717272727274
0806737170717272707171717272737375757674747575757576757779807981818179787981828283838383828485848383838384848384838384848483
0807828283838383838485858584848585868685858585868686868686868686868686868685858485858484858585848485848585858382818384848484
0808848484838284848585848485848282838179808182838282828182818081828383828181818180808079797777777776757575757574737373727373
0809727271727272737272727271727372727173727272737373717170706969707069706968687069696767686867676866666666666566656566666666
0810656465636363646263626261596060616159596060585958575958585858595856575657575856575355565454545456545252545351535554555353
0811555553514954514850494847484950464645444643434647474144464342434443413941404243424142414041424244434444434142404242424242
0812434141414041424142414138394139394140404141404040384142373940403939414140393837393938373739404042383640384040374338394038
0813404041414242414442424344434443434342414343454039373535323434363437363335343532333636383635373434353333343436353637343435
0814343536393638394037373839373736373934363634353734343535343534353634353535373835363737353739383636353536343335363434343836
0815373535343737323235343438343438343435353335353538333636343334333436343532333233323533373535343733343435363334323434323434
0816343436343333353332353736343433363434353332323232333331333231313233323433343334313131313134343331323231313233313131323132
0817313234323230333130303031303132333333313030323131313332353230293031303031303232303032313030313230303132313332323232323130
0818313130313132323232323232323231313231303131303130303231313130323431323332313233313232323132313233313232323231333231333131
0819303031323333323030313333323333333434333334333434323434343434343434373636343435343333343534343434343334343636363835373635
0820373739393837373839393940414041414241434344434343424342414242424242424141424242434243434243434343434342424243424243444444
0821444444434444454446454544444444444344444444454545444545474747484747484849505151505052515252525451515153525151505253555554
0822555556575960585960606061616161626362626262636363646365656566666666656568676866676867676565677071696969687274747474767473
0823737372717273737374747272737678777574747575757475757574747474747475747576767575757677777777767677787979777780818177777876
0900787877777778787878787980797979798082828283818079818180808078797980798080808281808080797980828383818181808080797878797978
0901787979808282818180808082828181818281808080807979798080818081808181818182828181818081818080808079798079808079808080828282
0902828282828282838382828282828282838383848484848484848484848383848383838483838484848484848585848484848484858483838484838384
0903848384838382828282828282838383838484848484848484848484848484858484848484848485858585858585858586868585868585848383848483
0904838282828282818181808080807979787879797980797979797979797879797979798080818282828283838384838484838384848484848484848485
0905858584848383838383838383848483848484858585858585868687878787878787878787878787878787878888888888888888888888888888888888
0906888888898989888888888888888888888888888888888989898988888888888888888888888888888888898989898989898989898989898989898989
0907898989898888888989898888888889898989898989898989888888878786858484838383838282828282828281818283838384848483838484858483
0908838383838283838381818081828080808078777777777776767675757576767676767675757574747374747374737372727272747372717171727272
0909727372737373747473737474737272727170706968696766666766666665656461616161626261616362616162636262626261636263616261616262
0910636463646565666565636363626262616160616260606059595958575757585757525250515454565348495351515151515249505050515150494849
0911505150504949507849474849514947504647454848474745454344464746464544444544444543434546464442414042444444464246444346474646
0912474847464747454749495047464746484847454548464546474647454546454544454546444446454443444244434546464646464546444544444345
0913444443454646464648454645434546414443454241424041444644454443444547464346454645444542454541424242414140434140434137424339
0914383739383638343537383636323329303333323331333430303232333231323029292930293233313132303132313032313131272931302931312930
0915313131323333333233353333333233313436363634325833343437353433333534343435333532323434343432343435353834353435363937373634
0916373738343635373839353634343436343434333536363635343434343433353436333232343743434749505151505253535353535454545454545554
0917535352535253535353535252525252525252515151515251525153535352525152515252535353535454535353535352525250515151525151515151
0918515252535352525252525352535454535453545454535454535352535453545454555555555757575757555556575758585859595959616060606060
0919616061616060606161626161616262636363636364636364646464646564656565646565658165656565656465656565656566656565656566656666
0920656565656665656666656565666565656465646464646463636363636260616059595958585857575656555555555455555454535354535454545454
0921535252525252515252525252535353535354545454545555555555545454545454545453535354535454545455545455555454545555555454545455
0922545554555555565554545454545454555454535354545454545454545454545455545554555555555656565656565656565656565656565656565655
0923565656575656565656565656565656575757575757575757575757585858585959595959596060606060606060606060616161615861616261626262
1000616262626262626263636363636363636464646565656565656565656565656666666666666666666666666667676767676767676767676767676767
1001676768676767676767676767676767676666676666666666666666666666666666666667666666666666666666666666666766666666666666666666
1002666667676767676767676767676868686867676767676767676769697069697172727272727272727272727372727272727373727273737373737373
1003737373737373747374747474747474747474747474747474747474747474747474747474747474747474747475757575757575757474747474747474
1004747473737373738274747474757575757676767777777777777878787878777777777777777777777777777877787878787778787777777777777676
1005767676767777787879797980798079808080808080808180808181808080808080808080808080808080807979797879797979797979797979797979
1006797979797979797979797979797980797980808080808181818282828282828282828282828282828282828181818181818180818080808080808180
1007808080808080808181818282828282838383848484848484848484848485858585858585858585858585858585858585868686878787878787878787
1008878787878686878787878888888887878787868687878787878787878787878787878686868686868787878686868686868687868686858585868686
1009868686868686868787878787878888888888888888888888888888888888888888888888888888888888888787878786868686868686868686878687
1010878787868686868687868686868686858585858484848484848485858485858585858585868585868686878787878787878787888887878686868686
1011868686858585858585858584848483838383838383838384828283828384848483838282818181808181818182828182828281818181818180808080
1012808080807980797980788080818182828382838383838483848483848484848484838282828382828383838383838383838383828283838382838383
1013828383838282838383848483838483828282828281828383828282818181808181818181818282828181828281818181818282828282818282828382
1014838282828282828282828182828282828181828181828181818181818181818181828181818281818079798080808080808080798080807980808080
1015798080787878777878777878777777777777777879797878787877787777777777777676777778777776777777767677777877777777777778787879
1016797979797979807979808079808179797979797979808079808080808080807979787878787878787878787978797979797978798079787878787778
1017777778797777767776777777777776767776767676767677777777787879787777777878777778787878787878787979797978787879787979787979
1018797979797979797978787879787878787879797979797979797979808080808080818080808080808080818182818181818181818181818282828282
1019828282828283838383838383838383838483848483848483838383838383838383838383838383838383838383838383838383838382777371737677
1020787979798080808081818080808079797979797979767676767676747271706969696969696969696969707071717272727373737374737374737373
1021737474747475757576757676757575747575747373737372727271717171717272727272727272727273737373737375767676767877777878757473
1022727372747372727373727271717272717272706766656666666666666666656565656566656261616262626262626262636364636462616161606060
1023616364666667686869697070717272727273737372717171717171717172717171717171717171707069696868686766666665656465656465656363
1100626363626262616162626263636363636464636464646464646565656568696867676767686867676767676665656565656464656465646564646363
1101636363636363636263636362626262626262626262626263636362626363636262636363626364626262626262626363626262636363646463636363
1102636363646464646564667071707173747677767778798080828281828281818079798181818182828385858585858586868686868686868686868686
1103868685848485858585858684848484838585868684858483828282828383848483818182828383828382808282828282818282838281808181807978
1104787979798082818182828383848383848382848484838282818183838483838383838181818183848484858383838383838485858685858484848483
1105848485868787878787878888888888888888888888888888878887878787878787878787878787878787888888878888888888878787878888888787
1106878787888888888888888888888888888988888888888888888988888888878787878888888787878787888888878787878787868686868787878787
1107878787878786868686868585858585868686868687878787878786858686868686868686868686868686858484848484848484838282838382828283
1108838384848585868686878786858586868787878888878786868686878787878786858585868686858585848585858585868686868787878787878787
1109878787878786868686868687878787878787878787878787878787878687878786858686878786868685858585858484848484848484848382828182
1110828282838282828282828282828282828283838382838283828282818282828282828282838282828283838383838283838383838484858483838484
1111848483838484848484858584848484848484848585858585858585858585858484858584848484858585848584848484848382848484838383838382
1112838383838384838384848384848383828384828181818282828282828281818182818180808081818181808180797980818080808079808179797980
1113808080808081818280797979807879798080807980798080797978787979808079808080808081818181828283838484858585868585858585858585
1114858585858585858484848484848484838383838483838383828283828180818282828383828282828283828283838383838383838384848383838383
1115828383838281818281828282828282838282838383848485858586868787878788888888888888898989898989898989898989898989898989898989
1116898989908989898988888888888888888887878787868787878787878687868686858686868686858485858686858585858585868685848585858585
1117848484858585848484848484858585858584848484838484448383838383838383848383848383838383848484838283818282828182828182808181
1118818081818181818181828181808081808081818081818181818181818180818181828182828282828282828181818182828282828281828282828282
1119838283828382818282828282818283838383838383838384848486868685868686868686868685858585858585868686858586868686868585858585
1120858585858484858585868685858585868586868685868585858585858585858686868787878787888888888888888889898989898989888888888989
1121898989909090909090909090909090909090909090909090909089898988888787878788888888588989898989898989898988888887878787878787
1122868686868686868686858685858585858586868686868686868686868686868787878787878686878787868686868686868787878787878686868686
1123868787878686868686868686868686868686868686868686868686868686868686868685868686868686868686868686868686868686858686868686
1200858585868686868685858585858686868686868686868686868686868686878787878787868787878787878787878787878787878787878787878787
1201878787878787878787878787878788888787878787878787878787878787878787868686878786868686868687878787878686878786678686868686
1202868686878787878687878786868686868687878787878787878787868787878787878787878787878787878787878787878787878787878787878788
1203888888888888888887878787888888888888888888888888888888888888888888888888888888888888888888888888888888888888888888888989
1204898989898989898989898989898990909090909090909090909090909090909090909090909090909090909090909090909090909090909090909090
1205909191919191919191919191919191919191919191919191919191919191919191919191919191919191919191919191919191919191919292929292
1206929292929292929292839292929292929292929292929292929292929292929292929292929292929292929292929292929292929292929292929292
1207929292929292929292929292929292929292929292929292929292929292929292929292929292929292919191919191919191919191919191909090
1208909090909090909090909090909190919191919190909090909191919091919191919191919191919191929292929292929292929292929292929292
1209929292929292929292929292929292929293939393939393939393939393939393939393939393939393939393939393939393939393939393939393
1210939393939393939393939393939393939393939393939393939393939393939393939393939393939393939393939393939393939292929292929292
1211929292929292929292929292929292929292929292929292929292929291919191919191919191919191919191919191919191919191919191919191
1212919191919191919191919292929292929291919191919191919191919192929292929191919191919191919292929292929191919191919190909191
1213919090909090909090909191919191919191919090909090919090909090909090909090909090919191919191919191919191919191919191919191
1214919191919091919191909090898990898990908989898888898989898889898989898989898989898989888888878687878786868787878787878787
1215868686878787888887878887878787868585858585868687868686868686868585858585858586868686868685858585858585868586868686868585
1216858685858585858585858584858585858585858585858484848584848585858584858584848585858585858685868686858586868585848585858485
1217858586858485858584848484848383848484848384838383838384848384848384848383848383848383838383828383838483838384838282838383
1218838383828282828382828282828282828283838382828283838283838383838484838383848484848384838383838383838384848383838384848484
1219848483848484838483838382828283838282828281828282828281818181818181818180808180818181818182828181828281828282828282838282
1220828282828283828181818181818181818181808081808080818081808080808080828282828282828282828281828282818282818181818282828282
1221838483838284848486868686868686858584848383838383858586868584868687878787888888888888888888888888888989898989898989898989
1222898989898989898989898989898888888888888788888787878787878787878685838383838383848585858484848485858584848484848484848484
1223838384848484848484858585858586868686868686868686868686868686878787878787878787878787878787878787878787878787878787878787
1300878787878787878787878787888888878787878787878787888888888888888888888888888888888887878787878888888888888888888889898989
1301898989909090909090909090909090909090909091919191919191919191919191919191919191919191929292929292929292929291919191919191
1302919090909090909090909090898989898989898989898989898989898989899090909090909090909090909090909090909090909090909090909090
1303909090909090909090909090909090909090909090909090909090919191919191919191919191919191919191919191919192929292929292929292
1304929292929292929292929292929191919191919191919191919191919191919191919192929292919191919191919191919191919191919191919191
1305919191919191919191919191919191919191919191919191919292929292929292929292929292929292929292929292929292929292929292929292
1306929292929292929191919191919191919191919191919191919191919191919292929292929292929292929292929292929292929292929292929292
1307929292929292929292929292929292929292929292929292929292929292929292929292929292929292929292929292929292929292929292929292
1308929292929292929292929292929292929292929292929292929292929292929191919191919191919191919090909090909090909090909090909090
1309909090909090898989898989898989888888888888888888888888888888888787878787868583848484848585858584858484848585858686868687
1310868786868686878686868786868686878686858585858585868685858585858585868585848584848484838484858385848383838384848484848483
1311848484838282828382828283828182818281828382818182828181818181808181818081828181828180808182818181838281808181808080808180
1312808080808080808080818181828181818080798078787877777878787878787776767675767775757475777676777877787777777777787776767677
1313777777787879787777767777767575757474757574747374747574757474757474737373747473757574747474767574747574747474747374767474
1314727475747375737373737474747474757374737375737374737473737472727272717171717171717171727171717272717072737272737575767575
1315767677767575747575757474767474737374747372727372717271737373747373727374767576747373727373757572737472737473747373717373
1316737273727172727172717273737271727171737071737171717071717171717171696970706869696969706870686968686869676868676868666768
1317696767686967676868686865646566666667686967676868696767676768676767676766686868696868686769697069686971686970707070697170
1318717170707170707171696968696970707069707171697069707068716970706970707069696869706969697070697171716971707169686970696869
1319686868676665656565656565656565656565666767686869706670676767676867686968686968697069696970707070707070697070727171707170
1320727172727271717272727272727273737374737372737474737474747473747373747574737473737474737372727373737273737574747576767575
1321757474747474747474747474757574747575757575757675757675757575757676767675767676767676767676767676767676767676767677777778
1322787878787978797980818080808080808079807979808079797979797979797979797979797980808181818281818181808080807980808181818181
1323828282838384848483828281828282828282818181818181818181818080808080808181818181818187818181818181818181818181818282828282
1400828282828383838484858585858686868686868687878787878787878786868585858585858585858585868686868685858585858484848484848484
1401858585858585858686868585858585858585858585858585858686868686878787878787878787878787878686868786868686868686868686878787
1402878787878787878787878787878787878788888888888888888888888888888888888888888889898989898989898990909090909090909090909090
1403909191919191919191909090909090909089898990898989898989899090909090909090909090898989898989909090909090909090909091909090
1404898989898989898989898989898989898989898989898989909090909090909090909090909090909090909090909090909090909090909090909090
1405909090909090909090909090909090909090908989898989898990909090909090909090909090909090909090909090909090909090909090909090
1406909090909090909090909090909090909090909090909090909090909090909090909090909090909090919191919190909090909091919191919191
1407919191919191919191919191919191919191919191919191919191919191919191919191919191919191919191919191919191919191919191919191
1408919191909090909090909089909090909090909089898989898989898989898989898989898989898989898989898989888888898888888888888888
1409888888888888878788888787888887878787868787868686868685858585858585858585858484848484848383838384848383848281818182818080
1410808080807980808079797979787978777676767678787778767678777776767677777877777777777877777775747374757474747474747575757677
1411767575757576767675757775757475767473727272727474737473737372747471686970706969707069676869686968686767676663636364626262
1412616363636364626362636363636262626361626364646564656380636360616361646263636263626364626263626364626563636261626261616060
1413616059595960575957565757565654555456575555555554555653545254545554545455535353535454545454555856565356535553545554535254
1414545653525252535553535453525457555351535151515251525351535255535552545553525354525253535353555453555456565855555556565656
1415545554545556565655575454545354555555545656565655555454555455555456565553545553545454535453535253525251545252525251525353
1416525151515152505052525254525354545555545453535353545455565757575759595758575756585856555757575655555656565756585857585857
1417575758575657575857585655565655555757565656555355555354545454555454545454545556555555535356555455555656575555545555565657
1418585958575759585858585858595960606162626363636363656464646464656565656566666565656565646564656565656665646564656565656565
1419656564646564646464646464646465656364646464656665656566666566666666676767676767676767676868676766676767676867676869696969
1420686768686869696969696867676767676766676667676767676768676767676767676767676768686868686868696968686969696969707070707070
1421707070706970696969707070697070707070707070717171717171727171717171717171717171727272727272717272727272727272727272727272
1422737373747474747474747474747575757474747474747474747474747474747575767676777777787879788080807980808181828282828283828282
1423828283838283828283838383828281828282828181818281818181818181828283838383838384848586868686868686868686868686878787888888
1500888888888888888888888888888888888888888888898989898989898989898989898989898989898989899090909090909090909090909090909090
1501909090909090909091919191919191919191919191909090909090909090909090909090909091919191919191919191919191919191919191919091
1502919191919191919191909090898887868685848484848484848484848484848484848484848485858585858586868585858686868686868687878787
1503878787888888888888888888888889898989898989898989898990908989888787878686868686868686868686868686868686868687878787878787
1504878787878787878787878787878788888888888888888888888887878787878787868686868687878787878787888888888888888889898989898989
1505898990909090909089898989898989898989898990909090898989898990909090909090909090919191919191919191919191919191919191919191
1506919192929292929292929292929292929292929292929292929292929292929292929292929292929292929292929292929292929292929292929292
1507929292929292929292929292929292929292929292929292929292929292929292929292929292929292929292929292929292929292929292929292
1508929292929292929292929292929291919190908989898888888787878787878787878686868686878686868686868584848484838383838282828283
1509828281818183828282818080818080807980797979797979797879797978777776787676767677777676777676767676777778767676767877767676
1510767777767675757675747474747575757475747373747474737374757475757574747474747474767575757372727273747375747373747474747474
1511737373737372727272727272737172727070697071727269697070697069707069697271706868696867686868686866666767666768666766646665
1512666362646262636363636562605962616364636363626264636465656362626163636463636361606162626259606163636262616059616060595959
1513575959575756586160606162605960615959595957595757585958565858575657575858575857585756565554555554545555575557545556575757
1514575757585856575657565856555654585555575554525352525353525252545555545453545253545455535253555552535554545352535254515252
1515505252535251525252525354535455545455555555535554545555565654555754555655555555565657565557575657555554545554555652545351
1516535352525153535454535454545354545454555455555656575454545553545454545555565556555454535353535555555454535454535352545454
1517535454545456555656575757575859585858585959585758575858585757585658595658585756565657585757575960606059605957565657585958
1518575859595959595959595859585959606060596061606061595859586059595959595857585858585859595959596160616161616062626363626264
1519636262626262626362636363646364646464646565646465656464656565656565656566646465656565656565656465646464646465656565656664
1520646565646565656565656566666666666766676767676768686868686868686868686868686869686869696969696969696970707069697070707070
1521707070707070707171717171707070707170707070706969696969696970697070707172717171717171707070706969697170717071727272737373
1522737475757474757675757574757677777978777675757576757575757575757474747475767776767677797979798080787981818080808081828181
1523818282828283848383848482838382828383838484848484848484848485858585858585868686868685858585858585868686868686868686868586
1600868685868686878786878787878786868686868686878786868687868686878787878787878787878787878787878787878787878686868686868686
1601868686868686868686868686868686878787878787878786868686868685858584838382828181818181818581808080808181818181818181828283
1602838383838383848484848485858585858586868686868686868686878787878788878787878787878787888888888888898989898989898989898989
1603898989898989899090909090909090909090909090909090909090909090909090909090909090909090909090909090909090909090909090909090
1604919191919191919191919191919191919191919191919191919191919191919191919191919191919191919292929292929292929292929292929292
1605929292929292929292929292929292929292929292929292929292929292929292929292929292929292929292929292929292929292929292928292
1606929292929292929292929292929292929292929292939393939393939393939393939292939393939393939393939393939393939393939393939393
1607939393939393939393939393939393939393939393939393939393939393939393939393939393939393939393939393939393939393939393939393
1608939393939393939393939393939393939393929292929292929292929292929292929292929292929291919190898989888887888786868584828281
1609818080808079807979797776767576767677777676787878777777767676777776757574757474737374737373737374747474737374727273727273
1610727272737273727472727271718071717170717071707070706969696867676666686868706867676868676968676968676869696870696768676867
1611666766676766676666666766686464646465646566676565656666666664656363646364646363636466646463656566646364636364656163626363
1612626263626262636361606263626161616263636262616163616059616060606061596061636060596060595858585859575858596058595857575961
1613595961616160616158575759585959605958615959606161616260595958586161595858585960606159606058585858585858586059585657585756
1614565556575555555655565556565554565755555555565555555856556556555455545455555554555555555454525353545352535452545051505051
1615474748504947494648484948494948494844444850475050515051474646464846494748444545464744464647464746474647464747484849485152
1616474949484951515152525253545454545453515355555755565656575656575759595958595959595960606061595962636665646361606260616263
1617646769707374737375757776757778787981828383838383807776767676767777777878797978787979797878767676767678777777777675757575
1618757476757273747475727273747473737473717372727169686968706868686668676667676869707068676769696968686868666466656565656464
1619646565646565646364656665666664615958575857585859585757575857545557595958585758585757575859596463656667697072687073747572
1620677072727171686663656767676870686969646164625962656769697172726965666464636268696867686967686665656463666568676969707067
1621697171717171717373727274767675757779787879797977777877777779787777777779797878808180808180808080798082838383808082828182
1622838484848484848585858484848585848484858586868686868686868585858484848484848484858585838384848584848586878787868686868687
1623878787878787878788888888888888888887878786868786868686868686868686868787868687868686868584848383848586868787878786858484
1700848484848484848585868787878788888888878787878787878786868686858584858585858586868686868787878787878787868686868685858485
1701858684838384848585858586868685868686868686858687878786868585848484848485858585858586868687878787878786878787878788888888
1702888888888888888888888888888888888888888888888888888888888888888888878786878787878786868686868686868686868686858586868686
1703868686868686868687878787878787888788878887878787888888888888888988888888888889898989898989898989898989898989898989898989
1704898989898989898989898989909090908989898990909090909090909090909090909090909090909090909090909090909090909090909090909090
1705909191919191919191919191919191919191919191919191909091919191919191919191919191919191919191919090909089898989898989898989
1706898989898989898989898988888888888888888989898988888888888888888887878686868686868686868686868787868585858584848484848483
1707838383828282828283838383848483838585858585868686868685858686858585858686868685858686868686868686858686868686868687868686
1708868585858585868586868687868686858585858586868585858483838382828283838383838282818180807979797878797879787777777777777676
1709767677747474747475757474747373747576767475757474747475747572737273727273717170706869696870707070707171707070717070727172
1710727272717171717272727273727171717171727273727172727271717171707171717169707169697169697070717070697071717172717170717170
1711707071717171717070707070696869686966666566656464646364646163636463626260595961595959616159596061615959616362626161616161
1712626261616160616261626161616261616161626161626162606160606061626160606060605960615959596259605960616060606160606161606060
1713596060626260596060606162625959616060606161585860585858595859606158585859595960596159606060606060625859585958575956575656
1714575556565654565756565755535653545554545654575655555556565252545353555452555254545655565655535554535150494849494848484950
1715494747464745474645444445464745444343464647444546484445444543444446454343444347444443444644444543454545454746464646454545
1716464547484949474645474644444445454343444546464445454846454644464545454544454643454745444345434444424241434441404142424142
1717424243424443414242424040423940424139404140414240383939383940393839403841394042384141424039394039394143414039394141414040
1718393939413941404040434140404139403940424039404140414141393938404140403940393838383738393939404041413937373841393838374036
1719363737383940394039394039413938393938374039393639383736373637383738383940393839393838393839383839393839413940414243414040
1720424443424241393940403941444142414142404242414243434444434444454547464344444444464746454748484946464748515150514950515353
1721565654585760606158585858585961606161596260606161626163626364646770696868676766676666657170697372737170706968696867686969
1722697070707475747474737272737373737270747472727272737372717173757477767776777677777877787979777676757374737171707070707275
1723747374737274727271707170696970696969717272717070707071727273727272737373747374757475767675747576757575747476767575747474
1800747373757474737474747473737372727171717070706970707070706969696868686868686868686868686868676767686868686768686867686767
1801676767676868676766666666666767676767666767676767676766676667676767676867687071717373727373747476767674757575757575747371
1802707071717173717271737474737474737374737475757574757775767576787778787877777676767676767777767777767575757474757576767676
1803767776767675777676767675747473727171717171707070706969696969686868686969696968686968686767926666656565656666656565656565
1804656565666566656666666666666666666766666767676968686969696970706971717172737374747474747676767576777776767777767778787878
1805787877777778798080818181818282828282828181818282828282838382828283838383838383838484848485858485858485858686868686868686
1806858483838282828283838384848485858585858585858585858585858585868686868686868686868686878787878787878787878888888787888787
1807878788888888878787878787878787878787878787878787878787878787878788888888888787868483818079797877777777767776767676757574
1808827372727272717171717171717171717272727171717070717070717171707071707070707072727271717271707070707071707071697070707070
1809696768686767686768686867686767676767676766656666656465656766666564656565666665666566656466646664636464646565646363636262
1810616262616362636261616261636262626161626161616261606061626162616260626162616262626161616162626362606160606060596260616161
1811616161616062605960595859606061606060586058595959596060606060595858595858585758585959585760585757575758575757585757575758
1812595959575958585759585757575758675656565556565757585857575758595958565858565559575855565858575858565658575656555454545956
1813565955555455555456565453555456565455575554545554535453535252525453525353535151515152525250505152525452545351525151505051
1814505252524949505153525051505150495051504948495148475050495050504948504946485048474948474847484649464747474745464545454645
1815484746444645454546454346444344424544444444454643434643424345444546424241434342424342454343454141434142403941404040384142
1816414245444446444343444446454646454645474443444546464645474546764445454646474544444346464446454644444442434341404243424142
1817434642424142424242424242423939444343414344434443434442434443424343414343444241414140414240424243434244434241444241424344
1818424140424141414142434142424241414142434242434444434444444544454545464546444647454443434343434343434443434444454543434443
1819464644444545454547474646484949484846474646474645474747474748474747474747484849474848474848494948494948494849484849494948
1820484948484948474748484849494849494949494949495049494950505049505050505051504949494949495050805050505051505151515151515252
1821525252545353535353535455555656565657585959585858595758596059616161616262636261626364646666666867666566686665676769696969
1822686969716969696969696869686869697069717070727271717170707271717272717272717171727273737372727274747474737374737373737371
1823737373737373737474747473737375747473757374737474737474747474747474757375747374737474747575757574737475747574747475747475
1900757574747676767574757575747474767675747474747475747475757576757574767576757475747373747372737271706970676766656564646464
1901636363636363636362626362626262636364646465646464646666656567676565656565676766646464646363636363636364636464646666656667
1902676767686870686869737373747475757574747374747575757475757475747576777777767675777776767777777777767677767676777878787878
1903797979797979797979797979787880808180808181818080807979808080818181818181818282828181828282828282828383838382828282828282
1904828383828282818180808182828283828282828282828282838282828284848484838383838383828282838383838383828282838382828180818282
1905818181808081808080807979787979797980808081797878798080777878777979797879808080818181818081808080798080808180808081828182
1906818181828181828282828282828282828281818282838383838383838484848485858585858584848383838484848484858585858585858585858585
1907858686868686868685858585858585848484848484858585848484848484858585858584858685858585848484848484838483838383828283828182
1908818080807880808080808179797878777673757473727172737270697072717169686867676767676867676967666867686768676868686968696767
1909666766666466666566656566646666676565666565656464646363636363646463636464646364636364636262646465656262636363646360616262
1910635961636161596259606060605960606059585959596059595959595959616059596059596061595758585756575857565657595657575757565757
1911575858575959575556565656565656555555565456555557565455575654545353535452535554555352525352535353525253525152515151545551
1912495050535150515152505151495252494951525051525150515253505051485051494748484849464850505050515252525151535050515149494951
1913505048485249494849504847474848464645474748484850484749484547474948464645464649494748474647484646444544474846454547454646
1914484947474645454645454647464547454748464946454644454647474544454645454547454545454745454746464645454646464548474544464347
1915444444424343444544444445454644464545464544444645464545444643444846484544474645444545444544455046464847464646464646474845
1916464645474646454645454546454545464648484847464748474846474847464647474845464947484946484847474646484647474749464647464745
1917444546474645444747444445444544444344454543444544444445474744424243434243444443434442424442434344454242424443434444444543
1918434343424344434444444345454542424342434343434443424244424244424141424143424242424241434342414343434645454243444746464545
1919434545454544454446454545454445434446464644454543434445464543454646444547444445464645454546454646464847474647474747474748
1920474849474848484748484848494848484848494949494949494949504950515151515150525250525353535353535354545455585955555556565957
1921606060606162626363616263636261626262636160606060595959606160616364646262656665666866676867686867686970706870717070687171
1922717071727271737474727374757474737575747472757574737576767574737374757574747474747474767777787878787878797878787979787877
1923777777777777787877777776777776787776757575757374747575757675757576757677777676757676777778797979798080798080808080808080
2000818080808080818181818181818080808080807980807980808181808080818181808079787777777777787878787676767575757576757678797979
2001797978787978797879797979797979797879797978808081818180808080808079797979798080808079798080808181818181808079797979797980
2002808181818181818180808080807979797980808079798181818182818181818181807978797979807979797980808080797979787877777879797980
2003818181818282818181818081818282818180808080808080808080807979797980808080808080808080797979797979797979797979798080808181
2004818181828282838383848484858585848483848484848484848585858585858585858584848484848484838382828181818180808080818181828282
2005828282828383838383838484848484848585858585858585868686868687878787878787878787878787878787878787888888888888888888888888
2006888888888888888888888887878787878787878787878788888888888888888888888888898989898989898989898989898989898989898989898989
2007898989898989898989898989899089898989898989898989898989898989898888888888888888888888888888888888888888898989898989888888
2008888988888988888888888787868585838383838483838384838281818180797878777878777776767676747574747575747474747473727272727171
2009717172717070707070696968706968676768686767676868676769666667666666666667656363626362636362616363636364646464646565646364
2010636468636362636463636462626261616362626261585758565655555658585756565656565758605858575456565755545655565556565554545453
2011525252525150505151515250514949494849494949484847504545454646464544454644454445484546454446474445464646464646494746474544
2012464644454545454444454544454344444542444544444143454345434141414139393940384142414243444038424240393940403839353738383937
2013383736363639373939373736393636384040404040393941393938393839373939393837363538373635363436343434343535393434343436343638
2014363735343434353537323335493638383937353836353839383640393937373941403936373737393939384140404040393938403939403939414141
2015384041404039383840383937393736363838423940404142424139424242414041414041413941404038383840384139403739383838393939393838
2016383940413839393839393939394040403937383940383837373738373636393636353737363536373636353734353639383837383837383837383937
2017393939383838393938383838383838383838383938393939383637383838373840373737363636373736373737393838373938383739384039403536
2018383837363738383840373737384039393939383737393837373839393839383738394040393939373938383738383939393939394039394039383940
2019404041404040414041424342434344424344454444444344434544454444444543444644434445444444444443434445434444434343434443444444
2020444545454544454646464545454646454645454545454646464546484847495050494848474748484848474950515255535356535455555960595957
2021595961606061616363616160616363636464646564646464646364646564626463646564656465656568666566656565646765676666666766646565
2022656564646767636463646364646464656767676666676868686768676867707169687170696868686869697171727272727073747271727373747169
2023686867666468706967666768686870696767676772747270717169697170707071717070727274747373727272727274727270686768687069727171
2100717171717272727272727373737373737474737474757575767676757475777879807977767675767676767777777776767778767677777877777575
2101777676757576757576767575727372727272727171717171717172737474727171707070696968696969696970717274757678797981828282818182
2102828282828282828282828282838382838383848382828281818182828283838383838282828181818281828282828282828282838383848484858585
2103858685858686868686868787878788888888888888898989899090909091919191919191919292929292929292929292929292929292929393939393
2104939393939393939393939393939393939393939393939393939393939393939393939393939393939393939393939393939393939393939393939393
2105939393939393939393939393939393939393939393939393939393939393939292929292929292929292929292929292929292929292929292929292
2106929292929292929292929292929191919191919191919191919190909090909090909090919191919292929292929292929292929293939393939393
2107939393939393939393939393939393939393939393939393939393939393939393939393939393939393939393939393939393939393939393939393
2108939393939393939393939393939393939393939393939292929292929292929292929292929292929292929291919292929191929191919191919191
2109919191919191919190909090909090909089898989888787878686868685858585858584838282818080798079808079808079797978787877767575
2110777474767673727171737173717372717273727172727272727372727272717273737273727273727373727273747271717271707070696969706869
2111696868686667676767696967666767686969666666656563636464646364656463646462636365646365646564626464626362646462626363616160
2112606462606061595959606061616360605758595857595856565756555655565755565757555658555556555556545556555354545656555656565757
2113575757575758575657585757585958585655555658596058555656565756585557575759585756585856565657565657575555575554555454565555
2114555553555857555554545656575555555455565454535455545354535553535151525151525149505051524949515251495053515151515052545554
2115525454545253535554535351535354525252535152535254545253545452525153535453545352525253535352535356545353555452525354535151
2116545353535353525355545453535655555453555553535453555756535452555353535351525251525252525255535255555556575657585958925759
2117595961616262626161616262636362636263636363646464646565656565656665656667666667676667676869686869696970707070707070696969
2118686869686868676869696868676767686768676866666666656666656464646363626262626363636363636262626264636262626162626263636363
2119636363646464656464656465646464656565656565656565656565656666666665666666666566666666676867686968686969686968696970696868
2120727172737372727272717070707069707071727475767778798081828283838484858585858585858585868585858685858586868686868686868787
2121878786868585868586858586908585858585868686868685858585858584838383828383838383828383838382818181818181828182828282818281
2122818182838383848484858483828383848484848585858586868787878888888887878687878787878786868686868686868787878787878787868686
2123868686868787878786868787878787888888898989898989898989898989909090909090909090909089898988888888888887878685858585858686
2200868687878888888889898989898989898990909090909089898989898988888888888888888989888888888887878786868687878686868686868686
2201868686868686868687878788888888888888888888888786868685918585858585868685858585858585858585858585858585858585858685868686
2202868686858585858585858585868686868686868787878787878686868687878787878888888889898989899090909090909090909090909090909090
2203909091919191919191919191919191919090909090909190909090909090909090909090909191919191919191919191919191919191919191919191
2204919191919191919191919191919292929292929292929292929292929292929292929292929292929292929292929292929292929292929292929292
2205929292929292929292929292929292929292929292929292929292929292929292929292929292929191879191919191919191929292929292929292
2206929292929292929292929292929292929292929292929292929292929292929292929292929292929292929292929292929292929292929292929292
2207929292929292929292929292929292929292929292929292929292929292929292929292929292929292929292929292929292929292929292929292
2208929292929292919191919191919090898989898989888888878786868586858585848484848483838383828282838383818080807978787879797878
2209797978787877777878787777777677777676757575747474737374747374757574747474747472747371717172727273737473747474757474747374
2210757371727172727373727071717171717272727272727271717271717172727272717272727372737374747475747474747575757574747474737373
2211747472737271727372727271717170707171727270707069707172717070706969696970696970686968686767666866666666656464636565646362
2212626062596062626161605959605958605959596060605959575958605959596060596060616060606161606162626263626262636364636464626162
2213616363636465646463656667686868696969696969686968696968696968696868686868686868676768686768696666666566666564656363646362
2214626262636062616061626261605959615956565757575858595858575859565958565556565655565653525353535356515052515152525453545554
2215535453525454515250515252535453545453555455535456545555555655555454535354545352535353535355555153535453535352535455535252
2216505052505251515152515252525252525254545557585556575757585858595857595758575860605859565556575657595555575757585958585958
2217585860595658585759595959575759585957575857565755555757605858575757555454555753545454535554545453545555585657555353555452
2218535355545252545455555453555557585453545453545657565455555455555554545454565756575655555555545557565658585857565658575757
2219585757585858585958585758575858595959585960606060606161616262626261616161616161616261616261626262636363636364646464646566
2220666566666565656566666767666766666767686869696969707069706970717271717171717272727271717171717171717171707073727273727171
2221737274757575757676777675767776767776757575757677777677777776767779797879798080798079797878787980798081818180777779808080
2222798079808078777980808080808181828281818182818078808181787981808081818182818181808080797978787981818081818182828281828282
2223818080808080797878797878807979797878787879808179787777777777777776787777778179808078787979808181817979797981818282838281
2300828383838383838382828384848483838282828283848585858585858585858585858484848483838484848485858584848585858686858585848484
2301848484838280818282828383838384838384838384838384848484848483838383838384848483828485858484858483848484848484848484858584
2302858586868686868685868686868686878787878786868687878787878787878787878787878787878787878686878787868787878787868786868686
2303868685858585848485858685848484838383848383838282838383838484848484848585848485858585858686868686868686858585858585858585
2304868687878787878787878787878787878787878786868687878888888888878787878787878888888888888888888888888888888888888889898989
2305898989898989898989898989898989898990909090909090909090909090909090909090909089898989898989898888888888888888888888888888
2306888888888888898989898989898989898989898989888888888989898989898989898989898989898989898989898989898989898887878686858484
2307848483838383838282828181818181818181818181818181818181818181818181818181818181818282828282828383838383828282828281818181
2308818182828283838283838282818283828282828281828281818181808080807980807980808080808080808080808080818080808080818181818181
2309808080808079797979798080808081808080808080797980818282828282828282828181818181818283818181818283838384858585858585858585
2310858585858586868686868585848484858585858586878888899090909191919191919191919292929292929292929292939393939393939393939393
2311939393939393939393939393939393939393939393939393939393939393939393939393939393939393939393939393939393939393939393939393
2312939393939393939393939393939393939393939393939393939393939393939393939393939393939393939393939393939393939393939393939393
2313939393939393939393939393939392929292929292929292929292929292929191919191919191909090898888888888898887858585858384848383
2314838382828382818180807878787878777879797878797976757475747574747372727373727170686870696868676768697071716970707069717067
2315676867686767646563656764656565646664626263626463636667656464666565656562646461626263626158605859606063616164626565656666
2316656565666667666667666667676566666768656364636364636464616162636462626563616260606060616160606160606058585859576058585757
2317565657565757575758595958575554555755545354565554555855585857575658575656565655555656565656585959575960616161606161616261
2318606261596162646162616162636263606262626060616059606060606160606061625960596059595961606161626160616160606161616260626362
2319626262628462636363636262646463636363636263636262636363636263636462626363636262636362636263626262626263636263636363646464
2320646363656564646566666664656465646566666668676868686970707273737474747373707069707070706970717070707071717272737373737373
2321747373747373747373737474747475757575757575757575757575747574747475757474757474747474747474737474747373737474747474757474
2322737474747373737373737373747474747474747474747474747474757572707070706969696969697071727273747474747474747474747473737373
2323737374757575757475757676787877767677798578777878777677777776767676767676767677777676757576757575757575767878797979787878
2400777978777777777777777879797980808182828383848484848281818283838383838384848484848586868686868686878786868686878787878787
2401868686868686868787878787878888888888888888888888888888888887878888888888888787878685858585858686868686858585858585858686
2402868687878787878787878787878787888888888888888888888888888888888988888888888787868686868686858585858585848484848484848484
2403848485858585868685858585858585858585858585868686878787888888888989898789898989898989909090908989888787868686858585858585
2404858585858585858585858585858686868686868686858585858585858585858585858585858686868686868687878787878787878787868686858585
2405858585858585858585858585858585858585858686868687878788888888888889898989898989898888878786868686868686868687878787878888
2406888888888888888888888888888888888887888888888888888989898989898990909090909090909090909090909091919191919191919191919191
2407919191919191919191919191919191919191919191919191919191919191929292929292929292929292929191919191919091919191919191919191
2408919191919191919090909090909089898989898989898988888888888787868686868685858584848584858585848383838383838383838382828282
2409828282828281818182828282818182828282828181818181828280808080808080798081808079797979807979797979787878787879787878787777
2410777877767576767776777677767677787676767675767675767674757575767575767677767676767777777778787878787979797980797979808079
2411797980808080808080797979807979798080808079808080808080808181808181808080818181818180808080808181818080808080808079797979
2412787979787679797879797979787979797979807979798079798080808080818080808080807980807979807979797979797979807979807978797979
2413787878797979797979797979787979787979798079787979797978787878777878787878787878777676777676767675757673737475757574737374
2414757373727372727172717272727272737272727271717272727173717172717070717070686969707070696969686868666666676768687070707071
2415696969686969686869696868686969696868686867676767696868666667666667676766676767676667676668686767686767676766676767666765
2416666767676566666465666768666767676767676767676767666665646565656665666567656666656565656666656364646563646464646565646364
2417646464646465636466636364646565656465646565656565656565646565656565666666666766666667666667676666676666676867676768676867
2418686867676868676868686868686868686868686968686969707070707070707071706970707070707070717171717171717171717271717170717170
2419717170707070707171707070707071727171727271717170717172727272737373737272727271727172727172717172727171727272727272727272
2420727273737373737374737373737473747372737373727272727272737273747474737574737576777775777676767675787879787879797879797675
2421747473747373727272727272727272727273727373737373727272727272727272737272737475757474737373737374757578797880797978777878
2422777877787877787777777778797878777777777777777777777778798080798081828181828183848484848484848383848485858585858585858585
2423868686868686868686878685838282828283848485858585868686868686868686878787868686878787878786868686858585868585858584858484
2500838384848585858585858585868686868686868686878787878787878787878787878787878788888888888787878788888888888888888888888888
2501888888888888888989888888888988888888888888888888878787868686868685858585858686868686868686868585858484848585858585858586
2502868686868686868686868686858585848483838384848585858586868687878787878787878888888888888888898989898989898989898989898989
2503898990909090908989898989898989898989898989898988888888888888878787878787878787878787878787888888888888888888898989898989
2504898989888888888888888888888888898988888887878787878787878787878788888888888888898989898989898989898989898989888888888888
2505888888888888888888888889898989898989898989898989898989898989898989909090909090909090909090909090919191919191919191919191
2506919191919190909090909090909089898989898989898989898989898989899090909090909090909090909090909090909090909090909090909090
2507909090909090909090909090909090909090909091919091919191919191919191919191919191919191919191919191919191919191919090909090
2508909090909090909090909089898988888787878686868686868686858585868585858585858584848382828281808079797878787878787877787778
2509777778797979808080808080807980808079787879787776757474747474747372737373727171737272717272727372727171727372727172727272
2510707071707070727171727372727272737371717173727272727272737373727171707069686867676667666667676766666566666565646567676665
2511656565676564646363636665636364636261626160596060596161626260595859595856565759595759606361606161595960606162616161605959
2512615961616159585960595759606258595657555657575858596059585960606259606158595759605958585758585754565556565554565655565555
2513555557565657565655555759595758595555575758555656575656575556565657555555555556575657555656555653545355565655555455535254
2514565653535554535455535456545455545455555354565656545353535454525455565556555556555554535453555454525253535355555756575556
2515545455555555535453535353545353545353555454555355535453525454545355545455545553515351515351515553515051514951525150545350
2516495150495050505050505052515251525252515253535251505050515253525252535251525051504949505150505147525148484849504949504849
2517515050505148474748484848474849494851515050495152515250504950514950504949504849504949494849474748464747495048474951555454
2518555657585858585858596060616160606061626161616061616059595959595959596061616059605960606061616161616160616162626160616061
2519616362616364626462626361626463646261616162636263636362626362616161626263636364636262626262626162646263636363646363626264
2520636363636364646667676665646666676564646364646566666665656666666768686768707069707274757675767777767776767675767676767675
2521757576767675757575767877787878787878777677787878787981818181818079808080807979787979817979787979797978797979787979798080
2522808080797982828179808180797981808080818181818182838282828384848485858584848484858585848484838282838382838383848484848585
2523858484858585858586868686868686868686868686868686868686868686868686868685858585858686878787878787868686868685858585858586
2600868686868686868787878787878787878787878787878787878787878687878787878787878787878787878788888888888888888888888888888888
2601878787878787878787878787878787878787878787938787878787878787888887878788888888888888888888888888888888888888888888888888
2602898989898988888888888888888888888888888888888888888888888888888989898888888888898989898989898989898888888888888888888888
2603888889898989898989898989888888878787878685858585858585858484848484848483848383838484848383838585858585858586868686868686
2604858585858584848484848584848485858585858585868686868686878787878787878888888888888888888888888888888888888888888888888888
2605888888888888888888888888888888888888888888888888888888888887878787878787948687868686868686868686868686868686878787878787
2606878788888888888888888888888888888888898989898989898989898989898989898989898989898989898989898989898989898989898989898989
2607898989898989898988888888888888888888888888888888888888888888888888888889898989888888888889898989898988888787878787878787
2608878787878787878787878787878787868687878686868686868686868584848484848585848485858483838383838282838383848483828181828180
2609798080787878787877777777767677777676767676757574757675767574747475747474757575747576747475747574737474937474737373737373
2610737473727272717172717070707071696970696869676868686868676867676768686868696768676766666464636464636364646363626260616060
2611616060605960606061616261606160626161616161626162616161616159586061606060616160605959595960616059606059596060596059596060
2612606159616158606060606160606059605960595959605958605958585859575957575857575857595858605960606162626263646464636262626262
2613626262636262616160616160626159595959575858575758575758575758575556555555545454545554545354535454535254545454535254515053
2614525152535252785252535454535556565455555455565655565657555556545455555452535250515252505152525353535152515151525352525455
2615555352525252525355555656575654565656565657565555575657555754575454525253545253525454535352525253515452515050525050505153
2616535253525453555555555456565555565555545354545354545454545453555456565657585555555657575454555555565756545554535654575758
2617575757565354555556565553525252535452525251525453515453535049495358545454575753514949494750494850505252505152535252515153
2618525653535152575654545553565656596158575860616264625560636465656362656464646365676868686869697069687068696967687167676869
2619686867676565636361626161646260616260646564656365646363646465656768696971706967687072706868696970706969697171717273737069
2620717170696969707173737473747170707068686867676867666767676868686969707273737273727272727273757575757575747676757575777474
2621757575767576767777777778787877787979797880798079808080797980808078797979797980807979808080818181828080808080797980798081
2622818181818181808080818182838282838384838383838383838383838384838483848483828383828382828181818281808181818181818181818383
2623838383838484848484848484848484848483838383838282828283838383838383838484848485858585858585858584848585848484848484848484
2700848484848484848484858585848485848484838382828282828383838484848484848585848484848484848484848585858585858585858585858585
2701858685858686858686868585858484838484848484848484848383818181818080808080808181818180818180818182828282828282828282828281
2702828283828283838383838383828283838484848383838383828383838383848484858485858584848484848484848484848484848583828281818182
2703828282828383838383838484848484858585858585858584858585858585858585858585858585858585868686868686868687878786868585848382
2704828282818181818181818181828283838383848484848383828281818181828282828282838384848484848585858585858585858586868585868686
2705868686868583828282828383838383838484848485858584858585858686868686858586868686868686858380797877777777777777777878787980
2706808181828282828383838383838383838282828282828281828281818181818181818181818182828282828283828282828181818181818181818180
2707807979797978787878787878787878777778787676747372727272727272727273737373737373747474737473737474747474757475737472727270
2708707069696969686970717171706970717270706970707070696970697070706970706969686868696970707070707069686868686868686969706969
2709696969686768686869696969686867686968686768686867686868676868686968686769696868696969696969696968686868676868696767686866
2710656667676768686868696868686868686768686968686867686868686867686867686767666767676768676767686768686768686769696970706970
2711707071717272727172727373727272727272727271727373737475737272727271707069697069697069696969696868686868676868686969686868
2712686870697069707070707070696869686868676768676767676867676866676666666768696869686968696969696969696969707071717172717272
2713727273727374737373747373717272727272727272737273737372717170717172717272727272727372727373727273727273737373737472737373
2714727473737272717272737272717171717172737271717171717272737272737373737373737374747374747373737372727170717171707069707070
2715706969696969686969696868676767676766666565656566666665666565666665666565646667686564636363626363626362636263636363636263
2716636363636363636464636262636263636363636364646464656666656666656666676767676767676767666767666767666667676666676767676767
2717686869696970707069696969696868676767666767686565656565656565656564646564636364646464656565646463636263636463636363626464
2718636363636162626262636162636463636262636464646464636363646363646564646464646465646564646564656464656564646564646464646464
2719646464646565656464646363646465656566656565666666666666656565666565656667676667666767686767676767686868686767676767686867
2720686867676869686868696868686868686868696969696969697070707070707070707070707070707171727473747574757374747475757574737575
2721747576767777787877777778787878797979797979808080808181818282828281818281818181808080808080818182828383838383838484848484
2722848383838483838384848484848484838383838282828282838383828281797675747373737372727172717171717070697069697069707070707070
2723707070707171717172727272727272727272727272727272727373737474747474747474757676767778797979797978787776757574747473737070
2800707171717172727272737373737474737373747372717070707070707071717273747475757575757575767676767676767676767676757575757575
2801757576757575757575757574757575757575757575757575757575757576767676767675757575757576757575757575757575757575767676767676
2802767576767777777878787979797979798080808080808080808080808080808180808080808079797979797979797978787878787878797979798080
2803808080818181818181818181818181818181818181818192818182828282828282828282828282828382838282838382828283838282828181808080
2804808080808080808180818181818080808081818181818282828282828281828282828282828282828383838383838484848484848484848484848484
2805848485858585858585858585868585858585858585858484848484848384848383838282828181818181818182828282828282828283828283838383
2806838383838383838383838383838383838383838383848383838383838383838383838484848484848484848484848484838382828282828282828282
2807818282828282828281818281818181818181808181818181818282828283828283838383848492868788898989909090909191919191919191919191
2808919191919292929292929292929292929292929292929292929292929292929292929292929292929292929292929292929292929292929292929292
2809929292929292929292929292929292929292929292929292929292929292929292929292929292929292929292929292929292929292929292929292
2810929292929292929292929292929292929292929292929292929292919191919191919191929292929292929292929292929292929292929292929292
2811929292929292929292929292929292929292929292929292929292929292929393939393939393939393939393939393939393939362939393939393
2812939393939393939393929292929292929292929292929292929292929292929292929292929292929292929292929292929292929292929292929191
2813919191919191919090909090909090898989898989898988888787878787878888878887878787868686868585868686878585858485848585858485
2814848585848484848484838383848383838484838483828383828282818181818182818181828282828280808080807980807979797979807877787877
2815787779787677767777767575757573737475747476747373747373727272717171717070707173717069697169686868697069696970696970706867
2816697168686867686854686967686767646566676767686867686967676867656466666965666768686866666665666666666867666664636363646665
2817656765656567666665656566656666666766666668686868676768686666666564656565666564626264636565646365646464646565656564646565
2818666464666665666667676566666766656766666667676666666766676868686868686767686868696868686969686969686869686969696969696968
2819686868686868686867686866676767676867666768676767676767676767666667676666676666666666666665666667666766676766676767686868
2820686869696969696970696969707070707070707071717168707171717070707070707070707070707070707171717171717172717172727172727172
2821727272727272727272727273737373737373737373737373737373737474747474737374737473747473737373737473737474747474747474747475
2822747575757575757575757575757575757575767676767676767676767676767676767676767777767677777776767776767677777777777777777777
2823777777787878777878787878787777777777777676767676767575767676767676767676767676767676767776767676767676767676767676767676
2900767676767676767676767675757575757575757575757575757575757575757575757575757575757575757575757576767675757575757575757574
2901747474747473737474747473737373737372727272727272727272727272727273727372737373727273737373737373737373737373737373737373
2902737373737373737373737373737373737373737373737374747474747374747474747474757475757575757575757576767676767676777777777878
2903787979808082828383838484848483848483838382828281818181828282828282828383838383838484838483838383838383828283838384858585
2904858686878889899090909090919191919191919191919192929292929292929292929292929292929292929292929292929292929292929292929292
2905929292929292929292929292929292929292929292929292929292929292929292929292919191919291919191919191919191919191919191919191
2906919191919191919191919191919191919191919191919191919191919191919191919191919191919191909090908989899090909090909090909090
2907909090909090909090909090909191919191919191919191919191919191919192929292929292929292929292929292929292929292929292929292
2908929292929292929292929292919191919191919191919191919191919191929191919191919191929292929292929292929292929292929292929292
2909929291919191919191919191919191919191929292929292929292929292929292929292919191919191919191919192929292929292929292929292
2910929292929291919191919191919191919191919191919191919191919190909091919090909090909090909090909090909090909090909090909090
2911909090909090898989898989898989898989898888888888888888888787888887878787878787878787868786868686868586868585858585858585
2912858585858585858585858585858686868686868687878788888888898989898989888888888888888888888888878787888888898989898989898989
2913898989909090909091919191919191919292929292929292929292929292929292929292929292929292929292929292929292929292929292929393
2914939393939393939393939393939393939393939393939393939393939393939393939393939393939393939393939393939393939393939393939393
2915939393939393939393939393939393939393939393939393939393939393939393939393939393939393939393939393939393939393939393939393
2916939393939393939393939393939393939393939393939393939393939393939393939393939393939393939393939393939393939393939393939393
2917939393939393939393939393939393929292929292929292919191919191909090909090909090909090899090909090909090908989898989898989
2918898989898989898989898988888889898989898988878788878787878787878787888888888989898989899090909090909090909090909090909090
2919908989898989898989898989909090909090898989898989898989898989898989898989898989898989899090909090909090909090909090909089
2920898989898888888888888787868686868686868686868686868686858586868686858585858686858585858585858585858585858586858585858585
2921858585858685858686868686868686868686868686868686868686868787878787878787878787878787878686868686868686868686868686868686
2922868686868686868686868787878787878787878787878787878787878787878787888888878787868686858585848484848484848484848484848484
2923838483838383838484848383838484838383838384848484858585858686868787878787888888888888888888888787878787878787878787878685
3000858584838382828180797980797979808080818181818180818182818181818181818181818282828282828282828383838383838282838383838282
3001828282828282838382818182828282838383838383838383848483848585848585858585858585858586868686868687878787888887878787878686
3002868685858585858585868786868687878787878787878787878787878787878787878787878787878787878787868786868686868686868686868585
3003858686868787868686858585858686868686868787878788888888888889898989898888888989888888888888888888888787878888888787878787
3004868686868686868686878787878788888888888989898989898989898989898989898989898888888787878687868686868686868686868686868687
3005878788888888888887868585858585858585858685868686868686868787878787878787878686868686868686868686868787888888888888888888
3006888888888888898989898989888888888888888888888887868686868686868686868686878787878787868686868686878787878787878888888887
3007878887888888878787878888888888888888888888888888888888878786858585848484858585858584848484848485858585868585858585858585
3008858585858585858585858585858585858585858585858585858585858485858585858585858585848585858484848484848484838483848383838484
3009848383838384838384838383818182838383828181828282838282828282828281828082818282828283838382828182828181828181818180808080
3010808081808180818080808080808080808180818080797979787978787878787878787978777877767675747574757374747474737374747273737373
3011717171727371707071696870717171727069697070707069697069696868706968707070706969676867676768666867676667666766666665656565
3012656466656667646666636465646464646364636363656363636363636464636263646462636363626263646363626161616162616362626262636463
3013616260616061616161596062636461616261616160605961606160595859605960596161605959616061606260616059615161616162636262616161
3014616361636361626363636362636462626363616162626363656464636465656563646362636162616263616363616061626361616260626260606061
3015616262636362636162626262636462646562626463626363636464666262636261626060626160606162626160606163636363636464636465656667
3016676767676869697069686970707169707069697070696969706969686968686870727469666767676767676667676868656666666666666666666666
3017646464646364636362636263615960595958585858585857575858585858585858575858595959596060585959606060596060595859595960606060
3018616160614960606058585959595960605958595860595959596060595960595960595960596060616060606061636262636364636363646364636463
3019636363626364636364646464646364646465666665666665666666666666656464646463636363636263626262626262636363626362626262616262
3020616262626162626362626262616161616161616161616161616161616161616161616161616162626362626262636363626262626363616162626262
3021626262626262626261636362626262626262636263636362636362636363636363636363636363646464646464646464646465656564656564646465
3022656666676768666666666665666565656565667566666666656665646465656565656665666666666665666868696968696971717172737374767774
3023737272747474747273737271727272727172727172727273727272737373737474737474737374737374737374757374747474747574747474747474
3100747676757575757576767575757475757575747474747574757474747474747473747474747473747474757574747475747575757575757575757575
3101757575757576767675767676767676767675757575757576767676777776777677767676777778777777777877777879787979787878787777777777
3102777676767676777777777879808080797979808080808181808079797979797878797979797979797979798079787878787878797879808080798080
3103818180828182818181828281818181828383848483838282838282828383838282828382828282838384848484838383838382838383848382828282
3104828181828181818181818283838484848584838281828282828383838382838484848484848483838485858585858585858485858686848385868686
3105878786848382818182838384848484848485858585858586868687878787868685858585848585868687868686868686868585858686868686868585
3106868686858686868686868687868686868687868787878686868686868686878787868686858586868787878787878888888787878887878787888888
3107888786868787878787878787878787888888888888888888888887878786868686878787878686868686868687878787868686868787868686868686
3108868685868686858483838383838383848483828282828383838383828180818082818181828383828384848383838383838382838180818283828180
3109788283818080818181808079798181818181818180808080808281808181818181818180808080807980808080808079797980798079797979797979
3110797979798078787978787979797980797978787879797979797979797978797979787979798080798079797979797980787777767677777777767675
3111757676767675757675767574747474747374737373747373737474747475737374737374727272727272717272717172727172717272727171717171
3112717372717071717070707070707172707171717072716969696969696970706969686969696967686869707070707070696969706969697071707070
3113707170707171717070707070727170697171717069697070717271727070697070707070707070707170706869696969696970706868686868696969
3114696969707170697070707070717170717070717070707070707170707170707071707171717171717171717172727171727171706970707069707071
3115716969707069697069696970706970686969686970707070696969696970717070717171717171717272716971717172717273737473737373747474
3116747575757575767676777677777878787878777878797878797979787980807979808080808080818182818282828382828282838382838282838384
3117848484848484838383848484848483828382838282838282828283828383848483838383838383838382828282828282828282828383838282828383
3118828283838383838383828282828181828181818281818181818181818182828282828282828282828282838382838383828383838383838383838484
3119848484848484848484858585858485858584848484848485858585858585858585858585858585858586858586868685858585858586868585858484
3120848484848484848484848484858484848484848484848484848585848484858484858585858585868686878787878787878786868686868585858484
