58265 2010   021213603204   65   24 6670   55    1--------------------------------------------------------------------------
3121696970707071717172727373737474757575757575757574727170696867676766666565656565656565656565656565656565656565656565656565
3122656565656565656666666666666666666767676767676767676766666666676666666666666666666666666666676767676767676767676767676767
3123676767676667676767676767676767676868686868686868676868686867676767676767676767676767676767676767666766666666666666666666
0100666666666666666666666565656565656565656565656565656565656565656565656565656565646565656566666666666666666666666666666565
0101656464646463636262626261626262626262626262626263636363636464646464646464646464646465656565656566666666666666666767676767
0102676868686868686868686969696969696969696969696969707070707070707070707070707071707171717171717171717172727272727272727272
0103727272727272737373737373737373737373737373737373737373737373737373737373737373737373737374747373747474747474747474747474
0104747474747373747373737373737373737373737373737373737373737373737373737373737373737373737373737373737373737373737374747474
0105747474747474747473737474747474747373747474747474747474747474747474747474747474747474747474747474747474737373737373737373
0106737373737373737373737373737373737373737373737373737372727272727272727272727272727272727272727272727272727272727272727272
0107727272727272727272727272727272727272727272727272727273727272727272727272727272727272727373737373737373737373737373737373
0108737373737373737373737373737373737373727373737373737373737373737373737373737373737373737373737373737373737373737373737372
0109727273737272727272737372727373737373747474747474747474747474747474747474747474747475757575757575757575757575757575747474
0110747474747474737373737373727372737272727272727272727272727272727272727171717171717171727272727272727272717171717171717171
0111717171707070707170707070707070707070707070707070696969696868686868686867676767676767676767676666666666666666666665656565
0112656665656465646465646364636363636363636263626262616161606059595959595959595858585858585857575858585958585758585858575857
0113585858585858585857585858585858575756565757565756555656575657565757575758585857565756575757565758575757585757585757565757
0114575656575857585858585657585757575757565757585757565756575657565756575656565756565757565656565756575657575657565657575657
0115575757575656565756575758575757575656565656565656565756565656565655555656575757575757575757585858575757575758575757585858
0116575658585858585858595859605959595958595858585858585858595958585858585857575857575757575757575757585757575756575758585858
0117585857585757575859585960595960616160606060606061596061606060606060606061605960606260606060606161626261606161616262606060
0118616160595858585859595959585858575757575757575757586163666767686869707070717069696968686868676868696868676668686867676767
0119676766666669727271717171707070696867676767676769697172737373747475747372717070717272727273737373737373737374737374747373
0120737171717273737373737373737373737372686766656565636262606163626262636566676763636663605858585758586062626465656566676768
0121686869696869696970717272717272727272727273737374747474737373737373727272727272727272727272727171717171717171717171727171
0122717170707070707070717171717171717070707070707071717171717272737474747474737373757575757576767676777777777777777776767676
0123757575757676777777777777767677777777767676757574747373737273747576767677777777777777777777777777787878787878787879797978
0200787878787979797979808080797978777777787979797979808079797978787879798079797979797979797979797979798079808079797979797979
0201798080808080818181818181818181818181818180808080797878787878797979787878787979798080808081818181818181808080808080808080
0202808181818181828282828282838383838383838382828282828282828282818181828282828282828281818181818181818181818282828282828282
0203828383828282828282828282828282828282818181818181818180787574757575747270697071707071717173737474757576767575747373727171
0204717069707069696969696969686868686868676667676767676767676767666766666766686868676868686969707171717272727373737374747575
0205757575757474747372727272727067656462626161626261626262626262626262636363636363636363636262626363626262626363636363636363
0206636363636363636363636363636463636363636363646464636464646364646464646464646364646464646464646565656565656565646464656565
0207666666666666676666676767676767676767686868686868697071717272727272727374737474747475747473737374757575757575757474757575
0208757574757575767675757474747474747474737373737373737474747475757575747474747475757575757576767676777777777775757676767575
0209747474747474747373737272727474747474747575757576767677777675747375767676767675757575767676767677777777767677787878787878
0210777777777778787877777777777878787678787877777676767676767777767676767777777878767676757677777878787878787777777776767576
0211757373737373727272727272717170707070707070706970696969697069696969696969696969697070707069696969706969696969696969696868
0212686868686868686868686868686968686868686868686969696969707070697070707070707070707070707070707171717171717171717171717070
0213707070696969686867676767676767676766656564646363646463616262616059606058585958595757575757575755565655545352535353545353
0214525352515150515352525252524949505051525250514848495048484949498149504948494949494949515050505050494849494849484948494948
0215484848474747474747484747474747474747474847474747464747474747474848474846474747474847474646474746464545454646464545454645
0216474647464646464847454545454444454544454544403634333534333333323232323333333332333333333333333334343434343435333433333333
0217343535343433353534353535363434353535353535343636363536373736353737363637373737373738373736373737383737373738373737383940
0218414242444444424244454644444445464646464746464647474848484848484849494949494949484848494948484949494949505050505050525251
0219515251515152515150515051515253535252525251525353535354535251505151525251514949494949494950515051505151505152525151525253
0220535354545556555454535353535353535353545454545454545455555556565656565757575758585858585858585859595959595960606060606060
0221606061606161616161616262626262626262626262626262636363636363636363636363636363636363646464646565656666666666666767676768
0222686869707070717070697070717170706969707071727272737374747575757575757575757575767676767675767676767676767677777777777778
0223787878787878787878777777777777777778787777777777777777777777777777787877777676767676767676767676777777777778787878787777
0300777777777777787878787878787878797979797979797979797979797979797979797979808080808080808080797979797979797979807979797979
0301797979797979797979798080808080808181818181818181818181818181818182828281818181818079787776757474477373727272727271717171
0302717171717171707070707070707070707070707070707071717170707071717171717171717171707070707070707070707070707070707070707070
0303707171717171717171717171717171717171717171717171717171717171717171717171717171717171717171717171717171717171717272727272
0304727373737474737373747474747474747575757576767677767676767677777777777778787878787878787878777777787878787878787878787878
0305777777777777777878797979797979797979787877777777767675757676767676777777777777767676777778787878777878787878787979797979
0306797878517878787878787879797979797979797979797979808079797979797979797979797979797979797979797979797979808080808080808080
0307808080808080808080808080808079797979797979797979797979797980808080808079797979797878787878787878787878787878787878787979
0308797979808080808081818181818282828282828383838383848484848484848484848484848585848484848484838383828282828283838383838383
0309838383838383838383838383838484848484848484848383828180797979797979797979808080808080818181818181828282838383838383838384
0310848484848484848485858585858585858586768686868686868686878787878787878787878787878787878787888888888888888888888888888888
0311888888888888888787878787878787868686868686868686868686868686868686868685858585858585858584848485858585858585858585858585
0312858585858585858586858585858585858484848383838383838282828282828282828282828282818180808081818181798080808079808079797878
0313797979787778787979797980808080818182828282828282838383838283838383828383838282828281818282828281818180787879798078787878
0314777778787775747472737372727272737171717071717071707171716971717071847172727170707270706970706969696969707070707070697170
0315707070717070707070717170707070717070717171717171717272727272737372727272727171717171717070706968696969706970696969696970
0316706970696970696968686868686968686868686868676868686768686767676768676866676868686868686868686969686968686968686869686768
0317686969696969706968686869696868686768686768686867676868686869686969686868686868686868686766666767676768686868686868686868
0318696968686868696869696869686868696868686869697070707071717171717171717171707171717171717171717171817170707070707070707170
0319707071707070707071717171727272727172727272727272727272727273737272737374747474747575757575757575757575757575757575747474
0320747474747475757575767676767676767676767676767676767676767676767676777776767676767676767676767676767676767676767676757675
0321767676767676767676767676767676767676767675757575757676767676767676767676767676767676767676767675757575757575757575757575
0322757474757575757575757575757575757575747474747474747473737373737373737373737272727272727272727272727272727272727272727272
0323727373737372737272727373737373737372727272737373737373737373737373737373737373737373737373737373737373737373737372727272
0400727272727272727272727272717172727272717172727272727272727272727272727272727272727272727272727272727272727272727272727272
0401727272727272727272727373737373737373737373737373737373737373737373747575757575757576757575757576767677777878787878787878
0402797979797980808080808080808079797878787878787777777777787878787878787878787878787878787878787878787979797979797979797979
0403797979797979797979797979808080818181818282828283838383848484848484848485858585858586868686868686868686868687878787878787
0404878787888888888888888787878787878787878787878787878787878787878787878787878787878787878787878787878787878787878787878787
0405878686868585858585858585848484848484848484848484848484848585858585858585858686868686868686868686868686868686868686868685
0406858585858585858585858585858484848484848484848484848485858484848484848484848484848484848484848484848485858585858585858585
0407858585868686868686868686868686868687878787878787878787878787878787878787878787878787878787878787878787878787878787878787
0408878787878787878888888888888888888888888888888888888888888889898989898989898989898989898989898989898989898989898989898989
0409888888888888888887878787878787878787878787878787878787868686868686868686878787878787878787878787878787878787878787878787
0410878787878787878787878787878787878787878786868685858585848484838382828282828382828282818282828282818281818181818181818180
0411808181818180808080797979797979787777787776767576767574747474747472727172727271727272727170697070717170717069696868686866
0412676968676766656667666667676565666565646466656564646464646464646363636262626261616261626262616061616060606160606060616160
0413575857575755565655555556555555555554565659606060606059606059575553535354545355545454545353545353535354545353545353535453
0414525152505051515152525251515151515451515050494949495050505049494950515050505050515250515051504949504849504849494849485050
0415494950474848474849504946474848484847494948474849504949484847484948484848504848494949504948514948484848484747484848484848
0416474848484848484848474748464746484646454748484748494848484948495048484848494949494949494950495051505149505151515251515252
0417525252535454545455555353545454545454545454555454545454545454545454545354545454545454545455555454545555555455555554555554
0418545454555454545555555454545455555555555655555555555555555555555556565655565656565655555556565656565656565656565656575757
0419575758585758585858585858585858595958585959585959595959595959606060606060606060606060616161616161616262626262626262626262
0420626262626262626262626262626262636363636262626263626262626262626262626263636363636363646464646464646464656565656566666666
0421666667676767676767676767676868686868686869696969696970707070707070707171717171717171717171717171717171727171717171717272
0422727272727272727373737373737474757575767676767677777777787877777777777778787878787878787878787979797979798080808080808080
0423808080808080808080808080797978787877777777767676767777777777777777777777777777787879797979797979808080818181808181818181
0500818181818181818181818181818282828182828282828181818181818181818181818181818181828282828282828282828281818180807979797979
0501787878787878777778787878787878787878787878787979797979797979798080808080808080808081818181818282828282828282828383838282
0502828181818181818181818181828282838383838384848484848484848484858584848484848484848484848484848484848484858585858585858585
0503858585858585868686868686858585858585858584848484858585858585858585858585858585858585858585858585858585858585858686868686
0504868686868686868686868686868687878686858585848484838383828282828181828282828283838383848484848484848483838383848484848484
0505848484848484848484848484838383838282828282828282828282828282828282828282828282828282828282828282828282818181828282828282
0506828282828282828282828282828282828282828282828282828282828282828281818181818181828282828282828282828282828282828383838383
0507838383838383838383838383838383838383838383838383838384848484848484848484848485858585858585858585858585858585858585858585
0508868686868633868686868686868686868686868686868686868787878787878786868686868686868686868687878787878786868686868686868686
0509868686868686858585858585858585858585858585858586868585858585868686868686868686858585858585858484848484838383838483838383
0510838384848484848483838383838383828282828282828282818182828283838383838383828282828282828282828282828282828282828282828282
0511828282828281818181808080807979797979797979797878787878787878787778777777777777777777777676767676767575757575757575757575
0512757474747575747474747474747473747473747441747474747474747474747474747575757576757575747474747575757575757575757575757575
0513757575747474747475747474757574747474757575747474747474737473747474747374747374747473737373737373737373727272727272727272
0514727273727272727272727272727273737474737374747474747474747474747473737373737272727373727272717071716970696969696868686867
0515676766666666656565656465656565656565656565656362616161626365656666666666666766666665636362626363636464646465646464636363
0516646465656565646565656665646564646464656363636363636364636364636362626356646464646363636464646361616262636263626262626262
0517626262626262616061616161606061616161606160606161616061616060606059606059605959606060606060606061606060606061606060605959
0518595959595959595959605959606060605959595959595960605960606061616261626262616160606161616161626161616162626263626261616261
0519616061616161626261616161616161626262626262626363636363636363636364646464646464646564656565656565656565656666666666666766
0520666667676767676768686868686868696969696969696969696969696969696969696969696969696969696969696969697060696969696969696970
0521707069696970707070707070707070707070707070707070717070707070707070707070707070707070707070707070707070707071717171717172
0522727272727373737373737373737373747575757676757575757575767676767675757677777676767676777776767777777676767677777777777777
0523777777777777777878787878787878787878797979797979797979798080808080808080808080808080807979797979797980797979797979797979
0600797980808080808080808080808080818181818181818181818181828282828181818181818181818182828282828282828283838383838383838383
0601838484848484848484848484848484848484848484858585848484848483838383838484848484848484848485858585858585858585858585858484
0602838382818181818181818181818080808080808181818182828282828282828383838383838383838383838383838383838383838383848484848484
0603848485858585858585858585858586868686868686868686868686868686868686868686868686868686868686868686868686868686868686868686
0604868787878787878787878787878787878787878787878787878787878787878787878787878786868686868686868686868687878787878787878787
0605878787878787878787878787878787878787878787878788888888888888888888888888888888888887878787878787878787878787878787878787
0606878787878787878787878788888888888888888787878788888888888888888888888888888888888888888888888888878787878787878686868686
0607868686868686868686868686868787878787878787878787878787878787878787878787878787878787878788888888888888888888888888888888
0608888888898888888888898989888888888888888888888989898989898989898989898988888888878787878786868686868686868686868686868686
0609878787878787878787878786868686868686868686868686868685858585858585848484848484848483838383838484848484858585858585858585
0610858585858585858584848484838383828282828282828282828282828282828181818181818181818080808080808080808080808080797980807979
0611797978787878777877777776777676757575757474757576767676767576767676767676767676767676767676767676767676767676767777777675
0612757575747474747474747475757573737373737272727272727272717171707070707070717170707069696969696969696969696868676767676666
0613676768666666656564656565656465646565646465656565656666666463636464646464656364636463636363646362626363626162626362616261
0614616060605959585758575757575757575859605858585858595957585858575758585959605857575758595857575657575857585958585757585857
0615585857575757575757575657565657585756565656575757575758575757565656565654545455565454545554555554555555555454545555555556
0616555655555656565657565656575656565756555556575757575656565656555556565655565555555554555455545453535453525252525253515252
0617525252525252525252525251515051515152525153525152525253515151515252525251525151505151505151505151515151505151515152525151
0618525152525254545454545555555555555556565656565656565556565757565656565556565656565555565756565656565656565657575757565756
0619575757575757575857575756575757575758585960595858575757575757575859585858585960606260606060626465656464646564646463636364
0620636364646363636466666464656565666666666768717273737474747271717171727272727171707070696969707071707071717171707070707070
0621717171727373747475757576757575757575757575747374737272727374747575767676757574747575767676757574737374757576767575757475
0622757575757575757575757575757576767777777777777778787979798080807979797878797979797980808080808081818181818181828282828282
0623828282828383838383838383848484848484848484848484848484858585858585858585858585858586868686868686868686868686868686868687
0700878787878787878787878787878787878787888888888888888888888888888888888888888888888989898989898989898989898989898989898989
0701898990909090909090909090909090909090909090909090898989898989898989898989898989898989898989898990909090909090909090909090
0702909090908989898989898989898989898989898989898989898989898989898989898989898989898989898989898989898989898989898989898989
0703898989898989898989898988888888888888888787868685858585848484848484848484848484848484848484848484848585858585858585858585
0704858585858585858585858585858586868686868686868686868686868686868686868686868686868686868686868686868686868686868686868686
0705868585858585858585858686858585858585858585848484848484848484848484848484848484838383838383838383838383838383838383838383
0706838383838383838383838384848484848484848484848484848484848484858585858585858585858585858585858585858585858585858585868686
0707868686868686868686868686868685848382818181818282838383838383848484848383838484848484848484848484858585858585858585858585
0708858686868686868585858585858585858585848484848485858585858585858585858585858585858585858585858585858585868686858585858585
0709858585858585858585858584848484848484848484848484848585858585858585858585858585868686868585858585858585858584838382828282
0710828281828283835884848484848383828181808079797978777777767573747475757575757474747372717170707071707069696970706969706968
0711697069706968686969686868696867676767676867676867676768676767676767676766676667666666666666666565656667666665656665656465
0712656665656565656566666565656665656564656564656565646565656665656465636363646464636363636463626362626161626161616161616161
0713616161616061616161616161616161616161616161616159606060595960606059595959595960606060595959596060585958595858585958585858
0714596059585858595858585960595859585858585959597459605858585858585758585958575858595758595857575757585858575757575757575758
0715585857575757575757575858585858595958595959585858585959596059606160606160606060606061616161616262626262626263636363636363
0716636464646364646464646465656565656565656565656565666666666666666666666667676766666667676767686768686868686868686868686768
0717686868686868686868686868686868686969696969696969707070697070697069706970696970696970706969707070707070707070707070707070
0718707070707070707070697070707070707070707070707070707070707071707070707070707370707070707070707070707070707070707070707070
0719707071707070717171717171717171717171717171717171717171717171717172727272727272727272727272727272727272727272727272727272
0720727272727272727272737373737373737373737373727273737372727272727272727272727272727272727272727272727372737273737373737373
0721737373737373737373737373737373737373737373737373737373737374747474747473737474747474747474747474747474747474747474737373
0722737373747474747474747474747474747474747474747475757575757575757575757575757575757575757575767676767676766776767676767676
0723767676767676767676767676767676767676767676767676767676767676767676767676767676767676767676767676767676767676767676767676
0800767676767575757575757575757575757575757575757575757575757576757675767575757676767676757676767676767676767676767676767676
0801767676767676767676767676767676767676767676767676767676767676767676767676767676767676767676767676767676767676767676767676
0802767676767676767676767676767676767676767676767676767777777777777777777777777777777777777777777777777777777777777777777676
0803777777767676764876767676767676767676767676767676767676767676767676767575757575757575757575757575767676767676767676767676
0804767676767676767676767676767676767676767676767676767676767676767777777777777777777777777777777777777777777777777776767676
0805767676767777767676767777777777777777777777777777777777777777777777777777777777777776777777777776767676767676767676767676
0806767675757575757575757575757575757575757575757575757575757575757575757575757575757474747474747474757575757575757575757576
0807767676767676767777777777777777777777777777777777777777777777777777777777777777777777777777777777777777777777777777777776
0808767777777676767676767676767676777777777777777878787979797979797979808080808080808080808081818181818181828282828282818282
0809828282828282828282838383828283838383838383848383838383838383838383838383838383838383838383838383838383838382828282828181
0810818181818181818181808081818080808080808080808080808080808080808079797979797979797878787878787878787878787777777777767676
0811767676767676767575757575767575757574747474747574747373737373747474747372727272727172727271707070697069697070707070707069
0812697070696969696869696969686768686868696868676767686968676867676767666666666666666666666566656565656666646565656565666665
0813656564646464646464646465646464646463636363636363636362626262626161616160606060606060606060606060606161605959585858595960
0814585757575756565656565656575759575756565756565656565656565556555556565654545554555656575657565757565654535353535253525353
0815545355545253535252515152535353525253535353525353535353525252535353525353525354535253535251525251505049504950495050515051
0816505151505250515051515152515150505151515151505152525150505150505050505051505151525152515152515149504950494948484950494849
0817505049484848484948495050505049504849484948494950505151525150505051515251515150515049504949505050505153535353535354545455
0818545454545554555555555556565655565656575656565656565757565657575757565756575756565757575757575756575756565656575656565656
0819565657565757575756565757575757575757585959595960606061626263636464656565666667686868686968686868686971707071717171727273
0820737474747474747474747474747474747475757676767676767676767677767676777777777777777777787878787878797980808080808080808080
0821808080818181818181818181818181818181818181818181818181818282828283838383838383838282828383838382828282828282828282828282
0822828383838282828383828383838383838383838383838383828283838383838383838383838383838383838383838383838383838383838383838383
0823848383838281808080808181828282828282828282828181818181808079787877777777777777777879797878797980808080808080808080808080
0900808080808181818181828282828282828282828282828282828282828282828282828282828282818181818181828283838383838383838383828282
0901818181818181818182828282838383838484848484848484848483838383838382828282828282828282838383838383838383838383828283838383
0902838484848484848484848484848484848484848484838382838383838383838383838383838383838484848483838383838383838382828282828383
0903838383838383838383828282828282828282828282828282828281808079787878777777777777777777787878787979798080808080808080808080
0904808080818181818182828282828282828282828283838383838282818180807979797979798080808080808080797979797878787877767676767777
0905777777777777777777777777777777777778787878777777777777777777777777777777777777787878797979797979797979798080798080808080
0906808080808181818181818181818181818181818282828282828282828282828383838282828282828282828282828282818282828383838383838383
0907838384848484848485858585858585858585858585858585858585858585858585858584848484848484848484848484858585858585858585858585
0908858585858585858585858585858586868685858484838383838383838383838383838383838383838383838383838383838383838382828282828282
0909828282828282838383838283838383838383838383838383838484848484848484848484848484848585858585858585858585858585858585858585
0910858585858585858585848484838382828181818080807978787878787777777777767676767676767575757574747474747475747474747473737272
0911727171707070707170707171707171717070717070707071707070706968696968676768676767686867676868676767676766656566666665666564
0912656564656564646463636361606060606060606159605959605959606060605959595859585757575856575758595757575656575657565556565657
0913565655555555565655555555555654555555545454555455545355555353535352525352525353535252535252515252515153515051505050505049
0914505050514949494949505050504949484949474948484847474848474848494847474948494848474849494950494847474948484847474848484848
0915484848494949494948505051494948504849484849494949494949504951505049494949504950515151505050515051505050505150525150515051
0916515051515151515150525151515150505150505050505150695049505050494949495050505049494949494949494849484848504949494949494949
0917494950494949494950504949494949494949505049505050515050505050494949505049494949505051515152525252525353535353535454545454
0918545455545455555455555455555555555556555555555555555555565656565656565657565657575656565657575656575757575757575757575757
0919585858585959585959595858595959595959595960616363626162646565646464646464646565656465656867666768686768686767656365666867
0920676767686970707070706969696969697070706969697171716969696867666565646363636262556261616161616160606060606161616161616161
0921616161616160606161616161616160616161616161616262626262626262626262626262626363636362626362626363636363636363636464646464
0922646464646565656666666667686868686868696868676767686869686969696968686767676767676767686969707071707071707069686868686868
0923686767676767666666666666666666666565656565666666666667676666666666666666676766666869686868686969696969696869686869696969
1000707070707172727173737373737373727273737374737372727270696971717171727271727271717172737373737273737474757473397273747475
1001757575757475757575757575757474757676757575767676767677777777777777777777787878787777767677777878797979797979798080808080
1002808080808081818180808080808080808080808080808080808080808080797978777676767575757474747473737373737373737373737373737373
1003737273737372737372727272717171717171717171727272727272727272727172727373737373737474747474747474747474747474747474757575
1004757575757676767676767676767676777776777777777777777777777777777777787878787979797979797979808079798080808080808080818181
1005818181818181818181828282828282828181818181818181818181818181818181818181818181818181818181818080808080808080798080808080
1006808081818182828283838383828282828282828282818181808080808080808181818180808080808080818181818080797979808080818181818182
1007828282828282828282828282828282828282828282828283838383838383838383838383838383838383838383838484848484848484838383838383
1008838383838384848484848484848485858585858585858585858484848485858585858585858584848484848484848484848484848484848484848484
1009848484848484848484848484848484848484848484848484838383838281797878797979797979797978787877777676767676767575757474747373
1010737373737372727070707170696969686867646463636161616161616160606060606060606059605959596059605958585958595958585858575758
1011575858575758585757585757585757595858585958595958585958595858585858585858595859595858595858575758585858595858585857575757
1012585758575758585757565657585858585858585757575757575758585756565757575756575858585859585960596060606060606160606060606061
1013616160606060596059606059595959595959596060585859585858595959595959605858595857585858585859595959585757575857585758585757
1014585857575758595858585758585858595958595958585859585757575858575758585858575757565757575756575757565657575657565756575758
1015745655565656565755555657565656565655555657555455555555565655555656565655565656565555555655565656565556575757575757575757
1016575758575757575757575758575656565757575757585656565757575757575757575757575757575757575757565657565656565656575757565657
1017565657565657575656565656565657575657575656575757575757575757575858585857575758575757575757585757575858575858585858595959
1018595859585959585858585858585858585858585858585858585858585757575757565656575657565656565656565656565657575757575757575757
1019585858585858585858585859595959595959595960595959595959595959595959595959595959595959595959595858585858585757575756565656
1020565656555656555555555555565656565656565656565656565656565656565656575757575757575758585858585858585858585858585858595959
1021595959595959595959595960606060606060606060616161616161606161606161616161616161616161616161616161616161616161616161616161
1022616060616161616161606060606060606060606060606060606060606060606060605960605959596059595959595959595959595959595959595959
1023595859595959575858585857575757565756565656555555555555555555335454555555545454555454545454545353535353545454545454535353
1100535353535353535352525251515151515151515151515151515151515050505151505050505050505050505050505150505050494950495049495050
1101505051515050504949494848484848494949494848484848474747484747484848484747474747474747474747474747474747474848484748484848
1102494949494949495050505050515151505051515151515151515050505050505152525353535352535252525251515150505051515050505050515050
1103505050505050505050505050505050505050515151515151515152525251515151515051515151515152525252465252525252525251515252525252
1104535353535353535454545453535353535353545353535353545353535353535353545454545454545454545354555454545555555454545454545454
1105545454545455545454545555555454565655555555555656555555555555555555545454545353535353535453545353545454555655555557575655
1106565656565655555556606059586060605960595758595960605961606059595959585857575756586161626363636464636666646162626263636466
1107666464656768676564636464636363646562636465656564636463636261626362626262626260595959606061616161606060606164666564646563
1108586262616160606061616160595959626261626566646261585756565554535353535353525252525352535352535252525251515252515151515151
1109515251525151525251515050494850494848484847484849494948484849494948484949494848494848474848484847474646454543434443444344
1110434343424242434343444444454444444444454545454645444544444343434343434343444443434343424343434343424243434342424241424242
1111414242424241414241424242414141414241414242414241414142424242424242424241424242414142424142424242424241414142424141414142
1112414241414040404141424140414040414140404040404040404040414039404040404141414140393940404040404141414040394040404140404040
1113404140404040394039404038393839393939393940393939393940393939393939393839393939393939393939393939393938393838393939383838
1114383838383737383737383838383837383838383738383837373937373838383738383839393837373838383738383837383737373738373737363637
1115373837363737363736373636363736363636363635353636363636353535353535363535353635363737383838383939393938393939393939404040
1116414040404140393939394039393939393939393939393838393938393838383839393939393939393838393939393939393939393939393939394040
1117404040414141414141424242424242434242434342424141424141414141414141414241414142424342424240404139383837373736363636363738
1118363737363635363737363638383635363535353535363636363738383838383940404041404141403939404039404040404040404040404040404040
1119404040403939393839383939404039393939404040394040393939393939393939393939394040404040404040404041404041414141403940393939
1120404040404040414040404040404141414040393939393837373737373738383939393939404040404040404040404040404041404040404039394040
1121404040414040404039393939393837383838383837383837383837383838373737383637373837383737373737383837373737383737383737373637
1122373737373837373738373737373737383938383838383838393838383839383939393938393838383838383738383838383838393838383939383938
1123383838373737373838393938383939403941414041414241414242414141424444444343444343424242414141414140414345474746484947494947
1200474848484847464747495353484745454445454644454445444445464646454343444344444342434443434343434445454443414243434143444346
1201444348474442454850515354545454545352525150505052545554555455555555555557595655555656575655575858606262616060595959535353
1202525251505153545554555760585858595859605961616163636361596057555353545452525252525252525253545554545353545252515252545455
1203565556585958585959585858585960605857626262616059616060606061555554545250464645454442434240414039383838393838383738383837
1204383838373738383739383939393939393939404141414141404041404140414144434445444443434142424342444342424242424242424343424241
1205424242424040403939393939393938383838393838383940404040404040404040394039393939393940404039404040404040404040404040404040
1206414141404141404141414141404040414041404040404040414041404141414141404141414141414141414141414141414140414141414141414141
1207414141414141424242424242424242424342424243424343434343434343444444444444444444444445454444454645454545454646464646464646
1208464646464646464747474746474747464746474747464747474747474748474747474748484848484848484848484848484848494949494949494849
1209494949495049495049504950505049494949494950495050515151515250484948484949484748484848484848474748484646474747464546464647
1210464647474646454646474747474747474747474746444446464645444344454544444445454443444443444444444444444545444544444444444444
1211454444444444444445444444444444434344434343444342444344454343434343434342444343434343424444434142434244434243424243424241
1212414342424241414142414142424241414141424243424142424241414241414141414041414141414242424243414141404141424242414140404140
1213414242414141414140424241404039393939403940394138404139403941413939394039383939383938383838383838373938393938383937393938
1214383838373838383938383939373837373636363738383736373837363637373838363432333332323234323333343333333534323232333332323232
1215323233333432333333343333323333333333333333333233333233333233333333333333323233333334323232323331333332333432323334333333
1216333332333534333333333535343434333334333435353735333434363434353534343434343536353533353635343433333433353534333434343434
1217343434343434353535363535343535353534363535343635343435343335343637353535353637363535363535353536363636363636363635353636
1218363636353535353536363535353536363636363736373737363636373738383737383837373938373737383738373738393837373838373837383837
1219383838383738393939383939394038383838393839383939394040404039393938393939394040394040393940414040403939394039394040404040
1220414142424140404141424243434242434342434342424242434342434343434444444344444343444343434444434344444343434446454545444444
1221434343434443444443434343434343434353424343444444444444434345444444454545454444444544444445444443444444434445454545464646
1222464646474747484848484848484848484748474747484848484848484850494950505050505049494950505051505049505050505049494950504950
1223515151525050505050514948484849484949494948484747474645454545464646464646464646464545454546454547464547474746474747464747
1300484849494948484848484848484747484848484848484848484748484950494948494849494849515252525354555553525353555656575858565758
1301575756545352515353525454525251535251525252525153535453525252525223535453545355555655555657565657565554555555565656575756
1302605856575858575656565555545454565554555454545454545454535456565554545454545454545453535453545353545455555454535353535454
1303545454545454535454545454545555555555545454545455555555555554555555565656565656565656565656575656565656565656565655565656
1304565656565656555656565656565656565657565656565757575657575756565656575657565756565656565656575656565656575656565657565657
1305575757575657575757575757575757585858575757575858585858585958585859605959595959595958585858596024605959595959595959585959
1306595858595959595959585858585858585858585858585857585858585858585858585858585857585859585857575757575757565657575757575757
1307575758585858585858585858585858585858585858585858585858585858585858585958595859585858575859585959585859585857585757575757
1308575756575757575757575757575758585757575757585756565656565655565655555556565656565656565657575757575757575757575857575758
1309585858585858585858595959595959595959595959595959595959596060606060606160606161616161616161616162616161616161606161616161
1310616260616161616161616161616161616160606060616160606061606160616161616160616161626162626162616162626262626262626162626263
1311636363636363636464636363646464656565646565656666666666666666676767676767676767676767676768686969686868686868676767676869
1312686969686767666666676667676665656565666565666666656564646565656565646464646464646565656565656565656565656565666564656464
1313656464646565656665656565656564646565656666656566666666666767676667666565656665646363636363636363636363646363636262636363
1314636364646464646464646463646464646465656464646564646364636262636363636363636262636363636263636262636364636262626262626262
1315626363646463626362636362636363636363636261626363636363636363626263636363636363636464646564646463646464636364636464636363
1316636363636364646363636363636363646363636363636463646463646363636364656464656566666666666767676767676868686868686868686868
1317686868686867676768686868686767676868686767686768686868686767676767676767676767676666666767666666666666666566666666666665
1318666665666666666666656565666565666666666666666666666666666666666667666666666767676768686768686768686868686868686869696969
1319686869686868686869686869696969696970707070707069707070707070707070707070707070707070707070707070707070707070707070707070
1320707070707070707070707070707070707070717171707070707070707070707070707171717070707170707070707070707070706970706969696868
1321686868686868696969696969696970706969696969696969696969706969696969696969696969696969696968696969696969696969696969686968
1322686868686868686868686869696969696969696969696969696969696969696969696969696969696970707070697070707070707070707070696970
1323697070707070707070707070707171717070707070707070707070707070707070707171717171717171717171717171717171717171717171717171
1400717171717171717171717171717272727272727272727372737373737372727272727272727272727272727272727272727272727272727272727272
1401727272727272727272727272727272727272727272727272727272727272727272727272727373737373737373737373737373737373737373737373
1402737373737373737373737373737373737373747373747474747474747474747475757575757576767676767676767676767676767676767676767676
1403767676767676767676767676767676767676767676767676777777777777777777777777777777777777777777777777777778787878787878787878
1404787878787878787878787878787878787878787878787878787878787878787878787878787879797979797979797979797979797979797979797979
1405797979797979797979797979797979797979797979797979797979797979797979808080808181818181818181828282828282828383838383838383
1406838383838383838383838383838383838383838383838383838383838383828281818080807979797978787878787878787878787878787878787879
1407797979797979808080808080808080808080808080808181818181818181818181818181818181828282828383838383838383838384848484848484
1408848484848484848484848585858585858585858585868686868686868686868686868686868687878787878787878787878787878787878787878787
1409878787878787878787878787878787878787878786868686868686868686868585858585858585858585858484848484838383838383838382828282
1410828282828282828281818181808080808080797979797978787878787878787878787878777877777777777676767676767776767675757575757575
1411767676767676767575757574747474747474757475757474747474747474737373737373737372727273737373737373737373737474747474737373
1412737473727272727272727273727372727271717171727172717271717171706969707070697070696969696968696868686868686869686868676868
1413686868676766666667676767666666676666666666666666666565656464646363646465636363646464646565656463636363626364646463626364
1414626263626362616161616262626262616261616261626263636262616162626161606060596059585858585759575857575859595959585758575857
1415575758585757575858575858585858575657565656575757575657575757575757585757565758575758575756555656565656565758565657565555
1416555555555554555555555756565756555555565555555555555655555454545455555555555554565554545354565555555555555555555555555555
1417555555545555565556565656565656565657565757575757575757585858585959595959595960596059605960606060606060605959605959595959
1418595858585858595858595959595958595959595959595959595959585959595858595958585858585858575757575757575858585858585858585859
1419585959595959595959595959595959596060616262636363636363636463646363646464646464646465656565656565656565656565646464646464
1420656464646464646464646464646464646464656465656464656565656565656565656565656565656565656565656565656565656666666666666767
1421676767676768686868686868686969696969696969696969696969696969696969696969696969696969696969696969707070707070707069707070
1422697070707069696969696969696969696969696969696969696969706969706969696969696969696969696969697070706969706969707069696969
1423696969696969696969696969696969696969696969696969707070707070707070707070707070707070707070707171717171717171717170707070
1500707070707171707070707070707171717171717171717172727272727273737373737374747474747575757575757676767675757676767676767676
1501767676777777787877777878787878797979797980808181818181818180797979808081818181818181818080808181828282828282828283838382
1502828283838383838282818080797979808080808081808080808080808080798080808080808080808080808080808080808080818180808080818080
1503808081818181818282828283838383838484848484848484848484848483838282816181807979787878787879797980808080818181818282828283
1504838383838484848484848484848484848484848484848383828181808080808080808080797878787878787979797979787878787878787776767575
1505757574747474747473737373737372727271717171717070707070707070707070707070707070707070707070707071717171717171717172717272
1506727272727272727172727272727272727272727272727172727272717171717170717172727272727271717171717272727172727271727172727171
1507717171717172737373737373737272727272737474747372737373737373737373737273737374747474747575757575756675767676767675757574
1508747474747474747474757575757575767576757676767776767676777777777777777777777777777878787878787878787777777777777878787878
1509787878787878797879797979797980808080818181818180808080808080808081818181818181818181818181818181818181818181818181818181
1510818181818182818181818181818181818182828282828282828282828181818181818180818181818080808181818181818080808181808080818080
1511808080808080808080808080818080808181808079798079798080808079797980808079797979797978787879787777777879797979787777777776
1512767777767275747575737474757474737375737373727172737373727270707069707172717071707070717068706867676767676766676566666565
1513666465646564636464646463646363646465646464656564666566656463636262626061616261606162606160606059606160596060605960605959
1514595960605958585858595858586059585860595959596059585858585859565758575757575655555555565656565554545455565655555655555554
1515555554555454555454535453535354545454555454545454545455545455555655545553545354545455545554545354545554545454535554545453
1516535354545353535354535354545353535353538153535353525254545453545454535354545452545353545253545353545455555454545454535353
1517545454525252515151515253525253535352545454535353535252525352525252535252525352525252525151525151515152525252525454555253
1518545453545352535152535253525353535354545353545454545554555555565555545555545454545554535354545555565556535454555555555555
1519555455555656575655565656575756565555555656565757575758575757585857585858575757575858585958585959595960595959606060606060
1520595958595959595959595959595960606060606061616261626261616162626161616262626262626262626262636364646564646364646464636363
1521626363626263636363636363636363626261626262626262626262616162626162626262626362626363636363636263636363636363636363636363
1522636364646363636363636363636363636363636364646463646464646565656565656565656565656565656565656565666565656565666666656566
1523656566666566666565656565656565656565656565656565656666666666676767676767676667676768686968676768686867676767676767676767
1600676769707171717171717272727171717272737374747474747474747576767676767777777777777777777778787878787777777777777878787878
1601787878797979798080808079797877777777787878787877777878787878797979797979797979797878787878787979797979797979797980808080
1602808079798080797979797979797979797979797979797979798079797979798080808080808081818181818181808080808080808080808181818080
1603797979797980808081818181818181818182828282828282828281808079798079797979797979797979797979797979797979808080808080808181
1604818181818181818181818181818181818181818181818181808081818181818182828282828282828282828282828382828282828181818080818181
1605818182828282828282828281818182828282838383838383838383838383838484848484848483838383838383828282828282818181818080808080
1606808081818181818180808080797979797979797979797979797979797979787878787978787877777676767576767676767676757575757676767676
1607767575767676767575757676757575757574747373727272727272727272727272727271717171707070707070717170717171717171717171706969
1608696868686868686868666666666666666666656566666665656666666464656464646464646363636363636363636364646464646464636364646464
1609646464646464646465656464656565656464656565656565656565656565656565656565656566666665666665656566666666656666666666666666
1610656564656565656565666565656465656564646565646463646464646464646364646464646464646363636464646464646464646465656464656463
1611636363646363636364646564646464646465656464646564656565656565656564656565656565656665666666676766666667666666676767676767
1612676767676667676666656666656566666666666665656666676666666666656565666766666666666666666665656666656665656566666665666565
1613646464656566656565656565656464656464646465656564646463636363646364646565656666666564666666666665646565656565656565656465
1614666665666565656667676666676767676768686868676868686868686867686868696969696969686969696968686868686868686869697069697070
1615707170706969696969696969696968686767676767666767676665656666656566666565666665666565666566656665656566666666666565656565
1616666666666666666666666666656465646465646464646564646463636363636364636363646463646464646464646464646363646362636362626263
1617636261626262636363636363636363636263636364636463626262616262616162616161616161606161626262626262616262626262626363636363
1618636363636363636363636363636363626363636362626262626262626363636363636363636464646463636464646464646464646464656564646464
1619646465656565656565656565656565656565646464646464646464646464646464646464646464646464646464646463636464646464636464646463
1620636363636363636363636363636363636364636464646463646464646463636464646464646465656565656565656666666666666667676767676767
1621676767676767676868686868686868686868686868686868686868686868696969696969686868686870717171717171717171717172727170706968
1622686868686868686767686867676767676767676666666666666667676766676767666666666666666666666565656565656666666666666666666666
1623666666666666676869696869697071717170707071727372737373737372727172727172727272727172727373737474747473737272727271727272
1700727272727273737372727272737373737373737373727271717070707070706969696969696969696969696969696969707070707070707070707070
1701707070707070707070707070707070707070707070707070707070707070717171707070696969696968686767666666666565656565656465646464
1702646363636362626262626263636363626262626262626262626262626262626363636363636363636363636363636363636464636464646464646464
1703656565656565656565656565656564646363646363636363636363636363636363636363636363636363636363636363636363636363636363636364
1704646464646464646465656566656565656464646463646363636363636363636363636363636463636363636363646464646565666666676767676666
1705656565656564656667666666676665666767666566666666676767676767666667676868686767666767666666666666666666666666666666676767
1706676767676868686868696969696970707070707070707070707070707070707071707071717171717171717171717172727272727273737373747475
1707757576767676767677767676767676777777777778787878787979797979797980808080808181818181828282828282828282828282828282828282
1708828282828282828282828283838383828282818181818181818181828282828282828282828282828282828282828282828282828282838383828282
1709828283838383838383828282828282828181818080808080808080808181818180807978787877777776767574737372737271727270707070707070
1710697070707069696969696869696869696969686867676767656565656666666665656564656464646463636362636363636362626363636362626262
1711636261616060606060606058585757575757575656565657565555565555545353525250505148464846454344444545454645444343434444444445
1712454544454546464342383840424138363735333332323432323333323232333331313131323332313232323232323132333131303030293131303031
1713303131323132333131323231323233333233323332323433323232313231313132333232323333323131333332313031313031303030313130313031
1714313030303031743032313132303131303030303030323231303131313130313131323131343231313232313233323333333334333333333332323233
1715333333343534333334333433343333323333343534353435343434343536363433353334333334353435353636373736373737373736373737383738
1716373837363636373737363637353636373735363535343433343437363534323334343436353635353536373736383636363836373736353735353636
1717353535333333323232353535363538373840404040404040394040393940404040414041424141424142424243444445454646474747474849505049
1718495052535454555554535355555453535252525050775051515252525252525352515152525151515152525151515151515151515151515151505151
1719505050505050505050505151505051515253535353545454555455555656555656565656565656565757565657575757565656565656575656565656
1720565657565757575757575757575857585858595959596060606060606060606060616160616261616262616061616261616261626161616161616162
1721616163636366686868686866636364656667676767686969707070717171727374747373737475767677777878787980818182828282828383838383
1722838383838383838384848484848484848484848484848484848383838484848382828181818181818282828180808080808080808080818181818282
1723828281818181818181818181818080818181818181818181818180808080808080818180808180808081808080808080808080808181818181808080
1800808080807979798080808080808080808080808080808080808081818181818180808081818181818181818181828282828282828282828282838383
1801838383838383838383838383838383838383838383838383838383838383838383838383838383838383838383828282828282828282828282828282
1802828282828282828282828282828282818181818181818181818181818181818181818181818181818182828282828282828282828282828282828282
1803828283838383828282828282828282828282828282828282828181818181818181818181818181818181818181818181818181818181818181818181
1804818181818181818181828282818281818182828282828282828282838383838484848484848483838383838383838382828282828282828282828282
1805838383838383848483838383838383838383838383828282828283828282828282828383838383838383838383838383838484848484848484848484
1806848484848484858585858585858585848484848484848383838383838383838484848484858585858585858585858585858585858585858585858585
1807858585858585858585858585858585858585858585858584848484848484848484848484848383838383838383838383838383838383838383838383
1808838383838383838383838282828282828282828282828282828282828282828281818281818181818181818182828383838384848484848484848484
1809848484858585858585858585858585858585858484848585848585858585858585858585858585858585858585858585858585858484858585858585
1810858585858484848484848484848484848383838383838383838383838382828282828383838383838383838383848484838383838383838383838382
1811828282818181818181818080797979797979797978787979797979787979787877787877777676767676767576767676767676777776757575767677
1812777776767676777777777778787777777877777777777776767777777676767575757575757575757474747474747475747474737373737372737372
1813727272717272737372727272717070717270717070707069696969696970717070706970706969686868696969696768686868686767686766666666
1814676868676667656666666665666666666666666665646465656565666665646363646363636261616161626162636464636263626161626263626262
1815616162626263636362626263636261616162626262616161616261616261626262626162616160616160606060606160596160595958585858585858
1816595958575658585658575555575655555456565757575858595960606061606161606161616062626161626162616060606160606060595961606060
1817595960596059596060616160616159605959606059606160605959596060595959596061616162626262626261626263626362626362626262636363
1818646363646465656566666766666767666666666666666766666667676769686769686869676768686868696867666768707070707069696969686868
1819686667686869696969686868697068696969686969696968686870696969707070696969696969707070707070717170707070707070697070707171
1820717070707071717070707071717171707070707171717071717171717272717071717070717171717171717171717171717171717070707070707070
1821717171717172727273727373747474747475757576757575757472727271717172727273737474757575767676767777777777777778787878787879
1822797979797979808080808080808080808080808080808081818180808081818080808080808080808080808080808181818181818180818181818181
1823808080808181818080808080808080808080808080808080808080808080807979808080808080808080808080808080808080808080818181818181
1900818181828282838383838384848484848585858585858586868686868686868686868687878787878787878787868685858484838383838383838382
1901828383838383828282828282828282828281818181818181818181818181818181818181818181818282828282828282828382828283838383838383
1902838383838383838383838383828282828282828282828282828282828282828282828282828282838383838383838383838383848484848383848484
1903848484848585858585858585858586868686868686868686868685858586868686868686868686878786868686878787878787878787878788888888
1904888888888888888888898989898989898989898989898989898989898989898989898989909090909090909090909090909090909090909090909090
1905909090909090909090909090909090909090909091919191919191919190919191919191919191919191919191919191919191919191919191919191
1906919191919191919191919191919191919191919191919191919191919191919191919191919191919292929292929292929292929292929292929292
1907929292929292929292929292929292929292929292929292929292929292929292929292929271929292929292929292929292929292929292929292
1908929292929292929292929292929292929292929292929292929292929292929292929292929292929292929292929292929292929292929292929292
1909929292929292929292929292929292929292929292929292939393939393939393939393939393939393939393939393939393939393939393939393
1910939393939393939393939393939393939393939393939393939393939393939393939393939393939393939393939393939393939393939393939393
1911939393939393939393939393939393939393939393939393939393939393939393949494949494949494949494949494949494939373939393939290
1912878584838381808079787778787777787877787777777776757576777575757575747373747373737372727272707171707170717170697071706969
1913686767676666666567676567656465656665646464636464656566646161616161616160616061595960596062616059605959585958595758575557
1914555756585858585757575655555556555556565657595959616061626363636464656565666565656565656565646565656664646465656464656565
1915646462626262626263656161616161616162616161616261626261616163636364656565666667666767666766666767676867666666666666666666
1916656566666667676671666565656565666565656465656564656565656465656565646564646565656565656465656565646565656566646564656564
1917656565666465656565656665656565656666666665656565656565656565656666656566656565656566656565656565656565656566656666656565
1918656565656565656565656565656565656565656566656565656565656564646464646464646464646464646464646464646465646565656565656564
1919636363646464646464646565646464646565646464646464646465656565656565656565656566666666666666666766666666666666666666666666
1920666666666766666666666666666666666666666666666683666666666666666666666666676666666666666666666666666666666767676767676767
1921676767676868686868676767676766676767676666666767666666676666676766666666666666676766666666676667666667676767676766676767
1922676767676767686867676767676767676767676767676768686867686868686867686868686867676767686868686868676868686867676767686868
1923686868686868686868696868696868696868686768686868686868686868686969696971737374747575757676767676767676767676777777777677
2000777776777777777676767676767676767676767676767677767676767676767676767677767677777777777777777777777777777777777777787878
2001787878787878787878787878787878787878787878787777777777777777777777787777777777777777777777777777777777777777777777777777
2002767676767776767676767676767676767776767676767675757575767676767676767575767676767575757575757575757575757575757575757575
2003767676757575757576767676767676767676777777777777777777777777777878787878787878787878787878787878787979797979797979797979
2004797979797979797979797979797979797979797979797979797979797979797979797979797979797979798080808080808080808080808080808080
2005808080808080808080808080808080808080808080808080808080808080808080808080808080808080808080808080808080818181808081808080
2006808080808080808080808080808080808080808080808080808079797980808080808079797979787878787878797979797979797979797980808080
2007818181818181818181818181818181818181808081818181818181818181818181818181818181818181818182828281818181818181808080797979
2008797979797979797979808080808080808080808080808080808080807979797979797978787878787878787878787878787878787878787878787879
2009797879797979787878787878787877777777767676767676767675757575757676767675767576757575747474747474747373737373737373737272
2010727272737272737373737272727272727272727272727271717171717171717171717171717171717171717171717170707070707070717171717171
2011717171717170717171717171717070707071707070707069697069696969696970696865656767676767676767676767676765646566676666656565
2012646464656565656565656666666665666666666564646565646566666565656665656565656566656564656564646465636463646364646364626263
2013626161616261606061616061636161616262626162606060616361606160606059616262605960595859606059606059596060606060596059595959
2014585959595960606060595959595858585859585959585858585857575859595858585858575858575858575858575758585859575858575759595859
2015595858595958585757575756565656565756565657565657575757565655555656555657565656565657585655565656555656555556565555545556
2016565755555656555455545555555556565555555556575655555656565656565656565656565657565656575757565657565656575655555656565657
2017565656555556555656565555555555555455555555555454555556545454555555555555555454545555555454545454545555555454545555555555
2018565555555654545455555555555455545455555555555557565555555555565655565656565656565657565656565756565657575756575757585758
2019585757575757575858585757575858585858575858585957585858595958585857585858585959585859595959595959585959585859605959585959
2020595959595960605960606060606060606160606060606060606061616060616160606060606060606060616060606060606060606161616161616161
2021616161616161626262626262626262626262626362636362626263626263626362626262626363636363636263626362636263636363636363636363
2022636464646464646463646363646364646464646465656565666768686868696969696969697070717171717171727272717171717171737373747473
2023737373727272727272727272727374747271717070696868686868696969707172727170696968686868686868686868686969697070706970707071
2100717171717272737373727373737374747475757574757575747575767676757575757576767676767675767676777676767675757574747474757676
2101767777787879787878787878787878787878787878787979797978787878797979797979798080807979797980808080808080808080808080808080
2102818181818182828282828282838383828282828282828282828282828383838283838383838383838383838383838484848484848484848484848484
2103848484848484848484848484848484848484848484848484848484848484848484858585858585858585858585858585858585858586868686858585
2104858585858585858585858585858585858585858585858686858585858585858483838282818181808080808080797979797979808080808181818181
2105828282828282828182828282828282828383838383838484848383838383838383838383838282828383838383838383838484838383838383848484
2106848484848484848484838383838383838383838383838484848484848484848484848585858585858585858585858585858585858585858586868686
2107868686868686868686868686868686868686868686858585858484858585858585858585858585858585868686868686868686868686868686868686
2108868686868686868686868686868585858585858585858585858585858585858585858585858585848484848585858484848484848585858585858484
2109848383838383838384848484848484848484848484848484848484848484848484848484848484848484848484848484848484848483838382828281
2110818180798080818181818181818180807979787878777776757574747474747474737373727272716969696968686867676767676767676768686867
2111676766666667676767676766656566666665656565656667666565656565666665656565666666666666666766666666666767666666666666666666
2112656565656565656565656565656565656465656565656565646564656564646464636464636463636363626263636262626362626160606060606061
2113626161606060616060606060606059596059585959585959605958586058575756565657565757565755555555555655555555555554547154545453
2114525453515151505151525352525252525353515252525352525252525252525354535353535353535252535353545352525353525352535354535354
2115545353535353535453535453535353535454545453545553525353525353535453545455545455545455545555545555545354545455555554545454
2116535354545454555554545554535554545454535354535352535253535253525254525252525251525151515152515252525252525252525352525252
2117535152525253535353535253535454525253535353525152525252525252525151515151515151515151515151515252515151515152535152525252
2118525151525252525252537953535252525252525253535454535354545353545353535354535454545454535454545454545354545454545353535353
2119535353535354545454545354545554545455545453535454545454545455555655555454545454555554545454545554545455555554555455555555
2120565656565656575756575656565656575757575757575757575757575758575857585858585858585858585858585858585858585859595959595959
2121595960606060606163636363646463626264646565656768666565646463636363636363636363646363636363636362636263626362626263626263
2122626263626363636362636363636363636363636363636363634963636363646464646464656464646464646464646464656464646465656565656565
2123656565656665656565666666676767676767676767686969696970707170707069686868686767676767666767676868686868686969696969696969
2200696969686868686868687070707172737373727272717171727271706969696868686868686868697171717171717172727272727171727272727272
2201727272737474747475757676767576767676767675757575757576767778787878787777777676777778787878787878787878787979808080808181
2202818080808080808080808080808079797979798080808080797979797979797979797979797979792679797979797979807979797979797979797979
2203797979797878787878787878787878787979808080808080808080808080808080808080808080808080808080808080808080797979798080808080
2204807978787878787776757574747474737373747575757575757575757575747474747475757575757575757575767676767777787879797980797877
2205757473727271717070707069696970707070727272737373737475757575757575767575767677777776767676777777787879797980808080808080
2206808080808080808080807979797979797979787878777777777776777776757474747373737373737374747474757676767575767676767574747473
2207737474747474737373737373737373737373747474747474747474747474747474747475757575757575757575757575757575757575757575757575
2208757575757575757575757575757575757575757575767676777777777778787878787877767676767676767676767676767676767676767676767777
2209777777777777777777777777777777787878777777777777777777787878787878777878777777777777777777777777777777777777767777777677
2210767676767676767676757575757575757575757575747474747473747474747474747473737373737373737373737372727272737271717171717171
2211717170696969696969696970696968686868686867676868686766666666666665666766656564646566666565656565656565656566656464636463
2212646364636362636363626263636363636362636361616262626363626161616161616262616060616160605959596060595959605959595859585758
2213575857585857575655565657575757565757585857565556575553535354545455555555565757575556565555555554545656565656565656555353
2214525252525252535353525352525251515151515151515151505051525151515150504950495051515150515051515152515151515152535251515252
2215515152505051525152515152515151515051525152515150505050505050505151515251505152505151515050515050495050494949494949494849
2216484949494949504948484949484848484848494847484849504949495050505050505049505050505049505150504950505050505050505151515050
2217495050505050505050495050515150505151515051515050505151525152525152525252525252515251515252515151515251515051515151515151
2218505151515051515050505151505051515151515050505150515051525251515151515151525352515251525252515152515253525252525252535352
2219535353535353535353535353535354535354545354545555555555555555565656565756575756565656565757575757565757575757575758585858
2220585858575758585858585858585858585857575758585858585858595959595959596060595959595959595859605959595858595959595858585959
2221595959595959595960595959595959595959595959595959595960595959595959595959595959595959595959595960605960605959606060606060
2222606060606060606060616161606060606060606060606060606060606060606060616160616160616161616060616161616060606060606060616161
2223616060606060606061606059606061606061616060606060606060595960605960606060606060606060616060616161616161616160616060616161
2300626262626263636363636363636363636363646363636363626262626262626262626262626262626262626363636262626263626262626263636363
2301626263636363636464646566666767676767676666666767676768686869696868697069707171727273737474747473737373747474747474737373
2302727273737273737373737374747575757575757576767676767676767676757574747373737474737373737373737473727272737372727272727373
2303747475757575757575757675757575757576767676767676777776767676767575757475757575747475747575757474737372727272727272727171
2304717272737373737373727272737373737272717171707070707071707171717170707070717171717171717170717171717171717171717171717171
2305717171717171717171717272727272727272727272727272727272727272727272727272727272717171717171717272717172727273737474737373
2306747474747474747474747373737474757676767676767676767676767576757575757575757676757576767677777776767676767675757574747272
2307717069696970706969707172727271727272727272737373747474747474747474737474747474747474747271717170707070696969696969696969
2308696969707070706970706969707070707070696969696969696969696970696969696969696969696969697070707069707070707171727272727272
2309727373747575757576767777777776767676767676767676767676767676767777777677767575757576767677777777777575757474737473737373
2310737373737373737373727272727272727272727171727272727272727171717171717171717272717171717172727171717171717171717171717171
2311717272717170706970707070707069696868686868686767676868686868686969696868686868676767676767676666666666666565656565666464
2312646363656664646464656564646464646464646463636363646363646364646565646464646564646464646464646464646463636464636362636363
2313636363626161616262626263626161616161606262626262626262626263626262626262616161606160595959606059606061616161616160616160
2314616060606160606060595960606060596059606060596060606059596060605959595959585960595958595959595860595958585858585857585857
2315575857575757565655565655565655545455555454535453535352525253535353535353535354535353525353545354545354545454545454515453
2316545455545454545454535554545454545455535453545454535353535354555453535353545553535454545455545454535354545354545454535352
2317535353535353535454535353535354545453535353535453545354545454545353535354555353535253535453535353545454545454535353545454
2318535353535353535455545454545454535454545454545555555556565656565656565756575756575756575656565757575757575757575757575858
2319575858585859585959595959595959595959606060606060606061616161616161606060616161606060606060606060606060606060606061606160
2320606060606061616161616162506162616161616162626261626262626262626262636363646464646464646464646464646464646464646465656565
2321656565656565656565656565656666656666666666666666666666656665666666666666656566656565656565656565656566666666666666666666
2322666767676767676767676767676767676767676767676767676767676767676767676868676767676867676767676768686868686868686868686868
2323686868686868686868686869696969696969696969696969696969696969696969696969696969696969696969696969707070707070707070707070
2400707070707070707171727272727271717273737373737474747474317576767676767676767676767676767676767675767676767676767777777877
2401787878777778787878787878787878787878787979797979797979797979787878797979797979808080807979798080808079797979797979808080
2402808080807979797979787878787878787879797979787878787879797878787778787879797979797979797979808080808080808081818181818181
2403818181828282818181818181818282818181818282828282828181818181818181828282828282828282828282828282818282818181818181818181
2404818181818181818181828282828282828282828282818180807979797979797979797979797979797979268080808080808080808080808080818181
2405818182828282828282828282828181808079797978787878787777777777777777777777777777777777777777777778787879797979808080808080
2406808080808080808181808080808080808080808080808080818181818080818181818181828282828282828282838383838383838383838383838383
2407838383838383838383838383838383838282828282828181818181818181818181818181818182828282828282828283838383838383838383838383
2408838383838383838383838384848484848484838383838383838383838383838384848484848484848483838383828282828181818181808080808080
2409808080808080808080808080808080808080808080808081818181818181818181818180808080808080808080808080808080808079797979797878
2410787878777878787978777776767676767576757576767676767676767676767675757575757574747474747473737272727272727373737372727272
2411727272727272727272717171717171727171717171717070707070707070696969696969696969696969696969686767686867666666666666656666
2412666666666667676666646463636263626262626262636363636363646462636362626262626262616261616261616061616060606061606061626160
2413595960606059605960606060605960605857575857585857575758575657575655565756555556565555545252535050504950505050515151525152
2414515050505051504949494950504950495050494950504950504849505048494948484848484948484848474748484746464645454545464546464444
2415454445464343444445444344444343424243414141424242424243434341414243424142434342424241414141424142434543404041404041404141
2416414040404140403939393939404039404040403938393839383938383839393841414040403940404040404040414141404140414040414140404141
2417414041414141403939404040393939394040404040414040403942414040394040394040404041404040414039394039414041393939403839394041
2418404039414041404141404240414141414040414141414141424242424344444544444546464848484848494949494949494950504949494950495050
2419505050505050505050505051505050505050505050505050505050515151515151515252515252525251525252525353535353535253535353535353
2420545454545454545454545353545454545454545555545555555556565757575858585858595959595960606060606060606061616161616161616161
2421616161616161616161616160606061616161626162626161616161616161616161606059585757575757575757575757575757575758585858575757
2422585858585757585859596060616162636465666767686868686868697070707071717172727373737373747474757576767677777777777778787777
2423777878787878787979797979797979797877767574737372727170706969696969696969696969696970717170696969696969696969707071717172
2500727272737374747473737272727271717170707070717171727273747475757576767677777777777878787979797979808080808181818181818282
2501828282828383838383838383848484848484848484848484848484848484848484838383848484858585858484848483838383838383838383828282
2502818181808079787776757574747373737474747474747474747474747474747474737374747474747373737373737373737373737373737272727373
2503747475757575767677777777777778787878787979797979797980808079797979797978777776767676767777787879798080818181828282828283
2504838282828382828282838382828282828383838383838484848484848485858585858586868686868686868686868686868686868686878787878787
2505878787878787498787878787878787878788888888888888888888888888888888888888888888888888888888888889898989898989898989898989
2506898989898989898989898989898989898989898989899090909090909090908989898989898990909090909090909090909090909090909090909090
2507909090909090909090909090909090909090909090909090909090909090909090909191919190909090909090909090909090919191919191919191
2508919190909091919191919090909091919191919191919191919090919191919191919191919191919191919191919191919191919191919191919191
2509919191919191919191919191919191919191919191639191919191919191919191919191919191919191919191919090909089898988888888888887
2510868583828180797878767575757574747574727272717170707172716968696869676667666665666463636262616059595959606161616160605960
2511606060606060606160595959585959585858575756575655545555545554555555565554545454545455545453545455555556545453545352535454
2512545352525252535353525151505151525151515152515050515150515149495049494847484847484849494950494748474845454646454445444645
2513454444444444444444454545444444444344444343434242434342424342424241424242594141424340403938383837373839393737373838383839
2514373837373636363536363535343336333334323331323232333233323332333232333232323030323131313030303131323232323332323232323232
2515313232323131323131323131313131313029303029302929303030292729282828292829282726252625262523232324242626272827272424242425
2516252525242425252424232324252426252425252525252626262625262626262525262624242424242425242323222223222222222122222122212121
2517212120202120212220202021212121212120212121212121212121222120212122222222222222222223232222212121222222762223232223242222
2518222222232323222222232323232424232423242323242425252424242425242525252525252525252526252526262626272626262627272727262728
2519272727272728272828282828282827282828282928282929292929292930303030303030303030303030303131313435333334353537383939393939
2520414144444443454443424343434343424241403938373636363636363636363636363737373737373737373738373737373637373737373838383839
2521393939394040414242424243434444444546464647474949515152535455555455555556565656575758575959596061616263636363626261616060
2522606060616262476262636363636263636364646565646565656666666767676767676765646364646464646565656666666768686868686969696969
2523686868686868686867686969696968676767676767676767676767676869697069707070707070706970707070707170707171727171727273737373
2600737373737271717172727273737473737374747475757575757575757676767677777676767676757575757676767776767677777777777777777777
2601777878787878787979797979797979797978777777777878787878797979797979787878787878787878787878787878787979797979797979797979
2602787878787878787879797979787878777777777777777676767676767777777776767676767676777777767676767676767777777777777777777777
2603787879797979797980808080808181818181818181818181828282828282828383838383838382828282828282828282828282818181818181807979
2604808081818079787777787878797979797979797879797979797979798079797980808080808081818181828282828282828282828282828181818181
2605808080808080808080808081818080808080808080808081818181818181818181818181818181818181818282828282828383838383838383838383
2606838384848484848484858585858585848485858585858585858585858585868686868685868685858686868686868686868787878787878787868686
2607868686868687878787878787878787878787878787878788888887878787878786868686878787878787878787878787888888888887878686858484
2608848382818079787878777777777777777777777676767676767676767676767676767676767777777777777777777777787878787878787878787878
2609787878787878797979787878787878787878787777767676767575757575747474747474747474747474747575747575757474747474747474747474
2610747474747474747474747373737373737372727272727272727272737272727272727271717171717171717070706970696869696969696969686868
2611686767676767676767676666666766666766666666666666666766666666656666666564646363636363636364636262626363636261626262626263
2612626161616161606060605960595960595959585858585756575556565756575656565555555655555656565656565557565555555553535354545554
2613535253525353535353545353545353535253535353535353535353535352545354525252525252525252515151525252515151515151515149494848
2614484848484949484949484949495050494847474847474747484747474848474847474747474848474847484847464646464546474546454646464546
2615454546464545454646464646464646444644454544444444454545454444444444444445444444444544434343434443434443444343434242434242
2616424343424242424342424241434142424344424242434443424042414141424243414142424242424142414042414142424242424142424242424343
2617434343424242404041414041424141414142424342434342424344434142414341424041414142424242434242434342434344434343434342434343
2618434344434242434342424243444342424242424243434343434242424242434343424242424342434343434444444545454549474748484848505152
2619525252525455575758585757565759616159585959595960606262636261626060606061616162636364656566656566666565646565646261616059
2620585858595959606161636364656363626262636465666767686868696970696970707171727272727272727373737373737374747474757575757676
2621767777777878787878787879787776757575757575747474757575757676767777777878787978787879797979808080808081818181808080808080
2622808181818181818080808080808081818181818181828282828281828282828282838383838383838383848383838383848484848484848484848485
2623858585858585858585848485858585858585858585858585858686868686868686868686868686868686868687878787868687878787878787878787
2700878787878787878787878787878787878787878787878888888888888888888888888888888888888888888888888888888888888888888888888888
2701888888888888888888888888888888888888888889898989898989898989898989898989898989898989898989898990909090909090909090909090
2702909090909090909090898989898988878787878787878787878888888888888888888888888888898989898989898989898989898989898989899090
2703909090909090909090909090909090909090909090909090909090909090909090909090909090909191919191919190909091919191919191919191
2704919191919191919191919191919191919191919191919191919191919191919191919191919191919191919191919191919191919191919191919191
2705919191919191919191919191919191919191919191919191919191919191919191919191919191919191919191919191919191919191919191919191
2706919191919191919191919191919191919191919191919191919191919191919191919191919191919191919191919191919191919191919192929292
2707929292929292929292929292929292929292929292929292929292929292929292929292929292929292929292929292929292929292929292929292
2708929292929292929292939393939392929292929292929292939393939393939393939393929292929393939393939393939393939393939393939393
2709939393939393939393939494949394949494949494949494949494949494949494949494949494949494939393939393939393939393939392929291
2710909090909090908989898989898988888888878787868686858585858484848483838281818181818180797979787777777777777777777777777777
2711777777767676757575757474747474737373737373737367727272727171717171717069697070707068696868686768686867686867686868676767
2712666767686868676766676767676666676665656566656565656565656565656564646464646464646464646363646464646463636363636362626262
2713626262616262626161616161615859595860595858595958585858595958595859585757585958585858585756565657565756555655565656565655
2714565757565656565655555556555454545555545453545453535353545453535352525253525353525252525352525252535252525251515050515051
2715515150515251515250515150505050505051505050505150494950505049504950505049494980504949495050504950504950494949494949474849
2716494748484748474847494847464747474747474646464846464646474646474747474747474745464746464647474746464747464646464646454545
2717464646474646474647474647464646464646464546454646464545454646464646454545464645464646464646464747464646464646474647474747
2718474747474748474748484748484848484848484847484848484848484848484848484848484949494949494949494949505050505050505050505050
2719515151515152525252535454555555555655565656565656565657575757575757575757575758585758585858585858585858585856585858585858
2720585858585959595959595959596060606161616161616161626261616161616161616161616161616161616161616262626262626363636464646565
2721666667676868686869696969696969696969696970697070707070707070707071717172727273737373747474747575757575767676767676767676
2722777777777777777878787878787878787878787879797979798080808080808181818181818181818181818181818182828282828282828282828282
2723828182828282828181818181818181808079797979797979797979797878777676757574747373727272727272727272727272727272727273737373
2800747474757575757536757676777777787878787879797980808080808080808181808080808080808080808080808081818080808080808080808080
2801808080808080818181818181818181828281818181818181818181818181818181828282828282828282828282828282828282828383838383838383
2802838382828282838383838383838382828282828181808080797979787878787878787878787877777777777777777777777878787979797979798080
2803808081818180808080808079797979797979787878787878787878787878787878787878787879798080808081818181828282828282838383838383
2804838484848585858585858585858686868686868686868686868687878787878787878787878787878888888888888888888888888888888888898888
2805898989898989898989898989898989898989898990909090909090909090909090909090909090909090909090909090909090909091919191919191
2806909090909090909090909090919191919191909090909091919191919191919191919191919191919191919191919191919191919191919191919191
2807919191919191919191919191919191919191919191919191919191919191919191919191919191919191919191919191919191919191919191929292
2808919191919292929292929292929292929292929292929292929292929292929292929292929292929292929292929292929292929292929292929292
2809929292929292929292929292929293939393939393939393939393939393939393939393939393939393939393939393939393939393939393939393
2810939393939393939393939393939393929292929291919090908989888887858484838383828280797978787777777676767574747473737372727272
2811717171707070706969696868676667686767686867686767686866666667666767676768676767666767656564646464636463646262636262626262
2812616161615958585859595958595858585858585858585856565756565656565656565655555655545455555656545252525353545454545454545452
2813525152525150515051515151515151515151515251525151505050504949494849484848494948484946464647464546454646464646464646454646
2814474545454444444443444443444443444443444345454443444343434343434344434344434343434343434343444343434342434343424343414242
2815434343424243434242434344434343434342434343434243434342414141424140404040404040394040404040404040404040404141414040404039
2816404040404040404141414142414142414242414242424241424141404041414141414041414141414141414140414141414140414141414141424242
2817424142424242424142424242434343424242434343444343434343434443434443434444434443434444444444444444444443444344444444444445
2818454545444444454545444545454545464645454545454646464645464646464646464645464546464646464646464646474747464647474847484847
2819484848484848484848484747484848484848484949494949494949494949494949494950505050505050505050515151525251515151515151525252
2820535454545454555555575758575857585859595959595959595959585858585858595959606059606059596060606061626262626262636363636463
