58265 2013   011213603204   65   24 6670   55    1--------------------------------------------------------------------------
3121686868686867676868696969696969696968686868687868686867676666656565656565656666666667666666666767686867676767676767676868
3122686868686869696868676767676767676767676667676867686768686868686868686868686868686868686868686868696970707070707171717171
3123727272737373737373737474747474747575757575757575757575757575767676767676777777777777777777777777777777777777777777777777
0100777777777777767676767575757574747475757576767676767676767676777777777777777777767676767676767676767677777777787878787878
0101797979797979797979797979797979797979797979797878787878787878787878787877778477767675757575757575747474757575757575757576
0102767677777777787878787979797979797979808080808080808080808080808080808080808080808080797979808080808080808081818181818181
0103818181818181818181828282828282828282828281818181818181828282828282828282828282828282828282828383838383838383838383838383
0104838383838383838383838383838383838383838383838383838384848483838383838383838383838383838382828282828282828282838383838383
0105838383838383838383838383838383838383838484848484848484848484848484848484848484848484848585848484848484848484848484848484
0106848484848484848484848484848484848484848484848484848484848484848484848484848383838383838383838383838383838384848484848484
0107848383838384848484848484848484848484848484848484848484858585858585858585858585858585858585858585858585858585858585858585
0108858585858585858585858585858585858585858585858585858585858585858585858484848484848484848484848484848484848484848383838383
0109848383838383838383838383838383838383838383838383838383838484848484848484848484848484848484848484848484848484848484848484
0110848484838383838383838383838382828282818181808079797877777675757474737372727171707070706969686868686969696867666665646464
0111656463636159585757575756575757565656555556575755555454555655555554545353535455535454545353545454545554535454555653525253
0112515150515251505150505050494950525149494848484949494847474847484847474745454444454444403638363534343434343538353434343535
0113353535343434343434333434353433323332313232323232313131303031313028282730292930313029292830292929282827282828282828303029
0114292827272828282827262627272727282827262727272726262728272825262627282726262626262627272727272827282727262727272727262728
0115282828282827282727282827272727282726272828282727262727282627272728282728272828272727282728282828282727272828272728282828
0116272727272727272727272827272627282726262726262727262626262727272726262626262727262627272626252626252527262726262726262726
0117262726262625262726262526272727272627272628272827272827272827262626272627282728272727272726272726272827262627272626272726
0118262930282828272828282931313133323229292828282828292830343434353737373638373839393939394041414141414141424242434344444445
0119454545454647474848484848484950515151525252525252535354545555565657575757575757585859595959596060606060606161626261616059
0120605960606061616060606161616262626261606161626263626263636363636261606060606060606162626363636465666667676767686767676767
0121676767676767676767686868696969696970707070717171727272737373737373737373737373747474747474747474747474747474747474747575
0122757575757576767675757474737373737373747475757675757575757474757576767675757575757575747473727272727272727273737373737373
0123737373737373737373747474747475757575747474747474747475757575757575757576767676767677777777777777777878787878787979797979
0200797979797979797978787878787878787878797979797979797979797979797979797979808080808080808080808181818080808080808079797979
0201798080807980808080808080808080797979797979797979797979787877777777777777777777787878787878787979797979797980808080808080
0202808080808080808080818181818181818181818181818181818181828282828282828282828282818181818181818181828282828282828282828282
0203828281828181818181818080808080808080808079797979797979797979797979797979797979797979797980808080808080808080808080808080
0204808080808080808080808080808080808080808080808080808080808080808080807979797979797979787878777777777777777776767676767676
0205767676767676767676767575757575757575757474747373727272727272727271717172727272727271717070707070707069696969696968686767
0206676768686868686767666768696968686767666665656564646363636364646363636363626362636363616363626361616161616162616060595959
0207585859585959595858595958575756565656565656575757575958575757606059585959606060606061606262636464646464646363636363626262
0208636363636364656666666666666564646565656565646262646464646464646464646566666665626262636364646462636161616161606060606161
0209616161616262626161616161616161626158586062626262636363636464646565656364646564646465656362626263656462616161616061616263
0210646464646566666564626162626364646261616262616263646563636364646464636261606162606161595960575759575557565656555656565656
0211565656555655555555565555555455545454545454555455555454545454545454545454545454545554545555545455545554545454545455555454
0212555555545453545554535353535454535353535253545454545454535353545553535353525352535353535353535353545454545353545455555453
0213535454545453535455545354545454535354545353545353535353535354535353545454545454545454545453545454535354545454535353535353
0214535253525252525253535252525252525252515251535151515252535251525251525251515252515151515151525152505151515050524949494949
0215494948495049504948494949484848484949484849494949494848484848484949494949505049504950505049505049495050504949494848494847
0216454546464644454646474445434343444242424141424344444440383735343535363738393940393939393635353535353535343535353534343434
0217343535353434353535353535353636353635353534343535343534343434343434353434343534343434343435353535353535353535363536353534
0218343434343435343534353535353535353535353435353535353535353536353535353636363535353535353535353636363636373736373736363636
0219373737373737373736553636373737373738383838383738383738383839393940404040404041414141414142424242424243434343434343434443
0220444343434344444444444444444545454545454545454545454545454545454545454545454545454545454545454545454545454545464545454546
0221464646464646474647474646464646464647464747474747474747474747474747474747474747474747474747474848484848484848484849494949
0222494949494948494949494949494949494949494950505049505050505050515151515151515151515252515151525152525252525252525252525252
0223525252525252525353535353535353535353535353535353605353535454545454545454545455545454545454545455555555565555545454545555
0300555556565656565656575757575758585858595960595959595959596060606060606061616162626262636263636364656566666767676767666766
0301666767676767676767666767666666656463646463636363626363636363646464636263646363636362626262626262616162626262626261626262
0302626362636362626262626262626162616161616160606060606160616161616161616161616161626261616161616161616161626262626262626262
0303626262626262626263636363646465656565666666666666666767686868686869696969696969646970707070706970707070707070707070707070
0304707070707070707070707070696969697070707069696969696969707069696970706969696969696969696969696969696969696969696968686868
0305686767676767686868676768676767676767676767686868686867676767676767676767686868676768686768686868696969696969686969696969
0306696969696969696969696969696969696969696969696969696968676767676868686767676867666666666767676767676767676767676767666767
0307676767676767676767676767676767676666666767676767676767676767676767676767676767666667676767676767676666666666676767676666
0308666666666666666665656464656566666666656565656565656565656564656565656565656565656566666666656565656565656565656565666665
0309656566656565666666666666666666666666666666656566656464646565656565656565656464646464646363636364646463636364646463646463
0310636363636363636363636363636362626263636363636363636363636362626262626263626262616262626060605960605960595959595959606060
0311605958595959595959595958585958585959595959585958595958585858585858595959606060595960606059595959605959605959606160585858
0312585858585858585656575858585857575757575757565555555554555556565556555555565656555656565757575756555657585858585655555657
0313555455565758595959585657585856555454545556585858585959595958555554535556555555565655555556565656575757575656575757585857
0314585758585858585757555555545453535353545454545454555252535252515151515050515050505050505151515151515152525252535353525353
0315535454535352535353535454555555555454545353535353525153535352525253535354525254555554535352535455575757575858585859596060
0316616160606160606060616161606060606061616161616060606060606061626161616162626262626363626261616162626363626262626262626362
0317626262626363646464656566666666666666666565646564646464656565666667676868686768686869696969696969696969696969686969696868
0318686868686868686868686767676666666666676667676768686767676666666667676767676767676767676868686868686868686868686868676767
0319676767676767676767676767676767676768686868686868686868696969696969696969697070707070707071717070707071717171717172727272
0320737373737373737373747474747474747474747575757575757575757575757575757675767676767676767676767777777777777777777777777777
0321777777777777777777777777777777777777777777777777777777777777777777777777777777777777767676757574747473737373737372727272
0322727272727373727272727272737373727272727272737373737373737473737373737373737373737373737373737373737373737373737374747474
0323747474757575757575757575757575757676767676757676767676767676767676767676767675757676767675757575757575757575757574757575
0400757575757575757576767676767676767676767676767676777776767777777777777777777777777878787878787878777777777777777777777777
0401777777777777777777777777777777777676767676767676767676767676767676767677777676767676777777777676767676767676767676767676
0402767676767676767676767676767676767676767676767676767676767676767676767676767676767676767676767676767676767676767676767676
0403767676767676767676767676767676767675757575757575767575757575747474747474747474747474757575757575757575757575757574747474
0404747474747474747474747474747474747474747474747473737373737373737273737373737373737373737373737373737373737373737373737373
0405737373737473737373737373737373737373737273737373737373737373737373737373737373737373737373737373737373737373737373737373
0406727373737272737272727272727373727272727272727272727272727272737272727272727272727373737373737373737373737373737373737372
0407727272727272727272727272727272727272727272727272727272727373737373737373747474747474747474747474747475757575757575757575
0408757575757575757575757575757575757575757575757575757575757575757575757575757575757575757575757575757575757575757575757575
0409757575757575757575757575757575757575757575757575757575757575757575757575757575757575747474747474747474747474747474747474
0410747474747474747474747474747474747474747474747474747474747575747474757574747474747474747474757475757575757575757575757575
0411757575757575757575757574757574747474747374747373737373737373737373737373737373737373727273737272727372737373737373737372
0412727272727272727273747575767676767676767676767576757575757575767777777777787878787879797878787878787878787878787878787878
0413787878787878787878787878787878787878787878787878787878787777777777767777777776767677777777777777787878787777787878787878
0414787878787878787878787878787878797979797979797979797979797979797979797979797979797979798080808080808080818181818181818181
0415818181818181818181818181818181818181818180808080808080808080808080808080808080808080807979797979787878787878787878787878
0416787878787878787878787878787878787878787878787878777778787878787878787878787878787878787878787878787878787878797950797878
0417787878787878787878787878787878787878787878787878787978787878787878787878787878787878787878777776767675757574747474757575
0418757575757575757575757575757575757474747474747474747474747474747474757575757575757576767676767676767676767676767677777777
0419777777777777777777787878787878797979797979797979797979797979808080808080808080808080808080808080808080808080808080808080
0420808080808080808080808080818181818181818181818181818181818181818181828282828282828282828282828282828282828282828282828282
0421828282828282828282828268818181808080808080797979797979797979787878787878787878787877777777777777777777777777777676767677
0422767676767676767676767575757575757576767675757575757575757575747474747475757575757575757575757575757575757575757575767676
0423767676767676767675757676767676767676767676767676767676767675757676767675767676767676767676767677777777777778787878787879
0500797979797979797979797979797979797979797979797979797979797979797979797979787878797979797979797979797979797979797979797980
0501808080808080808080808080808080818181818181818181818176818181818181818282828282828282828282828282828282828282828282828282
0502828282828282828282828282828282828282828282828282828282828282828282828282828282828282828181818181818181818282828282828282
0503828282828282828282828282828282828282828282828282828282828282828282828282828282828282828282828282828282828282828282828383
0504838383838383838383838383838383838383838383838383838383848383848484848484848484848484848484848484848484838383838383838383
0505838383838384848484848484848484848484848484848484848484848484848484848484848484848478848484848484848484848484848484848484
0506848484848484848484848484848484848484848484848484848484848484848484848484848484848484848484848484848484848484848484848484
0507848484848484848484848484848484848484848484848484848484848484848484848484848484848484848484848484848484848484848484848484
0508848484848484848484848484848484848484848484848484848484848484848484848484848484848484848484848484848484848484848484848484
0509848484848484848484848484848484848484848484848484848484848484848484848484848484848484848484848484848484848484848476848484
0510848383838383838383838383838383838383838383838384848484848484848484848484848484848484848484848484848484848484848484848484
0511848484848484848484848484848484848484848484848484848484848483838383838383838282828282828282828282828181818182828282828282
0512828282828282818181818181818080807979797980808079798080808079798079797979787878787878787878787878787878787878777776777777
0513777878777777777677767676767676767675767676757576777676767676767777777676777776767676767675757576757574757574747475757575
0514757575747474737373747472727272727272727372727271717171717171717272717171717171717171717272717171717171727272727171717171
0515717271717273737373737373747473737373737373747473747374747474747474757576767676777777777777777777777777777878777777767676
0516767676767676757575757474747474747373737373737273727272727272727272717069697070717171717171717171717070707071727271717070
0517707070707071707070717171717170707070707070717170707170707070707070707070697071716969696969696969696969696968686868696969
0518696969686867686767676868686768686868686868696969696970707069696969696969696969696969686969696969696969696969707070707071
0519717172727171717171717171727273737272737374747373737373737374747474747474747474747373737374747474747475757575767676767676
0520767676767676777777777777777777787878787878787979797979797979797980808080808080808080808081818181818181818181818181818282
0521828282828282838383838383838383838383848484848484848484848484848484848484858585858585858585858585858585858585858585858585
0522858585858585858585858585858585858585858585858585858585858585858585858585858585858585858585858585858585858585858585858585
0523858585858585858585858585858585848484848484848383838383838383838383838383838383838384848484848484848484848484848484868484
0600848484848585858585858585858585858585858585858585858585858585858585858585858585858585858585858586868686868686868686868686
0601868686868686868686868686868686868686868686868686868686868687878787878787878787878787878787878787878787878787878787878787
0602878787878787878787878787878787878787878787878787878787878787878787878787878787878787878787878787878787878787878888888888
0603888888888888888888888888888888888888888888888888888888888888888888888888888888888888888888888888888888888888888888888888
0604888888888888888888888888848888888888888888888888888888888888888888888888888888888888888888888888888888888888888888888888
0605888888888888888888888888888888888888888888888888888888888888888888888888888888888888888888888888888888888888888888888888
0606888888888888888888888888888888888888888888888888888888888888888889898989898989898989898989898989898989898989898989898989
0607898989898989898989898989898989898989898989898989898989898989898989898989898989898989898989898989898989898989898989898989
0608898989898989898989898989898989898989898989898989898989898989898989898989898989898989898989898989898989898989898989898989
0609898989898989898989898989898989898989898989898989898989898989898989898989898989898989898989898989898989898989898989898989
0610898989898989898989898989898989898989898989898989898989898989898989898989898989898989898989898989898989898989898989898989
0611898989898989898989898989898989898989898989898989898989898989898989898989898989898989898989898989898989898989898989898989
0612898989898989898989898989898989898989898989898989898989898989898989898989898989898989898989898989898989888888888888888888
0613888888888888888888888888888888888888888888888888888888888888878786858482797776757473747373727271717070706868686868686968
0614676666656564646363636162646463646464646363605961585861605959595959585858595958595857595959596060596058586060595959606161
0615605958595757575958596059595957565656565756585857575656575757585858575757575858545555555455545555555655555557565655555557
0616565556565656565656555656565758575656575656575857575657575757585858595959595959595959595959606059605858595858575857575858
0617575758585757565657585757565755575959606061626363646565656566666767676868696970707171727272727273737373737373737373727272
0618727272727171727171707070707069696768686866666767686868676767676767686765666666666565656464636463636364646464646565646464
0619646464646564646464656464656565666666676768686868686869697070707070696969696969696969696969696969696969696970707070707171
0620717171717171727273737373727373737474747474747575757575757576767676767676767676767676777777777777777676767676767676767777
0621777777787878787878787878787878797979797979797980808080808080808080808080808080808080818181818181818181818181818181818181
0622818181818181818181808080808080818181818181818181828282828282828282828282828282828282828282828282828383838383838383838383
0623838383838383838384848484848484848484848484848484848485858585858585858585858585858585858585858585858585858585858585858585
0700858585858585868686868686868686868686868686868686868686868686868686868686868686868686868686868686868686868686868686868686
0701868686868686868686868787878787878787878787878787//8787//878787878787////8787//87//87878787878787878787878787878787878725
0702878787878787878787878787//87//878787878787878787//878787878787878787878787878787878787878787//878787878787878787//878787
0703//////888888888888888888888888888888%%%%%%%%%%13%%%%%%-2%%%%12-2%%%%%%1011%%%%%%%%%%//-9%% 0%%%%10%%%%%%%%%%87878787-8%%
0704//87878787878787//87878787//8787//878787878787////87878787878787//8787878787878715%%%%-2%%%%%%18%%%%-4%%%%%%%% 8%%//%%//
0705////////////////////////////////////////////////////////////////////////////////////////////////////////////////////////
0706////////////////////////////////////////////////////////////////////////////88888888888888888888888888888888888888888888
0707888888888888888888888888888888888888888888888888888888888888888888888888888888888888888888888888888888888888888888888888
0708888888888888888888888888888889888989898989898888898889898989898989898989898989898989898989898989898989898989898989898989
0709898989898989898989898989898989898989898989898989898989898989898989898989898989898989898989898989898989898989898989898989
0710898989898989898989898989898989898989898989898989898989898989898989898989898989898989898989898989898989898989898989898989
0711898989898989898989898989898989898989898989898989898989898989898989898989898989898989898989898989898989898989898989898989
0712898989898989898989898989898989898989898989898989898989898989898989898989898989898989898989898989898989898989898989898989
0713898989898988888888888888888888888888888888888888888888888888888888878787878787868685858484838282828281807979797878777777
0714777676767675757575747373747474737372727273737271717070707172727069696969697068676868697069686968696868697069686868676666
0715676666646265636364646362626161626261616161606060595958585955575654555556565657585958585958575756545252545454545453545454
0716535351525252515152525151515151525151525253545352535252525152525152515051515152525253535354535253535452525453545453535453
07175353535353535353535251505251515051515152504950525253535454//535353535454535252525253525251515151515252515151525251515252
0718525253535454545453535353535455555555555556565656565657575858585959606060606060616161616161626262626262626263636465656565
0719656666666667676768686869697070707070707070707071717172727373737373737373737271717070706970707070707071717171717272727373
0720737374747474747474747473737372727272727272727272717171717070707070697071717272727272737272727272727272727373727271717273
07217373747373737373737373747474747474757575757575767676767676777777777878787878787878787879//797979808080808080808080808080
0722808080808181818181818181818282828282828282828282828282828282828282828282828283838383838383838383838383838383838383838383
0723838484848484848484848484848484848484848484848484848484858585858585858585858585858585858585858585858585858585858586868686
0800868686868686868686868686868686868686868686868686868686868686868686868686868686868686868686868686868686868686868686868686
0801868686868686868686868686878787878787878787878787878787878787878787878787878787878787878787878787878787878787878787878785
0802878787878787878787878787878787878787878787878787878787878787878787878787878787878787878787878787878787878787878787878787
0803878787878787878787878787878787878787878787878787878787878787878787878787878787878787878787878787878788888888888887888888
0804888888888888888888888888888888888888888888888888888888888888888888888888888888888888888888888888888888888888888888888888
0805888888888888888888888888888888888888888888888888888888888888888888888888888888888888888888888888888888888888888888888888
0806888888888888888888888888888887888888888888888888888888888888888888888888888888888888888888888888888888888888888888888888
0807888888888888888888888888888888888888888888888888888888888888888888888888888888888888888888888888888888888888888888888888
0808888888888888888888888888888888888888888888888888888888888888888888888888888888888888888888888888888888888888888888888888
0809888888888888888888888888888888888888888888888888888888888888888888888888888888888888888888888888888888888888888888888888
0810888888888888888888888888888888888888888888888888888888888888888888888888888888888888888888888888888888888887878787878787
0811878787878787868686868685858584848483838382828281818181808080808080797978787878787777767677777776767676747373727273737271
0812717271707069696868686969696969696968686868696968686868676766666667656666656666676766666766676564656565666566656565656565
0813666564646464646464646463626364636162616262626262626161616061616161606059606060575656575757575756575656555756565656565655
0814555657555555555556545454535252515252535252525353535353535354545454545453545454555555555454535454535353535354535553525250
0815505152515050515050494949505150494949484848484949494950494949505049494949494848474948485048484949484849484847474748494949
0816494849494948495049504848494948494949494950504949494949494949504949494949494949504949474848484848484849484748484746464848
0817464646474747464546454546454446464646454545454545444545454444454444454645444343434444444344444545444444454546454544454546
0818464545454546454546464545464646464646464645474746464646474949505051515050515352525152535455555657585959595959596061626262
0819626262636363636464656565656566666767686869697070717171717272737373737474747474747474747474747474747575757576767676767676
0820767676777777777777777878787878787878787878787878787878787878787878787878787878787877777675737169696969696969696970707070
0821707070707070717171727272727272727272727272737373737373727272727272727272727272727272727272737374747473727271717171717171
0822717171717171717272727273737373737373737373747474747474747474747575757575757576767676767676767676767676767777777777777777
0823777777777777777878787878777777787878787878787878787878787979797979797979797979797979797979797979797979787878787878787878
0900797979797979797980808080808080808080808080808080808080808080808080808081818181818181818181818181818181818181818181818181
0901818181818181818181818181818181818181818181818181818181818181818181818181818181818181818181818181818282828281818181818181
0902818181818181818181818181818181818181818181818181818181818181808080808080808080808080808080808080808080808080797979797980
0903808080808080808080808080808080808080808080808080808081818181818181818181828282818282828282828282828282828282828283838383
0904838383838383838384848484848484848484848484848484848485858585858585858585858585858585858585858585858585858585858686868686
0905868686868686868686868686868686868686868686868686868686868686868686868687878787878787878787878787878787878787878787878787
0906878787878787878787878787878787878787878787878787878787878787878787878787878787878787878787878787878787878787878787878787
0907878787878787878787878787878787878787878787878787878787878787878787878788888888888888888888888888888888888888888888888888
0908888888888888888888888888888888888888888888888888888888888888888888888888888888888888888888888888888888888888888888888888
0909888888888888888888888888888888888888888888888888888888888888888888888888888888888888888888888888888888888888888888888888
0910888888888888888888888888888888888888888888888888888888888888888888888888888888888888888888888888888888888888878787878787
0911878787878787878787878787878787868686868686858585858484848383828281818080807978787676757574747474737374737272737272717170
0912706970696869686867666666666666656565666565666564656465656363636463636262626263636263636363636363636262616162626262626262
0913626261626262616061606160606060606160605960595959595858575755565656555756575657575656565655555454555352525251525151515151
0914495152515051505050504849505150504950494848484747484849484948495049495050495048484848484748484747494847484747464748484749
0915494849494848484948474947474647464747474646464646454647474748484848474746474746474846464546464443444444424445454645464647
0916454645454545464647474646474747464646464646454543434445454645454444464645454546464544444343434344434444454544454545444545
0917464646454544434344434344434444444445454444444444444444444545464646454646464646464646464646464645464545454544454546464545
0918464546464646454646454646474645464545464546454545454544444546464646464646464646464545454545464646464646474747474747484848
0919474748484848484848494949494950505050505151515050515151515151518051515152525252525252525253535454555555565757585859606061
0920626263636464646565666666676767686868696969697070707171727272727273737373737474747474757575757676767676767677777777777878
0921787878787879797979797979797979787878787878787979797979797979797979797979797979797979797979797979797979798080808080808080
0922808080808080808181818181818181818181818181818282828282828181818181818182828282828282828282828282828282828282828282828282
0923828282828282828282828282828282828281818181818181818080808080808080808079797979787878787878778477777777777777777676767574
1000747474747474747373737373737373737373737373737474747474757575757474747575757576767676767676767676767676767676767777777777
1001777777777778787878787878787878787878787878787878787878787878787979797979797979797979797978787878787878787878787878787878
1002787878787878787878787777777777777777777777767676767676767676767676767676767677777777777777777777777777777777777676767676
1003767676767676767676767676767777777777777777767675757575757575757676767676767676767676767676767677777777777777777777777777
1004778377777778787878787878787878787878787878787878787979797978787878787878787878787878787979797878787879797979797979797979
1005797979797979797979798080808080808080808080808080808080808080808080808080808080808080808080818181818181818181818181818181
1006818181828282828282828282828282828282828282828282828282828181818180808080807979797878787878777776757575747474////73////74
10077474747474//75757575757576767676767676%% 5%%%% 5%%%%%%%%%%%% 5%%%% 4%%%%13%%%%%%%%%%%%%%%%%%//%% 2%%%%%%%%%% 1%%%%%%%%%%
1008747475757575//7575//76767676767713//7777//77//7878 178787878787878//78787878787878%%//%%%%%%%%%%%%33//797979//79//797979
1009798080808080//80808080808080 180808080808080//8080808080//80 180808081818181//818181//////81//81818181801380808080808080
10108080//808080807979797979797979////79////797979791479//79787878787979787979797979%%%%1378787878787979//79797979//7979//79
10117979797978////77777777777777//7777777676767645%%47%%47%%1211%%12%%%%%%%%14%%%%//4914%%%%12%%%%%%49%%%%13%%14%%//%%%%%%13
10127676%%75%%%%%%10%% 7%%%%%% 9%%%%//%%%% 8 8 7%%%%%%%%%% 6%%%%%%%%%%%% 655%%%%%%%%%%%%10%%//73%%%%73%%%%%%%%%%%%%%%%%%10%%
1013717171//////707070707070707071717172727272%%%%%%16%%%%737373737272727373////73////737373737272//727273737272717171717171
10147171717171717171707070//69697070//7069//717069696969////70707070707070696969696869696910%%%%%%%%%%%%%%%%11%%%%%%8411%%%%
10156969//70//70707069696969696868686969696969686813%%%%121210%%10%%%%10%%%%67 9%% 9 9%%%%%%%% 9%%85%%%%%%%%%%%%%%%%%%%%%%%%
101667686768676767686867//67676767676867676868686867686868696869686868686868686767676867686767686868686868686867676767676868
1017686868686868686868686868686868686868686868686968686969686869696969696969696969696969696969697070707070707070707070707070
1018706970706970707070707070707070707070717170707070707071717171717171717171717171717272727272727273737373727273737373737373
1019737374747474747474747474747474747475757575757575757575757575757575757575757575757575757575757575757575757575757575757575
1020757575757575757576767676767676767676767676767676767676767676767676767676767777777676767676767676767676767676767676767676
1021767676767676767676767676767676767676767676767676767676767676767676767676767676767676767676767676767676767676767676767676
1022767677777777777778787878787878787878797979797979797979797980808080808080808181818181818181808081818181818181818080808080
1023808080808079797979797980808080808080808080807979797979797979797979797979797979797979797979797979797979797979797979797979
1100797979797979797979797979797979797979797979797980808080808080808080808080808080808080808080808080808080818181818181818181
1101818181818181818181818181818181828282828282828282828282828282838383838383838383838383838383838383838383838383838384848484
1102848484848484848484848484848484848484848484848484848484848484848484848484858585858585858585858585858585858585858585858585
1103858585858585858585858585858585858585858686868686868686868686868686868686868686868686868686868686868686868686868686868686
1104868686868686868686868686868686868686868787878787878787878787878787878787878787878787878787878787878787878787878787878787
1105878787878787878787878787878787878787878787878787878787878787878787878787878787878787878787878787878787878787878787878787
1106878787878787878787878787878787878787878787878787878787878787878787878787878787878787878787878887878788888888888888878787
1107878888888888888888888888888888888888888888888888888888888888888888888888888888888888888888888888888888888888888888888888
1108888888888888888888888888888888888888888888888888888888888888888888888888888888888888888888888888888888888888888888888888
1109888888888888888888888888888888888888888888888888888888888888888888888888888888888888888888888888888888888888888888888888
1110888888888888888888888888888888888887878787878787878787878787878787878787878787878787878787878787878787878787878787878787
1111878787878787878787878686868686868686868686868686858585858585858585848484848484848484848484848484838383838383838383828282
1112828282818181818181818181818180808080808080807979797978787878787878777777777676767676767676767676767575757575747474737373
1113737373737372727171717271727271727070696969696869686767676767676666676766666564656565656565656565656565636263626159606061
11146161626261626162626162616160605958595960--------------------------------------------------------------------------------
1115------------------------------------------------------------------------------------------------------------------------
1116------------------------------------------------------------------------------------------------------------------------
1117------------------------------------------------------------------------------------------------------------------------
1118------------------------------------------------------------------------------------------------------------------------
1119------------------------------------------------------------------------------------------------------------------------
1120------------------------------------------------------------------------------------------------------------------------
1121------------------------------------------------------------------------------------------------------------------------
1122------------------------------------------------------------------------------------------------------------------------
1123------------------------------------------------------------------------------------------------------------------------
1200------------------------------------------------------------------------------------------------------------------------
1201------------------------------------------------------------------------------------------------------------------------
1202------------------------------------------------------------------------------------------------------------------------
1203------------------------------------------------------------------------------------------------------------------------
1204------------------------------------------------------------------------------------------------------------------------
1205------------------------------------------------------------------------------------------------------------------------
1206------------------------------------------------------------------------------------------------------------------------
1207------------------------------------------------------------------------------------------------------------------------
1208------------------------------------------------------------------------------------------------------------------------
1209------------------------------------------------------------------------------------------------------------------------
1210------------------------------------------------------------------------------------------------------------------------
1211------------------------------------------------------------------------------------------------------------------------
1212------------------------------------------------------------------------------------------------------------------------
1213------------------------------------------------------------------------------------------------------------------------
1214------------------------------------------------------------------------------------------------------------------------
1215------------------------------------------------------------------------------------------------------------------------
1216------------------------------------------------------------------------------------------------------------------------
1217------------------------------------------------------------------------------------------------------------------------
1218------------------------------------------------------------------------------------------------------------------------
1219------------------------------------------------------------------------------------------------------------------------
1220------------------------------------------------------------------------------------------------------------------------
1221------------------------------------------------------------------------------------------------------------------------
1222------------------------------------------------------------------------------------------------------------------------
1223------------------------------------------------------------------------------------------------------------------------
1300------------------------------------------------------------------------------------------------------------------------
1301------------------------------------------------------------------------------------------------------------------------
1302------------------------------------------------------------------------------------------------------------------------
1303------------------------------------------------------------------------------------------------------------------------
1304------------------------------------------------------------------------------------------------------------------------
1305------------------------------------------------------------------------------------------------------------------------
1306------------------------------------------------------------------------------------------------------------------------
1307------------------------------------------------------------------------------------------------------------------------
1308------------------------------------------------------------------------------------------------------------------------
1309------------------------------------------------------------------------------------------------------------------------
1310------------------------------------------------------------------------------------------------------------------------
1311------------------------------------------------------------------------------------------------------------------------
1312------------------------------------------------------------------------------------------------------------------------
1313------------------------------------------------------------------------------------------------------------------------
1314------------------------------------------------------------------------------------------------------------------------
1315------------------------------------------------------------------------------------------------------------------------
1316------------------------------------------------------------------------------------------------------------------------
1317------------------------------------------------------------------------------------------------------------------------
1318------------------------------------------------------------------------------------------------------------------------
1319------------------------------------------------------------------------------------------------------------------------
1320------------------------------------------------------------------------------------------------------------------------
1321------------------------------------------------------------------------------------------------------------------------
1322------------------------------------------------------------------------------------------------------------------------
1323------------------------------------------------------------------------------------------------------------------------
1400------------------------------------------------------------------------------------------------------------------------
1401------------------------------------------------------------------------------------------------------------------------
1402------------------------------------------------------------------------------------------------------------------------
1403------------------------------------------------------------------------------------------------------------------------
1404------------------------------------------------------------------------------------------------------------------------
1405------------------------------------------------------------------------------------------------------------------------
1406------------------------------------------------------------------------------------------------------------------------
1407------------------------------------------------------------------------------------------------------------------------
1408------------------------------------------------------------------------------------------------------------------------
1409------------------------------------------------------------------------------------------------------------------------
1410------------------------------------------------------------------------------------------------------------------------
1411------------------------------------------------------------------------------------------------------------------------
1412------------------------------------------------------------------------------------------------------------------------
1413------------------------------------------------------------------------------------------------------------------------
1414------------------------------------------------------------------------------------------------------------------------
1415------------------------------------------------------------------------------------------------------------------------
1416------------------------------------------------------------------------------------------------------------------------
1417------------------------------------------------------------------------------------------------------------------------
1418------------------------------------------------------------------------------------------------------------------------
1419------------------------------------------------------------------------------------------------------------------------
1420------------------------------------------------------------------------------------------------------------------------
1421------------------------------------------------------------------------------------------------------------------------
1422------------------------------------------------------------------------------------------------------------------------
1423------------------------------------------------------------------------------------------------------------------------
1500------------------------------------------------------------------------------------------------------------------------
1501------------------------------------------------------------------------------------------------------------------------
1502------------------------------------------------------------------------------------------------------------------------
1503------------------------------------------------------------------------------------------------------------------------
1504------------------------------------------------------------------------------------------------------------------------
1505------------------------------------------------------------------------------------------------------------------------
1506------------------------------------------------------------------------------------------------------------------------
1507------------------------------------------------------------------------------------------------------------------------
1508------------------------------------------------------------------------------------------------------------------------
1509------------------------------------------------------------------------------------------------------------------------
1510------------------------------------------------------------------------------------------------------------------------
1511------------------------------------------------------------------------------------------------------------------------
1512------------------------------------------------------------------------------------------------------------------------
1513------------------------------------------------------------------------------------------------------------------------
1514------------------------------------------------------------------------------------------------------------------------
1515------------------------------------------------------------------------------------------------------------------------
1516------------------------------------------------------------------------------------------------------------------------
1517------------------------------------------------------------------------------------------------------------------------
1518------------------------------------------------------------------------------------------------------------------------
1519------------------------------------------------------------------------------------------------------------------------
1520------------------------------------------------------------------------------------------------------------------------
1521------------------------------------------------------------------------------------------------------------------------
1522------------------------------------------------------------------------------------------------------------------------
1523------------------------------------------------------------------------------------------------------------------------
1600------------------------------------------------------------------------------------------------------------------------
1601------------------------------------------------------------------------------------------------------------------------
1602------------------------------------------------------------------------------------------------------------------------
1603------------------------------------------------------------------------------------------------------------------------
1604------------------------------------------------------------------------------------------------------------------------
1605------------------------------------------------------------------------------------------------------------------------
1606------------------------------------------------------------------------------------------------------------------------
1607------------------------------------------------------------------------------------------------------------------------
1608------------------------------------------------------------------------------------------------------------------------
1609------------------------------------------------------------------------------------------------------------------------
1610------------------------------------------------------------------------------------------------------------------------
1611------------------------------------------------------------------------------------------------------------------------
1612------------------------------------------------------------------------------------------------------------------------
1613------------------------------------------------------------------------------------------------------------------------
1614------------------------------------------------------------------------------------------------------------------------
1615------------------------------------------------------------------------------------------------------------------------
1616------------------------------------------------------------------------------------------------------------------------
1617------------------------------------------------------------------------------------------------------------------------
1618------------------------------------------------------------------------------------------------------------------------
1619------------------------------------------------------------------------------------------------------------------------
1620------------------------------------------------------------------------------------------------------------------------
1621------------------------------------------------------------------------------------------------------------------------
1622------------------------------------------------------------------------------------------------------------------------
1623------------------------------------------------------------------------------------------------------------------------
1700------------------------------------------------------------------------------------------------------------------------
1701------------------------------------------------------------------------------------------------------------------------
1702------------------------------------------------------------------------------------------------------------------------
1703------------------------------------------------------------------------------------------------------------------------
1704------------------------------------------------------------------------------------------------------------------------
1705------------------------------------------------------------------------------------------------------------------------
1706------------------------------------------------------------------------------------------------------------------------
1707------------------------------------------------------------------------------------------------------------------------
1708------------------------------------------------------------------------------------------------------------------------
1709------------------------------------------------------------------------------------------------------------------------
1710------------------------------------------------------------------------------------------------------------------------
1711------------------------------------------------------------------------------------------------------------------------
1712------------------------------------------------------------------------------------------------------------------------
1713------------------------------------------------------------------------------------------------------------------------
1714------------------------------------------------------------------------------------------------------------------------
1715------------------------------------------------------------------------------------------------------------------------
1716------------------------------------------------------------------------------------------------------------------------
1717------------------------------------------------------------------------------------------------------------------------
1718------------------------------------------------------------------------------------------------------------------------
1719------------------------------------------------------------------------------------------------------------------------
1720------------------------------------------------------------------------------------------------------------------------
1721------------------------------------------------------------------------------------------------------------------------
1722------------------------------------------------------------------------------------------------------------------------
1723------------------------------------------------------------------------------------------------------------------------
1800------------------------------------------------------------------------------------------------------------------------
1801------------------------------------------------------------------------------------------------------------------------
1802------------------------------------------------------------------------------------------------------------------------
1803------------------------------------------------------------------------------------------------------------------------
1804------------------------------------------------------------------------------------------------------------------------
1805------------------------------------------------------------------------------------------------------------------------
1806------------------------------------------------------------------------------------------------------------------------
1807------------------------------------------------------------------------------------------------------------------------
1808------------------------------------------------------------------------------------------------------------------------
1809------------------------------------------------------------------------------------------------------------------------
1810------------------------------------------------------------------------------------------------------------------------
1811------------------------------------------------------------------------------------------------------------------------
1812------------------------------------------------------------------------------------------------------------------------
1813------------------------------------------------------------------------------------------------------------------------
1814------------------------------------------------------------------------------------------------------------------------
1815------------------------------------------------------------------------------------------------------------------------
1816------------------------------------------------------------------------------------------------------------------------
1817------------------------------------------------------------------------------------------------------------------------
1818------------------------------------------------------------------------------------------------------------------------
1819------------------------------------------------------------------------------------------------------------------------
1820------------------------------------------------------------------------------------------------------------------------
1821------------------------------------------------------------------------------------------------------------------------
1822------------------------------------------------------------------------------------------------------------------------
1823------------------------------------------------------------------------------------------------------------------------
1900------------------------------------------------------------------------------------------------------------------------
1901------------------------------------------------------------------------------------------------------------------------
1902------------------------------------------------------------------------------------------------------------------------
1903------------------------------------------------------------------------------------------------------------------------
1904------------------------------------------------------------------------------------------------------------------------
1905------------------------------------------------------------------------------------------------------------------------
1906------------------------------------------------------------------------------------------------------------------------
1907------------------------------------------------------------------------------------------------------------------------
1908------------------------------------------------------------------------------------------------------------------------
1909------------------------------------------------------------------------------------------------------------------------
1910------------------------------------------------------------------------------------------------------------------------
1911------------------------------------------------------------------------------------------------------------------------
1912------------------------------------------------------------------------------------------------------------------------
1913------------------------------------------------------------------------------------------------------------------------
1914------------------------------------------------------------------------------------------------------------------------
1915------------------------------------------------------------------------------------------------------------------------
1916------------------------------------------------------------------------------------------------------------------------
1917------------------------------------------------------------------------------------------------------------------------
1918------------------------------------------------------------------------------------------------------------------------
1919------------------------------------------------------------------------------------------------------------------------
1920------------------------------------------------------------------------------------------------------------------------
1921------------------------------------------------------------------------------------------------------------------------
1922------------------------------------------------------------------------------------------------------------------------
1923------------------------------------------------------------------------------------------------------------------------
2000------------------------------------------------------------------------------------------------------------------------
2001------------------------------------------------------------------------------------------------------------------------
2002------------------------------------------------------------------------------------------------------------------------
2003------------------------------------------------------------------------------------------------------------------------
2004------------------------------------------------------------------------------------------------------------------------
2005------------------------------------------------------------------------------------------------------------------------
2006------------------------------------------------------------------------------------------------------------------------
2007------------------------------------------------------------------------------------------------------------------------
2008------------------------------------------------------------------------------------------------------------------------
2009------------------------------------------------------------------------------------------------------------------------
2010------------------------------------------------------------------------------------------------------------------------
2011------------------------------------------------------------------------------------------------------------------------
2012------------------------------------------------------------------------------------------------------------------------
2013------------------------------------------------------------------------------------------------------------------------
2014------------------------------------------------------------------------------------------------------------------------
2015------------------------------------------------------------------------------------------------------------------------
2016------------------------------------------------------------------------------------------------------------------------
2017------------------------------------------------------------------------------------------------------------------------
2018------------------------------------------------------------------------------------------------------------------------
2019------------------------------------------------------------------------------------------------------------------------
2020------------------------------------------------------------------------------------------------------------------------
2021------------------------------------------------------------------------------------------------------------------------
2022------------------------------------------------------------------------------------------------------------------------
2023------------------------------------------------------------------------------------------------------------------------
2100------------------------------------------------------------------------------------------------------------------------
2101------------------------------------------------------------------------------------------------------------------------
2102------------------------------------------------------------------------------------------------------------------------
2103------------------------------------------------------------------------------------------------------------------------
2104------------------------------------------------------------------------------------------------------------------------
2105------------------------------------------------------------------------------------------------------------------------
2106------------------------------------------------------------------------------------------------------------------------
2107------------------------------------------------------------------------------------------------------------------------
2108------------------------------------------------------------------------------------------------------------------------
2109------------------------------------------------------------------------------------------------------------------------
2110------------------------------------------------------------------------------------------------------------------------
2111------------------------------------------------------------------------------------------------------------------------
2112------------------------------------------------------------------------------------------------------------------------
2113------------------------------------------------------------------------------------------------------------------------
2114------------------------------------------------------------------------------------------------------------------------
2115------------------------------------------------------------------------------------------------------------------------
2116------------------------------------------------------------------------------------------------------------------------
2117------------------------------------------------------------------------------------------------------------------------
2118------------------------------------------------------------------------------------------------------------------------
2119------------------------------------------------------------------------------------------------------------------------
2120------------------------------------------------------------------------------------------------------------------------
2121------------------------------------------------------------------------------------------------------------------------
2122------------------------------------------------------------------------------------------------------------------------
2123------------------------------------------------------------------------------------------------------------------------
2200------------------------------------------------------------------------------------------------------------------------
2201------------------------------------------------------------------------------------------------------------------------
2202------------------------------------------------------------------------------------------------------------------------
2203------------------------------------------------------------------------------------------------------------------------
2204------------------------------------------------------------------------------------------------------------------------
2205------------------------------------------------------------------------------------------------------------------------
2206------------------------------------------------------------------------------------------------------------------------
2207------------------------------------------------------------------------------------------------------------------------
2208------------------------------------------------------------------------------------------------------------------------
2209------------------------------------------------------------------------------------------------------------------------
2210------------------------------------------------------------------------------------------------------------------------
2211------------------------------------------------------------------------------------------------------------------------
2212------------------------------------------------------------------------------------------------------------------------
2213------------------------------------------------------------------------------------------------------------------------
2214------------------------------------------------------------------------------------------------------------------------
2215------------------------------------------------------------------------------------------------------------------------
2216------------------------------------------------------------------------------------------------------------------------
2217------------------------------------------------------------------------------------------------------------------------
2218------------------------------------------------------------------------------------------------------------------------
2219------------------------------------------------------------------------------------------------------------------------
2220------------------------------------------------------------------------------------------------------------------------
2221------------------------------------------------------------------------------------------------------------------------
2222------------------------------------------------------------------------------------------------------------------------
2223------------------------------------------------------------------------------------------------------------------------
2300------------------------------------------------------------------------------------------------------------------------
2301------------------------------------------------------------------------------------------------------------------------
2302------------------------------------------------------------------------------------------------------------------------
2303------------------------------------------------------------------------------------------------------------------------
2304------------------------------------------------------------------------------------------------------------------------
2305------------------------------------------------------------------------------------------------------------------------
2306------------------------------------------------------------------------------------------------------------------------
2307------------------------------------------------------------------------------------------------------------------------
2308------------------------------------------------------------------------------------------------------------------------
2309------------------------------------------------------------------------------------------------------------------------
2310------------------------------------------------------------------------------------------------------------------------
2311------------------------------------------------------------------------------------------------------------------------
2312------------------------------------------------------------------------------------------------------------------------
2313------------------------------------------------------------------------------------------------------------------------
2314------------------------------------------------------------------------------------------------------------------------
2315------------------------------------------------------------------------------------------------------------------------
2316------------------------------------------------------------------------------------------------------------------------
2317------------------------------------------------------------------------------------------------------------------------
2318------------------------------------------------------------------------------------------------------------------------
2319------------------------------------------------------------------------------------------------------------------------
2320------------------------------------------------------------------------------------------------------------------------
2321------------------------------------------------------------------------------------------------------------------------
2322------------------------------------------------------------------------------------------------------------------------
2323------------------------------------------------------------------------------------------------------------------------
2400------------------------------------------------------------------------------------------------------------------------
2401------------------------------------------------------------------------------------------------------------------------
2402------------------------------------------------------------------------------------------------------------------------
2403------------------------------------------------------------------------------------------------------------------------
2404------------------------------------------------------------------------------------------------------------------------
2405------------------------------------------------------------------------------------------------------------------------
2406------------------------------------------------------------------------------------------------------------------------
2407------------------------------------------------------------------------------------------------------------------------
2408------------------------------------------------------------------------------------------------------------------------
2409------------------------------------------------------------------------------------------------------------------------
2410------------------------------------------------------------------------------------------------------------------------
2411------------------------------------------------------------------------------------------------------------------------
2412------------------------------------------------------------------------------------------------------------------------
2413------------------------------------------------------------------------------------------------------------------------
2414------------------------------------------------------------------------------------------------------------------------
2415------------------------------------------------------------------------------------------------------------------------
2416------------------------------------------------------------------------------------------------------------------------
2417------------------------------------------------------------------------------------------------------------------------
2418------------------------------------------------------------------------------------------------------------------------
2419------------------------------------------------------------------------------------------------------------------------
2420------------------------------------------------------------------------------------------------------------------------
2421------------------------------------------------------------------------------------------------------------------------
2422------------------------------------------------------------------------------------------------------------------------
2423------------------------------------------------------------------------------------------------------------------------
2500------------------------------------------------------------------------------------------------------------------------
2501------------------------------------------------------------------------------------------------------------------------
2502------------------------------------------------------------------------------------------------------------------------
2503------------------------------------------------------------------------------------------------------------------------
2504------------------------------------------------------------------------------------------------------------------------
2505------------------------------------------------------------------------------------------------------------------------
2506------------------------------------------------------------------------------------------------------------------------
2507------------------------------------------------------------------------------------------------------------------------
2508------------------------------------------------------------------------------------------------------------------------
2509------------------------------------------------------------------------------------------------------------------------
2510------------------------------------------------------------------------------------------------------------------------
2511------------------------------------------------------------------------------------------------------------------------
2512------------------------------------------------------------------------------------------------------------------------
2513------------------------------------------------------------------------------------------------------------------------
2514------------------------------------------------------------------------------------------------------------------------
2515------------------------------------------------------------------------------------------------------------------------
2516------------------------------------------------------------------------------------------------------------------------
2517------------------------------------------------------------------------------------------------------------------------
2518------------------------------------------------------------------------------------------------------------------------
2519------------------------------------------------------------------------------------------------------------------------
2520------------------------------------------------------------------------------------------------------------------------
2521------------------------------------------------------------------------------------------------------------------------
2522------------------------------------------------------------------------------------------------------------------------
2523------------------------------------------------------------------------------------------------------------------------
2600------------------------------------------------------------------------------------------------------------------------
2601------------------------------------------------------------------------------------------------------------------------
2602------------------------------------------------------------------------------------------------------------------------
2603------------------------------------------------------------------------------------------------------------------------
2604------------------------------------------------------------------------------------------------------------------------
2605------------------------------------------------------------------------------------------------------------------------
2606------------------------------------------------------------------------------------------------------------------------
2607------------------------------------------------------------------------------------------------------------------------
2608------------------------------------------------------------------------------------------------------------------------
2609------------------------------------------------------------------------------------------------------------------------
2610------------------------------------------------------------------------------------------------------------------------
2611------------------------------------------------------------------------------------------------------------------------
2612------------------------------------------------------------------------------------------------------------------------
2613------------------------------------------------------------------------------------------------------------------------
2614------------------------------------------------------------------------------------------------------------------------
2615------------------------------------------------------------------------------------------------------------------------
2616------------------------------------------------------------------------------------------------------------------------
2617------------------------------------------------------------------------------------------------------------------------
2618------------------------------------------------------------------------------------------------------------------------
2619------------------------------------------------------------------------------------------------------------------------
2620------------------------------------------------------------------------------------------------------------------------
2621------------------------------------------------------------------------------------------------------------------------
2622------------------------------------------------------------------------------------------------------------------------
2623------------------------------------------------------------------------------------------------------------------------
2700------------------------------------------------------------------------------------------------------------------------
2701------------------------------------------------------------------------------------------------------------------------
2702------------------------------------------------------------------------------------------------------------------------
2703------------------------------------------------------------------------------------------------------------------------
2704------------------------------------------------------------------------------------------------------------------------
2705------------------------------------------------------------------------------------------------------------------------
2706------------------------------------------------------------------------------------------------------------------------
2707------------------------------------------------------------------------------------------------------------------------
2708------------------------------------------------------------------------------------------------------------------------
2709------------------------------------------------------------------------------------------------------------------------
2710------------------------------------------------------------------------------------------------------------------------
2711------------------------------------------------------------------------------------------------------------------------
2712------------------------------------------------------------------------------------------------------------------------
2713------------------------------------------------------------------------------------------------------------------------
2714------------------------------------------------------------------------------------------------------------------------
2715------------------------------------------------------------------------------------------------------------------------
2716------------------------------------------------------------------------------------------------------------------------
2717------------------------------------------------------------------------------------------------------------------------
2718------------------------------------------------------------------------------------------------------------------------
2719------------------------------------------------------------------------------------------------------------------------
2720------------------------------------------------------------------------------------------------------------------------
2721------------------------------------------------------------------------------------------------------------------------
2722------------------------------------------------------------------------------------------------------------------------
2723------------------------------------------------------------------------------------------------------------------------
2800------------------------------------------------------------------------------------------------------------------------
2801------------------------------------------------------------------------------------------------------------------------
2802------------------------------------------------------------------------------------------------------------------------
2803------------------------------------------------------------------------------------------------------------------------
2804------------------------------------------------------------------------------------------------------------------------
2805------------------------------------------------------------------------------------------------------------------------
2806------------------------------------------------------------------------------------------------------------------------
2807------------------------------------------------------------------------------------------------------------------------
2808------------------------------------------------------------------------------------------------------------------------
2809------------------------------------------------------------------------------------------------------------------------
2810------------------------------------------------------------------------------------------------------------------------
2811------------------------------------------------------------------------------------------------------------------------
2812------------------------------------------------------------------------------------------------------------------------
2813------------------------------------------------------------------------------------------------------------------------
2814------------------------------------------------------------------------------------------------------------------------
2815------------------------------------------------------------------------------------------------------------------------
2816------------------------------------------------------------------------------------------------------------------------
2817------------------------------------------------------------------------------------------------------------------------
2818------------------------------------------------------------------------------------------------------------------------
2819------------------------------------------------------------------------------------------------------------------------
2820------------------------------------------------------------------------------------------------------------------------
2821------------------------------------------------------------------------------------------------------------------------
2822------------------------------------------------------------------------------------------------------------------------
2823------------------------------------------------------------------------------------------------------------------------
2900------------------------------------------------------------------------------------------------------------------------
2901------------------------------------------------------------------------------------------------------------------------
2902------------------------------------------------------------------------------------------------------------------------
2903------------------------------------------------------------------------------------------------------------------------
2904------------------------------------------------------------------------------------------------------------------------
2905------------------------------------------------------------------------------------------------------------------------
2906------------------------------------------------------------------------------------------------------------------------
2907------------------------------------------------------------------------------------------------------------------------
2908------------------------------------------------------------------------------------------------------------------------
2909------------------------------------------------------------------------------------------------------------------------
2910------------------------------------------------------------------------------------------------------------------------
2911------------------------------------------------------------------------------------------------------------------------
2912------------------------------------------------------------------------------------------------------------------------
2913------------------------------------------------------------------------------------------------------------------------
2914------------------------------------------------------------------------------------------------------------------------
2915------------------------------------------------------------------------------------------------------------------------
2916------------------------------------------------------------------------------------------------------------------------
2917------------------------------------------------------------------------------------------------------------------------
2918------------------------------------------------------------------------------------------------------------------------
2919------------------------------------------------------------------------------------------------------------------------
2920------------------------------------------------------------------------------------------------------------------------
2921------------------------------------------------------------------------------------------------------------------------
2922------------------------------------------------------------------------------------------------------------------------
2923------------------------------------------------------------------------------------------------------------------------
3000------------------------------------------------------------------------------------------------------------------------
3001------------------------------------------------------------------------------------------------------------------------
3002------------------------------------------------------------------------------------------------------------------------
3003------------------------------------------------------------------------------------------------------------------------
3004------------------------------------------------------------------------------------------------------------------------
3005------------------------------------------------------------------------------------------------------------------------
3006------------------------------------------------------------------------------------------------------------------------
3007------------------------------------------------------------------------------------------------------------------------
3008------------------------------------------------------------------------------------------------------------------------
3009------------------------------------------------------------------------------------------------------------------------
3010------------------------------------------------------------------------------------------------------------------------
3011------------------------------------------------------------------------------------------------------------------------
3012------------------------------------------------------------------------------------------------------------------------
3013------------------------------------------------------------------------------------------------------------------------
3014------------------------------------------------------------------------------------------------------------------------
3015------------------------------------------------------------------------------------------------------------------------
3016------------------------------------------------------------------------------------------------------------------------
3017------------------------------------------------------------------------------------------------------------------------
3018------------------------------------------------------------------------------------------------------------------------
3019------------------------------------------------------------------------------------------------------------------------
3020------------------------------------------------------------------------------------------------------------------------
3021------------------------------------------------------------------------------------------------------------------------
3022------------------------------------------------------------------------------------------------------------------------
3023------------------------------------------------------------------------------------------------------------------------
3100------------------------------------------------------------------------------------------------------------------------
3101------------------------------------------------------------------------------------------------------------------------
3102------------------------------------------------------------------------------------------------------------------------
3103------------------------------------------------------------------------------------------------------------------------
3104------------------------------------------------------------------------------------------------------------------------
3105------------------------------------------------------------------------------------------------------------------------
3106------------------------------------------------------------------------------------------------------------------------
3107------------------------------------------------------------------------------------------------------------------------
3108------------------------------------------------------------------------------------------------------------------------
3109------------------------------------------------------------------------------------------------------------------------
3110------------------------------------------------------------------------------------------------------------------------
3111------------------------------------------------------------------------------------------------------------------------
3112------------------------------------------------------------------------------------------------------------------------
3113------------------------------------------------------------------------------------------------------------------------
3114------------------------------------------------------------------------------------------------------------------------
3115------------------------------------------------------------------------------------------------------------------------
3116------------------------------------------------------------------------------------------------------------------------
3117------------------------------------------------------------------------------------------------------------------------
3118------------------------------------------------------------------------------------------------------------------------
3119------------------------------------------------------------------------------------------------------------------------
3120------------------------------------------------------------------------------------------------------------------------
