58265 2011   111213603204   65   24 6670   55    1--------------------------------------------------------------------------
3121797979797979808080808081808080808080808080808080808079797979797979797979797979797979797980797979807979808080808181818180
3122808181818282828282828383838383838383838383838383838383838484848484848484848484848484848484848484848484848484848484848484
3123848484858585858484848485858585858585858585858686858585858585858686868686868686868585858585858586868686868686868686858586
0100868686868686868686868686868686868686868686878787878787878787878787878787878787878787878787878787878787868686868686868585
0101848484838383838383838383838383828282828282828282828282828282828383838384848484848585858585858585858585858585858585858585
0102858585858584848484848484848484848484848383838383838383838383838282828282828382828282828282828282828282828282828282828282
0103828282838383838383838383838484848484848485858584848484848484838484838383838383838384848484848484848484858585858585858585
0104858585868686868686868686868685858484848483838383838384848484848484858585858585868686868686868686868686868686868686868686
0105868585858585858585858585858585858585858585858585858585858585858585858585848484848484848484848484848585858585858585858585
0106858585858585858585858585858585858585858585858586868686868686868686868686868687878787878787878787878787878787878787878888
0107888888888888888888888888888888888888888888888888888888888888888888888888888888888888888888888888888888888888888888888888
0108888888888888888888888888888989898989898989898989898988888888888888888888888888888888888888888888888888888888888888888888
0109888888888888888888888888888887878787878787878787878787878787878787878787878787878786868686868585858585858585858585858484
0110818181828282828282818181818181818181818181818180808081808080808080797980797979797878787878777778787878787879787878787878
0111787877787878787878787878787878787777787877777878787778777778787877777778787878777778787877777777777777777777787878787877
0112787777777777787777777777767676767676777676767676757575767576767678767575767675757576757574757574747474757475747475757474
0113747474747574747374747474737473737373737374737372727172727272737372727273737372727172727271717172737170717170696971717171
0114717069697070696869706970686970706970697071696969706970707170707070697070716970696868696969696969696868696767686767676768
0115686767676666676767686766676666676868666666666666656766666667676767666667676766666867676766666766676766666666676666676868
0116686766676867686868686768686868686868696867686868676768686766666767676768686867686768686768676879686968686969686868686868
0117696969686969696868696868686869696969696969706868696969696970696969706969696969707070707070707071707070707170717070717171
0118717170707070707170707070707171717170717171717170707071717171717171727272727271727272727272727272727272727272727272727272
0119727373737373737373737272727272727273737373747374747374747474747574757574747474747474747474747475757474747474757575757575
0120757575757676767676767676767676767677777777777676777777767777777777777777777878787879797979797979797979797878797978787979
0121797987797979797979797979797979807979798080808181828383838484848485858585868686868686868686868686878787878787878787878787
0122878787878788888888888888888888888888888888888888888888888888888888888888898989898989898989898989898989898989898989898989
0123898989898989898989898989898989898989898989898989898989898989898989898989898989898989898989898989898989898989898989898989
0200898989898989898989898989898989898989898989898989898989898989898989898989898989898989898989898989898989898989898989898989
0201898989898989898989898989898989898995898989898989898989898988888888888888888888888888888888888888888888888888888888888888
0202888989898989898989898989898989898989898989898989898989898989898989898989898989898989898989898989898989899090909090909090
0203909090909090909090909090909090909090909090909090909090909090909090909090909090909090909090909090909090909090909090909090
0204909090909090909090909090909090909090909090909090909090909090909090909090909090909090909090909090909090909090909090909090
0205909090909090909090909090909090909090909090909090909090909090909090909090909090909090909090909090909090909090909090909090
0206909090909090909090909089898989898989898989898989898989898989898989898989899090909090909090909090909090909090909090909090
0207909090909090909090909090909090909090909090909090909090909090909090909090909090909090909090909090909090909090909090909090
0208909090909090909090909090909090909090909090909090909090909090909090909090909090909090909090909090909090909090909090909090
0209909090909090909090909090909090909090909090909090909090909090909090909090909090909090909090909090909090909090909090909090
0210909090909090909090909090909090909090909090909090909090909090909090909090909090909090909090909090909090909090909090909090
0211909090909090909090909090909090909090909090909089898989898989898989898989898989898989898989898989898989898989898989898989
0212898989898989898989898989898989898989898989898989898989898989898989898989898988888888888888888888888888888888888888888888
0213888888888787878787878687868686878786858584848383828283838484838280808080808181818180807980808080798079798081818078777778
0214787879797878787878787878797980787778767777777778777677777676767676757676767575757676767777777778787879787878797980797778
0215767675757576767677777777787878797878787979807977787777787776777677767574747475757575757473747474757372737373737373737372
0216727272727373717273727273737373737273747372727272727372717273707071717171727171717171727172727171717071706971717069696869
0217696969706868696969707070706970717171707169707070696970697069697071727171707171707071717271717171717171727372727373747474
0218747474747474747473737475757574747473747474737474747474747575757576757676757575757676767676767575767676767676767676767676
0219767676767777777777777778777778777878787878787878797979797979798079808080797980808080808080808080807979797979797979797979
0220797979798080808080808080808080818181818182828283838383838383838383838383828282828282828282828282828383838384848484848585
0221858585868686868686868686868686878787878787878787878787878787878787878787878788888888888888888888888888888888888888888888
0222888888888888888888888889898989898989898989898989898989898989898989898989898989898989898989898989898989898989898989898989
0223898989898989898989898989898989898989898989898989898989898989898989898989898989898989898989898989898989898989898989898989
0300898989898989898989898989898989898989898989898989898989898989898989898989898989898989898989898989898989898989898989898989
0301898989898989898989898989898989898989898989898989898989898989898989898989898989898989898989898989898989898989898989898989
0302898989898989898989898989898989898989898989898989898989899090909090909090909090909090909090909090909090909090909090909090
0303909090909090909090909090909090909090909090909090909090909090909090909090909090909090909090909090909090909090909090909090
0304909090909090909090909090909090909090909090909090909090909090909090909090909090909090909090909090909090909090909090909090
0305909090909090909090909090909090909090909090909090909090909090909090909090909090909090909090909090909090909090909090909090
0306909090909090909090909090909090909090909090909090909090909090909090909090909090909090909090909090909090909090909090909191
0307919090919190909190909091919190909090909090909191919191919191919191919191919191919191919191919191919191919191919191919191
0308919191919191919191919191919191919191919191919191919191909090909090909090909090909090909090909090909090909090909090909090
0309909090909090909090909090909090909090919191919191919191919191919190909090909090909090909090909090909090909090909090909090
0310909089898989898888888888878787868685858584848484848484848484838383838382828282828282828282828282818181828282828280808080
0311808080808080808079797980818182828283838383838383838383838283838383828383828281828282838281818181808180807980797878787978
0312777877777777777677767777757575757575767472747273737374757574747473757473737372737373737374747372727273737374757576767777
0313777677777677777778787778787878787879797978787878787878787777767676767676767675767676767776777677777676757676757675767574
0314747474757575747574757574747475747373737474747573737373737373737373737273727272737272737272727171717271727173727171717239
0315717171717271717171717071717070717172707071717170717170717068696969706969706969696970706970686970707071707172717070707071
0316727171707171697070716969717070717069707070707070696970706969696968696868696868686768686869696868686968686768676767676767
0317686868676868686868676767686968676969686868697070706968686869696868686767676768687071707069696969706970696968717170727271
0318727171717172717271737373747474737476787878787878787878787979797979808080808181818181818181828282828281828282828283838383
0319838383838383838383838484848466848585858585858585858585858586868585848484848383828282818180808080797979797979798080818182
0320828282828282838383838384848484858585858586868686868686868686868686868686878787878787878787888888888888888888888888888888
0321888888888888888888888888888888888888888888898889898989898989898989898989898989898989898989898989898989898989898989898989
0322898989898989898990909090909090909090909090909090909090909090909090909090909090909090909090909090909090909090909090909090
0323909090909090909090909090909090909090909090909090909090909075909090909090909090909090909090909090909090909090909090909090
0400909090909090909090909090909090909090909090909090909090909090909090909090909090909090909090909090909090909090909090909090
0401909090909090909090909090909090909090909090909090909090909090909090909090909090909090909090909090909090909090909090909090
0402909090909090909090909090909090909090909090909089898989898989898989898989898989898989898989898989898989898989898989898989
0403898989898989898989898989898989898989898989909090898989898989898989898989898989898989898988898989898989898989898989898989
0404898989898989898989898989898989898989898989898989898989898989898989898989898989898989898988888888888888888787878787878787
0405878787878786868686868585858584848484848484848484848484848484848383848384848484848483838483838383838383838383838383838383
0406838383838383838283838383838383838383838383838383838383838383838383838383838383838383838383848484848484848484848585858585
0407858585868686868686868787878787878787878787878787878787878787878787878787878787888888888888888888888888888888888888888897
0408888888888888888888888888888888888888888888888989898989898989898989898989898989898989898989898988888888888888888888888887
0409878787878787868686858585858585858585858585858686868686868686868686858585858585858585858585858585858584848484848484848484
0410848484838484848484848484838484838383838384848484848483838383838383838383838383838383838383828282828282828282828282828282
0411828282828282828282828282828282828282828282828282828282828282828282828282828282828282828282828282828282828383838383838383
0412838484848484848585848585858585858585858584848483838383838383838282828282818181818181818182828181818181818181818080808080
0413807980808080798079787979787878787878787878787777777778787776767676767676777676767675767575757575757575757576767575757474
0414747574757474747575747475757574757676757575747574757575747475757474757575747575747574747575757575767574747474747575747474
0415737374747373737373737373737372727373737374737272727171727171717271707070707271707070717170696970707071717170706969696970
0416707069697070716969696970707070707070706970707070707068686868686968676868686868686969696969696969707069696969696969696970
0417707071707069717070717172717271727271727272727272727272727273727272737272727272737272727272737273737272727273737272727272
0418727272727272727272727272727272727272727273727372727273727272727272727272727273727273737373737373737373737373737373737373
0419737373727272727373737373737373737373737374747474747473747473737374737373737474747474747474747474757575757576757575757575
0420757575757575757575767676767676767676767677777777777777777777777777777777777777777778787979808080808181818182828282828282
0421828282828281818181808080807979797878787878787878777877777777777676767676767777777777777777777777787878787878787878797979
0422798080818182828282838383838484848484858585858585868686868686868787878787878787878787888888888888888888888888888888888888
0423888889898989898989898989898888888888888888888888888888888888888888888989898989898989898989898989898989898989898989898989
0500898989898989898989898989898989898989898989898989898989898989898989898989898989898988888888888888888887878787878787878686
0501868686868686868686868686868686868686868686868686868686868686868686868686868686868686868686868686868686868686868686868686
0502868686868685858585858585858584848484848585858585858585858585858585858585858686868686868686868686868686868686878787878787
0503878787878787878787878787878787878787868686868686868686868686868685858585858585858585858585858585858585848484838383838383
0504838383838383838383838383838383838383838383838383838383838383838383838383838383838383838383838383838383838283838383838282
0505838383838383838383838383838484848484858585858585858585858585858585858686868686868686868686868686868686868686868686868686
0506868686868686878787878787878787878787878787878787878787878787888888888888888888888888888888888888888888888888888888888888
0507888888888888888888888888888888888888888888888888888888888888888888888888888888888888888888888888888888888888888888888888
0508888888888888888888888888888787878787878787878787878787878787878787878787878787878787878788888888888888888888888888888888
0509888888888888888888888888888888888888898989898989898989898989898989898989898989898888888888888888888888888787878787878787
0510878787878787878686868686868686868686868686868686868685858585858584848484848484848484848484848484848484848484848484848484
0511848383838382828383838282828282828282828282828282818181808080818181808080808080808079797979797979797879797980797980807878
0512787878787979797878787879797979797979797878787878787878787878787878797879787878787877787878797979797980808081818181818182
0513838382818181818181828181818181818181818181808081828180808080808080808079787879807978787777787878787877777777777777767777
0514767677767676777675757474757676777677757574727272737273727474737371707273737373727170707071717171727272717272707070707171
0515717070717070727071706969696970686968696870717069707170717071717170717070696969696969696969696968696968686869686968696969
0516707069696969697068676967676768676867686868686768676868697067686767686769696768676767686969706868686767696968686867686867
0517686868676767676767686767686869697069697069707273717171717171727473707070707071737575737272727173737374747575757575767878
0518787777777777787878787878777878777878787879797980808080808181818181818281818181818182818282818181818180808180807879797978
0519797979797979808080818181818182828281818181828282828282828282828282838383838383838383838383828282828283838383838383838383
0520838383828382838383838382818180808080808080808079797979797979797979797979797979797979797979797979797979797979797979797979
0521797979797979797979798080808081816282828283838383828282838383838484848484858585858585858585868686868686868686868686868686
0522868686868686868686868787878787878787878787878787878787878788888888888888888888888888888888888888888888888888888888888888
0523888888888888888888888888888888888888898989898989898989898989898989898989898989898989898989898989898989898989898989898989
0600898989898989898989898989898989898989898989898989898989898989898989899090909090909089898989898989898989898989898989898989
0601898989898989898990909090909090909090909090909090909090909090907090909090909090909090909090909090909090909090909090909090
0602909090909090909090909090909090909090909090909090909090909090909090909090909090909090909090909090909090909090909090909090
0603909090909090909090909090909090909090909090909090909090909090909090909090909090909090909090909090909090909090909090909090
0604909090909090909090909090909089898989898989898989898989898989898989898989898989898989898989888888888888888888888888888888
0605888888888888888888888888888888888888888888888888888888888888888888888888888888888888888889896789898989898989898989898989
0606898989898989898989898989898989898989898989898989898989898989898989898989898989898989898989898989898989898989898989898989
0607898989898989898989898989898989898989898989898989898989898989898989898989898989898989898989898989898989898989898989898989
0608898989898989898989898989898989898989898989898989898989898989898989898989898989898989898989898989898989898989898989898989
0609898989898989898989898989898988888888888888888888888888888888888888888888888888888888888888888887878787878787878787878787
0610876987878787878787878787878787878787878787878787878787878787878787888888888888888888888888888888888888888888888888888888
0611888888888888888888888888888888888888888888888888888888888888888888888888888888898989898989898989898989898989898989898989
0612898989898989898989898989898989898989898989898989898989898989898989898989898989898989898989898989898989898989898988888888
0613888888888888888888888888888888888888888888888888888888888888888888888787878787878787878787878686868686868686868686868686
0614868686858586868686858585858585848484838384848384838383828282828282828181828281818182818080797980807978787878787777777778
0615787775767777787778777777777778777877787878797877767575737475737274747374767476757577767474747474757473747372737373757575
0616747373717374747473737473747374747474757575757574737374747272737474747474747473737373747473737474737374747374737373737373
0617737373737475747374737272727373727272727271717273727273737273727272727272737372727373747574747474747373737474747474757575
0618757574757675757575757474757574757575757475757575757575767675757676757676767676767676767676767576757576767676767676767676
0619767676767676767677767777767777767776777777777777777777777777777777777777787878787877787878777877777777777777777777777777
0620777777777778787877787878787878787878787979797979797979797979797979797979798079797979797979798080798080808080808080808080
0621808080808080808080808080818181818180818180818181818182828282828282828383828383838484848383838383838384848484848484848484
0622848484848484848483838382828281818181828281818180808080808080798080797979808080808080808080808080818181818181818181818181
0623818181818181828182828282828282828282828282828282828282828282828282828282828282828282828282838383838383838383838383838383
0700838383838383848383838383838383838383838383838383838383838383838383838383838282828282828282828282828282828282828282828282
0701828282818181818181818181818181818181818181818080808080808080808080808080808080818081818181818181818181818181818181818181
0702818181818181818282828282828282828282828282828282828282828282828282828282828282828383838383838383838383838383838383838383
0703838383838383838383838383838383838383838383838383838383838383838484848484848484848484848484848484848484848484848484848484
0704848484848484848484848484848484848484838383848383838383848483838384848484848484848484848585858585858585858585858585858585
0705858585858585868686868686868686868686868686868687878787878787878787878787878787878787878787878787868686868686868686868585
0706858585858584848485858585858686868585858585858585858585858585858585858585858484848484848485848484848484848484848484848485
0707858585858585858585858586868686868687878787878787888888888888888888888888888888888888888989898989898989898989898989898989
0708898989898989898989898989898989898989898989898989898989898989898989898989898989898989898989898989898989898989898989898989
0709898989898989898989898989909090909090898989898989898989898989898989898989898989898989888888888888888888888888888787878787
0710878787878787868686868686868686868685858585858585858585858584848484838384848483838383838282838383838282828383838382828282
0711818181818181818181828281797979797978777878797878777776757372727171727271727171696867686870706970717069707069697068686970
0712706969696969686769676868666867696666646564646665646365646362636364636161626364656563626262626263616362626363636162656365
0713656360605960606161626361606162626461626362616061626160615962606061605960596059595958585861615858585758595958585758585657
0714575656565656575757575858595958585858575556565856555455565455555455565856575454545454596262646564666565656564646365656464
0715646564666666666665666666666667676768676768686767686767666766656465656364646464646665656667666667676666666667676767666566
0716666767686867666665656464666566656567666668676868686869696969696969706970707071717070706969706969696970707070707170707070
0717717071707070707070707070707170707171717171727271727272727372727372727474737373737373737473737373747373737373737474747474
0718747373737373737373747373737373737373727373737373737372727372737373737373737273727272737373737373737373737373737272727272
0719727272727272727272727272727272727172717172727172727272727272727272737273737373737373737372727272727372737373727272727272
0720727272727373737373737374747474747575757575757575757576767676767674747575757473737373737374737373747373737373737373737373
0721737373737373737373747373737373737474747574757474737473737373727272727272727373737374737374747677777777777879797979798079
0722787879797979797979797980808081808079797878787777777776767676777777787878787879797979797879797979798080808081818182828383
0723838383838383838384848484848484848585788585858484848484848484848484848484848484848485858585858585858585858585858585858585
0800868686868686868686868686868787878787878787878787878787878787878787878787868686858585858484848484848383838383838383838383
0801838383838383838383838383838282828383838383838383838384848484848484848484848484838383838384848484848484848484848383838383
0802838383838282828282828282828282828283838383848484848484838383848484848484848383828282828282828282828282818181818180797979
0803797978787878787878777777777778787877777778777777787878787878797979827979797980807979787878787878787878787878787878787979
0804797980808080808080808181818282828282828282828282828181818181818181818182828282838282818181828282838383838383838383838484
0805848484848484848484848484848484858585848484838282818182828282828283838383838383838383848384848484848484848484848382828282
0806828383848484848485858585858585858585858586868686868686868686868686868686868686868686868686878787878787878787878787878787
0807878888888888888888888888888888888888888888888888888888888888888888888888888888888888888888888888988889898989898989898989
0808898989898989898989898989898989898989898989898989898989898989898989898989898989898989898989898989898989898989898989898989
0809898989898989898989898989898989898989898989898989898989898989898888878582807979797878777675747474747371717272727271717273
0810737273737273737273727271707071717170706969696970717169717070717070697070696868696868686968676768686967676768696867676767
0811686868686868686868686969696968706968696969697069686868676868676969696767686767686766666766656766646563636463626059595959
0812606058625860585959585959595858586059585858585858585857565756555555575656545555555554555354555454545554545352525254535354
0813545554545352535254535355555554545354545352535049504950535249495050494949494951484849495149494948505049484850485047494948
0814474846474647474748474746494745454646464745454545454544464545464546474645454647454443454644454545464747464645464646454546
0815444544454644444646454443434443424443434443444444444444444445444546454547464645454544474546474646454546464646464645464645
0816454648464647474746454648474948464849364847464746474747444545444444444545464443444444444545454646454646464646474747464748
0817484848494948485051515049494950515150504950514949484947484948484948474849494948484849504950505050525250515152525049505050
0818515251515151505154535351515150515051515252515252525354555555565655565758575656565656565656565757595960605958585758585958
0819586059585959596060605960605960626161626363626160605958585959606263636463636465656666666667666667676665666666666767666666
0820646364646565676768666968696969696970707170707171737575747474747575747575767677777777777778787878787878787878797978787878
0821797978797979797979797979787878787979797980808181818181828282828282828383838383838384848484848484848484848485858585858585
0822858585858585858585858585858585858585858585858585858585858585858585858585858484838282818079797978787776767776767575747474
0823737373737373737272717171707070707070707070707071717171717273747475757575757576767676777878797979797980808080808081818181
0900828283838383838383838484848484848484858585858585858585858585858685868686868686868686868787878787878787878787878787878787
0901878787878787878788888888888888888888888888888888888888888888888888888888888888888888888888888888888888888888888888888888
0902888889898989898989898989898989898989898989898989898989898989898989898989898989898989898989898989898989898989898989898989
0903898989898989898989898989898989898989898989898989898989898989898989898989898989898989898989898990909090908989898989898989
0904898989898989898989898989898989898989898989899090909090909090909090909090909090909090909090909090909090909090909090909090
0905909090909090909090909090909090909090909090909090909090909090909090909090909090909090909090909090909090909090909090909090
0906909090909090909090909090909090909090909090909090909090909090909090909090909090909090909090909090909090909090909090909090
0907909090909090909090909090909090909090909090909090909090909090909090909090909090909090909090909090909090909090909090909090
0908909090909090909090909090909090909090909090909090909090909090909091919191919191919191919191919191919191919191919191919191
0909919191919191919191919191919191919191919191919191919191919191919191919191919191919191919190909090908989888785838382828080
0910797978777778787777767574727272737072717069676868666868676765656567676667666766676768676665666566646564666564646363636463
0911626362636362626264626363656563626262626565636262636263616263636262636262626260616263616160585960595958585857575756565556
0912555555555554565858585959585957555555565556575755555555555656555756565756565755545353535355545453545252535353525154525251
0913514949504950515150485049515148484747464344454344454545424346474545454544434343434140414341404240434141414243434342424343
0914434142434244444445444443434440404241394041404240393937383939394039403940393939403839404037383939403938383838383636383737
0915373836363635373935373736353636353636353535373737373635363535363536363937363637363636393637373739383836363536363635373537
0916383534373536343334343333333331323331333333333234333332343533333134363433323233333335343233333333343232323434353334333436
0917343634343537353434343434333435353536373836363736373637353738393634353535363534353533353434343636363434353637353537383640
0918383536404039413939424342424241404243434343434443454644444444444344454242434446464446464544454545464848474444454443434343
0919434444454544454445464646474850495150505253545455575859606263636363636363646464656565656566676767676768686766676868696968
0920676968686867676868696868686867666868696868706869697070706869707171717171717171727272737373737273737373747474727373737374
0921747474727272717069706969696868676765656566656666656665666867696970707172727373737373737273737373747474757576767677777776
0922777777777777777777777777767777767676767677787979797980808080818079798079797979797979797979797979797979797979798080808081
0923818181818181818282828282828282828283838383838384848484848484848484848484848484848484848484848484848484848484848484858585
1000858585858585858585858585858586868686868686868686868687878787878787878787878787878787878888888787878888888888888787878787
1001878787878787878787878787878787878787878787878787878787878787878787878787878787878787878787878787888888888888888888888888
1002888888888888888888888888888888888888878788888888888888888888888888888888888888898989888888888888888888888888898989898989
1003898989888888898989898989898989898989898989898989898989898989898989898989898989898989898989898989898989898989898989898989
1004898989898989898989898989898989898989898989898989898989898989898989898989898989898989898989898989898989898989898989898989
1005898989898989898989898989898989898989898989898990909090898989898989909088908989898989898989909090909090909090909090909090
1006909090909090909090909090909090909090909090909090909090909090909090909090909090909090909090909090909090909090909090909090
1007909090909090909090909090909090909090909090909090909090909090909090909090909090909090909090909090909090909090909090909090
1008909090909090909090909090909090909090909090909090909090909090909090909090909090909090909090909090909090909090909090909090
1009909090909090909090909090909090909090909090909090909090909090909090909090909090909090909090909089898985898888888685838281
1010817877767374737472727271717373737272706969686868696869676767676869696767676768696865656665646667676665656666656666656566
1011656665666665656564646565656565636464636362656363636564636463636464646462636362636463646463616263636361626363636362636263
1012626263626161616161616061606160606161606061616161606261585858595860595859595756585857595856575556565959575656565857565655
1013555455555456555655565455555555565555555554555655565554545353535453545251515251515251515051505150505047474749474950494848
1014474946485066474948484949515048485050494848484850474948484948484847484647474849474847464746454647474749484848494948484948
1015484647464746444544454444454847464645484645464544454446464445434444444446464544444644454644444645434446464445474445444544
1016454846454444444444434543444243444342424343424244454241414141424242414141404141424242424142404242444442434242424342424344
1017434342424242424242424142434343444344444246434343434343434343434343434243434243434344464546484748474849494849494948494849
1018505150495050504950515150505151505050515166515353525150505150505151525152515252525152525353525252535352535353535353535353
1019545353535454535453555454555555545455545455555555565655555556555555565656565657575756565657565656565656565656565656565555
1020555656565657555656575656565655555556555655565555555555565655555657565657575657565656565655565655555655555555565556565656
1021565556565757565656575757575757585960606060606161616263636363636364646464646464646464656565656566666666666667666666666666
1022666666676666666666676766666666666666666666666666666666666666666666666666666666666767676767676767676868686868686868686868
1023686969696969696969696969696969696970707070707070696969696969696969696970707070707070707070707070707070707070717171717171
1100717171727271727272717171717172727272727272727272727272727272727272727372737373737373737373737373737272727272727272727272
1101727272727272727272727272727272727272727272727272727272727272727272727272727272727272727272727272727272727272727272727272
1102727272727373737373737373737373737374737373737373737373737373737373737373737473737373737373737373737374747474757575767777
1103767678787777777878777878787777777777777777777777777777777878787878787979797979797979797979807980808080808180818080808080
1104808080808081818181818182828281828282828282828181828281818282828383838383838383838383828383838383838382828282818181818181
1105828281808079797980807980808079797979797980818080808080808080808080808080808080808080818180808080818181818180808079797979
1106797978777676757575757575757575767576757575757675757576767676767676767776767676767675757576757575757575757575757576757575
1107757575757474757575747474747474747475757575757575757575757575747475757474747475767675757474747474747474737474747474747576
1108767575757474747474747474747475747474747474757574747474747474747474747474747474747474747474747473737474747474737374747474
1109747473737474737374737374737373737474737373727474747373737373737373737373747575747474747473747575747474747474747575757777
1110767676767676757575747473737373737373727372737373737372737273737373727372727272727271717272727272727272727373717171717171
1111727171717171727272727273727272737273727372727272727272727271727272717171717272717272717172727171717172727271717170707170
1112717171717171717170707070707071717069706969707069696970706969696969696969696969696969696969697070696970696969697069696969
1113706970696969686767676767686868686968686868676868686868686867676768676767676768686868686767696868676768676768686868686868
1114686868686968676868676868686868676867676868676767676767686666666867676867676867686867676868686768686868696969676868696867
1115686868686868696969696969706969697070706970707070707070707070717070706969707070696970697070696969696969696969707070696969
1116696969696969696970696970706969697070696969696969696969696969686868696968686868696969696969696969696969706969696969696969
1117696969696969706969697070707070697069697069696969696969696970696969696970707069696969707070706970707070707070706970706970
1118707070707070707070707070707070707070717170707070707070707070696969707070707069707070697070697070697070707070707070707070
1119707070707171707171707171707170707171717171717071717171717171717171717171717272727272727272727272727272727273727272727372
1120727272727272737373737373737373737373747474747474747475757575757575757575757575757575757575757474747474747474747474747474
1121747474747474747474747474747474747474747474747474747474747474747474747473737372727273737373737273737373737473737373737373
1122727373727273727272727272717272727272727272727171717171717171717171717171717171717171717171717172727272727273737373737373
1123737474747474747474747474737474747474747473737373737473737474747474747474747475757575757575757575757575757474747474747473
1200747474747474757575757574757575757575767676767676767676767676767676767676767777777777777777777777777878787878787878787878
1201787777777778787878787878787878787878797979797979798080808080808080808080808080808080808080808080818181818181818181818181
1202818181818181818181818181818080818181818282828282828282828283838383838382828282828181818181828282828282828282828282828282
1203838383838383838383838383838383828283838383838383838382828282828383838383838383838383838282828282828282828282828282828282
1204828282818180808079797979787878797979797979797979797979808080808181818181818181818181828282838383838383838383848484848484
1205838382828281818181818080808080808080808080808080808080797979798079798080797979797979797979797979797979797979797979797979
1206797979797979797979797878787878787777777777777777777777777777777777777777777777777777777777787878787878787878787979797979
1207808080808080808080808080808079808080808080808079797979807980798080808080809480808081818181818181808080808080807979797979
1208797978787878787878787878777878797979797979797980808080808080808080808080808181818181828282828282828282828282828282838282
1209818080797979797979798080808080818181818282828282838383838383838383838383838383838383838383848484848484848484848484848484
1210848484858585858585858585848484848584848383828281818181828281818182828383828282838382828181818181818181818081818181817978
1211777978777675757678787878777777777777767576757574747575757272737272737472727272727272697071717069697068686568706968686971
1212727071717070697070706970717070706970707171717071717068696969696969687068686767687069686868686867666666666566666665666464
1213646466687070706970707070707070707070707070707069696969697068686868686868696870686767676666676766676763605250495049484847
1214484849484944454444464345424545464646454549565761626461545353505045484944454645434344434242424342424143434243424242424243
1215434242434242424342424343454344444445444444434443444545454647484848495050515052525353525252525353535354545453525454535453
1216535455535453526552525251525253535253525052515252525352515151525051515051515150495051515151505051505150525252515150505049
1217505151495051515152515152535352525353535353535352535454555553535353535453535554545454545555535454535354535452535453545454
1218555353525453545454555354535456565555555555545454555655555556555657575758596060626262636263636465656566676666676767676767
1219686869707070707069707070707070717272717171717171717272727272727272727271727272727272727272727272727272727272727272727271
1220717271717171717272727372727373737373747474736773737373737373737374747474747474747474757475757575757575757575757576767676
1221767677777777777777777676767676777676767777777676757474747575767777777778787878787878787878787878787878787979797979797979
1222797979797878787979787878787878787878787778777777777777777777777777767676767676767676767675757675757676767676767676767777
1223767676767676767575757575757575757575757575757575757575767676767676767676767676767676767676777677777777787878787878787878
1300787877777777777777777777777777777777777777777777777777777777777777777778787978797878787979797980808080818181818181828282
1301828383838383838483838383828282828282818079797979797978787878787878787878787878787878797978787878787878787878787879797979
1302797979797979798080808079797980808080808080808080808080818181818182828282828282828281818181818181818181818282818181818282
1303828282828383838383838283838383838383848484848484848585858585858585858585858585858585858585858585858586868686868686868787
1304878787878787878787888888888888878888888888888888888888888888888888888888888888888888898989898989898989898989898989898989
1305898989898989898989898989898989898989898989898989898989898989909090909090909090909090909090909090909090909090909090909090
1306909090909090909090909090909090909090909090909090909090909090909090909090909090909090909090909090909090909089898989898989
1307898989898989898989898989898989898989898989898989898989898989898888888888888888888888888888888887878787878787878787878787
1308878787888888888888888888888888888888888888888888888889898989898989898989898989898989898989898989898989898989898989898989
1309898989898989898989898989898989898988888887878685858484848483838383838383838383828283838383838383838383838382828282828282
1310828282828181818080808079797979797978797878787878787878787878787877767675757474747474757575767676777878787778777778787878
1311777778787877787776757576767576767676767775767676757576767575747575757575767675757675767575767574747474747474757272727272
1312727071727273727171727271727170696967676768686869686868696967686868666668686867666767666667666766676667666667666767676666
1313666667676666676766666667666768666666666364636363636263626163636465636462616261616060605958585756555555545355555452525354
1314545353555352525251505150495153505050494951494847474748505051484847494646474546474647505049515148484949485248494848484748
1315474847474847474850464746484746454546454544464545464648484850515048474847474848484747484747464646464546454645454544454646
1316454445464747464744454746464646464543444544464746474645444846454445454545464746454645454845444544444545454543434446454444
1317454545454646464748474848474645464646464746454545474746454645464846454646464546484646464647474849504848484949494949495050
1318494950505252524950505050505153525352535354545554545454545655555555545555555555555454555656555655565555565656565756555556
1319565657575656565657585858575757585959595858585858585859585858595958596057575758586060596059606060595960606060616162626363
1320636263636262626363656665656566656665656565656767676968666768696868686768707169686970707170666669707271717070717170717071
1321717272727171717170696969707272717271717171717171717169707070707070706969696869706969697072747473737373727271727374747374
1322757676757575757475757676767677767676767676767677777676767677777776767677777777787878787878787878787878787878787878787878
1323787878777777777777777777767677797878787777777778787878777878797879797979797979797979797878777677777777777777787878787878
1400787979797979797979797878787879797979797979797879798080797979797878767778797979787878787979797979797878787979797979797979
1401787878787878777777777878787979787878777777787979746970676566666666666666676666666666666667666766676768686868686868696871
1402717171727271717273737373737475757576757576767576767676767675757677777776767777777777777676767574737373727373737272707071
1403717272737272737373747373747474757575767675767675757575757676767676777777787878797978777777787980807980808080807979787978
1404787776757676767676767676767676777775757474737373737474737272727272717170707070707069686969686867676766666666666565656666
1405666666666666666666666566666665666666666666666566666666676666666666666666666666666666666666666666666767676667676766676766
1406666666666666666667666666666666676767676667676767676767676767686868686868686868686868686868686868686868686868686869686969
1407696969696969696969696969706970706970707070707070707070707070707070707070707070717171717171717070707070707170707071707070
1408707071717171717272727272737373737373737373737373737373737373737373737373747474737374747474747473737373737373737373747475
1409757576767676777777777878787878787878797978797878787878787878797979787978787878797979787879797879787978787878787878787878
1410787878787878787878787878787878777777777878777777777777777778777777777777777777777777777777777777777777777777777777777777
1411777777777777777777777776767676767676767676767776767676767676757676767575757575767675757575757575757574747575747474737373
1412737373737373727271707170706968686868696868696969696868686868686868686868686868676768676768676768676768676868686768686868
1413676767686767676767676767666767676768676768686767686766656665656564656666666566666666666565666565646364646465646465656564
1414656564636463646464646363646464636464636262646463636461616262626262626262636463616161626162616262616161626263616161616261
1415626162616262626261616161616161616261616160616261606061616161616261616162626261606061616262606162626161616260606161616162
1416616262606160606061606059595961616261616161616162626161616160606161616061616262626061616261616263636362636362626262626363
1417636363636363636262626363626163616162616160616261616262616161616261616262626262636363646564636363626263636364646363636364
1418646565646465656565656566656565656565656465656565666665666666666666666666676767666666666767676666676766666666666666666666
1419676767666566666766666766676766666666666666666665656666666666666666666767676767676867676767676767676767686867676866676766
1420676666676566666666676766666565656565656566666666676768686768696868706868686868707170696969717169696971697071717171717373
1421747373747373737375747474747373737375767575757474757676767776767676767676767676767677777877777777777878787776767676767776
1422767676777775767677767677777778787878777777777676767677777777767676757676767676777776767878777777777879797877787878787878
1423797877777878787878797979797878777677777776767676767778787878787777777778787878797979797978787878787878798080808080808080
1500808080808181818181818181818181818181818181828282828281818181818181808080808080818181818182828382828281797979797979787878
1501777877777677767676767676767676767676767676767676767676767676757676767676767675767676767677777777777777777777777878787979
1502797980808080808080818181818182828282828282828383838383838383828282818182828181818181818181828181818181818182828282828282
1503828282828282818181818181818182828282838383838383838484848484848585858585858586868686868686868687878787878787878787878787
1504878787878787878888888888888888888888888888888888888888888888888888888888888888888888888888888888888989898989898989898989
1505898989898989898989898989898989898989898989898989898989898989898989898989898989898989898989898989898989898989898989898989
1506898989899089909090909090909090909090909090909090909090909090909090909090909090909090909090909090909090909090909090909090
1507909090909090909090909090909090909090909090909090909090909090909090909090909090909090909090909090909090909090909090909090
1508909090909090909090909090909090909090909089898989888887878790878787878787878787878888888888888888888888888888888889888889
1509898989888888888888888887878787878787868686868687878787878787878787888888888888888888888887878787878786868686858585848484
1510848484848484848585858484848585858585858584848484848585858585858584848484848382828282818079798080797979797979787878787676
1511777775757575767575767675747576767575757575757676767576757577787979808080808080808080808080807980808079798080797879797979
1512787878797878787878777778787877787878787878787878787878787777777776767676767574747373737346737473747474747373737069706766
1513656466636363636263636262626161636463646363636060616262636462606161616060606159606160606061595960606060606162626060616061
1514616163626162616163616061616263626161626259606161606260606062616161636360615960606161615859595959596161626060596060606059
1515606060606060596060596060606060595959605860596159606059606160606060606060616260595960606160606061616060606060596059606161
1516596061616061616059606160606261616161616161616060616161616262626261616162616162626261626262636363636262626162626262626139
1517636362626263636362626263626262626263626262626161616261626362616161616162626262636363636363646363646464646566656465656564
1518646464646565646565666665656566666665666666666666666666666666666667676767676868686969696969706969696970696969696968686968
1519686868676768686867686868676768686868686868686869686968686868696968696970707070707070707070717070696969697069696969696969
1520696969696970706970707070707171717171717171717171717171717171717171717171717172727271717171727272727272727272727373727272
1521727171717171717170707171717160717171717171717171717172717171727271727171717272727272727172727272727272727373727273737373
1522727373737373737373737373737373747474747474747575747474747474747474747474747474747474747474747474747473747474737373737373
1523737373737372737373737373737373737373737373737373737373737373737373737373737374747373747474737373737373737374747373737373
1600747474747474747474747474747575757575757575767576767676767777777777777777787878787979787878777776767676757576757576767676
1601767675767676767777777777777777777878787878787979797979798080808080808079797980808080808181818181818181828281818282818281
1602828282828282818182828282828282838383838383838383838383838383838382828181818181818181818181818181808081818081818181818080
1603797979797979798080808181808080807979797980808080808080807979808080808080808080807979807979797979797979797979797979797980
1604797979797979797979808080807980797979797979797979808079797979808080808080808080798080808080808081818180808080808080808080
1605818180808081818080808080797979797979797979797979808080808080808080807979797979798079808079797979797979797980808080798079
1606798080808080808181818181818181818181818181818181818180818181818181818181818181818180808080808080808080808079797979808080
1607808080808080808080808080808080808080797979797979797979797979797980808080808080808080808181818181818181818181818181828282
1608828282828282828282828282818182828282828282818180808080808080808080808080797979797979808079808080818181818181808079797980
1609808080797980808080808079797979797979808080808080808080807979797979797979808080808080808080808080798080797979797979797980
1610808079798080797979797878787978787878787878787778787878787877777777777777777776777676767677767676757575757676757575757675
1611757475757575767674747575757575747474747473737473737372737373737373737374747373737273737371717171727071717171706969696971
1612707171707070717071717171717172727172727171717270717171727170717069696969696969716970707070717171707071717070707070717069
1613697070706969697070706969696970706971727373737474747475757575747474757574757575757575747575757576747575767575757575767574
1614747574747575757574747473737574747374747374747474737373737474737474737372727274737372737371717171727172727271727171717272
1615727171727171707071717171717171727171717272727473727372727372737373727373737372727272727272727272727272727373737372727272
1616727372727272727272727271717172727272727271717171717272727272727272727171717172727171717070707170717171717172727272727272
1617727373737372737373737373737272737372727272727373737373737373737373737373737373737474747473747373737373737373737373747373
1618737373737373737373727272727272727373727271727271727272727272727272727271727171717171717172727272737373737373737373737373
1619737373737373737473737474747474747373737374747475757575757474747474747575757474747474747474747474757575757676767777777778
1620787878787878787777777777777778787878787878787777787878777878787878787878787877777778798080808080797979787980808080808080
1621818181818181818182828282828282828382828282828283828283838383838383828282828282828282838383838383838282838383838383838382
1622828283838383838383838383838383838383838383838383838383838383838483838383848484848484848484848483838383838282828282828282
1623828282828383838382828281808079797978787878787777787878777778787878787878787878787978797979798080808080808080808080808081
1700818181818181818180808080808081818181818181818181818282818181818181818181818181818181808080797979797979797979808080808080
1701808080808080808081818181818181828282828282828282828282828282828282828282818181818180808080808080808080797979797979797979
1702787878787878787878787878787878787878787879797979797978797979797979797979797979797979797979797979797979797979797979797979
1703808080808080808080808080808080808080808080808080808080808080808080808080808080808080808181818181818181818181818181818181
1704818181818181818181818181818181818181818181818181818181818181818182828282828282828282828282828282828282828283838383838383
1705838383838383838383838383838383838383838383838383838383838383838484848484848484848484848585858585858585858585868686868686
1706868686868686868686868685858585868686868686868686868686868686868686868686868686868685858585858585848484858585858585858585
1707858585858585858585858585858585858585868686868686868686868686868686868686868686868686868686878787878787878787878787878686
1708868686868686868686868686868686868686868686868687878787878787878787878787878787878787878787878787878787878787878787878786
1709868686868686868685858584848484848483838383838382828282828282828283838383838383838282828282828282828282828282828282828282
1710828281828282828282828282828282828282828282828282828181818181817881818181818181818181818181818181818181818181818181818181
1711818181818181818080808080808080808080808080808079798079797979797978797979787978787978797878787878797978787878777777777777
1712787777777777767777777677767676757575757474747475747374747474737373747473737273727373737373727272737271717271707071717069
1713707070717071707070716969696868696969686967676868686970696970686666666665656565656565646465636363636363636364656564646464
1714656566656564666565666567666665666566646566646465656566656564646565636363636261616264646162627063646562626463646662606060
1715606260606162626261616060606362625961616162636162626260616261616162616160616061606160606060595960595959595958585958585859
1716585858575758585956575658586060606060606061595959595960606060616162616362606161616263626363636364646363626263636363626262
1717636263636263646263636363636262626263626262626462626363646362626363636262626262626262626262626465646363626363646463636464
1718636262626364646565666565656464646666676868686868686868696970707171727273737474747474747575757677777676767677777878787979
1719796380808080808081818181818282828282828282828282828383838384848484848485858585858585858585858585858585858585868585868686
1720868686868686868686868687878787878787878787878787878787878787878787878787878787878888888888888888888888888888888888888888
1721888888888888888888888888888888888888888888888888888787878787878787878787878787878787878787878787878787878787878787878786
1722868686868686868686868686868686868686868686868686868686868686868686868686868686868686868686868686868585858585858585858484
1723848484848383838383838383838383848284848484848484848484848484848484848484848484848383838383838383838383838383848484848585
1800858484838384838382818079797979797979797979787878787878787979797979808080818181818181818181818181818282828282828282828383
1801838383838484848485848484848484848484848484858585858586868686868686868686868787878787878787878787878787878888878787878787
1802888888888888888888888888888888888888888888888888888888888888888888888888888888888888888888888888888989898989898888888889
1803898989898989898989898989898989898989898989898989898989898989899589898989898989898989898989898989898989898989898989898989
1804898989898989898989898989898989898989898989898989898989898989898989898989898989898989898989898989898989898989898989898989
1805898989898989898989898989898989898989898989898989898989898989898989898989898989898989898989898989898989898989898989898989
1806898989898989898989898989898989898989898989898989898989898989898989898989898989898989898989898989898989898989898989898989
1807898989898989898989898989898989898989898989898989898989898989898989898989898989898989899090909090909090909090909090909090
1808909090909090909090909090909090909090909090909090909090909090909090909090909090909090898989898989898989898989898989898989
1809898989898989898989898989898989898989898989898989898989898989898989898989898888888888888887878787878686868686868686868686
1810868686858585858585858484848484848383838383838383838383838282828282828282828282828282828282818080808080808080808080808080
1811818080797979798078787777777677767677767576767676757676757575747474737574737474737372727273727373747374747374747473727373
1812747372727271717271727171707071717270707071726970707070697070696969696968686766656565656565676665636364656564636364656565
1813656666686865666667666768666667676767676767686867676868686867656667666665656566666565656565636364636463636161616162636363
1814646564636262626261616160606060605859585859575960575954555555555555565556565755555656555454555453555453555557585657565755
1815555655565656565656555656555556565657575656565657575757565656565656555557575757575658595857575657575756565757575857565757
1816585755545557565554535454545354535252525353535352535249485152535151515152515252505050514949495050505151515052515252515252
1817525251505151515051515151525251515151515050525050515152505049515251505051515251505150504950484949484848474847475050494951
1818515555555455575656555554545656565656555759605959605860656565646565656668686969686869696969696970707070707172727272737474
1819747474757575757576767675767576767677777878787877767574757475767676757676767677777877777778777777777777777878787878787979
1820797979808080808080808080808080818181818182828282828282828282828282828180777573727272727272727373747676777777787878797979
1821797980808081808181818181818181818181818181828182828282828282828283838383838484848484848484858585858484848485848484848484
1822848484848484848484848484848383838282828182828181818181808080797979797878787877777575747372727171717070707070706969696969
1823696970707069696969696969696969707070707070717171717272727272727273737474747576767676777777787879797979808080808080808080
1900808080808080808080808080807979797979797878787777777777777778787979808080808081818181828282828383838383848484848484858585
1901858585858585858483828180797979797979797979797979808080808181818282828282828383838282828180797979797878787878787879797979
1902797980808080808181818182828282828282818181818181818182838383838383838382828281818181818181818181818181818181818181818181
1903818181818181818181818181828282828383838383848484848484848484848485858585858585858585858585858484848484848484848484848484
1904848484848585858585858584838282818080797979808181818182828282828283838383838383838484848483838383838383838384848484848485
1905858585858585858585858585858686868686868686858585858585858585848484848484848484848484848585858585858585858585848484848484
1906848485858585858585858585858585858585858585858585858585858585858585858585858585858585858585858585858686858585848484848484
1907848484848484848484848484848484848585858585858585868686868686868686878787878787878787888888888888888888888787878787878787
1908878787878887878787878787878686868686868686868686868686868686868686868686868686868686868686868686868686868686868686868585
1909858584848484848483838383838384848484848484848484848484848484848484848483838383838282828281818181818080808080808181818181
1910818181807878787778787777777776767676757575757676767777767675757575757574747474747474747473737373737473737373747473747273
1911727171717171707071707070696969696970697069696868696969697071707169686969697071707070686666656565656465656464646463636363
1912646463636363636262626263636362636463646262626363626261626261606060605959596059595656565555545555565455555555555656555655
1913555555565656565656575555565653545354545655575555545554545455565556555655555556555454545453545352525351515252525252525253
1914545252515251525451515252535151525352525251515151535252525253545355545354545354555555555454545453535353535454555455565554
1915555655545455555455545454545554545454555355555656555453545455555654545254555453535352535354525252525151515151505150505050
1916515352535252525252525354525253525354535454545553525354545453525454555353535453555657575858585959585959596061606060606161
1917616161616261626262616262626263636362626362636262626262626262626262626262636463636464646363646364646363636363636364636463
1918646464646464646565656565656565646464646464646565656465656566666565656666676766676867676968677070706969707171717273727273
1919747474747474747475757575747473727272727171717474747475757470666663615959595957585857575856565554545454545454545353535353
1920535353535353535353535353535353535353535454555554545454555555565655555656555555565656565656565756565757585858575858585858
1921595959875960626262636464656565666666676767676868696969707171717172727373737374747474747475747475757475747474747474737372
1922727170707069696868686767666666666665656464636363636262626262626262626262626262626262626261626262626262636364646464646464
1923646564646466696969696969686767687070707071717171717170707070717170717272727272727273737373737374747373737374747474737474
2000747475757575757575757575767576767675757575757676757576767675767676777777777777767676767675757575757575767676757676767676
2001767675757575767677777777777676757575877574757576767676767676767675757777767676767777777778787878787878797978787979797980
2002808080808081818181818181818181807979797878787878797979797979797979797979797979797979797979807979797979797978787979797980
2003808080807980808081818181818181818181818182828282828281818181818181818181818180808181818181818080807979808080808180808080
2004808181818282828282828282818181818181818181818181828282828282828282828282838383838383838383838383838383838383828282828282
2005828282818181818181818181808181818180818181828181818181818080808080878181818079797980808080808081818182828282828181818181
2006818181818181828282828282818181818282818282828282828282828283838383838383838383848484848483838382828282818181818080808080
2007808080818181818181818181818181818181807979787878777777787879797980808080808080808080808080808080797979797979797979798080
2008808080808080808080818181818181818181818181818081818181818181818182828282828282828282838383838382828282828282828282828283
2009828282828383838383838383838383838383838383838383838383838384848484848484858584848484848484848484848483838282828282828282
2010818181818079797979797979797978797979777776767575757676757575747474747475767575747373747474747475747373737372727372737373
2011727272717170707070717270707070706969696868697069696969686869686868686968686969696868676768676767666667676767676666656665
2012666667646566666564646565646464646565656464646465646362636362626162626160606061606263616061606060606161626161616161616160
2013606059605960616161605960606060585959595959595960605959595857585757575857575758595856565558565756565757575757565655555656
2014565656565656555656555456565656565656575556575656565757565857575858585858595858595858595757575758585758585858585858585959
2015606058595859595858595959595959586060595859595959595960606059595960595960606060595959606059596060595959595960605959596060
2016595961606058595958585959585960595959596059606060605959595960605959605960605959605959596059605959596059585959595960596059
2017595959596060595960606060605959595959606060605959595959595959606059606060606060606059606061606060606061606060606059596060
2018606060606161616161616161616161616262626161626162626262626262626161626262626263636363646464646565656565656565656565666667
2019666666666767676768686867686867686867666666666666666666666665656565656565656666666768686869696970697070717171717273727373
2020727273737474747475747574747373737373737373737373737372727271727172717271717171717172727172727271717172727373737373747474
2021737374737473737373737373737373737273737373737474747474747474747474747474737475767575757473737373737474747575747474757575
2022757575757475767676767677777777777777787879797979797980808080808080808080818181818182828282828282828282828282838383838383
2023838383838383838383838383838282828181818181818181818181818181818181818282828282828283838383838383838383838484848484848484
2100848484848484848484848484848484848484848484848484848484848383838383838383838383838383838282828383838383838383838382828282
2101828282828282828282828282828382828383838383838383838383838484848384848484848484848484848484848484848484848484858585858585
2102858484848585858585858585858584848383828282828181818181818181828282828282828282828283838383838383838383838383848484848484
2103848484848484848484848484848484848484848484848484848484848484848483838383838383838282828281818181818180808080797978787878
2104787777777776767676767675757576767676767676767676767676767676767676767676767676767676767777777777777777777677777777777777
2105777777777778787878787878787878787879787878787878787878787878797979797979797979797878787877777777777776767676767676767676
2106767676767676757575757575757575757575757575767576757576767676767676767676767676767676767676767676767676767676767676767676
2107767676767677767676767677777777767677777777777777777777777777777777777777777777777777777777777777777777777878787878787878
2108787878787878787878787878787878787878787878787878787878787878787878797979797979797979797979797979797979797979798079797979
2109797978787979797979797979797979797978787879797979797978787979787878787878787878787878787878787878787878787878787878787878
2110787878787878787878787878787877777877777878787777777777777878777777767676767676767676767675757475767575757575757575757575
2111757575757575757575757575747575757574747473737373737373737373737373727374737373727272727373727272737272737372727272737272
2112737373737271717171717070707171717071717070717272717070707070707070696970696868686969686868686869696968686868676767676767
2113676867676868676867676667666666666666656564656566666665656464656464666465646565656362636363636463636363646364636263636262
2114626262626162626362626162626364646463636362626463646362636263636363626362626363626363636363636362626162626262626363626363
2115616262626262616262626363636363626363636261626262636262626363626162626261626161616161616060616162616263626263626262616262
2116626162616162626261606161626261616161626161616262626162636262636262636262636363636363636363636363636363626362626262626262
2117626263626262626363636363626262626262626263636362626363636363646463636464636363646363636363636363636364636363646463646464
2118646464646464646465646464646564646464646565656565656565656565656565656565656565656565656565666665656540666666666666666666
2119666666666666676666666767676767676767676767676767676767676767676767676767676767676767676767676767676767676767676767676767
2120676767676767676767676767676767686868686867686767676767686868676867676767676767676767686767676867676767676767676767676767
2121676767676767686768686868686868686868686868686868686868686869696868696969696969696969696868686868686869696868686869696969
2122696969696970707070707070707070707070696969696969696969696969696969696969696969696969696969696969706969697070707070707070
2123707071707076707070707070707070707171717171717171717171717171717171717171717171717272717171717273737373737373737474747475
2200757575757474747575757576777777787878787877777878777777777877777777767677767676767575757474747474747474747575757675757675
2201767676767676777777777878787979797978797978787878787878787979797979797878787878787878777777777777777778787878787878787878
2202787878787979797979797978787879797979797980808080808181818182828282828181818181818181818181828282828282828282828282828282
2203828283838383838383838383838383838484848485848484848484848484848484848484848484848484848484848585858585858585858585858585
2204858585858585858585858585858585858585858686868585858585858585858584848484848484848484848383838484848484848484848484848585
2205858585858585858585858585858585858585858585858586868686868686868686868686868686868686868686868686868686868686868686868686
2206868686868686868686868685858586868686868585858585858585858585858585858585858585868686868686868686868585858484838383838382
2207828282828282828282828282828282828282818181808080808080808080808080808084807979808080808181818181818181818181818181818080
2208807979797979797979797979798080808080818181818182828282828282838383838383838383838383838383838383838383828283838383838383
2209838383838484848483838383838384848483838383838383838484838383838383828282828282818180807978798081818181807979797878797979
2210787776757575757474747474747374747473737373747473737373737373727273737474737371727272737373717171727171717272727171717171
2211717273747475757676767676767676767676767676777776767676767676767575757676757676757575757576767575757555757474757474747474
2212747373737374737272727171717171717271697069707070697070686667676464646464656565646363646461616160605757575757585856565657
2213565857575759575858585657575858585856575757575857585757575656565656575858575859575757585757585757585857575758575757575758
2214585857565756575857575656575756565656555757565554545455565655545556555655555657555556555555565657565657555454545456575655
2215535353545354555454555453535454545353535454535454525353555354525353535253535252525252535252525454525253545252525252535351
2216535352515252535252525252515152515352535252535354535252525253535352515251525253535353545352525254545455545556555454555555
2217565455565757605958545554545151515152535453535352535150505151525150505151515152515050515050505050495154525152525253545556
2218555253525151515354545452545353535655555859595959606161616160606161616263646464646464656565676767697070717272727272737373
2219737373737474757576767676767777777878787878797979797979797979787878787878797979797979797979797979797979797979797980808080
2220808080808080807979797978787979798080808080797979797979797979797979797979797979808080808080808080808080808080808080808079
2221797980808080808181818282828282828383838383838383828383838383838484848484848484848484858585858585858584848484848484848484
2222848484838383838383838383838382838382828282828282828282828383838383838383838383838383838383838383838383838383838383838383
2223838383838383838383838383838383838383838383848484848484848484848484848484848483838383838383828282828182818181818181818181
2300808079797979797979798080797979797979798080808080808080818181818181818181818180808080808079797878787878787878797979797979
2301797878787776767676777776777879797979797979808080808181818081818181818181828282828181828282828282828282828383838383828283
2302838383838383838383838383838383838383838384848484848484848484848382828180797979797979797878797979797979797978787877777777
2303777777787777777878787878787878777777777777777777777777777777777776767676767676767676767676777776777777777878787879797979
2304797980808080808181818181808080808080808080808080808080808080808181818181818282828282828282828282828282828282828282828282
2305818181818181818181818181818181818282828281818181828282828181818181818181818182828282828282828282828181828282828282828282
2306818180808080808080807979797979797979797979797979797979797979808080808080808181818181818282828282828282828283838383838382
2307838383838383848484848484848485858585858586868686868686868686868686868787878787878787878787878787888888888888888888888888
2308888888888888888888888888888888888888888888888888888888888888888888888888888888888888888888888888888889898989898989898989
2309898989898989898989898989898989898989898989898989898989898989898989898989898989898989898989898989898989888888878786868583
2310817978787878777676767674737373747273727272727372727372727272727171716970696970696968696868676868676867676768686767676867
2311666767666665656664646566666464646364636364646361606162626463626261626161595959605960605960596061606060595858595859596059
2312595859585859605858565958575858575756565756565555555555565756555355535454555353555455535455545252515353515151515252535251
2313505150515049505149515052505151505150515252525151515353525253525150515050505051494949494849504948495048514747474747474848
2314494748494949464746464547464444484848474846464646464647464546454547484646454646454547464545464746444646454445464544454546
2315474746464545454546464244444446444546454744444445454545444645454545454545454547464846454547474647474848494848474847474746
2316474646464647474646454646484647484849474645464747474849484848464747484848484849484849484948485049474848484848494849504850
2317494950504948484848514948474847474847474747474948484848494847474746474646484848494848495049494848474848484947474848494949
2318494949494949494949515051505050505051505050504950505050505051515151515152525252525252525352535353525353545353535454545454
2319545454545455555555555656565656565656565756565656575656575657575756565656565656565657575757575758585859585858595959595959
2320595959595959596059595960606060616162636464636464656565656565666768696969696969696969697070707070707171727373737474747473
2321737474737372727170696868676767676767676868686868686868686868686868686868686868696969696969696969696969696969697070707070
2322707070707070707070707070697070707070697069707070707070706969696969696969706969697070696970707069696970706969697069697069
2323696868686868686868686868686869696869696868696969696969696969696969696969696969696969696970707070707070707070707171717171
2400707171707170707070717171717171727272727272727272727272727373737373737373737373737475757575757575767576757676767676767677
2401767676767676767776767575757575757475757474737373737373737373737373737372727373737373737373737373737373737373737373737374
2402747474747474737373737373737374747474747474747474757474747473747474747474747474747575757474747373737373737273737373737373
2403737373737373737373737374737474737374747474747474757474747474747474747474747474747474747474747474747474747474747474747474
2404747474747475767575767676767676767675767676767676767675757575757575757575757576767676767575757676767676767676767676767676
2405767676767676767676767777777777777777777777768276767676767676767777777777777777767677767677777677777777777777777777777777
2406777777777777777777777777777777777777777777777777777777777778787878787878787878787878787878787878787878787878787878787878
2407787879797878787878787878787878787878787878787878787878787878787878787878787878787878787878787878787878787878797878787878
2408787878787879797979797979797979797979797980808080808080808080808080797979797979787878787877777777777777777677777777767777
2409777777777776767676767676767676767676767676767676767676757575757575757575748475747474747474737373737474737373737373737373
2410737373727373727372727272727172717171717171727272717170707070707070717070707070707070707070707070707070707070707070707170
2411707070717069707070707070707071707070707070706970707070696969696970706969696969686869696969686968696970696868696968686768
2412696968676868676868686867676866666666676667666767666667676666666766656566666566656565666565646463656565646464646465666563
2413646464646363646363626463626363636463636363626364636464646363636564636263626262626262616161616161616263623462626260616060
2414606061626262616162626160616161616161606060605959605959606059595858595958595958596060605958595858575757585858585857575758
2415585858595757575758585758575858575757565656565557575757555656565557575555545456555456565655545555555455555455545454555555
2416545555575656555554555556545556565656565655565554555554555654555556555556565556555455565758575756565756565657565756575756
2417575657565757575656575757565756565657575757565756575757565757585757565656575656565657575757575758585858595758575757575758
2418595959595959585959605959596059595859596059596060606161616161626162616363636364636363636364646464646464646464646464646464
2419646465666767676868696970707171717172727272727272737374747474757676767675767677777675757575757576767676757575757675737473
2420727171707069697070717170707070696970706970706969696969696869696969696969696969696969696969686968686867686767676767676767
2421676767686969707069707273737373747373737373727373737373727373737374757676767676767677777777777777777777777777777777777776
2422767777777776757474747373737475747474747475757474747473737374747473737473737372727272727271717171717171717171717271727272
2423727172727272727272717272727171727171717171717272727272727373737373737374747474747575757575757574757575757576757676767576
2500767675757576767677777778787879797979797980808080808080808080808080818181818181818282828181808080808080808081818181818181
2501818080807979798080797979798080808080808079797978787878787879797979787878787878787878787878797979797980808081818180808080
2502808081818181818181818181818282828282818282828282828383838383838383838383838383828282828282828282828282828282828383838383
2503838383838383838383838384848383838383838484848484848484848484848484848484848484848484848484848484848485858585848484848585
2504858585858585858585858585858585858585858585858585858585858686868686868686868686868686868686868686868686868686868686868686
2505868686868686868686868686868686868686868686868686868686868686868686868686868686868686868686868686868686868686868686868686
2506868686868787878787878787878787878787878686868686868686868686868686868686868686868687878787878787878787878787878787878787
2507878787878787878787878787878787878787878787878787878787878787878787878787888888888888888887888888888888888888888888888888
2508888888888888888888888888888888888888888888888888888888888888888888888888888888888888888888888888888888888888888888888888
2509888888888888888888888888888888888888888888888888888888888888888887878787878787878787878787878787878787878686868686868686
2510868686868686868686868686868686858585858585858484848484848484848484848484848483838382828282828282828282828282828282828282
2511818181818181828282818182828181818181818181828181818282818181808080808080808080808080808080808080808080808080808079798079
2512798080797980808079797979797980808080808080808080808080808080808080808080807979807979797979797979797979797979797979787878
2513777777777778797878787878787877777978787878787878787878777877777777777777767677767677757574757473737473737473727372717272
2514717171707172717172727271717071717071707069696869686870696968686970706869696868686868686868666666676767666666676566656665
2515656564656462636362636364636465646463646463636364646464646464646465646463626263626262626262626162636161626261626161636160
2516606060605959595961626161616061616061616061616060606060606161626160616061616160606060606161606060606061616061606061616162
2517626161606261606060596060606059606059606161616159606060606061616161616161616160606061636262616161626162616060616262626262
2518636262616262626364646565656565666565656666656465656666676766666666676768696867676768686868676767697171717171717171717272
2519727273737373737374747474747474747474757474757575757575757474747475757575767676777777777777777777787979807979797979797979
2520797979797979797979797979797979797979797979797979797979797979797980808080808080808181818180808080808080808080808080808080
2521808080808080808181818180808080808081818181818181818181818181818181818181818181818181818181818182828281818181818182828282
2522818181818181818181808080808080818181818181818181818181818181818181818182828282828282828282828282828181818181818181818181
2523818282828282828283838383838383838383838383838383838383838383838383838383838384848484848484848484848484848484848484848484
2600848484848484848484848484858585858585858585858585858585858585858585858585858585858585858585858585858585858585858585858585
2601858585858585858585858585868686868686868686868686868686868686868686868686868686868686868686868686868686868686868686868686
2602868686868686868686868686868686868585858586868686868686868686868585858586868686868686868686868686858585858585868686868686
2603868686868686868686828686868686868686868686868686868686868686868686868686868686868686868686868686868686868686868686868686
2604868686868585858585858585868686868686868686868686868686868686868686868686868585858585858585858686868686868686868686868686
2605868686868686868686858585858585858585858585858585858585858585858585858584848382828181818080808080808080808080808080818181
2606818181818181818282828282828282838383838383838383838484848484848484848484848484848484858585858585858585858585858584848484
2607848484848484848484848484838383838383838383838383878383838383848484848484848484848484848585858585858484848484848484848484
2608858585858585858585858585858585858585868686868686868686868686868686868686868686868686868686868686868686868685858585858585
2609858585858585858585858585858585858585858585858585858585858585858585858585858585858585858484848484848484848484848484848484
2610848484848484838383828282828282828181818181818080807979797979787878787878787877777676757574747474747474757474747474747474
2611747474747473737373737373737373747474737373737373727373737373727271727273737373747373737474757574737374737474747475747474
2612757574747475767574757473737473747373737372727373727273747373727272727271707172707070716970727271726970696969686968686868
2613696869686868686767676665666565656565666565656565666565656565656565646464646463656564646564666464646363646262626161626162
2614616060606061606060595959585860595959605959596060606060575757565859575959585859575757585855565757585960595959606161616162
2615616161606161606161616360595960585859575756575756575657575757575857585757575758585756565757575757585857575757585756565658
2616605757575757575857585757585857585958585858585858596058595958585858595858585757575758575858585758585858595858585959595958
2617585958585959595859606060606060616162616061616161616161616161616161616161616261606162616161616060616060606061606060616261
2618616161616161626262626262626263636362636263636363636363646363646464646464656665666665666667676867676767686769696868686969
2619696969696969696969696969696970727271717172737272747473737373737373737473747373737374747475757575757575747475767677757576
2620767675767473717070807070696868686868686867676868676867686868686868686868686868686868686868686868696869696969697070707171
2621717172727272727373737373737474747676767676777777777777777777777778787979787879797979797979797979798080808080808080808080
2622808081808080818181818181818282828282828282828282828383838383838383838383838384848484848484848484858585858585858585858585
2623858585858586868686858686868686868686868686868686868686868686868686868686868687878787878787878787878787878787878787878787
2700878787878787878787878787878787878787878787878787878787878686868686868686868686868686868686868686868686868686878787878787
2701878787878787878787878787878888888888888888888888888888888888888888888888888888888888888888888888888888888888888888888888
2702888888888888888888888888888888888888888888888888888888888888888888888888888888888888888888888888888888888888888888888888
2703888888888888888888888888888888888888888888888888888888888888888888888888888888888888888888888888888888888888888888888989
2704898989898989898989898989898988888888888888878787878787878787878787878787868686868686868686868686868687878787878787878787
2705878787878787878787878787878787878787878787878787888888888888888887878787878787878787878686868686868787878787878787878787
2706878787878787878787878787878788888888888888888888888888878787878787878788888888878787878787878787878787878787878786868686
2707868686868686868686868686868686868686868787878787878787878787878787878787878787878787878787878787878787878788888888888888
2708888888888888888888888888888888888888888888888888888888888888888888888888888888888888888888888888888888888888888888888888
2709888888888888888888888888888888888888888888888888888888888887878787878787868686868585858484848484848484848484848484838383
2710838383838383838383838382828282828282828282828282828383838383838283838382828282828282828282828181828181818181818181818180
2711808080808079797980808080808079797979807979787978787777787777777777767677767675757575757576767676767676767676767676767676
2712767676767676767575757575757575757575747575747474747474737373737473737474747474737473737272727271717171707171727272717170
2713717069686869686868687068686869686868676767676867676867666767676867666667676766676867676767676668676766676666666767666666
2714676666676767656666666768666667686868686868676867676767686868686968686868686868686766666766666666666565656566666666656566
2715666666666564656464656564646463636464656463636363636262636262626263646464646464646564656464646565646565656565656665656566
2716656465636364646465656464646363636363636463636463646363636464646464646464646463646463636463646463636263636464646363626262
2717626363636363626263636362636463616162606160626161616060606161616261626162616263626262626263636363626262616161616263626363
2718636465656666676767676666666868686868696970707071717172727272727272727373737474757576767676767777777878787878787879797979
2719808080808080808081818181808080818181818181818182828282828282828282828282828283838383838383838282828282828282828282828282
2720828282828181807979787877777777767676767677777778787878787979798080808181818282828283838383848484848485858585858585858585
2721868686868686868686868686868686868786868687878787878787878787878787878787878787878787878787878787878787878787878787878787
2722878787878787878787878787878787878787878787878787878787878888888888888888888888888888888888888888888888888888888888888888
2723888888888888888888888888888888888888888888888888888888888888888888888888888888888888888989898989898989898989898989898989
2800898989898989898989898989898989898989898989898989898989898989898989898989898989898989898989898989898989898989898989898990
2801899090909090909090909090909090909090909090908989898989898989898989898888888888888887878787878787878787868686868686868585
2802848484848484848484848485858484848484848484848484848484848484848585858585858585858585858686868686868686878787878787878787
2803878787878787878888888888888888888888888888888888888888888888888888888888888888888989898989898989898989898989898989898989
2804898989898989898989898989898989898989898989898989898989898989898989898989898989898989898989898989898989898989898989898989
2805898989898989898989898989898990909090909090909090909090909090909090909090909090909090909090909090909090909090909090909090
2806909090909090909090909090909090909090909090909090909090909090909090909090909090909090909090909090909090909090909090909090
2807909090909090909090909090909090909090909090909090909090909090909090909090909090909090909090909090909090909090909090909090
2808909090909090909090909090909090909089898989898989898989888888888888888888888888888888888888888888888888888888888888888888
2809888888888989888888888888878786868585858585858585858595858585858585858686868686868686868686868686868686868787878787878787
2810878787878787878787878686868685858585858585858585858586868686868686868686868686868585848484848383838384838383848483838384
2811848484848381818181818079797979808079787978797878797979777777787878787777757575757575757575757574747474747576757576777575
2812747473737474767574757474737373747374737472737373707071707071707069696969676869686868686767676666676867676867666666676767
2813676666676667686868686868686970706968697169707070707070717170707069696969686868686866676767676767676868686767686868676868
2814686766676666666565656665646565656565656666666766666666676565666765646465646464636362636464636363636363626261616161606161
2815616261616261616161615960606060606059606060606060606162626160616262626262626161616061616162626363626160606060606160616160
2816616261616160616161606060606060616161616061626262626261616162626363626162626262626060616061616162616262616162636363646362
2817626261626161616161616162616262626161606161606162626161616162626162626162636464646463636563636363646363626362626470656364
2818646262626262626262626263636362636464666666686768676666676768666666666668696968696969706968707070707172717373727374747576
2819767576767676777676767676767677777878797979797878787777777777777777787878787877777777777777777879797980797878797979797979
2820797979797980807980807980808080807979798080808079797979808080808080808181818181828282828282828282828282828282828282828282
2821828282828282828382828282828282828282828282838382828282828282828282828282828282828282828282828282828282828282828282828282
2822828282828282828282818188818282828282828282828282828181818182828282828282838383838383838383838384848383838383838282818182
2823828282828282828282828282828282828282828383838383838383838383838484848484848484848484848484848483838383828181808079797978
2900787878787778787777777878787878787979797979797979797978787878787878787777777777777777777777777777777777777776767777777676
2901767676757676767676767676767676767676767676767676767676767676767676767676767676767676767676767575767676767676767676767575
2902767676767676767676767676767676767676767676767676767777777777777777777777777676767676767777777777777777777777777777777777
2903777878787879797979797979808080808181818181818182828282828283838383838383838383838383838383838383838484848484848484848484
2904838484848483838383838383838282828281818181808080797979797979797979797979797979797979808080808080818181818181818181818282
2905828282828282828282828281818181808080808080808080808080808080808080808080808080808080807979797979797979797980808080808080
2906807979797980808080808080808181818181828282828282818181818181818182828282828282838383838383838484848484848484848484848484
2907848484848484858585858585858585858585868686868686868686868686868687878786868686868687878787878787878787878787878787878787
2908878787878787878787878787878787878787878787868686868685858585858584848484848484848484838383838383838383838383838484848484
2909848383828282828282828282828282828282828283838383838383838383838484848484848484848484848484848585848484848484848485858585
2910858484848384848484848383838383838383838383838382828281818181818181808080807979797979797979798080808080818180808080797979
2911797878787877777777777777777776767676767677777776767676767677767676767675757575757575757575757575757575767576757575757575
2912747474747474747474747474747474747474737474747474747474747575747474747474747474747474747474747475757575757575757575757575
2913757575757575757575757676767676757576767576767676767676767677777777777778787979798080808181818181828282828283838383838484
2914848484848484848484848484848485858585858585858584838383828383838383838484848484848484848485858484848484838282838383838383
2915838382828281818181818182818181808180807980797978787878787878787878787979797879797977787878787778787878787878787777777777
2916777676777676767675757676757474737474747373737373737373737270717171727171727272727172717171717171717172717171717070707070
2917707070707069696969696968696969686868676768686767686768686667676867676768676767676767686767676767676766666565656665656566
2918656465656665646465656464646464636363636364636464636364636363636262636362626262626262626262636363636464636464646465646565
2919656565666667666767676768696970707069696969696970707070696969696868686868686868686969696969696968696969696969696969696867
2920676667686867676868686867686868686969696969706970707071727374757676777778797980808080808081818181818181828282828282828282
2921818181818181818181808080808080797979797979797979797978787878787878777777777777777776767676767777777777777778787878787878
2922787878787878787878787878787878787879797979787878787878787878787878787877777777767777767677777777777676767676767676767676
2923767676767676767676767676767676767676767676767676767676767676767676767676767676767676767777777777777777777777777777777777
3000777777767777777777777777777777777777777777777777777777777777777777777777777777777777787878787878787878797979797979797979
3001797979797979797979808080808080808080808080808080808080808080808080808080808080808080808080808080808080808080808080808080
3002808080808080808081808080808080808080808080808080808080808080808080808180808080808080808080808080808080818181818181818181
3003818181828281818181818181818181828181818181818181818181818181818181818080808080808080808080808181818181828282828282828282
3004828282828282828282828282828282828282828383838383838383838383838383838383848484838484848484848484848585858585858585858584
3005848484848383838383838383838383838383838383838383838383838383838383838383838383838383838383838383838383838384848484848484
3006848484848484848585858484848484838383838382828282828383838383838384848484848484848484858585858585858585868686868686868686
3007868686868686868686868686868787878787878787878787878787878787878787878787878787878888888888888888888888888888888888888888
3008888888888888888888888888888888888888888888888888888888888888888888888888888888888888888888888888888888888888888888888888
3009888888888989898888898989898989898989898989898989898989898989898989898988888888888888888888888888888888888888888888888888
3010888887878787878787868686858585858484848383838383838383828282828282818181818080808080807979797978787777777676767676767575
3011757575767575747373737374757575747574737373737171716969686670707071717070686867676767676667676868666566676666666766656666
3012656463646565656665656465656666676666676666676767676767666768686767676666656363636463636465646363626160616260606061616160
3013606060585957585957575758575858585859585960585757585856565757595962626058595956555558595955545556575657565756555554555655
3014565657585858585756575857575556565758575757585757565757575757585757585756565554545354545455545454535353545353535253535353
3015535354535354535353535455545454545654545655555555545554555555555555555555555555545553533155535352535253525353525353535452
3016525252525252525252495049515150484849494848484848484848474847464747474847484746464648474748474747474748484848484748494747
3017474747484747474647474849484747484849505150494949494950505150494950505151515252525152515252525251525252535252525252525252
3018525152525151515151525151515152515151515152525251525252525152525252515251515151505051505051515251515151515150505050505151
3019515150515151515151515151505151515151525252515151515152525151515151515151515151515151525152525251515151515151505050507550
3020505050505050505050505050515151515050495050495049494949495049494949494950494949495049494949494949494950504949505050504950
