58265 2003   051213603204   65   24 6670   55    1--------------------------------------------------------------------------
3021595858595858575757565859576059595859605860625959596159595958595857585856585957585957585956565858585959626460575958585657
3022575856555657565555555554545555555557565658585656555556565656565554565454555854545354545454555657565758555555565455555354
3023555655565756575455555658575555545353555355555653545251525151535150525352494948495051474849495151535453555655565657565656
0100585858575656565756575556545556555453545253545150505052525151505050505050505152515051485049525249494848485152525556555556
0101545755545455555354555252525251525351535252555453545554535354565655565458565455555556555655575757555655565656565754545557
0102555454575355565557565655575555555655555756565654575656575655565455565556555656565753565656565756575857545554565452545353
0103535555535253545452525251525252535453535251515051525151515151515151535352535453545454545554545454555453545555545453545454
0104555658555455555655575554545454555655535555565554535253525253535455565656545556565655555755555556565555555656565756555656
0105565556565556555655555757575758585858585758585857585758585757575857585758585759585656585960605861595959585962596060596063
0106676666656566666871717272737373727271747475767777777576777575737372737577797576787475747577777879818282828381797980787777
0107777676767674767676767574737373747674747373747373737272727376777473727273737375757676767575737473737474747574747575757576
0108767677787978787878787878787878787877777777777676767676767777767676777778787878787877777878787878787878787878798080818181
0109818182828282828282828281818182828383838383848484838382828282828383838384848484848484838383838484848484858585858585858585
0110848584848484858585858585838280797777777674747473737271717070706969696969697070727373737574757676777777787980818282838384
0111848585858585858586868686868686864786868686868686868686868787878787878787878787878787878787878787888888888888888888888888
0112888888898989898989898989898989898989898989898989898989899090909090909090909090898989898989898989898989898989898989909090
0113909090909090909090909090909090909090909090909090909090909090909090909090909089878584838181808079797878787878787878787878
0114787979798080808080808080808081818282838383838384848485858686868787888888888887878787868685858585858585858584848484848484
0115848484848585858585858585858585858585858586868686878787878787873188888889898989898989898989909090909090909090909090908989
0116888787868686868686868787878686868687878787878788888888888888888888888888888788888888888888888889898989898990909090909090
0117909090909090909090909090909091919191919191919191919191919191919191919191919191919191919191919191919191919191919191919191
0118919090909090908989898989898989888888888887878786858585858484848484848484848484838484848484838383838382828282838282828281
0119818181818080818080808080818181807979797979797878787978787778787878797878787778787978787877783977767675757475757575747474
0120747573737372727273737273747271707171716969686767687071717070717170697069696970717070696869696867676866676667676768696665
0121666667646566646565646262626261606261616363626464636262636461626359616260616061606160596260605959625960596360595960616059
0122625957585858575757595958605859616059595958605859626162626363616261605961616262626261616163626261606161606159616261616160
0123606060596157595757606059555657586059585756575958585856565859585659585655585656555755555856565858545856555556565755565250
0200485449505150535454545453545555565655555655555658585858606160616062636264646561595657565657585857575759565757555656575655
0201545555555654555552535557585758585857575758575858585758575656555654565553565554535657555454565655545655555554545354535252
0202535252525350515051525250505250514950474850494947484849464649454645454747454847494848484949515148474948484848494846484951
0203515247484845454645474849484846464850484846464747474849484746474647474747464649494948474949484949464646464748464646444545
0204464546464747474747474847474748477048484747474846464747475048484949494848484848515049495148495151495251515150525150525051
0205515151515252525253525252525454545353535353525252535354545354545354545455545453535453545454545454545455545454545655545554
0206555556565756565555555454545455545555555555555657585859595960616263646465656565656565656565656565656565656666666666666666
0207666667676767676767676767686768686767676767676667676767676768686868686768696968686868686970707170727476757777787878787878
0208797978777776777777797978807979797878798181818181828383838282828281818181818282828282838383838382828282828282828282818080
0209808181828383848484848483838383828283828282828383838483838383838384848484848585858585858585868686868686868686858585858586
0210858382818081808081828281818181828181808079797979808081828283838484848485858585858686868787878788888888888887878787878787
0211878788888888878787878787878787878888888888888888888888888888898888888888888888888889898989898989898989898989898989898989
0212898989898989898989898989898989898989898989898989898990909090909090909090909090909090909090909090909090909090909090909090
0213909090909090909090909090909190909090909090909090909090909090909090909090909090909090909090909191919191919191919191919191
0214919191919191919191919191919191919191919191919191919191919191919191919191919191919191919191919191919191919191919191919191
0215919191919191919191919191919191919191919191919191919191919191919191919191919191919191919191919090908989898989898989898989
0216898989898989898989898989898989898989898989909090909090909090909090919191919191919191919191909090909090909090909090909090
0217909090898989898989898989898988888888888888888888888888888888888888888888888888878787878787878787878788888887878787878686
0218868685848484848483838383828181818181818080808081818080808080797979797979797979787777787878787878787878777878787877777676
0219767675757574737371717173727273727372737272737271717272727374717373727472727273737373727171727171727272727272727271717170
0220707171717071716971707070707170706868696969686867666667656667676666676564646565646564646564646364626163656364646464636464
0221626264636262636261626262626364636361605959585958596058585658585857565759585858585958585958575858585858595659595656575657
0222585857575757555555555655565553535353535554545453545453555454545252545453535454555455565554555555545454535354535253535253
0223535453545457535252505253555151504951535453535455545352515252535353504949515149495050525451515252525152505151495149495152
0300504949515050484949504948484946474647504947474849484747494848484949484950505050505149514850504950484950464748474751494746
0301464846454546494945474748484848444646464243434444474645475047454747454746464749494745444446444645464747464648434445434141
0302434141394039434344444643444245434141404142414241404140413940394039413939404078787878787879787979797978787878787878797878
0303424543414140414241424140414041394039403941393940404141403937383841394042403838383840404241373735374041393840393741423938
0304384039394041403939403939394040393940393939383838404041394041413839403938383940393838404138393939404240424240394241404141
0305414548495050505151535353535354545454545454545454545555545352525352525354545454545453535454545555555555555556565656565657
0306575757575657575757565657575757575757565757575857575857565757565655565656565657575858585958595960595960606060606060616161
0307616262626161626262626363636363636363636363636464646464646465656464646665656565646565656566666566666970697172717171727170
0308706968686767686767676767676767676767676667676666666666666666676767676767676767676767686868686868676767676767676767676767
0309676767676868686868686868686868686868686868686869696969696969696969697069707069697070707070707070707071707070707070717070
0310696969696968696969696970717171717271717171727171717171717172727272727272727272727273737373737373737373737373747373737374
0311737474737373737372727272717171717171717171717171727272727272727272727273737272727373737373737373737373737373737373737373
0312737373737373737373737473747373737372727272727272727272727272727272727171717171717070707070707070707070707070707070707070
0313707070707070707070707070707071717171717171717171717070707070707070707171717171717171717070717171717171717272727373737474
0314757576767777777778777879797980808079808080808080818181818181818181818181818080808079797979797979787879797979787878787777
0315787879808081818282838383828282828282828283828282828384868687878888888888898888888888888787878787888888888888888888888888
0316888787878787878787878787878787868686868686878787878787878787878686868686868686878686868686868686868686878686868686868585
0317858585858585858484848484848383838383838383838383838384848483838382828282838383838383838383838383838384848484848484848584
0318848484848484848484848584848484848484848441848484858484848484848484848584848485858585858484848484848384848484848484848483
0319848383838282828080808183838282838485848384848483838383838282818080808181818182828383838282818181818181818280808080818282
0320818080808079797980808080808080797979787878787878787777787878777778787979797978787878787879787878787878787878777776767776
0321757575757676757474747473737273727272727272717271717171727272727272717272717272727272727273727272737373737373737374737474
0322737373737372727373737473727373737372737273737373737373737373737373737277727271727272727272727273737474757676767676767676
0323767777777878797981828383838485858585858585858585858484848483838383828283838282828382828283838484848585858586868686868787
0400878787878788888888888888888888888887888788888888878686878787878787878787868686868686868686868686858585858585868586858585
0401858585848585858585858586868685858585858585858585858484858484848483838384848383838383848383838282828282828282838282818181
0402818180818080818180808181818181818181808081818080808079807980797980797980807979797979797979787979797882777878787777767575
0403767777767676767676767676757575767676767676767676767676757676767676767676767575767574747575757575757576767676767675747575
0404757575757575757576767676757576757575747575757574757575757675757575757575757575757675757575757574747475757575767576767575
0405747574737474737374757374747574747474747373737474747374747474737373737272737372737475757575757475747474757474757474747473
0406737474747474747474757576757676767576757474757574757575767675767676767676777676767676767676767677777777777777787878787878
0407797979797964798080808080808080808080808080808080808080808080808080808080808080818181818181808080818080808080808181818181
0408818180808081818181818181828282828282828282828282828282828282828282828282828282828282828283828383838383838383838383838383
0409838382828282828282828282828282828181818181818181818181818181818181818180808080818180818181818181808080808080808081818181
0410818181818181828282828282828281818181818181818181818181818181818181818282828383838384858586868687878787878787878787878787
0411888888888888888888888888888888878787878786868685858686858585858484848483838382828282828282828282828281818181808080808080
0412818181818181818182828281818282828282818181818182818282828282828383838383848484848484838383838282828282828282828383838383
0413838383838383838383838384848484848383838382828282828282828282828282828282828282828282828282828282828282838383838383838383
0414838383838383838383838383838383838384848484858585858585858585858585858585858585858585858686868686868686868686878686868685
0415858585848485858585858585858585858585858484848484848485858585858585858484848484848484848484848484848484848484848484848484
0416848485858585848484848484848585858586868686868686868686868686878686868685858584848485858585858686868686868686868687878787
0417878787878788888888888888888888888888888888888989898989898989898989898989898989898989898988888888888888888888888888888888
0418888888898989898989898989898989898990909090909090909090909090909090909090909090909090909090909090898988888786868585858585
0419858584848484848484848484848484848485858585858585858584858484848485858585848484848485858585858484848484848484848483838383
0420838383838383838383828282828282828282828383838383838383838383838383838383828382838283838382828283838382828282828282818181
0421818181818080818081808080808080808079787878787878777776767776777776767676767676767576757576757575757475747474747574737475
042274737374737272737272737373727272747373727372727171717169696969706970696870706969697070696665676767686866----------------
0423------------------------------------------------------------------------------------------------------------------------
0500------------------------------------------------------------------------------------------------------------------------
0501------------------------------------------------------------------------------------------------------------------------
0502------------------------------------------------------------------------------------------------------------------------
0503------------------------------------------------------------------------------------------------------------------------
0504------------------------------------------------------------------------------------------------------------------------
0505------------------------------------------------------------------------------------------------------------------------
0506------------------------------------------------------------------------------------------------------------------------
0507------------------------------------------------------------------------------------------------------------------------
0508------------------------------------------------------------------------------------------------------------------------
0509------------------------------------------------------------------------------------------------------------------------
0510------------------------------------------------------------------------------------------------------------------------
0511------------------------------------------------------------------------------------------------------------------------
0512------------------------------------------------------------------------------------------------------------------------
0513------------------------------------------------------------------------------------------------------------------------
0514------------------------------------------------------------------------------------------------------------------------
0515------------------------------------------------------------------------------------------------------------------------
0516------------------------------------------------------------------------------------------------------------------------
0517------------------------------------------------------------------------------------------------------------------------
0518------------------------------------------------------------------------------------------------------------------------
0519------------------------------------------------------------------------------------------------------------------------
0520------------------------------------------------------------------------------------------------------------------------
0521------------------------------------------------------------------------------------------------------------------------
0522------------------------------------------------------------------------------------------------------------------------
0523------------------------------------------------------------------------------------------------------------------------
0600------------------------------------------------------------------------------------------------------------------------
0601------------------------------------------------------------------------------------------------------------------------
0602------------------------------------------------------------------------------------------------------------------------
0603------------------------------------------------------------------------------------------------------------------------
0604------------------------------------------------------------------------------------------------------------------------
0605------------------------------------------------------------------------------------------------------------------------
0606------------------------------------------------------------------------------------------------------------------------
0607------------------------------------------------------------------------------------------------------------------------
0608------------------------------------------------------------------------------------------------------------------------
0609------------------------------------------------------------------------------------------------------------------------
0610------------------------------------------------------------------------------------------------------------------------
0611------------------------------------------------------------------------------------------------------------------------
0612------------------------------------------------------------------------------------------------------------------------
0613------------------------------------------------------------------------------------------------------------------------
0614------------------------------------------------------------------------------------------------------------------------
0615------------------------------------------------------------------------------------------------------------------------
0616------------------------------------------------------------------------------------------------------------------------
0617------------------------------------------------------------------------------------------------------------------------
0618------------------------------------------------------------------------------------------------------------------------
0619------------------------------------------------------------------------------------------------------------------------
0620------------------------------------------------------------------------------------------------------------------------
0621------------------------------------------------------------------------------------------------------------------------
0622------------------------------------------------------------------------------------------------------------------------
0623636361626361606161636161606063636263646363605960595960606060616060606057576058585960605758606058595860595858606059606260
0700616060625960606059605960596260595960595958595860575759565555585856575857565755545655525554545457585655575655545555565655
0701555457535352525151535253505149515356535251535250515453535253545254515451525252555352525252515151535151505049525153505151
0702524952525355535153535454525452545053525252515150515150504849504951494847454648464748474847484948495050505153535152545451
0703525352515251495050504950505051515050515152525251505251515250525151514950525051515351535351495150495252525252545352545556
0704555454555353525352525252545250515050515251515250515151525454535354545656575756565454565656575857585657575658575858596162
0705605858606058575859575862606161616060616061625961626161616365656362626161626263616160606060596160606161626161606162626262
0706626362616262636564636567666565646464646464636464646866686869687071716967676868666666656565656565656769666666666666676767
0707686868686869686969696969696969696969696969696969706970707071717172727272727272727172717271717171727272727272727272727171
0708717271727271727272727272727272727373737373747474747474747473737373737373737373737373737473737373737374747474747574747574
0709747575757575757575757575757575757575757576767676767676767576767676767676767676767676767575757676767676767676767676767776
0710777777777777777777787778787878787878787878787878787878777778787777777776767676777676777776777676767676767676767677777776
0711767777767776767676767676767777777676767676767676767676767676757575757575757575757575767575767677777777777676767676767675
0712757575757575747575757576767575767676767778787979808181808080808080807980797979797979797979797979797979797979808080808080
0713818181818181818182828382828383838382828282828281818181818181818181818181818181818181818181818181818181828281818180808080
0714808081818181818181818181818181818182828282828282838383838383838383838383838383848484848485858585868686868686868686868686
0715868687878787878686868686868686868686868686868687878787878787878888888888888888888888888888878787878787878888888888888888
0716888888888888888888888888888888888888888888888888888888888787868685858484848383838383828282828383838484848485858586868585
0717868686868686878787878787878787878888888888888888888888888888888888888888888889898989898989898989898989898989898989898989
0718888888888888888888878787878787868685858585858584838383838282828282828282828282828282818281818281818081808080808078787879
0719797979797878777777777675747474747475747474737373727373737374747474757474747272727374747372737374737473727273727271717373
0720727474737374757473747272737474747373737373737373747473727372727372717372727373727272727373727271717171707271727171717272
0721727072727370717071717072707070696971697070696969676868666868676768696768686667676967686766686767666766686869676766666665
0722656668656669686768706868676969706970686868696969696969696970696868676969686969697069707068697071706968686767666667686869
0723656566676566656565656564656565646364636464656464636362646564646364636466666564646465666664646362646462636362626263636363
0800636562636262606060606160606161606061615960596058616059606061606161606060615960585957585758595655575759565657555556555454
0801555655545554545455555553535554545555555554555658525254535154535453535554535456545555565555545453545553555454545656565756
0802755556575655575656565455545654555456565657575756575658565656565657585656545758595757565857565656585759595959595758596059
0803606060626262616162616060626263606059616061606060616261616261606161616161616162636161616160616262626263636363636362626263
0804636362636362626262626363626362626162636362626161626163616261626261626161616362616162626262636363646463636363636364646464
0805646465656464636363646463636363636363636363636463646363636363636263626262636362626362636464636364646464656465646566656566
0806656565656666666666666667676767726666666667676767676767676767676867686767676868686868686868686868686869686869696968696969
0807686969696969696969696970717070717071707070707070707171717171717171696869696867666666676768686768686869686868696970707171
0808717170706969696969697070696968686868686869696868686868686868696970696969696970696969696970706969696969696969697070707070
0809707070717172727272727272727273737373747474747474747574747574747474757575757575757575767676767777777777777777777778787878
0810787878787878787878787878787878787878787878787878787878797979678081818181818182828282828181818181818181818181818181818181
0811818282828383838484848484858585858585868686868686858585858585858484848484848484848484848484838383838383838383838384838383
0812838383838383848484848484848484848585858585858585858585868686868787878786868686868686868686868686868686868686868686868687
0813878787878787878888888888888787868686868686868686868686878787878787878787878787878787878787878787878787878788888888888888
0814888889898989898989898989898990909090908989898989898888898989898989898989898989898989898989469090909090909090909090909090
0815909090909090909090909090909090909091919090919191919191919191919191919191919191919191919191919191919191919191919191919191
0816919191919191919191919191919191919191919191919191919191919191919191919191919191919191919191919191919191919191919191919191
0817919191919191919191919191919191919191919191919191919191919191919191919191919191919191919191919191919191919191919191919192
0818929292929292929291919191919191919191919191919191919191919191919191919090909090909090908989898888878787868685858584848484
0819848484848484848484848484848383838383848484838383838282828282828182828181818181818181818181818180808079798080808080808181
0820808079797979808080797980807979807979808179787979797979797979797877777777787676757676767674747573737475737373737273737473
0821737272737271737272707071707070707069686868696967676768676968676868676667696867686965676865646565686766666766666766666667
0822676664646565626363646362616261626260606262626160595959605957565855575857565655575657605758576059565760605959595960585859
0823585857565756565957585656565756555755555352525553505151505151535050495151505250525352515449504951484848474947464749474746
0900464747494949504951474749514846474647484847484748484446444445474847475048504950504949474747444543434142424343424345434644
0901454242444444454344444444434242424343434344464544444642444444464343454643454542424342434243444544454645444544444645474545
0902444343454545454545444242414242444443414443444646444642444443414142434345464447464646484848484847454446484546464844474949
0903484748495048484849494748484949454747464747474647474849494948484850484947484947484949474748484949504950505151515150494949
0904504950505050495150504947485051505151504950504949515151515050494951494948494848484748474749474849494948495049494847484848
0905494848484948494949485050504949494949484947484648484948484848494848474848474848484849484848494848484949494949504949504949
0906504949505050505050505050504951505151525151525152535252525252525354535453535353545354535353535353535353535353535354535455
0907585961616265656666676767686969697170727272737272727274737575757577787878787879797979807976767675767575767574737373727372
0908727272717172757273747574757677787878777777777675767575767576767676767677787878787878777777777777777777777777777777777676
0909767677777777777878797978787877777676757575757574747475767676757574737372727171717273737373747474757474727271707070707070
0910706969706969696969696868696969696969707070707070707070707069707070707170707070707071717172727272727171717171727273747576
0911767777777777777777777778787878787878787878787878787878787879797979808181818282838383848484848484848585858585858585858585
0912858585858586868686868685868686868686868787878787878686868685858585848484848484848484848484848484848484848484848281797877
0913777675767777787878798081818282828282838484858585858585858585868686868787878787878787878787878786868787878787878787878787
0914878787878787878686868686868787878787868686868686878787868686868686868687878787878787878787878787878788888888888888888989
0915898989898989898989898989898989898989898989898989898989898989898989898989898989898989898989898989898988888888878686858584
0916848484848383848383848484848585868787878888888888888888888889898989898989898989898989898989898989898989898989898988888888
0917888888898989898988888888888888898989898989909090909090909090909090909090909090909090909090909090909090909090909090909090
0918909090909090909090908989898988888787878686858585848483838281818181818181808080808080797980808079797979797979797979797979
0919787979797980797980798080808080797978787978777878777878777778777777767676767776767676767575747576747371717272706968686869
0920696869686768676867666867676768676767666667686666666667676666666566666766656666676866656566666565656566666765656565656564
0921646465656666666565646565646565656464646363636263636361626262626161626261616061616161616162616260616060626162586062635958
0922595958595959595960595958585957586058585858575958565657565556595958595756555556585758586058585757585557555556585658585656
0923575754545455535353535355515251535353545252555354515151515252525051515151525451515050495050504949484950504949484850484948
1000505049495049505050525047485049494949485049505150524948495048474950495049495051515150505049504949514950484949505149514951
1001495048494948474949464647494848464948474849454546464847454644464643434344464443454443434241424341414241414242414245434140
1002414141403941404039404042434141424343414139414242414541414143424143434346434544474647474745464346464544444444464544464544
1003454645454646464545444345444646444645474645444645454446474644454443444444434545464645434344464242434446454444444343454545
1004454564474546474747474747474747484949474645474746474747484848484848474846474748474848484949484850494950494950494951494949
1005494949505051494949494851504950505050515151505050505051515151515150525151515151515151515150505050504950505150505050505051
1006505049505151515051515151525252525252525252535353545454545454555555555555555555555657565757575657565656565657565656565656
1007555555555454545454575960606061616162626263656564656466656664636260596061606161606062636264646363636363636464656565656564
1008666565666566666970707172707070727267737273757474737375757474767677767574747475757575757575757474747577787979797876747271
1009696968686867676666666667676768676767676768686970707171717373727373727474757676777675747373737474757676767574737374757676
1010777776767675747475757678787878777777787878787777767574747474747575757574747473747373737375757676757574767676757676767676
1011757375757474747170707170696971727171717273757476777676767677787877777878787979808080808080808181818181818181818282828282
1012828181818181808181818180808080808080808181818182818182828282838341848483838383838383838383838383838382828182828181818182
1013828282828282828282828283838383828282828283838383838383838383838383838383838484848484848483838383838384848484858585858585
1014858585858686868686868585858585868686868686868686868585858585858586868686868686868686868786868686858585858585858586868686
1015878786868686868686868686868686868686868687878787878787878787878787878787878787878787878787878787878787878888888888888888
1016888888888888888888888888888888888888888887878787878787878787878787878787888888888888888888888831888888888888888787878787
1017878787878786868686868686868686878787878787878787878787878787878787878787878787888888888888888888888888888888878787878786
1018868585848483838383848485858585858483838382828282828283838383828180808282838282808181817978777777777676767777767675747574
1019747373737474747373737373747272737373737272737372717272727172727272727273727272707171706969707071707071717169706969686869
1020696869686968696868676768686970686766676767676667666766676566666665656464636263636262626263616161626161626161616061626260
1021606145606360585961585758585958596059605960585959606159605960615958595959575959565759575756575657575857575757595758565757
1022585858565758565656575756575656535557565456585754565555555554545454545656545453545353535452545554545454535455575454555355
1023535555565254545451515251525051494953515253545454535353555152505152525151524952534849515152504949505150515151525147494847
1100464750484748474647464645454646464546444545454744454442414242414242414441404241404241424243444442424345454443434343464646
1101444345434244444444434543464343444244454644444446464546464243434444434444444745434545444441424343444443444545444445454544
1102434443444643444545454747454646454647474646464546464646464648464544464545444545434545444544444544444747444344444546454545
1103474546454544454444464342444444444444454544454646454546464646464545464647454645474848494747464748484848464847464646474846
1104474847464647474748484947464647464645474747464747464746474747474647474746474746464646464646464746454646474646474646464646
1105474646454746464647484747474747484949474746464746484747474647474747464647474848484848474647474747464950495050524950515351
1106515150505150525051555358575859606157575757585958555556565657585858575757585858585959595960606161616262626262626161616160
1107606060606060616160616161616162626262626262636363636363636363636464646464646564656565656565656565656566666665656565656565
1108656666666666666665656565656565646565646464646464646464646464646465656566666767676767676767676767676767676767676767686868
1109696969696970707070707070707070717171717171727272727272727171717171717171717171717171727271717171717171717171707070707171
1110717070707070707170707070707070707070707070707070707069696969696969696969696970707070707071717272727272727372737474747575
1111757473757575757575757575757575767575747474747575757576757575757575757575757676767777777878798080808080807979797877767676
1112767676767778797978787879797980808181818182828181807979797878787878777777777777767575757474747474767677797878787979787878
1113787878787979797877777776767675757575757575757675757576757676767676777878787979808181818079787777777776767676767676767676
1114767676777776767676777777777676757574757575757575767676767676767676767676767676767676767676767676767676767676757575757575
1115757575757575757575747474747575757474757576777676777678797979797979798081808181818181807979797878787777787877787878777777
1116777676767675757575757675757575747475767677787778787879797878777777777676767676767676767676767777777878787879797979808080
1117808081818181818182828282828283838383838383838383838383838484848484848484848383838383838383838383838383838383838383838383
1118838383838383838383838383838383838383838383848484848484848484848484848484848585858585858585858585858585858585858585858585
1119848484848484848484848484848484848484858584848484848484848484848484848484848484848484848485858485858585858585848484848484
1120848484848484848483838383838383838382838382838383838384848484848484848484848484848484848484848484848484848484848484848484
1121848484848485848484848484848484838484848383838282828282838383838383838384838383828282828282828282828282828281808080798080
1122808080808080808080808079808080797979797979797978787878797978797978797979798079787777777877777676767575767677767675767675
1123747474747475757574747575757575757575767674747474747474757677777878787879797979797878777877777777777777777777777877777777
1200767777777777777777777777787878787979797978787878787878787879797978797979797979797879797878787878787878787777767675767677
1201757475737373747373737373727271707069697071717171727272717071717172727068676866656464656364646666666465656565646566656666
1202666463636564646465656564646364636364636363636364646363656464656665656666666666676867676667676768676768676767676667676766
1203666766666667666766676666676767686767676767676767676767676767676767676767676767676767686867676767676768676767676767676766
1204676766676866666667666666666666666666676767676767686767676767676768676767676868686868686868686868686868686868686868676869
1205696869697070696969686970697171727272717070686968676565656464646465656565656666666667676767676869686969696969696968686868
1206686868686868686969696969696969696970707070707070707070707070696969696969696969696969696969707070707070707070717171717171
1207717171717171727272727272727272727272727272737373737373737272727272727373737373737373737272727273727372737373737373727272
1208727272727373737373737373737373737373737473747474747474747474747474747474747475757575757575757676767676767676767676777776
1209767676767676767676767676767676777777777777777777777777777777777777777777777777777777777777777777777777787878787878787878
1210787878787878787878787777777777777777774877777777777776767776767676767777777777777777777777777777777777787878787878797979
1211797979797979797979797979798080808080808080798080808080808080808080808080808080808080808080808080808181818181818181818181
1212818181818181818181818181818181818181818181818181818181818181818181818181818181818181818181818181818181818181818181818181
1213828182828282828282828282818182828282818282828282828181818181818181818181818181818181818181818181818181818181818282828282
1214828282828282828282828282828282828282828282828282828282838383838383833783838484848484848484848484848485858585858585858585
1215858686868686868686878787878787878788888888888888888888888888888889898989898989898989898989898989898989898989898989898989
1216898990898989898989898989898989898888888888888888888888888989898989898989898989898989899090909090909090909090919191919191
1217919191919191919191919292929292929292929292929292929292929292929292929292929292929292929292929292929292929292929292929292
1218929292929292929292929292929292929292929292929292929393939393939393939393939393939393939393939393933993939393939393939393
1219939393939393939393939393939393939393939393939393939393939393939393939393939393939393939393939393939393939393939393939393
1220939393939393939393939393939393939392929292929292929292929291919191909090898989898989898989898989898888888888888888888888
1221888887878787868686868686868686868686868786868585858586868686868686868687878787878787878686868685858585858585858484838383
1222838382828484838484848484848484848585858686868583838382828281818181818182808181818081808081818080807980808079797979798080
1223798080794279808080808080808081817979797877797778767677777676767775767775757475757876757575767676767576757676747575757675
1300757676767575757676757676767675757676757577767776767777787777787778787878797879797980808080818182828282838383838383838383
1301838384848484848484848585858686878787878788888788878888888888888888888888888888888888888787878787878888888888888888888888
1302888888888889888888888888888888888888888888888888888888888888888888888889898989898989898989898989898989898989898989899090
1303909090909090909090909090909090909091919191919191919191919191919191919190909090909089898989898989898989898989898989898989
1304898989898989898989898989898989898989898989898989898988888888888888888888888888888888888888888888878787878787878787878787
1305878786878787878787878787878787878787878787878787878787878686868686868686868686868787878787878787878788878787878788888888
1306888888888888888888888888888888888888888888888787878888888888898989898989898989909090909090909090909090909090909090909090
1307909090909090909090909090909191919090909090909090898989898989898989898989898989898989898888888888888888888888888888888989
1308898989898989898989898990909090909090909090909090919191919191919191919191919191919191919191919191919292929292929292929292
1309929292929292929292929292929292929292929292929292929292929292929292929292929292929292929292929292929292929292929292929292
1310929292929292929292929292929292929292929292929292929292929292929292929292929292929292929292929292929292929292929292929292
1311929292929292929292929292929191919191919191919191919190909090909090909090909191919191919191919191919191919191919191919191
1312919191919184919191919191919191919191919191919191919191919191919191919191919191919191919191919192929292929292929292919191
1313919191919191919191919191919191919191919292929292929292929292929292929292929292929292929292929292929292929292929292929292
1314929292929292929292929292929292929292929292929292929292929292929293939393939393939393939393939393939393939393939392929292
1315929292929292929292929292929292929292929292939393939393939393939393939393939393939393939393939393939393939393939393939393
1316939393939393939393939393939393939393939383939393939393939393939393939393939393939393939393939393939393939393939393939393
1317939393939393939393929292929292929292929292929292929292929292929292929292929292929292929292929292929292929292929292929292
1318929292929292929292929292929292929292929292919191919191919191919191909090909090909090909090909090909090909090909090909090
1319909090909090909090909090898989898989898989898989898989898989898989888888888888878787878786868787868686858585858585848384
1320848483838383838383838383838484838383828281818181818180808081818080808094808080807979797979797978787775757573737474747271
1321717170717172737170727172707070697068707171716970696970706970707171706970717069696969686869696969696868686768686870686868
1322686968686867687068687070696870696967676867676866676665666466656464636262616365636160606160616464646565656565656464646464
1323626062616160606262616163646162636163616261636260626366616061596162625960605962626059636362606061646261626265615962606160
1400616060606259595958596159606059595860596060626496969696969696969696969696969695959595959595959595959595959595959595959595
1401626460616162616162626060606060596059595959595959585959595695585756565757565656565857575859586059596161595958595957595758
1402575656585656575959585657575657595758595856585958575758575555565655555655555656545455595454575557545653545754555153545353
1403545354555655555656555554555355555456565554545353535353575655545655575655565656575858575758585958585857585857585758585859
1404596060606062616161616161616162636260606161606261616161616161616262626362626263636463636364636362626363636262616262636262
1405626262626262636263626261626262626263626262626261616162626263636364646464636363646464646464656565656665656565646564656465
1406656565646565646565656565656666656565656666666666666666656565656565656666656566666666666666676767676767676868686969686869
1407696969696969696969707071707170717171707171717171717171727273737373727272727273727273737374747474737373737372737272737373
1408737372727272727272727171717271727272727272727272727272727272727272727272727272727273727373737373737373737373737272727272
1409727272727272727273737273737273737373737373737372727373737373737373737374747374747474747474747474747474747474747574747474
1410757575757575757575757575767676767676767676767676767676767676767676767676767676777677777777777777777777777878787878787878
1411787879787979797978787878787878787777777777777777777777777777777777777777777777777777777777787878787878787878787878787878
1412787878787878787878787878787878787878787878787878787878787878787878787878787878787877777778787878787878787878787878787878
1413797979808080818181818181818282828383838484848483838383838383838383838383838383828282828282828282838383838383838383838383
1414838383838384848484848585858585858585868686868686868686868687878787878787878787868685858584848484858585858585858585848484
1415848485848382818181818180808080797877777777767676767676767676757576757676767777777676767676777777787878787879797979808081
1416818181828282828383828282828282838383838383838383848484848484848484848484838383838383838484848483838484848484848484848585
1417858484848484848484848484848484848383838384838383828282828282828282828282828282828281818079797979787878797978787777777777
1418767676777777767676767676767676757575757474747373737272727373737373737372737272727271707070707070707070707070696869696969
1419696969696867676767676767676868686868686869696969686969696969697069696969707171717171717272727273737475767676767677787980
1420818183848586868787878888888989898989898989898989898989898888888888878787878787878787878787878786878686868687878787878787
1421878887878787878686868687878785828080808080808180818181818180808080808081818080808080808079787879787979797877787878797878
1422787878787777787878787878787878787778777777777777777877777877777877777777777778787879797979797979787979797978787979797979
1423807979808080808181818181818282828282818282818282828282828282838383838383838383838483838383838382838382828283838383828282
1500828282828281818182828180808081818181818080808080807980798080808080787878787777777878797878787878777778767676767777777677
1501777776767676767576767675767777777776757676767576767473747473727373737373737271717171727171707070707071717170706969686868
1502676767666767666766666665666666666666646765656664646465656565656363626263636364616262636262626163646261616061616061605959
1503595959595960606058585859595857575859565657575757585959585757595857585857585858585858595859596159585857585859596060595959
1504606059605960605959606161606161606059596060606162616161616263626262636261616161616162616262626262626162626262636363646363
1505636363636262626262616262646262636262636362636263636463616262636262626362626262626363636363646463646465656565656666676767
1506686869696968696969686869686969706970727171717070707070707171717172717272727372727373737373737373737373737373737373737373
1507737373737374747475757575757576767676767676777777777778787777787776777777777777777777777777777777777777767676767777777777
1508787877787877777778787878787879797980797979798080808181818181818181828281818181818181828282828382838484848484848484848585
1509858686868787878787888888888888888989898989898989898989898888888888878786868584858584848485858484838484858585858585858585
1510858483838281808079797980797978787879797978787878787979797878797979797979808080808081818181818282828282828282828282828282
1511838383838383838484848484838282828282828282828283838384848484848585868687878787888887878787878787878786858585848484848484
1512848383848484848484848484848383838383838383838383838383828383838383838383838383838383838383838383828382828282828282828383
1513828383838383838382838282828282828283838383838382828282828282828282828182828282828282828282828182828282828282828282828282
1514828282828282838283838383828383838383848383838383838383838383838383838383838383838383848484845684838383838483838383838483
1515848484848484848484848484848484848484848484848484848585858484848585858586868686868686868686868686868686868686868686868585
1516858585858586858585858585858586868686868686868686868686868787878788888888888888888888878787878787878888888888888888888888
1517888888888888888887878787878787878787878788888888888989898989898989898989898989898989898989898989898888888888888889888888
1518888989898989898988888888888888878787878686868787868686868686868686868686868686868686868585858585848584848485858484848484
1519845184848484838484848484848484848485848585858585858484848484848484848484848383838383828283828181818182828282818180808080
1520808080797979808079807980818080808080808080808080808080808080808081818181808080808081807979797980807979797980787980797979
1521807979787879798078787978797979787878777877777677767576757474747474747475757676757575767575757675757676757675757575757574
1522737374747474737474747373737374747372727273737372707172717170717071707271717070707170707071696970706969707171707171717072
1523727070696868686969696968686768676669696867706868686767676766666767686868686969676868656667656768666666686767666867676565
1600676667666566666463646663646463656464636465626364636264636462646263626362626364636561596057575759595958595958575856575960
1601575656575556575758595961615857575557565656595758575855565455565658605958605956545554545455545353545353545351535456525455
1602545453555456555554535355545454525356555454565457545352535353535553525353525353545654565151545351545352525149495052505250
1603495351535353535253515250535250505251535352525251505150515150517351525249504949525251484748505250494949495151515250535252
1604545452525453545253545555545351525554545354555555535353525556555454545656565657565757585655575758585857565656575757565657
1605565757575857585857565557605756555557595957575656565758575857575756565657575756575858575757585857575657585757565658565757
1606575757595757575857565759606060616060606160616060616061616263636262636263626263646464646464646363646464646465656565656564
1607656465646565646564656665656666666565656565646465656565656666656565656565666565656666656566657665656665656565646564666665
1608646465656565666666666565656666676668676666666767676666686667676767666667676869697069696969706969687071696970686767686767
1609677069707173727374757475777778767576747475747472717070707070707070707171717171717171717171717171717170707171717171717171
1610717171727272727271717171727272717271727272717171717172717171717171717171727272717272727272727272727272727372727272737373
1611737373737373737374747474747574747475747474757576747475757575757575757574757675747473737372737372727373747574747372747575
1612757575767577777777767879787777787980798080818281818283838281818281808080807877787777787978797879797879797879808081818282
1613838483838383838384848483838383838383848484848484838282828282828282828281808080807979797977777776777778787777777777787777
1614777778777880808081818180808079797978798080808081818181818181818181818180807979797978787878787878787878797978787879797979
1615797979797979797979797979797979797979798080808080808080808080808080808080808080808080808080808080808081818181818181818181
1616818181818281818180808080808080808080808080808181818282828282828282828282828282828383838383838383848484848483838484848484
1617848383838383828283838383838383838383828283828282828383838383838383848484848484838384848484848484848485858585858484848485
1618848484838483838383838484858585858585858586868686868585858585858585858585858485848484848585858484848484848384848484858585
1619858585848383828281818283828181807979797878787878777777777676767676767676767676757676767676767677777677777876767677777777
1620777778787878787878777777787876787676767675767675747575767474737373757574747373737373737373737374747373747374757474737475
1621757574737474747473737272737273737373737373737272727272737273747373727273737272727172727272727372727372717171717171717171
1622717170727272707170717071717070707271707070717170706969697071707171696969696969707273737374757474747374757574757475747374
1623737272737373747372727271717270717070707071707172727171717170707172717170696970707173727170697070707070696969686971707069
1700686868696970696869696868696868686868706968676867676767696868676769696967666668686868686969696969696868676866676767686566
1701666564646464646465656565656665656565656566676666656765656464646564636363646364646362626362626363626364646364646364636666
1702656667656465656667676565646565666565656565666865646464656564646364646464626464646463656564636363616263636464646463636464
1703646463636464646666656364626363636363636362636364636363636464656464646364656463636465646465666665656565666666676767676566
1704666566666665656565656565666666666667676768676767676767686868686868696869686868686869696968696969696970696970696969696969
1705696969696969697070707070717172717171717172727372727272727271717171717071717171717171717171727272727272727272737373737373
1706737374747474747374747474747474747474747475747575747475757575757575757575757575757575757575757575757575767575757576767676
1707767676767676767676767677777777777777777777777777777777777777777778787878787878787878787878787878787878787878787878787878
1708787878787878787979797979797979797979797979797979797979797979797979797979797979797979797979808079797979808080808080808080
1709808080797979808080808080808080808080808080818181818181818181818180808080808180808081818181818181818181818181808080808080
1710808180808080808080808080808080808080808080808080808080808081818181818181818181818180818180808181818182828282828282828382
1711828282818181818181818282838383838383848484848484848484838383828282828282828282828282838383828282828281828282818281818181
1712828282828282828282818181818181818181818181828181828182828282828282828282828282828282828282828282828282838383838383838383
1713838383838383838383838382828282828282828282828282828282828282828282828383838383838383838383838383828283828282838383838383
1714838384838383838384848484848585858686868686878787878788888888888888888989898989898990909090909090909090909090909090909090
1715909090909090909090909090909090909090909090909090909191919191919191919191919191919191919191919191919191919191919191919191
1716919191919191919191919191919191919191919191919191919191919191919191919191919191919191919191919191919191919191919191919191
1717919191919191919191919191919191919191919191919191919191919191919191919191919191919191919191919191919191919191919191919191
1718919191919191909090908989898988888888888888888888888888888888878786868686868686868685858484848484848484858585858585858585
1719858585848484848484848484848484858484848484848484848383838281818182828282828281818180808181818180808080808080808181818080
1720808080808081818080808080808080808079797979797979787979787979797979797980807979797979797980808080797979797978787979797979
1721797979567979797979797979797979807979798080797980808079797980808080818181818181818181818282838383838382838282828283838282
1722828383838483838384848483838282828282828282828282828282828181807980808181818181828181828282828282828383828181818180818081
1723818181818181808080797980797978787978787777777777767676767676767675757575757574747574757474747474757474737473737373737272
1800727272727271727172717171717170707069697070707070697069696971696868686868686867676867686868686768676867666765676868676867
1801676867686768676767686768676867686766666668676765666565656464666665656466656663636362626260606061606159606160616261606060
1802596161616161616263616263646463646464646566656564656666656565666665656565656466676766676565656567666565666666656566666666
1803666667666665676866666766666867666767686767676766676665666668686768686869696969696969686868686768686970706968696968696970
1804696869696968696968696969706869706868686868696867676867686767696867686767676767666667686768686868676767676767676767676768
1805676868686868686969686767666768676768686868676768686868686868696970837070717070707069707070707170707070707070706969706969
1806707069697069697070696969706970706969696970707170696870717069707070696969696969696970706970717071717170707071727274737271
1807727171717171717171717171717172727273747474747576767676757575757575757676767676767676767676767676767676767776777777777777
1808777878787878787878787878787878787879797978787878787878787878787878787980818182828283838484848382828383838384848485858585
1809858686868686868686868686878787878787888888888888888888888989898988888888888888888888888888888888738888888888888787878787
1810878787878787878787878787878888888888888888888888898989898989898989898990909090909090898989898989898887868585858484838383
1811838383838383838484848484848484848484848484848484848585858585858585858585858585858585858585858585858585858585858585858686
1812868686868686868686868686868686858585858585858585858585858585858585858585858585858585858585858585868686868686868686868687
1813878787878787878787878787878788888888898989898989899090909090909090909090909090909090909090909090909090909091919191919191
1814919191919191919191919191909089898888888787878787878787878686868686868686868787878787878787878888888888888888888888888888
1815888888888888888888888888888888888888888888888888878787878787868686868686868686868686868686868686868686878787878888888888
1816888989898989898989898989898989898989898989898989898989898989898989898989898989909090909090909090909090909090909090909090
1817909090909090909090909090909090909090909090909090909090909090909090909090909091919191919190909090909091919191919191919191
1818919191919191919191919191919191919090909090909090909090909090909090909090909090909090909090909090898989898989898989888888
1819888887878787878787868686868686868585868686868685858585858584848483838382818181828181828282818080808079787879787878798079
1820787879797878787878787879787877767777777575767575757575757474737373737373717272717071716970707069696970717071717272717171
1821717170697070727170717069716869696868686867656466656464656564646566666768676766666566656466646566646465656565656666656666
1822666662636465626261626263616261636060616361596061626061606364615959615757565858575960606059596358575759595958595958575858
1823586060586056575755565655575558585956555655555657575657575657575758565756565655555856575759575656565655565655565556545555
1900565454565654555555575656565757585657575658595758555657605557575657565455595557575853555353535353535457545553535354565654
1901545455555657555455545455565555575555565656565657575555555655555756555657565658565755585655565756565656545657575658596159
1902595959585658575858575758575656565455565655535355545554535453555456575352525454545555545454545354535452525552515152505251
1903515253505150525151515152505151525352525153535251525353545354545556565656565658585656575858575858575758575958585959585858
1904595858585858595858575857586059585858575758585859605958575757585858595958595959595959595959596061616060595959595859596059
1905596059606060606059606161616161616162626161606161616161616162616262626262626262626262626161626262626261626262626262626262
1906626262626362626362626263626263636364646464646465656565666665666665666565666666666666666667676767676767676767676767676767
1907686868686768676868686868686867686867686868686869696969697070707070707070706969697070707071717171717171727272727273737374
1908747475747575767777787879797979798080818181818182828282828283838384848484848483848484848484858585858585858584848484848484
1909848484848383828181808080797979797878787878787878787878787878787878787777777778787878787878787878787878787878787878797979
1910797979797979797979797979797979797979808080808080808080808080808080808080808081818180808080808080808080808080808080808080
1911808080808080808080808080808080808080808080808080808080808080808080808080818181818181818181818181818181818080808080808081
1912818181818181818182828282828282828282828282828282828282828282828282828282828282828282828282828283838383838383838383838383
1913838383838383838383838383838383838383838383838383838384848484838383848484848484848484848484848484848484848484848484848585
1914858585858585858585858585858585858585848484848484848484858585858585858585858585858585858585858585858585858585858585858585
1915858585858585858585858585858585858585858585858585858585858585858585858686868686868686868686868686868787878787878787888888
1916888888888888888888878787878787878686868686868686868686868686858585858586868686868686868686868686868686868686868787878787
1917878787868686868686868687878787878787878787878686868687878787878787878787878787878788888787878787878787878787878787878787
1918878788888888888787888787878787878787878787878787878786868686868686868585858585858585848484848484848484848484848483838383
1919838282828383838382828281818181818080807979797979797979807979798080808080808080808080808079787879787978787878787979798079
1920797978787878787878787977787777777677777776767576767676767676757575767576767676767676767676777675757575757676767676757576
1921757574757575757575757474757473747474757474747475747272727273717171717069717171717271707068696768696867686970707169707070
1922696768686768676869686869696968686767676767686868686868686870706867686868686768686969696869686867666666666767686868686868
1923686969697033707070696969687069697070706968676666656465656565666765646564656565666866686767676968676768686767666667666666
2000656867686767686866676766666665656464646466666363646363646361616060595962616162606162626060626262606060615962615961626359
2001595961616262606165636161636361615960626161585959595757575856575656565857575859616060595960626059615961585959585756575653
2002535556565655575554555355565555565453555555555653545355555354565554555555545655555553535357535553505152525454555555535252
2003525354545454535354555554545554545554555548545455575657555754545554555454535253545655565858585858565857575755565557575756
2004555553555555555455555554545554555453535454545455545454535352535454555454555555555454555555545555545757565858575859586059
2005595859585959585959595960606060605960596060606161616061616161606061616161626161616263626262626162616161616263636362626161
2006626262626363636363646364636364646465656565656565656665656465646565656565656564656564656565656566666666666666666666666666
2007666767676867686868686868686968686969696869696969696969697070707070707057707171717172727272717171717171727272727272737373
2008737374747474747474747474747576767676767676767676767676767677777777777879797979797979797978787878787878797979808081818282
2009828281818181807978777776777777777777767676757576757575757575757575757575757575757575757675767676767677777878787778787879
2010797980818181818282828281797877767575747474747374747575757676767676777777777777777778787878787878787878787878797979797979
2011798080808080808080808080808080808081818181818181818181818080818080818181818181818181818282828181818245828282828282828283
2012838383838383838383828282828282828281818181818181818282828283838282818283838383848485858484838382828282828181808080808080
2013808080808080797980808080808181828383848485858686868787878888888888888888888888888989888889898989898989898989898989898989
2014898989898989898989898989898989898989898989898989898989898989898989898989898989898989898989898989898989898989898989898989
2015898989898989898989909090909090909090909090909090909090909090909090909090909090909191919191919191919191919191919191919191
2016919191919144919192929292929292929292929292929292929292929292929292929292929292929292929292929292929292929292929292929292
2017929292919191919191919191919191919191919191919191919191919191919191919191919191919191919191919191919191919191919191919191
2018919191919191919191919191919191919191919191919191919191919191919191919191919191919191919191919191919191919191919191919191
2019919191919191919190909090909090909090909090909090909090909090898989898989898988888888888888888888888888888888888888888888
2020888888888888888787878787878787878787878787878787878787878787868787868686868686868686878686868686868685858585858585858585
2021858484848484848484848483848484848484838383838483838383838382838383838383828283828281818181818179797979797978787778787978
2022777777777775767675767576777675757474747374737172737373727070727273717271727071727173727271717170706968716969707069686868
2023677071686666686565666768686768686969697069697071707270696868686867676868666869686968686868686867686666686865656663656364
2100666363646462636162616162636465656565676768666566666665656464646564636364666462626462656362616162636263636363636464626264
2101646464656363646363636262636263626160606162626260596160596060596061615958585857595858575758565658585858565758605859565657
2102586059585958595957575756555555555655555755555656555754555657545556555656565455545451525052525354545353535555535352545454
2103565756545354545457535354555254535151525354565554545655555658595856555555545455545354575555555556565655545454555756565657
2104575757575757575759585658595860585657575757565655555757575555575757565757565656575656555657575757585757565657565758585858
2105585758585859595958585859585959586060606060606060616060596060606060626060616161616262626263636263626363646363646464636364
2106636363636464636363636363646464636363636363636364656564656566656666666766666666666666676768686767676767666767676869707070
2107706969697071716969697070707070707070707070707070706969696869696868676767676767676768676767676767676767676767676767676767
2108676767676869686969707071727374757676767777777777777778787878777777777776767676767575757676767676767676777777777776767676
2109767575757574747474747474747474747474747475757475757575757575757576767676767676767676767675757575757574747574757576767676
2110767676767676757675757676767675757575757575767576757676767777777777787878787878787878787777777777777777777877777675757574
2111747474737374747474747475757575757576767676767676767677777777777777777777777777777777777777777777777777777878787878787878
2112787878787878787878787878777777777676767575757576757576767676767675757575757574747373737473737373737374747474747474747475
2113757575757575757676767676767676767676767676767777777777777777777777777777777777777777777777777877777777777777777777777675
2114737476777980828486878889899090909191919191929292929292929292929292939393939393939393939393939393939393939393939393939393
2115939393939393939393939393939393939393939393939393939393939393939393939393939393939493949494949494949494949494949494949494
2116949494949494949494949494949494949494949494949494949494949494949494949494949494949494949494949494949494949494949494949494
2117949494949494949494949494949494949494949494949494949494949494949494949494949494949494949494949494949494949494949494949494
2118949494949494949494949494949494949494949494949494949494949494949494949494949494949494949494949494949494949494949494949494
2119949494949494949494949494949494949494949494949494949494949494949494949494949494949494949494949494949494949494949494949494
2120949494949494949494949494949494949494949494949494949494949494949494949494949494949494949494949494949494949494949494949494
2121949494949494949494949494949494949494949494949494949494949393939393939392929292929191919190908989888888888786878887878787
2122878786868485848484848585858484848484848484838484848484838281808180818180808181797981798078787980787878787977777777757677
2123777676757676777775757575757475757574747474737272737371727272717271707068687070696968686969696969697070706969686868686868
2200676868686868676868676767676666656565646665646464636464646464646363646363636364636363636261636362626262626363626262616161
2201616262616160606061606161616262616160606262626061616161626060616261626162616162626262636263636363626362636362626362626362
2202636363646462636363636464646263636464646263636363636162626261616262636362636262626162616061616161616186868686868686868686
2203626362626261626160616161616161616161616162626262606160605859595959606159615859605960605959586059595860596059585960595857
2204575757585856585757575657565556565756555756575758595856565757585758595759605858585858585758575959595858585857575955575758
2205575759585758565656565655555455555556555656558655555655555555555556555455555755565858585759615958565857575658575857565655
2206565656575555535454555555565555565555555555555455545555545555555656565656565657565656575759585758585958595858595962616565
2207656366717170737476777676767878767880808081818281818181838484828282828283848383848484848485848383838482828385858584817981
2208838382828383828282838382838283848383848384858584838484848484848585858585858383858586868585848384828282838484848585858686
2209868686868585858586868686858484858483838385858585858585868686878888888888888387868686868687878888888888888787878787878787
2210888787878787878786828078757373727170696969696969696969696869686971737272747779808182838381818283848585858686868585858585
2211858584848484858586868686878787878786868584848483838180798079797979797979797980808080808080808081818282828383838384848585
2212858585858686868687878787878787888888898989898989899090909090909090909090909090919090919191919191909090909090898886858584
2213838383838383838383838383848585868686878787878888888888888889898989898989898989898989898989898989898989897389898990909090
2214909090909090909091919191919191919191919191919190909090909090908989898990899090909090909091919191919191919191919191919191
2215919191919191919192929292929292929292929292929292929292929292929292929292929292929292929292929292929292929292929292929292
2216919191919191919191919191919191919090908989898888888888888888888888878787878686868686878787878888888889898990909090909090
2217909090909191919191919191919191919191919191919191919192929292929292929292929292929292929292929292929292929292929292929292
2218929292929292925692929292929292929292929292929292929292929292929292929292929292929292929292929292929292929292929292929292
2219929292929291919191919191919090909090908989888886858383818180797877787776787878787978787977767474747474747475737373737373
2220717171717171737272737271717171717071717069696969686869707070686767676868686967666666676667656564646565656464626264626060
2221606059616060616061636262626362616262626262626264636362616162616161616060606161606260616061575858585859585959596060615854
2222555454535253525354525052494851515455515153525151535349525253525051535051515051494948484948485048504949484949504749495048
2223495050495049514950484949515050494950525050505153535251515149494850494948524947484847454747494745464848484949484847474848
2300484949505050494747494850495148494949495050464547474848505050534950494747474745474649484851495049484949495151494949495150
2301515149504850514950474747494546454546484546465049444845464948444645454446464746474546454647474751464545464545444545444644
2302454547494545424444444445464543454443434544444645454444464646444543424445464444444443444543454246444546454642444443434344
2303464644444445454546454845474445434344434242434544414342454542444543424244454346434442434345444242414141414241424340404242
23044242403939403938373737394040404039--------------------------------------------------------------------------------------
2305------------------------------------------------------------------------------------------------------------------------
2306------------------------------------------------------------------------------------------------------------------------
2307------------------------------------------------------------------------------------------------------------------------
2308------------------------------------------------------------------------------------------------------------------------
2309------------------------------------------------------------------------------------------------------------------------
2310------------------------------------------------------------------------------------------------------------------------
2311------------------------------------------------------------------------------------------------------------------------
2312------------------------------------------------------------------------------------------------------------------------
2313------------------------------------------------------------------------------------------------------------------------
2314------------------------------------------------------------------------------------------------------------------------
2315------------------------------------------------------------------------------------------------------------------------
2316------------------------------------------------------------------------------------------------------------------------
2317------------------------------------------------------------------------------------------------------------------------
2318------------------------------------------------------------------------------------------------------------------------
2319------------------------------------------------------------------------------------------------------------------------
2320------------------------------------------------------------------------------------------------------------------------
2321------------------------------------------------------------------------------------------------------------------------
2322------------------------------------------------------------------------------------------------------------------------
2323------------------------------------------------------------------------------------------------------------------------
2400------------------------------------------------------------------------------------------------------------------------
2401------------------------------------------------------------------------------------------------------------------------
2402------------------------------------------------------------------------------------------------------------------------
2403------------------------------------------------------------------------------------------------------------------------
2404------------------------------------------------------------------------------------------------------------------------
2405------------------------------------------------------------------------------------------------------------------------
2406------------------------------------------------------------------------------------------------------------------------
2407------------------------------------------------------------------------------------------------------------------------
2408------------------------------------------------------------------------------------------------------------------------
2409------------------------------------------------------------------------------------------------------------------------
2410------------------------------------------------------------------------------------------------------------------------
2411------------------------------------------------------------------------------------------------------------------------
2412------------------------------------------------------------------------------------------------------------------------
2413------------------------------------------------------------------------------------------------------------------------
2414------------------------------------------------------------------------------------------------------------------------
2415------------------------------------------------------------------------------------------------------------------------
2416------------------------------------------------------------------------------------------------------------------------
2417------------------------------------------------------------------------------------------------------------------------
2418------------------------------------------------------------------------------------------------------------------------
2419------------------------------------------------------------------------------------------------------------------------
2420------------------------------------------------------------------------------------------------------------------------
2421------------------------------------------------------------------------------------------------------------------------
2422------------------------------------------------------------------------------------------------------------------------
2423------------------------------------------------------------------------------------------------------------------------
2500------------------------------------------------------------------------------------------------------------------------
2501------------------------------------------------------------------------------------------------------------------------
2502------------------------------------------------------------------------------------------------------------------------
2503------------------------------------------------------------------------------------------------------------------------
2504------------------------------------------------------------------------------------------------------------------------
2505------------------------------------------------------------------------------------------------------------------------
2506------------------------------------------------------------------------------------------------------------------------
2507------------------------------------------------------------------------------------------------------------------------
2508------------------------------------------------------------------------------------------------------------------------
2509------------------------------------------------------------------------------------------------------------------------
2510------------------------------------------------------------------------------------------------------------------------
2511------------------------------------------------------------------------------------------------------------------------
2512------------------------------------------------------------------------------------------------------------------------
2513------------------------------------------------------------------------------------------------------------------------
2514------------------------------------------------------------------------------------------------------------------------
2515------------------------------------------------------------------------------------------------------------------------
2516------------------------------------------------------------------------------------------------------------------------
2517------------------------------------------------------------------------------------------------------------------------
2518------------------------------------------------------------------------------------------------------------------------
2519------------------------------------------------------------------------------------------------------------------------
2520------------------------------------------------------------------------------------------------------------------------
2521------------------------------------------------------------------------------------------------------------------------
2522------------------------------------------------------------------------------------------------------------------------
2523------------------------------------------------------------------------------------------------------------------------
2600------------------------------------------------------------------------------------------------------------------------
2601------------------------------------------------------------------------------------------------------------------------
2602------------------------------------------------------------------------------------------------------------------------
2603------------------------------------------------------------------------------------------------------------------------
2604------------------------------------------------------------------------------------------------------------------------
2605------------------------------------------------------------------------------------------------------------------------
2606------------------------------------------------------------------------------------------------------------------------
2607------------------------------------------------------------------------------------------------------------------------
2608------------------------------------------------------------------------------------------------------------------------
2609------------------------------------------------------------------------------------------------------------------------
2610------------------------------------------------------------------------------------------------------------------------
2611------------------------------------------------------------------------------------------------------------------------
2612------------------------------------------------------------------------------------------------------------------------
2613------------------------------------------------------------------------------------------------------------------------
2614------------------------------------------------------------------------------------------------------------------------
2615------------------------------------------------------------------------------------------------------------------------
2616------------------------------------------------------------------------------------------------------------------------
2617------------------------------------------------------------------------------------------------------------------------
2618------------------------------------------------------------------------------------------------------------------------
2619------------------------------------------------------------------------------------------------------------------------
2620------------------------------------------------------------------------------------------------------------------------
2621------------------------------------------------------------------------------------------------------------------------
2622------------------------------------------------------------------------------------------------------------------------
2623------------------------------------------------------------------------------------------------------------------------
2700------------------------------------------------------------------------------------------------------------------------
2701------------------------------------------------------------------------------------------------------------------------
2702------------------------------------------------------------------------------------------------------------------------
2703------------------------------------------------------------------------------------------------------------------------
2704------------------------------------------------------------------------------------------------------------------------
2705------------------------------------------------------------------------------------------------------------------------
2706------------------------------------------------------------------------------------------------------------------------
2707------------------------------------------------------------------------------------------------------------------------
2708------------------------------------------------------------------------------------------------------------------------
2709------------------------------------------------------------------------------------------------------------------------
2710------------------------------------------------------------------------------------------------------------------------
2711------------------------------------------------------------------------------------------------------------------------
2712------------------------------------------------------------------------------------------------------------------------
2713------------------------------------------------------------------------------------------------------------------------
2714------------------------------------------------------------------------------------------------------------------------
2715------------------------------------------------------------------------------------------------------------------------
2716------------------------------------------------------------------------------------------------------------------------
2717------------------------------------------------------------------------------------------------------------------------
2718------------------------------------------------------------------------------------------------------------------------
2719------------------------------------------------------------------------------------------------------------------------
2720------------------------------------------------------------------------------------------------------------------------
2721------------------------------------------------------------------------------------------------------------------------
2722------------------------------------------------------------------------------------------------------------------------
2723------------------------------------------------------------------------------------------------------------------------
2800------------------------------------------------------------------------------------------------------------------------
2801------------------------------------------------------------------------------------------------------------------------
2802------------------------------------------------------------------------------------------------------------------------
2803------------------------------------------------------------------------------------------------------------------------
2804------------------------------------------------------------------------------------------------------------------------
2805------------------------------------------------------------------------------------------------------------------------
2806------------------------------------------------------------------------------------------------------------------------
2807------------------------------------------------------------------------------------------------------------------------
2808------------------------------------------------------------------------------------------------------------------------
2809------------------------------------------------------------------------------------------------------------------------
2810------------------------------------------------------------------------------------------------------------------------
2811------------------------------------------------------------------------------------------------------------------------
2812------------------------------------------------------------------------------------------------------------------------
2813------------------------------------------------------------------------------------------------------------------------
2814------------------------------------------------------------------------------------------------------------------------
2815------------------------------------------------------------------------------------------------------------------------
2816------------------------------------------------------------------------------------------------------------------------
2817------------------------------------------------------------------------------------------------------------------------
2818------------------------------------------------------------------------------------------------------------------------
2819------------------------------------------------------------------------------------------------------------------------
2820------------------------------------------------------------------------------------------------------------------------
2821------------------------------------------------------------------------------------------------------------------------
2822------------------------------------------------------------------------------------------------------------------------
2823------------------------------------------------------------------------------------------------------------------------
2900------------------------------------------------------------------------------------------------------------------------
2901------------------------------------------------------------------------------------------------------------------------
2902------------------------------------------------------------------------------------------------------------------------
2903------------------------------------------------------------------------------------------------------------------------
2904------------------------------------------------------------------------------------------------------------------------
2905------------------------------------------------------------------------------------------------------------------------
2906------------------------------------------------------------------------------------------------------------------------
2907------------------------------------------------------------------------------------------------------------------------
2908------------------------------------------------------------------------------------------------------------------------
2909------------------------------------------------------------------------------------------------------------------------
2910------------------------------------------------------------------------------------------------------------------------
2911------------------------------------------------------------------------------------------------------------------------
2912------------------------------------------------------------------------------------------------------------------------
2913------------------------------------------------------------------------------------------------------------------------
2914------------------------------------------------------------------------------------------------------------------------
2915------------------------------------------------------------------------------------------------------------------------
2916------------------------------------------------------------------------------------------------------------------------
2917------------------------------------------------------------------------------------------------------------------------
2918------------------------------------------------------------------------------------------------------------------------
2919------------------------------------------------------------------------------------------------------------------------
2920------------------------------------------------------------------------------------------------------------------------
2921------------------------------------------------------------------------------------------------------------------------
2922------------------------------------------------------------------------------------------------------------------------
2923------------------------------------------------------------------------------------------------------------------------
3000------------------------------------------------------------------------------------------------------------------------
3001------------------------------------------------------------------------------------------------------------------------
3002------------------------------------------------------------------------------------------------------------------------
3003------------------------------------------------------------------------------------------------------------------------
3004------------------------------------------------------------------------------------------------------------------------
3005------------------------------------------------------------------------------------------------------------------------
3006------------------------------------------------------------------------------------------------------------------------
3007------------------------------------------------------------------------------------------------------------------------
3008------------------------------------------------------------------------------------------------------------------------
3009------------------------------------------------------------------------------------------------------------------------
3010------------------------------------------------------------------------------------------------------------------------
3011------------------------------------------------------------------------------------------------------------------------
3012------------------------------------------------------------------------------------------------------------------------
3013------------------------------------------------------------------------------------------------------------------------
3014------------------------------------------------------------------------------------------------------------------------
3015------------------------------------------------------------------------------------------------------------------------
3016------------------------------------------------------------------------------------------------------------------------
3017------------------------------------------------------------------------------------------------------------------------
3018------------------------------------------------------------------------------------------------------------------------
3019------------------------------------------------------------------------------------------------------------------------
3020------------------------------------------------------------------------------------------------------------------------
3021------------------------------------------------------------------------------------------------------------------------
3022------------------------------------------------------------------------------------------------------------------------
3023------------------------------------------------------------------------------------------------------------------------
3100------------------------------------------------------------------------------------------------------------------------
3101------------------------------------------------------------------------------------------------------------------------
3102------------------------------------------------------------------------------------------------------------------------
3103------------------------------------------------------------------------------------------------------------------------
3104------------------------------------------------------------------------------------------------------------------------
3105------------------------------------------------------------------------------------------------------------------------
3106------------------------------------------------------------------------------------------------------------------------
3107------------------------------------------------------------------------------------------------------------------------
3108------------------------------------------------------------------------------------------------------------------------
3109------------------------------------------------------------------------------------------------------------------------
3110------------------------------------------------------------------------------------------------------------------------
3111------------------------------------------------------------------------------------------------------------------------
3112------------------------------------------------------------------------------------------------------------------------
3113------------------------------------------------------------------------------------------------------------------------
3114------------------------------------------------------------------------------------------------------------------------
3115------------------------------------------------------------------------------------------------------------------------
3116------------------------------------------------------------------------------------------------------------------------
3117------------------------------------------------------------------------------------------------------------------------
3118------------------------------------------------------------------------------------------------------------------------
3119------------------------------------------------------------------------------------------------------------------------
3120------------------------------------------------------------------------------------------------------------------------
