58265 2012   081213603204   65   24 6670   55    1--------------------------------------------------------------------------
3121525253535353535354555555555556555556565656555557565656565656575756565656575658575756565757575757575757575857585859585756
3122565555545353525252525252525252525252525252535353545455565657565859595859605959636461626364616261616262626262646363636263
3123636565626264636261626261626361626162626161626262646363626362616060616060606060616061606061626263636464646464646464646465
0100676564646565656768686567696868686971707070717170717171727172727272737373737271686866666465646464626261626057565555545454
0101535352535352525253535454545354545557585759606061626363626363636564646465656564656665646666676767666767676768697069696768
0102697068696970697069706969676868676970656866666666666767676969697069696970696969696969696969697272706867666869717067697069
0103696868696967696968686766676767676462605958585859616263646465666667686968696968686868686868686868696969707171707070717070
0104707272717171717071717171707071717171727373737474737374747474737475767675757576767675757677767777787979797979808080818081
0105818081818181818282828383838383838383848382817979787877787979797875757575757472717171707070706970707373747574757474757471
0106717069707069707173737274737374727274747676767677777877767777777776767675767676767676757575757575757575767676767777777676
0107767575767777777877767676767676767675757676767575767676767676767676767677777878787878787777777777777777767677777877777575
0108747373737474747575757575757575757576767675757575757676767676767777777778787877777676767676767677777777767676767676767676
0109767676767676767575757574747474747474757475747474737373737373727271717171717070707070717071707069696969696868666666666667
0110666565666666656566656564656465666565656566656564646566646364636463636363636362636362626263616059606059606059595959605959
0111575960595959585958595958585859595757585757585858585758575758565756575657565657575758595753515251504949494948484949484746
0112484947494849494848484948484849474747494847464647464646474847474746464648474948464646464747474649474647484846454545454848
0113474546464747464748484848484646474646464747464748474747464546464846474746454545464647484746464646464746454445464545464545
0114454645464645454546474747464647464646474848474747454545464647454645464748474747474847474647484748484947484849474748484747
0115484748474848484848494748484947484948484748494948474748494748474747474749494747474847484848484748484849484747484848494849
0116514848494950484847484647484849494848504948484950484849504850504847474749484848484647484949494849474748484847474847494947
0117484947474748484949484746474746474849494950504950505152514950515153525151515050505350505049495151545252545251515351514950
0118495050515050495052535355535049495050504849474647504949515148504950505048495051494848474849515149484545474847454846464647
0119454545464444454647474646484751495051485051495049495050505151545152525352545357565553545656565557565655575860606058575859
0120615760585858575756565656565656585759595960595960616161626161626363616161626365656462626162636364646363636464676767676768
0121686767656665656565656565666668686969676866666564646464646463636767666663636464646464636566666665666766676667676868676768
0122686867666766656564636264636467646160606063646262616160616162626262626364636464676667676768676867676767676665656666686867
0123656464646466676666656464646464656768686869697070707072717071717271716969676869707169717071707071716868686868686869686868
0200676666666767656464646464646766676868686867666667697071717070717171727170696971717070707170697068696969696968686969707068
0201686968707070777271727071727273737272717069697071717172737372717374747473727272717070707072737474737474747372727373737473
0202747475757575757575747475767675757575767676777575757574757676777777777573717171727372737273737372727271727374747474737373
0203737474767676767575757575767878797979777678797877777878787878787775747372747474747475757575757575757575757575757575757575
0204757574757576767676767676767676767676777778777778787878777777777877787877777778777676777776767676757576767676767777767677
0205777878797878787979797979797979797979787878867878797979797979787878787979797878787979797879797978787777777776777778777777
0206777675767676767676757576757675757574757575767676767575767676767676777878777777777676777576767676767676767676777776767677
0207777777777777777776757473747575767674747576767675767777777776757576767676767777777777777777777778787878777677777778787979
0208797979787877767676767675767576767676777777757375777676747372727171707070717070707070707070696868696969706969686969696970
0209697070716969696969696969686969696968696967676766676868686868686969686867656869686868676767696666656665646565636363646465
0210646464636463636464646363646464656465656364636364636463636263636262636261616262606059595757585958575757595757585757565557
0211575855545454515153545353545553515250505152535452535554555453525350505151515353525353525354545353545252525051515154535454
0212555556565554555251515253525353525351514949505151525250505152535250504848474849484749484747474949504948494848464647474544
0213464546464746464547454747474543434445454547454445464644464547444445454645474543454645444544424345434343484545474444444344
0214434644444543444444444344434543454444444445434344444341424444434242393940404041414140414143424242414239383939404139403940
0215423940403938384139414141414040414141413941424242414240393537373736363838383738394039414040403940394041414040404040404440
0216404140404040394041414141414241434140414141424240404040404141404141434041404041424041434240394141414139404141434040394140
0217394242424143424340404040414040394040394041404040404239394141403841393939404140404040404040393940393941404040404141423941
0218404040394240404040403941394041414241394040404040393940414142414041414239404041394141414141423939394140384041414446454240
0219404244444443443939393939394240393939393943403940383838393939454040404141434442434545464546474644454443455048494745474849
0220444343444344444545454546474848484950505051515150505051505050515151515152525252535353535253535454555554555555555555555454
0221545454545555555555565656575757575758575756565757585858585757575758585959596059595958585859585858585858585858585859595859
0222595959596060595959595959595959595959595959595959595959606060606059595960596060606059595959595960596060606161606060616161
0223626263636464646464646464646464646464656565656565766566666666666666666767676666666665656565646464646464646465646565656565
0300656565656564656464646565656666666666676767676768686868686868696969696970707171717171717272727272727272737373737373737474
0301737374747474747475757575757575757676767676767677777777777878777777777777777777777777787878787878787878797978787979787979
0302797979797979797980808080808080808080808080808080808080808080818181818181818181818181818181818181818079787877777777787878
0303777778787878787979797979797979797979807979798080808080808081818181818181818282808282828282828383838383838383838383838383
0304838383838383838383838383838383838383838383838383848484848484848484848484848484848484848484848484848484848484848484848485
0305858585858585858585858585858585858585858585858484848484848484848484848484848484848484848484848484848484838383838383838383
0306838384848484848484848484848484848484848484848484848484848484848484848484848484848484848483838383838383838383838484848484
0307848484848484848484848484848484848484848484838383848484848484848484848484848484848484848484848484848585858484778383818180
0308807979797978787978787777777776767877777576757474757677777575767575757575757777747373747372727272727273737271727373717272
0309727171717172727070717070717070717172707071717170717170707172727171707172717271717171717170717171707170696970696869686868
0310676667676766686666666665656566676767676968686968697068676767666566646464626263636362626361626261626259596060585858565658
0311575858585857575755565656555556565657555558545556545455555354545253525352525254545354555656555554565554535354545554515352
0312525151535252545253725453515251545351525352545355545353535354565453525252535251515151545352505051495051515151515050495150
0313514948494749474949495050504950515049484847494848484850484647474746464747474646464950505149504950515150515152494949484748
0314494948484846464546464648494846474947484546474644474646464948464749484848484847494747454747464845474747454546464746474748
0315484848474748494747484747494846474546474748494848495049485049495049494949494949494848494950525150505050494951525151515252
0316525354535353545455565758595960606061626363646466656566666665646363636263636363636364626162616061616062626262636565656563
0317636262646362626263606060606160585656535354535455525353504952474848505049495254505050505149464847464546444645464646474847
0318474948474748454647474748474746464847464647494745474746464548464544444343454744444547474444474646474543434342434343434447
0319434445454444444444444544444444464647454849514951525050505048495051525152535252525152535352545656565755555555575856565857
0320575757565656565658585958585756565759585858595958585959585859606160626362636263626362626162626364646463646464646464656766
0321666666666766666665646464646263646364656564636464666564636263636463636363636363636363636262636463636364646465646565656566
0322656666666667666766676767686867676767687070707070697169696968697070707069696969696969706970706970696968686766656463646363
0323646464646464646465656567676767676869697071717171717272727271717070707070707070717272727372717272727273737374747474747474
0400737474757473737374747475757575757675757676767676767676767676767676767777777777777778787877777777777778787777777777787878
0401787878787878787877777777777778787979797979797978787878777777777778787878787878787878787878787878797979787877777778787878
0402787878787979797979797979798080808080808080808080808080818080808081818181818181818181818181818181818181818181828282828282
0403828282828282828282828282828283838383838383838383838383838383838383838384848484848484848484848484848484848383838383838383
0404848484848484848484848484848484848484848383838383838382828282828282828282828282828282828282828282828282828282828282828383
0405838383838383838383838384848383838383848484848484848484848484848585858585848484848484848484848484848485858585858585858585
0406858585858585848484848483838383838383838383838383838383838383838383838383838383838383828282828282828282828282828383838383
0407838282828181808079797979797979797979808080808079798079797978787777777776767676767575757676777776777777787878787778787878
0408787878787980808080787878787979787777777776767575757575757574757575737373737373737271727270707070706970707070696969696969
0409696969696969686869696868686869676868686768676767676767686766666666656566656565656464646564646464646464646564656463636363
0410646464646464646465646364646464636262626263636261616162616162626261616162616061616161616163616160616161616060616061616060
0411606060606060615960595960595859595958595857585858585856575858585756575554565757565655555655555556555654545455555656565654
0412555554545354545454545455555656555556565555555555545454555657565656575758565656565657575656575757565756555554565455555654
0413555655565555555555565656555555545554565455555453515050505050494949494949505151515150515252535251505152484851494950505149
0414484848474948494948484949484748484948485049474747484848484847474847484949484747484847464747464747474544444445464746474644
0415454544454748515253545555565757575757585858596060605959606060606060596060606060606059605960605959585959605959595757575757
0416575757575656565757575656565554535454555656575656565756575756575757565757565657565657575756575656565656565756565656565656
0417565555575655545554545454545353545353545453525352525353525152535552505151515251535351525152525351505050505152515052525253
0418535249525354535353535353525353525353535453545353535353535355565859595959595858585858585758585757585859585858585858585758
0419585858585858585758585857575758585858585958585959585859595959585959595959596060606060606061616162626262626263626262626263
0420636363636463636464646464646464646464646464646465646464646464646465656666666767666666666665666666666666656565656565656665
0421656565656565656566666665666666666666666666656565656565656666666666666667676767686869696970707071717170706969707070707171
0422727271727172717172717171717171727272717171717171717171727172727273747272747474737374747474737374747373737374747474747474
0423747474747473737373737373737373737373737374747373737373737374737373737373727372737373727373737272727272727272727272727273
0500727373737374747374747474747475757575757576767676767777777777777777777777777778787878787879787878787879797979797979797979
0501797978787878787878787878787879797979797979797979797991808080808080808080797878787878787777777777777776767677777777777777
0502777878787878787878797979797979797980808080808080808080808080808080808079797978787877777778787878787878787878787877777777
0503777676767677777677777776767676767777777777777777777776767676757676767576767676767676757676757576767676757575767676767777
0504777777777777777777777778787878797979797879797979797979797979797979797978787776767677767676767675757676767677777778787879
0505797980808080808081818181808080808080808080818181818181828282828282828282828282828292828282828383838383838382828282828282
0506828383838383838383838383838383838384848484848484848484848484848383838484848484848483838383838383838383838483838383838382
0507828181807979787878787878787878787878787877777777777878777778787878787878787878787878787878787878787878787777777777777777
0508777777777777777878787877777777767676767575757575757575757575747474747473737271717170707070717070696969696969686969686869
0509696968686868686867686867686767676767676867676867686868686869686869696970706970696968697068686868696969686969696978696969
0510697070707070697070707070717070707070707070717070707070707070707071707171717171717171717171717171717171717171717070707071
0511717171707171707271697069696969686968686867666767676665646564656463636364636463646465656563616262626060626161616260606059
0512606061616161606061616161616161616060606059595959586057575757575757575656545655525053505252535353545352525355535353525151
0513525052515052515152515253505052515151505051505051525150525152525152515151515152505151515048494948474947464948464545474846
0514464648464749474645464753474846474648494849474848484949494950495150504950505051495048504947494848485049495050504950495050
0515515050504748494648464646454544454545464645444444444546454745464545474645464645464446444444434243434344434443434444454646
0516454545454545444544444343434343424143424141434342424142424243414141414342414443414242424241414242424241424143414242434243
0517434343434343434344444343434242424342434343434444434443434244424242424243434344444343444343414241414242424243434343434343
0518424241414141414342414343424243414141404140414140414241404039393939404040403940393940414039393940404140404041404040404040
0519404040413939404146484949515253555657596162626263636363626362626263636362626362626570767575767979798080797879798081828383
0520838484848484848383818181818080818383838383818080808180797979787876767674747474737474747475767677787673737272717374727273
0521727473757778777776757575747475747473737474747473737372737374737474757576757474747373727475747473747271727372737272727474
0522737273737373737373747475757677767674747475767677767677757674747474747473747474747676747674737272727273727371717170707070
0523707070707071727373737473747473747473737271717272727271737476777778787777787979797979797977797778797776747474747573737473
0600737372747475757574747373737473737474737474747373747474747475747474757574747577767778777676767676777677787776777777787978
0601787980808080808080808081818080818181817979797978787879797978797979787978798079787980797979808081818282828282828383838383
0602838383828282828282828282828282828383838383838383838382828181808079797979787878787878777878787878787878797878787878797979
0603797980808080808081808079797978787879787878787878797979797979807980808081818180818282828282828283828282828282828282828383
0604838383838383838383838384848484848484848484848484848484848484848484848484848484858585848484848484848484848484848484848484
0605848484848484848484848484848484848485858585858585858585858585858585858585858584848383838383838383838383848484848585858585
0606858585858585858585858585858585858686868686868686868686868686868686868585848483828282818181818181818181818181818181818282
0607828282828282828282828282828282828282828283838383838383838383838383838383838383828079777675757575747474747474747474737373
0608737373737374747473737373737373737373737373737373737373737272737372727272717271727171717172706970707069707071707070707070
0609707171707071717170706970707070707069706969696971707069696969696970706970707070706969696867676868686767686967666766686866
0610666767676667676767666767676768686867666768686868686868686868676868686767686867676766676766666766676867666767666767686868
0611676868697070717272727272737374757675747475777775767576767475767676767573717171717171717171707171707071717171707169696969
0612696970706968686869696970706969707071717272727271727171717271727070707070717068686969676967676767686868706868676668666666
0613666666656463636363636361606262636262626261595961596061605960595959596059585860595959585859585858585858586061605958585860
0614606060585959595959595959595859585858595857575957565555565757575554555455545554545452525251505049495049505050494948474850
0615484849484646484646474848484647474746454344464547474646454345444445444645434445454845454546464647474645474648464344454645
0616474747454445464646464645444443454544444546464648474546464747474747474747474847464547464645464746474747484849504950525457
0617595860626364656667676869697069696969717373737474757676767677777676767777777778797980808081828283848585868686878787878788
0618888888878787878787878788888887878787878787878787878787878787878787878787878686868686868686868585848382828282828282828282
0619828383848484858585868686868687878787878787888888888888888888888888888888888888888888888888898989898989898989898989898989
0620898989898989898989898989898989898989898989898989898989898989898989898989898989898989898989898989898989898989898989898989
0621898989898989898989898989898989898989898989898989898989898989898989898988888888888888888888888888888888898989898989898989
0622898989898989898989898989898989898989898989898989898989898989898989898989898989898989898989898989898989898989898989898989
0623898989898989898989898989898989898989898989898989898989898989898989898989898989898989898989898989898989898989898989898989
0700898989898989898989898989898989898989898989898989898989898989898989898989898989898989898989898989898989898989898989898989
0701898989898989898989898989898989898989898989898989898989898989898989898989898989898989898989898989898989898989898989898989
0702898989898989898989898989898989898989898989898989898989898989898989898989898989898989898989898989898989898989898989898989
0703898989898989898989898989898989898989898989898989898989899089898989898989898989898989898989898989898989898989898989898989
0704898989898989898989898989898989898989898989898888888888888888888888888888888888888888888888888888888888888888888888888888
0705888888888888888888888888888888888888888888888888888888888888898989898989898989898989898989898989898989898989898989898989
0706898989898989898989898989898989898989898989898989898989898989898989898989898989898989898989898989898989898989898989898989
0707898989898989898989898989898989898989898989898989898989898989898989898989898989898989899189898989898989898989898989898989
0708898989898989898989898989898989898989898989898989898989898989898989898989898888888888888888888888878787878786868686868585
0709858585858584848484848484828282828283838382818181818181808181818081808080818080818079807979797980797978787877767676757576
0710757574747574747473747474757372737272717269707171727072717271716870696867686867676567676667676867676768686970707170717169
0711686969696868686968676766676868666666666766666768686564656666656566656565656565656464646564636464656364636263666462625862
0712626361626264616563616164656262636464656462646461636465625962596060626158595859605961595960575858585655565859616061616262
0713636161626262606060626057575857606057575657585957585958565757555556555453565756555655575556545755535553535454555354525554
0714555657565756545555535252545052515052535353545353535254535254525353515351494848505250505151505050504950505250515151515152
0715535456565757575757585758585757565657575758585959616263646463646363626563636262626262616162626363626162626261616362616160
0716616261616261616262626262634963636363636260626160606161616160575859585758575758575858585857575758585859596060595958585758
0717575654555454555353555454555556565656555658565354525453545251515152535352525251535353535352525353525353525352525252525250
0718515250494950514949495049505150495048494949515152515149505051494949495051514949515149504949494949505049505050495051504950
0719515050505050505050505153515051495151515151515152515151505252545253545353545656555655565555545555555754565656555554545556
0720565657575858575759585757585959585860595758575758585960605761616262626262626363646464646464646464646464646465666766666767
0721666767676667676767676768686767666767666766666667676767676767676868686868686867686868686868686868696969696970707070707171
0722717171717171727272727171717272717171717272717271717171717271727272727373727273737374737473747475757574747474757575767676
0723767777767777777777777777777777767777777878787878787978797979797979797979798080808080808080808080808080808080808080808081
0800818081818181818182828282828282828282828282828282838383838383838383838383838383838383838383838384848484848484848484848483
0801838383838383838383838383838383838383838383838383838484848484848484848484848484848484848485858585858585858585858585858585
0802858585858585858585858585858585858585858585858585858585858585858585858585848484848484858585858585858585858585858585858585
0803858585868685858585858585858585858585858585858585858585868686868686868686868686868686868686868686868686868686868686868686
0804868787878786868686868585858585848484848483838383838383838383838383838383838383838383838383848484848585858585858585858584
0805848484848484848484848484848484858585858585868686868686868686868686868686878787878787878787878787878787878787878787878787
0806878787878787878787878787878787888888888888888888888888888888888888888888888888888888888888888888888888888888888888888888
0807888888888888888888888888888888888888888888888888888888888888888888888888888888888888888888888888888888888888888888888888
0808838281807978777676767676757475767575757475747574757575757676757575757574767574757475757474747373747371696869697069686767
0809676767686869666664646464646463636262636262636363636162636261626058585859595961616062616161616363616061616162636262606161
0810616160626162626162626160596060595959585860575956585857575758575857585757575956575756585758585858575757575759575756565658
0811575756555657565656555555555556565555565655545454555556545455555757555453535554535353535254515252525154515150515152545453
0812505354525252525453535351525253535252525252535356525251525254535251495255504950525049495050505051494950505049484850474948
0813474647484749474948494848494849464846474848474748494749484849484845444646454645454748474647475246464846474648474747514846
0814464748474646474548464543444545464747454343464644444542434444454344434346434243434341424243424543454344434446464444454444
0815454543424342434142424341414044434242393939403941434241414138373737393839374040393840383939404038393936383837383739383636
0816363736343637363637353637383433343435353536363736363534353534353334343434343537363434333636363637403936383636373938373738
0817373837403739383737363738383738383634343736363636363639373637383738363836363837373638393940373737373635343434353637363637
0818363436353535373737393838383739424239414041394243444341404141434343424242434444444344434242424243444443444646444242444444
0819454444454445444544464543444545444444444545464646464746454546474545474646474849484748474748474848484747484748484848484949
0820494848495050505048505149494948494849484949504950505050515151525353535453545352525151515152525251525150515052505051515354
0821545456575962626262626261616363626463646465656465646565646566656565666565666667676666666566666566666767666767686868686869
0822696868696969686869696969696869696969707070707070707170707070707070707070717171717171717171717172727372727272727272727273
0823737374747474747475757373737372747473737374747474747474747475757575757574747474757575757676767677767575757575767575757676
0900767676767676767676767676777777777777777778777777777878787878787878787878777777777777777777777777777878787878787878787878
0901787878787878787878787979787878777878787878797978787878787878787878787878787878797879797979797979797979797979797979797979
0902808080808181818181808080808080808080808080808080807977757574747475757575767777787777777777787778787878787878787878777776
0903767676767676767676767676767677777777777778787878797979797980808181818181818282828282828282828283838383838383838383848484
0904848484848484848484848484848484848484848484848484848484848483838383828282828282828282818181818181818182828282828283838383
0905848484848484848484848484848383838282828283838383838384848484848483828281818181808080818181818181818182828282828282828383
0906838383838484848484858585858585858585858585858585858585858585858585858585858585858585858585858585868686868686868686868686
0907868686868686868686868686868687878787878787868686868686878786868686868686858585858484848483838382828181808080797979808080
0908808080797979797878777776757574747474747473737272737271717170717169707169686868676767696767686867676867676665646462626262
0909626363636061626264636362636564646362636261616161616160606161616061585759585957565655555655555555565555555555565656555656
0910575657565758585757565858595958585857585758585757585760565454555555575655555557565555555455565754525353525353535355545353
0911555452535352535453525351525551535453525252525152525353525251525151515152535253525251535352494950515151525149504850515150
0912504849515050474851505051494949495150504950505050505049504847484947474649434643454345444546474645454646454444464647464646
0913454645464644454846464746464647464847484747484748484646454745464546464644474645454545444447484646454645464645444645444545
0914444546454344434446434343434243424342424242414239404138393937393936373836373836383436353638383737363737373638383940373836
0915353534343535363637363535363435353534363534353536363633353334363332323333343333333435353333333334353633343434343533323333
0916333433343333333334333233343535343735353434333334333434363434343434343434353434363534353437373635363535353637363636353536
0917363535343435353636363535373535373537363737383837383738393939394041404139413939404141424344424241414341414042414040393940
0918404042424141414243434242424243444344444243434243434444434243434344444443444444454545454545444546454648505252444544434243
0919545657565858626669737577798081797679818284848382808283838383838484838282838483818181828384848383848383848383838382828180
0920828383848485858686868687878787878787878787878788888888888888888888888888888888888888888857575960596061605962606059596059
0921888888888888888888888888888888888888888888888888888888888888888888888888888888888888888888888888888888888888888888888888
0922888888888888888888888888888888888888888888888888888888888888658888888888888888888888888888888888888888888888888888888888
0923898989898989898989898989898989898989898989898989898989898989898989898989898989898989898989898989898989898989898989898989
1000898989898989898989888888888888888888888888888888888888888888888888888888888888888888888888888888888888888888888888888888
1001888888888888888888888888888888888888888888888888888888888888888888888888888888888888888888888888888888888888888888888888
1002888888888888888888888888888888888888888888888888888888888888888888888888888888888888888888888888888888888888888888888888
1003888888888888888888888888888888888888888888888888888888888888888888888888888888888888888888888888888888888888888888888888
1004888888888888888888888888888888888888888888888888888888888888888888888888888888888888888888888888888888888888888888888888
1005888888888888888989898989898989898989898989898989898989898989898989898989898989898989898989898989898989898989898989898989
1006898989898989898989898989898989898989898989898989898989898989898989898989898989898989898989898989898989898989898989898989
1007898989898989898989898989898989898989898989898989898989898989898989898989898989898989898989898989898989898989898989898989
1008898989898989898989898989898989898989898989898989898989898988888888888888888888878786868584848483838383838282818181807979
1009787979787778777777757576767575767675757574757474747474747474747573727372727271737271737171707072737171696969696969717169
1010696969706968686869686768676764656565656666656363636463626261626463616163626163636261606162626161626162616059596059616160
1011606159595959605959585857595857575759555556555656555454555755545352525655555454545352525253525353525154535250515051535152
1012505151515150515050524950515050495149495250505250495050505249504950504950484849484951514852505152524851495050485049485050
1013484949504951505050494950505048494849484847464747474548484648464546484645484645454648454646464445464746454546464545444345
1014454444444543434343434243444543444247444343444246444242424342424243454345424342434644404142424445424142414243414345424344
1015434243424444434143424242434442434241414243434342424140403839403939403840393940394240414040394040383839393837383838403738
1016373635343639373735373638404040404041434141434141414242424342414141404041414041403940403939393939393939404141393836363738
1017403938393635394037373737373937393939403837403937404240414041413940383839393937384038393941394038383739383940424341434344
1018444646454447464546474748474646464544454646474544454544454444454645444446444545444544444344454545444545434446474646464847
1019484646464646454545454646464544434444454544434344454546454545474646464746464647474647464645464747464747484848484747474747
1020464747464747474748484748484849494848484848484748484849484849505050494950504950495050505050505051515151515151515151515150
1021505051515152525252535252535353545454545555555656565656575757585758585858596059626161626262646464636464656565656666666667
1022686868686869707070707168686969717071717069706868697071716971717172717070707171717171727374747473737373747474747475757575
1023757374757474747474747474757575757576767675757576767676757576767576767575757575757575757576767676767676767676767676767676
1100777777777777767676767676777777777878787777777778787979797979797979797979797979798080798080807979798080808080808080808080
1101808079808079808080808080808080808080818181818181818181818181818181818181818181818181818181818181818182828181818181818181
1102818181818080807979797979808080808080808081818181818181818181818181818181818181818282828282828282828282828282828282828282
1103828282828282828283828283838383838383828282828282828282828282828283838383828282828282828282828282828282828282838383838383
1104838383838484848484848484848484848383838383838383838383838383838383848484848484848484848484848484848484848484848484858585
1105858585858484838383838383838383828282828283838383838382828282828282828282828282828282828181818282828282828282828283838383
1106838383838383838383838383838383838383838383838484848484848484838383838382818080797979797979798080808080818181828282838383
1107838383838383838383838383838382828181818181818181818181818181818181818181818282828283838383838383838383838383838383838383
1108838383838383838282828281818181818182818182828181828280787878787877767676757777767677767675747373737474747374737374747373
1109737371717172737373737272717071727070707070706969696969687067666867686767666667666767686667676767676766666666666767676766
1110666667666566666565656565656563636363636263646361626462616162636260636060606161606161606160616261615961606261585958575857
1111585756555455555553555253535452494848495149485049505252515153525051515151525252525050505151515164505252525351525252535250
1112515050514949505051535150505051515152525252535253535251535654535354565856565756555553545454545455555655575961585858565657
1113565657565555555656555655535252525252535151525251515050525049485151485048484747474846474648475049494848494948484747464645
1114454647494744434446454847444445444646444644444345464545434342444344454647474142424342424342424342424346434444424344434445
1115424341424141424342434241424140404142414342424042414142404143404039403941393938394138393839363738394036353738383638394041
1116373552393838383838373742414143414242444343434241414143444243444344454544424345454546464443434343434545454546464543434343
1117444443424444434344444444444442424140414142424040403941424142394042423941394139394140404041434242414243444544454443434545
1118434445454546454445444445444545444345444443444344434442424344444443434344434243444443434344434343434445454745454444444545
1119434445444445454545454545454546454646454545464545464646464646464646464747474847474747474847484848484848484849494949494849
1120484848484848505051515253535455555670565656575758585858585858585858595959595959606060606261616262636462626465666565656667
1121676767676768686768686768686869696969707070707171707070717171707172727271727272727474757474747373737475757475757675757575
1122747473737373737373727273737373737374747373737373727272727374757575757575747474747475747269696866656565646565646565656566
1123666666666667676767676767676767676767676768686868686868686969686969696969697070707070707070707070707070707070707070707070
1200707070707070707070707070717171717171717171707070697069696969707086696868676867676767676767676767676767676767676767676667
1201676767676767676767676868686767686867676768686868686869686969696969696969696868686868686868686868686868686868686768686868
1202686968686868686868686868686867676868686868686868686868686868686868686868686870706969706970707070707070707171717172717171
1203727373727272727272727273727373727373727373737373727373727272727272727272737474737374737373747474747474747474757475757575
1204757575747474747474747575757575757575757676767676777778787878797979797979797979808080808079797983787878787979797979797980
1205808080808080808080808181818181818181808080818181818181818181818181818181818182828282828282828282828281818281818181818181
1206828282828282828282828282828181808080808080808080808080808080808080808181818180808081818181818181818181818180818181818182
1207828282828282828283838383838383838383838282828282828383828282818181818181818182828282828282828282828282828181808080808080
1208808080808080797979797979797878787878787777777777777777777677777676767676767676757675757575747474757574737374747374737373
1209747372717171717272717171717171717171717170707070716869686868686968686868686869676767686667676666676766676767666666666666
1210666566666565646565646565646364636363626262616162626161616161616161606260606160595960585858565756555557545555555656555655
1211565756585656575657565655565654545453525254535152535354545354535454545354545554545453535252515251535451515152515149505154
1212525152505251525049505050505049484950515149504848494949474849504849485048504948484948504949504950505049485048484850504849
1213485048464548474847464747454749464945454647484748484445464544444445444242414343444645424241444344424342434242434343434444
1214444645454846434645474746474746464546474646464844454547454642444242434340424245434342424441414141434245434443434142424243
1215424244424343414040414140404143414243414041413941404040393937393940394041394339393837384239394037383738383739403940394142
1216444039414141424139393937394041414141404141424240414242394040404039424038383839404040404040403939403943444443414143444142
1217424242434342424241424240424342424342414341414341414243444750525355565555555657575758575856565555565656576062636363636362
1218626263646565687072747779818183848485858586858585868686868686868686868686868686868686868686868686868685858585868686868687
1219878787878787878787878787878787878787878788888888888888888888888888888888888888888787878787878788888888888888878787878685
1220848382828180797979787878797979798081828283838381797574757373717070686970707070717274767778797979808080808081818181818181
1221818181797877757677767779798080787776757677787879808081818181818080808081818282848484848383838281818180808080797777787777
1222787879797979797979797979808181818182828181828282828283848484858585858586868686868686878787878787878787878787888888888888
1223888787878686858584848483838384848484848483828181818180808079797878787777787980818182838383848484858585858585858483828182
1300828283838383838383838384848484858585858585858585858585858585858585858686868686868686868686868685858585858484848484848585
1301858585858584848484848484848485858585858585858585858585858585858585858585858585858585858686868686868686868686868787878787
1302878787878787878787878787878787878787878787878787878787878787878787878787878787878787878787878787878787878787878787878787
1303868686858380787777777777767676767676767676767676777878787979797980818182828282828181808080818180808081818181818181818282
1304828282828282828282838383838383838282828282828282828181808080808080808081818282838383828181818080808080818181818181828282
1305828282818080807979808081818182828283838383838383848484848484848484848484848484848484848484848585858585858585858686868686
1306868686858585848484848484848484848383838383838484848484848484858585858686868686868686868686868686868686868686868686868787
1307878787878787878787878787878787878787878787878787878787878787878787878787878788888888888888888888878787878787878786868585
1308848484848484848484848484848483838282828180808080807979797878797877777677777777777777777677767575757575757574747373737472
1309747272727372737373727173727272727272727373727272727272717171717171717069697069696969676768696767676868697067676665676867
1310676566666666646665656565656465646666646464646161616262616163636361646162606161616060606061606261616160606061596060606060
1311596062606059605959595855565656565658565657575656555555555455565556565556565554555754545555555355535454535352545452545254
1312545252525255535453565253525453535050505050505250505051505152515452494952505150495052495048505149485050535051495048504849
1313494948504949474849484746484748484848484850484747474645454646464646464748494847484850504847485047484747474847494748474850
1314485148494646464546454546464745464746454648464446444647464646464646444444474446474743444344454443424241424145403942393740
1315404040403837363936383738424140394140404039404242414342434440394239413939404038373833343433343836374140384142424240404341
1316414140383840404038383738384040414041384039394043434342434344444345454746454546444646454447464542424444434243434139414140
1317414342424141414245434241434241393940424043424243424141414144424343434441414241454343424142414341444142424242444444434343
1318424343445143454544454545444545454446454647485051525353535354545455555454545554545454555554565657595961616161606060606059
1319605959595958585655545454545454545555555556565655565656575757575860626566686970717171717273747576747577777777797979808080
1320798080808181818283838383838181828382818079787878798080808080807979787877747270706970686968687069696969696970706969696969
1321707170737472717171717070707070707072737474757676757574737476777776767575757676767577777777777677777876767777777776767575
1322747475757576767675757575757575757576768875757574747576767676767777777779787778787878797979797978797978787878767577767675
1323757576767777777878787878798080807977777778787777777776777778777778787878797979797979797980807979798080808080797978797978
1400797979808080808079798080818080798080797978787776777879797979798080808180807978777675747272717170707171717171727372737374
1401737373737372717271717171717171717272737475767677777877767776767677777777777777787879798081818181818282818180808079787878
1402777676767676767676777677777777777777777777777777777778787879797879798979797979797979797979798080808080808079797979797979
1403797979797979797979808080808181818180808080808079797980808079787878787978797979797979797979797980807979797877777776757574
1404747474747474747575747474747473747474747474747474757575757575767676767776767676767677767777777776767677777777777777777777
1405777777777777777777777777787778787878787878787879797979797979797980808080808080808080808081828281818181818181818181818181
1406818181818181818181818181828281818181818181818181818181818181818181818181818282828282828181807979798679797979797978777777
1407777777777878787879797979798080808080808181818180808079797979797979797980818181818181818282828282828382828282838383838383
1408838281818181818181808080808080808080808079807979798080808080808080808079797979798080797979797979797978787878787778787978
1409777877777676777777777777767676777575747475747474747576757575747576757576767575757575767575757576767575757574747475757475
1410747374747574747575737373737374737373747473737373737374747272737272737272727272727272727271717171727271716970707071707170
1411696870696870687168676768676768696868676868676969676667666767666668676766656665656461626361616162626363646364646262636364
1412656464646665666565656665666665646566666462626262626361616262606162626158606060616059595960595959605961606061616159595960
1413625959606060616161605959616058595959585859595857585858575758595858595958585859595958585758585759575658565758585756575656
1414555655565755555554545656545554555554575653555656555455555758565456565656565556565656565555555555555655555555555555565555
1415545554555554535353545455555352525354555555555555565556555656565657575857575658585656565656575756575757565656575757575658
1416585756565656545554555656555456565658565656575757575756575758585757575756575657575857575656545555555655565657545656555556
1417565759585757575755555555555656555757565657575757565656565856565756575857565756565758585859595960605859585858585858575757
1418575758585858585958585859596059606061616262636363636363636464646464646464646464646464646464646161616061616061616161626262
1419656567686970717273747474757676767574747474747373737270696868696970696969686868686868676767676867676767676868696971717172
1420727374747575767676767677777777787877787777777777777676767676767676747373727171707068676766666666666767686868686968686868
1421686867676766676767676767676767676768686767666766666666666566666566656565656565656565656565656564646463626262616161616060
1422606060606060606060606060606160606060616061616161606060606060606060616161616161616161616161616161616160606059595959595858
1423575758585757575858585858585858585859595959626464656765656768676969707071706766666665646463636261606060616161616161606060
1500606061616160606060606161606161626363626262626261616161626161616161606060606060606060616062616161626261626261636363656567
1501707069687069686868696868696967676766666666656564646464646464646364646364656563656565646464646465656465656665676767676868
1502697071727269717272737170727473757375747374747473757475747576747372727374757574757576757374747474747474747474747474747474
1503747575747574747475757575757575757677777878787979808080818181818181818080808080808080808080818181808080808080808181808080
1504808080818080808080808079807979807979797979797978787878787878797979798079797979797978787878787878797978787878787878787979
1505798080808080818080808080808080808080798080808081818282838383838483838383838383838383838383838383838382828282828283828383
1506838383838484838382838383838383838382838383838384848484848484848281807979797979797878787878787878787878787879797980807980
1507808080808079797979797979797878787879797878787878787878787878787877777777777777787777777878787877777777777777777777777777
1508777777777778787877777878787878787878787878777878787777777778787878777777777878787878777777777776777777777676777677767777
1509767777777677767676767576767676767575747474757474747473737474747474737474737373737272717171717172727273717270707070706969
1510697171696969696969696968686869696969666667666667676766666866666768676664646566656565656466666464616163636464636462626261
1511626059596058575955565757575554565554565555545557555656565555555555555654555454545453555554555555535354515152515152515352
1512525151525149505352535050515051525150535051515251505051504950474847474848484745474745444545474947434444434344424442424141
1513394041404240424042434144464042424241404239393939384039404039394244394041414039393939404038403938394037383839373738373739
1514383937393839363740403739403536363636353737393738373738353636363939363737363536373739383738394139403736363637404138353533
1515353736373636363737373635363636363538383837353639353635353434353638373637353735353738373536383735383737353637373534343535
1516343637383839373735383636373637353636353735383937353434353536353936343535363739393837383936373837383738393836383737373841
1517373939393938373737373837393838383839383741394040394139374037373837393938424139384039414143414240414141434343414142414141
1518414242414241424242414141414142414141424141414141424343444343424344434242434343434343444442424242424344434546444544444545
1519444647454543444445444242434143424243414242424243414041424242424142444443424344444543424143434444454545444343444344434344
1520444444444546834646464547474747474545454545434443444343434444444444444444444445454544444545454647464748484949495050505151
1521525152525352525253535353545554555453545251535354545654575554575654575757555758575459565658606059616262626259606160606162
1522636362626262636464636564656566656464666464676666666667666568686867676868686969696969696969696868696970697170707070707071
1523707172727272717273727273747373737372737373737575757574747474747474747576767677767575757677777777777777777776767575767677
1600767574747472707273717271717171717272717271817171727271707070707071717171717172737272727272727272727270696968676767676665
1601646363636363626263646363646364646465656565656565676666676666686868686969707069707172727373727272727373727373737473737474
1602747474757575747475757575757676767676767677777777777777787877777877787878787878787878787877777878777777777877777877787878
1603787878777778787878787879797979797979797980808080808181808080808080808080808080808080808079787776767575757474747474747474
1604747473737373737373737373737373737373737373737272727373737374747575767677827778787879797979798080808080808080808080808080
1605818181818181818181818182828282828282828282838383838383838383848484848484848484848484848484848484848484848484848484848484
1606848484848484848484848484848484848484848484848484848484848484858585858585858585858585858585858585858585858585858585858585
1607858585858585858585858585858585858585858585858484848484848484848484848484848484848484848484848484848484848484848484848484
1608848484838383828281818181807878777777767675757474747373737373737373747472727272727273747372717272737170787071717170696969
1609686970686868706968676768676667676766666666656565666766666666656565656464646464656463636465646666636362626263636564646364
1610636464646464636362616162626161606061606261616059585960595959595857575657585857565655565756575858575858565756565656555756
1611545453535352535454565553505051525352535252525352535353545454545554545656555653545453535352515454525354525254525454545354
1612545554545454555455555555565456565554565655555555555655555354555655585454535454555355575655575553555556545453555455575554
1613555554565656505554545555545456545352535353525252535351535352525451515352505452535250515250505051535153525353535253535354
1614535253555453535353545453535253525152525251535051525050515052525252494950485149514949505049495050495049505050505050494949
1615504850484849474950504849474849484847484745444547454446464645484546444645464647474747484946464648484748464848474749494850
1616505050485048484949495049514949494948484647474849485049484647474647474748474746454746464747484747464848464749474948494947
1617474948484849514948494748495051515150494950495050504948485050505051504949495050504950494949504948474848474847484850514950
1618525049494950505052515147484749494949494948484848484849494949494948484950504849485051515050505051515353515251504950525150
1619505352535353535252525151515051525252545653525150515253525354545453525253545354545354545354555656565657585758585858585858
1620585958595857585958585959595858595959595960596060606059606060595959606059606160616161616161606161626262626364656666666666
1621666667686869696969697070706969697070707070707171717171717172727372727272737373737373737373727272706968676666646463636363
1622636363646465656566666667676869706969707070696969697070717172727272727272727373737374747374747372737372727374747474747575
1623757575757575757575757575767676757577777676767777777777777778787878787878787878797879797979797979798079797979808080808080
1700808080807979797979797979797979797979798080808080808079787878787878787979797979798080808080818181818182828282828282828282
1701828282828282828281828282828282828282828282828282818181818181818181818181818181818181808079797978787777777777777777777777
1702777878787878787878787978787979797978787877777777777676767676767676767675757575757576767676757676767676767676767676767676
1703767676767676767676767676767676767676767676767677777777777777777777777777777777777777777778787878787878787878787878787878
1704787878787878787878787878787878787878787878787878787878787878787878787878787878787878787878787878787878787878787878787877
1705777777777777777777777777777777777777777777767676767676767676767676767676767676767575757575757575757575757575757575757575
1706757575757575757575757575767576767676757575757575757575757575757575757676767777767676767676767676767676767676767676767575
1707767675767676767676767574747474747474747474747474747474747474747474747575757575767576767676767777777777777777787877777777
1708787878787878787878787878787878787878787878787878787878787878787878787878787878787878787878787878787878787878787878787878
1709787878787878787878787878787878787878787878787878787878787878787878787878787878787878787878787878787878787878787878787878
1710787878787878787878787878787878787878787878787878787878787878787878787878787878787878787878787878787878787878787878787878
1711787878787878787878787878787878787878787878787878787878787878787878787878787878787878787878787878787878787878787878787878
1712787878787878787878787878787878787878787878787878787878787878787878787878787878787878787878787878787878787878787878787878
1713787878787878787878787878787878787878787878787878787878787878787878787878787878787878787878787878787878787878787878787878
1714787878787878787878787878787878787878787878787878787878787878787878787878787878787878787878787878787878787878787878787878
1715787878787878787878787878787878787878787878787878787878787878787878787878787878787878787878787878787878787878787878787878
1716787878787878787878787878787878787878787878787878787878787878787878787878787878787878787878787878787878787878787878787878
1717787878787878787878787878787878787878787878787878787878787878787878787878787878787878787878787878787878787878787878787878
1718787878787878787878787878787878787878787878787878787878787878787878787878787878787878787878787878787878787878787878787878
1719787878787878787878787878787878787878787878787878787878787878787878787878787878787878787878787878787878787878787878787878
1720787878787878787878787878787878787878787878787878787878787878787878787878787878787878787878787878787878787878787878787878
1721787878787878787878787878787878787878787878787878787878787878787878787878787878787878787878787878787878787878787878787878
1722787878787878787878787878787878787878787878787878787878787878787878787878787878787878787878787878787878787878787878787878
1723787878787878787878787878787878787878787878787878787878787878787878787878787878787878787878787878787878787878787878787878
1800707171707070707171717170707070707069696968696868686868686969686969696969707070707170717070717272727474737475757576757576
1801767575757676757474747474757574757778787879797979797979808079808080808081818079808080818182828181818281817978777776767676
1802757675757575757575777676777878787879777778798080807979797980818282838382828282838383828282838382828282838383838383838281
1803818180807979797878787776767574747474747474737474747475757576767677777778787878787878787878787979797979797979797979797979
1804797878787878787777757473737372727272727273737373737474747474757575757576757575757575757575757574747474747474757575757575
1805757576767676767675757575757574747474757575757676767777777879808080797980818181818281818281818181808080808181818282828282
1806828283838383848483838383828281808079797878777777777777777777777777787979787880808080808081818181818181818181818080808081
1807818182828182828280798078787980797877777676767675777776767676757576757474747474747573737373727071696970707069936869696869
1808676667666668686768676868676565646565656665666664636365646361616060616161626362616262626361616260616162616362606060606061
1809606059595960596059595959606058585959605960595959585957575657585757575659575857575757575657565657575555585757585657575555
1810545656555554555454545454545655565555555353545355555455535455535353535253555353535352525454535252525553545352515152515151
1811515251515151525051515151515349494952505150504951515049495050505050474849494848505050515251494747494847484848494847494846
1812464646474543444745874846464547474749454646464848494747474646464646464749474646474845454747464646474848474648464647464648
1813454747464648474646464645464747454547474746474444464645464747464644434444434747444646474544424343444541414243414341424041
1814434242414241434343434243424143444140424141434343434241414345444143404141434242404142434343414343434344434343424244424445
1815434242434243454344454443434444434342454442454544434240414444434242444344434344444443474545484645464746454646464545454748
1816464747454445454743444644434344444545434343444242864242444241424240404140404038373639383637383535343637363835343232343334
1817353233363334353735373939373836363639394042404139484647424344464749494948484848484849484848484848484949494950504949494949
1818323336333435373537393937383636363939404240413948464742434446474949494848484848484948484949494949494949504949494949505050
1819505050495049504949495050505049505050505050505050495049504950505050515152525252525252535353525253535253535353535353535353
1820535353535353535353535353545556565757585960616161626263636364636465666768697072757678808283848384858686878787888888888888
1821888888888888898989898989898989898989898989898989898989898989898989898989898989898989898989898989898989898989898989898989
1822898989898989898989898989898989898989898989898989898989898989898989898989898989898989898989898989898989898989898989898989
1823898989898989898989898989898989898989898989898989898989898989898989898989898989898989898989898888888887878685848383828282
1900828181808080818181828283838484848585868686868686878787878787878786878787878787878788888888888888888888888888888888888889
1901898989898989898888888888888888888888888888888888888888888888888888888888888888888888888888888888888888888888888888888888
1902888888888888888989898989898989898989898888888888888888888888878787878787878787878787878788888888888888888888888887878787
1903878787878787878787878888888888888888888888888888888888888888888888888888888888888888888888878787878787878787878787878686
1904868686858584848384848483848483848484848484848484848484848585858585858585858585858585858586868686868686868686868686868686
1905868686868686868787878787878787878787878787878787878787868686868685858585858585858585858585858585858584848484848484838383
1906838383838383838383838383838383838383838383848484848484848484848484848484848484848484848484848484848484858585858585858585
1907858585858585848484848484848484838383838383828383828382838383838282828283848485858585858585858585858586868686868686868686
1908858585858585858585858585858585858585858585858585848484848383838282828282828283838383838383838383838383838383838383838383
1909838383838383838383838282828282828282818282828281818181818080808079808079798079797878787777777876767673737473747473757674
1910737373737373737373737373747373727372717171707171727372717173727372717172737272727270737474747372727372727273747273737372
1911737373727374737375747274737372737374747272737472737371717069707170706969696970696968686969697070696969696970707170707071
1912717171717171717172727272727271717172727172737473727373737271717272737474747373737373747475747373737272727373737373727271
1913717171707070707070717272717070696971717371707271717271726970707170706870697069686869696868707070717071717070716969697069
1914686968697068686869706969697069686767676867666767666767666968666668666768696867676667686666676869676767676868686666666566
1915676666656565646465656465676666656666656563636666646566664765656565676765656666656566656464646364656666656565666766666566
1916656465646365636665656566666565676666666665666666666765666566666765656666676667656666666566666766676665656566676765656565
1917646465646263656463636364646564646566656565656565656565656566646465666564656564656565656565666565656564646464646464646565
1918656465656566666565656566666665666565656665666565656666656567666565666665666666666667666766666666656565656565656464656465
1919646565646464656565656565666766646565656565676666676667676768686868686969696969696970694969696969696969686969686968686968
1920696969696969707070707070696969696969696969706969696868686868686868676767676868686868686868676767686868686867676767676767
1921676767676767666767676767676767676767676767676767676768686867686767676868686868686868686969696969696969696969696969696969
1922696969696969696969696969697069696969697069707070707070717070707070707070707070717171717171717171717171727272727172727272
1923717272727272727171717171717171717171717171717171717171717171707070707070707070707070707070707171717171727272717171726872
2000727272737273737373747474747373747373737474737374747473747474747474757575777675757575767576767776777978787879777778787878
2001777776767575767677767677777777767676767575757576767878787877777677777878787879797979797979797979797979797978787878787878
2002787878777878797979787979797980808081818181808081807979797879808080808181818182828281818181808080808180797979797878787879
2003787778777777777778787877787879797978787879807980808079797979797878787878797980818182818182818282828080818180808181828282
2004828280797979797980797980817481818282807979798081828282838383848484848585858585858585868686868686868686868686878787878787
2005878787878787878787878787878787878787878787878786868686868686868686868686868686868686868686868687878787878787878787878787
2006888888888888888888888888888888888888888888888889898989898989898989898989898989898989898989898989898989898989898989898989
2007898989898989898989898989898989898989898989898989898989898989898989898989898989898989898989898989898989898989898989898989
2008898989898989898989898989898989898989898989898989898989897589898989909090909090909090909090909090909090909090909090909090
2009909090909090909090909090909090898989898989898989898989898989898989898988888887878686858585858584848484848484848383838383
2010838384838383838383838282828282828282828281828281818181818181808080797979798080808080798079787878787878787877777776767675
2011747576767575757676767675757372717171717170687070717272696869696968696867676768686767676769676768676766666768686767686664
2012666667676664656667646465656463646464666463626365646261616063626260586259606062606059616162646463636363656465666769697070
2013727071707171717170717272737171726968706970706969696968696868696868686868676766666767656566656667666664646462656160616059
2014616060606061616063626262636162616264636263646362616361625958586059585858575859596160565658575757575958605957595857585658
2015595755575859575755575656565556575758565757565657565656565656555654565656545655575556565656555352525149504747505051505251
2016525149494948484849504951484545484646464446474547434445444643444242414445434546444444444444454545454444454542414243414243
2017424343434140414140424343414242434342424139403943424141424240394140383939394040413939403939383838393938373939403938404142
2018424242434143414241434445454445464445444645454543444543444544454446464546454646464545454546444444444445454445464747454444
2019454747464647454646454645454547474546464745454446454647464545454544444545454545454646464647464847474747474647464646464746
2020464748474647474747474747484747474848484848484949494949494950505051515049505050505052525454545454545455545655565858616262
2021646565646364646465646564656668696869707070707272727373737372737575747474747374747474737373747575757576767676767575757576
2022767575767676777777777777777878797978777778797978797978787778787878787878787878787777787778787979787979797979797980797979
2023787979797978787979797979798080798080808080797980808079797979798080808181818081818181818181818181818181818182828282828383
2100838383838383838383838383838383838383838384848484848484848484848484848484848484848484848484848484838383838383838384838383
2101828281818079808080808080818282828282828181818283828383838382828282828283838383838383838382828181818181818282828282818181
2102818282818181818181828282818182828181818282828282828282828282838383838383838383838383838383838484838383838383838383838383
2103838282838383828282838383838383838383838382828282828283838383838282828182838383828282828282828282828283838383838383838383
2104838381807979798080818080808181818181818181828282828282828281818282828382828282828281818181828281818181828282828281818181
2105818181818181818182828282828282828282828282838383838383838383848483828181818180787876757473706968686866656464636363636464
2106646363636363636262646363636363636363646465666667656667686766666666656666676968697071727374747575757575757575767676767676
2107767777787877787777777878787978787878777879797979797978777878787878777778787876757676757576777777787978787879797980808079
2108797978787877777776777475777774767778787980807979777776777979797977767472747574737069676765656566666866656461626160575758
2109606061626465626266646264636059595957565657565655545555565757545556545252535152545355555553545353545555565757555456545453
2110535152515352525152525352515252495050484950505150525153515151515252515050505152494948505052494948495050504949474748494847
2111474847464649474545474745454746464646464747484948484950504946474848494847474849514747494645464445444548454545474749494947
2112484847484746464546474544424344434244434345444343434241404239404042414040404243403940394040414039404040353636373534343436
2113343735373635363737374039413938373737383735333535323031323232303131313031302828283027292930282728292828292829282828292927
2114262929282829292523242525252627232423242425242422232423222324232323242323232524232325232425252325252426262627272727272727
2115272726282728282826262726262727272728262727282829282928282827272727272828282729282928272727282627272727272728262727272828
2116282928292928272828292828282728292929292929293030303029282727282929293030282829293029292929313030303030303029293131302930
2117303130313029303030313331313030313231322828272728292930282726282929292827282930313028282929303130313131313131313131313131
2118313232323332323233333132313131313132313231313231313132323333323132323232323132323232323232313132323232313132323132333332
2119313131313231313131313131323232323233323233323232333332343433333333333232323131313232323232333232323332333232333333333434
2120333433333233333434343435353535353435353636404041424846444548484547444645454948464451504953525254535253545555556061625857
2121575657575958575860606060616162595961616156595963605959596163646563636364656462626160595959856057565959596060595858575556
2122565757596060596060616260585858595856555556565454555353525351515049484847474847474747474848474947494749494848494947484847
2123474646454544434444434444444444444444454545464546444545454646474545454646454545444443444443434344444444444544454745474748
2200484949505050505049505050505050515152515252545355575654535554535252515150515152505051525254545453535451565861595860605859
2201575855565455576161616059616360616262626161626362616161636461606060596262605862616363636261636259575860585958575960616058
2202846163595858585956565658575656575756565859575857565252525454545559595957586156545960575957585757575858575758576261575758
2203605859565656565755525154545655575352545251505152505050494950504950505051515254525252525252525252535353545354595451525250
2204505151525253545454545555545455565758595961606061626364636567676968676869727273747373727575757474747676757575757473737170
2205696969706868676968676766656666666565646362626261606160595960606059596060616262636465656666676666666667676868686970707071
2206717171717171717171717170707070887070707070707171707070696968686868686767686868686868686868686867676767676767676767676767
2207676868686969696969696970707070717171717172727171717170707069697070706970696968686868686768686868686867676868686868686868
2208686867686768696868676767676868686868686868686869696869706970706970697070697070727171727372737271737473757375757475757576
2209767676767676777878797978787878787775757372737474747170717375767675737475757475767676767776757474757372716970707070706969
2210696768686868686869697070717171727272727272727272717271717272747171717172737272727373737373757575757575767676767677777879
2211787979797980807878797978797777777878787878787878798080808081818181818182828282818181828280808080807980808181828283838384
2212848484848585848484848484858585858585858484848484848484848484848383838383848484848484838484848484848484848484848484848484
2213848484838383838382828282828283838383848484848383828181808080798079787879787777777777787879808080808080808181818181818181
2214818282818079797980797979798080808080797978787777787676777675767576767676757676767574757675747474747473737474747373737273
2215737374737474747373757474747374737474737373747474747373747373747475747374747373747574757474747474747474757476767474747574
2216747675767674747372737475747375757373747475757575757575757576767778787877777777777877787778787979797980807978798079787878
2217787979787878797877787778787778787777777777767777767677777676767574747574747574737374747373727273737474747373737372727373
2218737373737273757473747474737475757374747374747473737373737373737373727372737374747473737373737373737474747474737475767677
2219777877777878787878777778777878787778787878787878787878797978787878787878787979797979797979797979797878787878787878787879
2220787979797979797979797979797979797979797978777777767777787878787878787778798079797978798079797979808079797979798079797978
2221787878787879797979787877777778777879787778787777767575777878777777787877787878787879797979808080808080798081818181818282
2222828282828282828283838383838383838383838383838383838383838484848484848484848484848484848485848585858585858585858584858585
2223858585858585858585858585858585858585858585858585858585858586868686868686868686868686868686868686868686868686868686868686
2300868686868686868686868686868686868686868686868686868686868686868686868686868686868686868686868686868686858585858585858585
2301858584848484848484848484848484858585858585858585858586868686868686868686868686868686868686868685858586868686868686868686
2302868686868686868686868686868686868686868686868686868686868686868686868686868585858484848382828282828282828281818181818181
2303818181818181818181818080808080797980808080797980808080808080808080818181818080808080808080808080808080808081818080808080
2304808080808080808080808081818181818181828282828282828282828282828282828282828282828282828282828282828282838383838383838383
2305838382838382828282828282828282828282828282838383838383838383838383838383838383838383838383838383838383838383838383838383
2306838383838383838383838383838383838383838383838383838383838383838383838384848484848484848484858585858585858585858585858585
2307858585858585858585858585858585858585858585858585858585858585858585858585858585858585858585858585858585858585858585858585
2308858585858585858585858585858585858585858585858585858585858585858585858585858585858585848484848483838383848383838383838382
2309818182828181818281818181818080808081808080797980808079808080797979797878787878797878787877777877787978777777777778777677
2310777778777776777676777775747474747574737373737473757573747373747474747371717272717070707169697070707070707071696968697069
2311697070706969707069706970686766676867676667656464646362636264626262626158586058595959605958585858596059605963616060606159
2312595656555555555658565556575657575657555454575756545454555453545453525454555556545455545454555554565656565454535355545554
2313525354545554565555565556555658555354535455565555555655565553555654555655545454545754565655555654555654545454555556545555
2314555453545554545554545553515251525353535354525250515151525353535152535353535352525453535354535355525351525352535354535351
2315525252535455535253535553545354535454535354555352535454545253535353525151525251525253525352525252525252525253535453545452
2316535353545553555454555455545453545453545555555252555454555454545352535353535353535455545556545453545455545454545454525352
2317545453515354545151525253535352525151515251535353525252505152515051515050505252525250515150505050495149505151505150485050
2318515050495049515051504951495151515049504951504949495048495049495050515152525151505251525354525252525150515051515152535253
2319525253535254535253535453535252525353535353525253535253535453545454545554545456555655555555555655555656555455555555565655
2320555554545555555554555656565655555555555555555556555656575757585858585858585859595958595858595959595959595859595959596060
2321606060606160606060606160616161616161616161616161616162626261626363636464646464656565646565656565646565656564636363646464
2322646464646464656565666667676767676768686870687071717273727373737374747473757574757676767575757474737372737272727374757473
2323737272706968686868686868666666676666666767686769707173737373747474757676767677777676777677777774777878797979797979808080
2400808080808080807979797979797979797879787978797878797979797979797979798080808080808080818181818181818181818181818181818181
2401818181818181818181828282828282828282838382838383838383838383838384848484838383838383838383848484848484848484858585858585
2402858585858585858585858585858585858585858585858686868686868686868686868686868686868686868686868686868686868686868686868686
2403868686868686868686868686868686868686868686868686868686868686868686868686868686878787878787878787878787878787878787878787
2404878786878787878787878787878787878787878787878787878787878787878787878787878787878787878787878787878787878787878787878787
2405878787878787878787878787878787878787878787878787878787878787878787878787878787878787878787878787878787878787878787878787
2406878787878787878787878787878787878787878787878787878787878787878787878787878787878788888888888888888888888787878787878787
2407878787878787878787878787878787878787878787878787878787878787878787878788888888888888888888888887878787878787878787878788
2408888888888888888888888888888888888887878787878787878787878786868686858483828281818181807978767777757574757374747474737373
2409737373737373737271717171707271717069686967686970696768686868686868696768676868687069686868666666666565656766656464656464
2410646362616060616161616260606061616060616161616162626160595959595958616160606059595960586059585858575759585758575956555555
2411585756565759595957585757555757575555575757555553535253535454555354555454545453535250505149515049505151505051515352525251
2412505049495050515051525251515149494947484748504848464747464546474643464648474646474747474948494947474948484749495048514949
2413504949494950494948474949484649494948504847494848494949484749464747484848464647504747474848464646454647464444434546444546
2414454545464544454545444543444545444343444546444543454545434445464546454342424242404140414040414040404040444241424142424041
2415424038404141404039394039393940404040384041404139384040404041404041394039384040393941434242434241414141414341424140414239
2416404140404341444443444445464545464547474546484746474746474748474746454646464646444446444444444432434443424343424243434344
2417454544444345454645444544444444444546474645444546454446464645464648474645474647464746474646464746464647464848484747484948
2418484848484849494849494849484848484948484948504950484949484948484848474747484747484848494848484848484949484849484849484847
2419484949484748484851504949505153545556565656575757575757575757575757585857575757575758585857585857585858585758585858585858
2420585959595859595959595959605960595959596059596060606161606060606161616061616262626363626262626364656365646665656566666667
2421676566666667666868697070686969696969707069707172727273717071717272717171717272737373727373737373737272727373737474737374
2422747576777777777777767676767675757575757577767778777676777777777777767675767676767676767576767676767677777574757474747373
2423737473737475757575767776757573737475747474747373737474747475757474747574747474747475757575767676767677777778787777767576
2500757678787777777777777777787879787879797979797979798079797878787879797979797979797979797979797877787879797979797980807979
2501797979787979797979808081818181818181818181818181818182828181808081818181808080808079808080798079808080808080808080808181
2502818181818181808181818081818181818282828281818181808081808180808079787777777777777878787978797979797979797980808080808080
2503808181808181818181828281818182828180808080818081818180808180808081818181818181818181818181818181818282828181818081808080
2504818181818181818180808181818181818080808080818181818181818181818081818182818180808079787776767676767877767676767879787878
2505787778787980808080808080808080808080808080808081818181818180808080808080808181808180808080807980797980808181818180818079
2506797978787778787877787878787978787879797979797879797979798080797777787878787979787877797877777777777877777776777878797979
2507787878797979797979797879797979797979797979818181808080808081808181818181818181808181818181818182818181818180808079798080
2508808181818181818079797980808080808080807878787979777778808080818181818181797979797778787979808079797979787878777675727375
2509747475747273747375737070737170696869687170697169676970716767696968686868686867686768686867676869697067686968686767676868
2510686767666868676766676665666665656666666768676666656667666665666665646664656464646362626464636363626363636462636262636362
2511626162626263636058575858595958585857585658555656575557575758585453545454555555565656565757545554555454565353535253525152
2512525252515151505154535151525151525352525151515252515251515352555252535351525251515251525252535251525253535252535253535252
2513525252515050495049504848484849494948494949484647484748464646484647464645474546464647464647484647474748474747454648474747
2514484746474846464545464645464546454547454545454547454644444445464544444546454645434342424040424242444545444344434444454545
2515464344464444424544424343424243424243434344434343414443424243424344444343414243444242424243444243454543414242424240414040
2516424041404038404239373635383736353538383836373839394143424241414141414040414041424343444344444343434443424243424242424544
2517434445434143444544454545454545454545444445454647454543434343444544444546464647464544464343434445434344434644444444464546
2518484849494950484948494950505050495050494950505050495050505049515050515051515049505051505049495049495049504950505150525151
2519515050505050505151515251515354545556575758585959596060606060616060616161616161616060616060606060606059596059606060606060
2520606161616161606161616161616160616161616060606060606060605959605960606060606059606060606060606060606060606161616161616161
2521616161616060616060606059606059595959606060606060606060606060606061616161616262626262616262626161616161616161616061616060
2522616061626160606060606060606061606161616061606060606060606060606060606060606160606161606060615959595959596060606060606060
2523606060606059595959596059595959595959605959595960605959595959595960605959605959606059595959596060605959595959595959595959
2600595959606059606060595960606060616161606060606060606060606061616061616161616161616161616161626262626362626262626262626262
2601626262626262626263636464656565656565656564646464646464646465656565656666656565656565656565656565656567676666676768686869
2602707070707070696969707070717071727172727272737472737373737474747373747373737272717271717272727273737272717272727272727373
2603737474747675767676767677777777777777777777777878787878797979797979808080808080808080808181818181818181818181818181818181
2604818181818181828281818181818181818181818080808181818181818181808080808080808080808080808081818181818181818282828282828283
2605838383838383838383838383838384848484848484848484848484848484848485858585858585858585858585858585858585858585858585858585
2606858585858985858585858686868686858585858584848383828282828281818180808080808080808079797878787777777778787777777777777778
2607787878797979808080808080808080808080818080818181818181828282838383838383838484848484848484848484848585858585858585858585
2608858585858585858585858585858585858585848484848484838383838382828282828382828382818080787878777776767676767475747475757474
2609747473737474747474737373737373737374757373727372717172727272717271717170707069696869706969686869686868686868686667656666
2610676866676666666665656565656665646463648464646463646364646364636363636263636363646362636362636262636363616261616160606059
2611616059606061605960596058585857565656575757585656575758565658575757565656555757555555565757575656545453535455555554545354
2612535153525151525353535353545151525050525049495149504950524947494749504849484749505049494949494848484848494948494748494847
2613484748474847484848474846464647464646474547464545474545444444464444444445454644444545454544444242444444444342444342444545
2614444445474544444344434343444345444446444444444546474543414141434342425842434242434444434141424244424341414142424442414242
2615414242444140424242424142414142434443434342444243424242414244444544464544444345444343444344434542434241434243444443444444
2616434342424342424242424340404241404041434342444442434041404240394141414140414242414240414241404040414139393839394039393838
2617383839393939403939394040404039403939393940393839404039403941404040414140394039394040394039394039394039394039383841414039
2618404039404142414242414241424141414141424240414341424344434242424343434343434345444343434344434445454645444443444343434344
2619424242424243434344434544444443444444434443444444444445454546464645464646474646464646464646464646484747474747474747474747
2620474848474748484849484948484848494848494848484949494949494950504950494949504949494950504949504949504949495049494949495051
2621515051505050515051525253525153555454545454545455545455555556555856565756575758585859605960606260626364626365666566666667
2622676666666766666665656465676667666567676667686868696969697070696869707070706868686970697070707070707070706969707071717172
2623717172717170696970707071717272727273737373727272727272727372727272727272727272727373737373737374747574757575757575757576
2700757575757676767677777676767677777777777777777777777778787878787878787878787878787878787878787878777677777777777778787878
2701787878797979797979797979797980808080808079797878787878797979798080808080808080818181818181818181818181818180808080818181
2702808080808080808079797979797979797979797979797979797979797979797979797979797980797979797979797979808080808080808080808081
2703818181818081818181818181818181818181818282828282828282828282828282828282838383838383838383838383838282838383838383838383
2704838382828283838383838383838383838383838383838383838383838383838383838383838383838382828282828282828282828282838383838383
2705838383838383838383838383838383838383838383838383838383838383838383838383838383838383838383848484848484848484848484848484
2706848484848484848484848484848484848484848484848484848484848484848484848484848484848484848484848585848484848484848484848484
2707848483838383838384848484848484848484848485858585858585858585858585858584848484848484858585858585858585858585858585858585
2708858585858585858585858585858585858585858585858585858585848484848484848483838484838382818180797979808079787978797979797879
2709787776777676767473717070706970707069696870706970707069697069696968676866666766666667666665646564656564646464636363636564
2710646263636464646564636262626363626160626161616161626162616160616061605959595959586060616060606060606060595858595857585757
2711575655555555555656565757575758585757555655545555555453535455555453515354515253505051525251525252525254525452525252525452
2712515150515151525048505051494950495052515150505051495150515352545454545454545452525352525151525151525152515151515152515253
2713515252525052525151515050484849504948494748484849494950504847484849494948474747464748474849474645454744454646454647474746
2714444545454447464646464646464545464544434644444243434544454443444344434445454445454444454545444345464645444445444443434244
2715444342434442424342424341414242424142434243434242424343444342424343424243434444454544454645464646464545464645464546464646
2716484746454546474646454546454643444242424343414243434040394040393939404140414042434140394242424044464949505050515051515152
2717525252535252535353545454545454555554545454545453545353535354556061656667696971727372737271727274747476767474757473757474
2718767574737472706866676767666464646465656564656364616261626061585957575757575757575757585858585860596059595958595958585656
2719565656565656565756565655565656555556555556565656565656565756565555565656565656565656565656565656575657565756575756565756
2720575757575757575757565657575656565656575756575756575758575757575757575757575757575857585858585858585858585858585858585857
2721575858585858585959595959595959596060606060606161616061616161616161626161616161616261626262626262626263646364656464656766
2722666665686968686868676666656463636262626262626262626262626263626363636363636363636363636363636464636464646464636464636463
2723646364636363636363636362636263636263626262636363626262636363636363636363636363636363636362626262626262626262626262636263
2800636463636363636261616161616162616262616162616161616161616161616161616162616160606060606060606060596059606060596059606060
2801606060606060606060606060606061616161616262626262636363636465646464656465646464646464646566656565656565656564646465646464
2802656665656667676869696970697170707070707071717172727271707171707070696969686768676767676769717070706968707069697170686969
2803696969686868676666666666666565666565666666676869686870706868686969696969696868686868686968686869697171717070717070717172
2804717273727271717270717171737373727171717173737171707070707169706969707070717170707070717170707170707070707070707070707170
2805707070697070707070706970707070707070706969696969696869696869696969696969697071707071707070697070697070696970696968686768
2806686768686767686867686868686868686868686868696869696969707069707070707070707171717171717171727272727272727272727273737272
2807727272727272727272727272727273737373737373727273727373737373737373737374737373737374737373737474747474747474747474757575
2808757575757575857575757675747474757575757574757474747474747475747474747474757574767574747373737372737272737373737373737373
2809747373737373747373747374737474747475747474747474747474757475757576757575757575757575747575757675757575757575757575757474
2810747474747473737373727272737272727272727272727272727272727271727171717271727170717069717070697070707070697070696970696969
2811706969707069696968686868696969686868696868696969686969697070686969697069696969707070696969696869686868686969686868686869
2812686869686867686768696867686767686867676766656765656565656464646464646463646464646565646464646463636364646363646363636262
2813626263636360626264646262626362626262626263616363636363646463636463636363636463626363626363636363636364646363636364636363
2814626362626261626262636161626262636162616161616260595960606161616161626261626261616161616159596060596159616059595959595960
2815606161596059596060595958575960585859585960596059595959605958585858575857585859585857595958585757575758575958585757575857
2816575657565756555556565656575857575758585757585858575757575758575757575757565656565756555655555556555555555553545454555656
2817565656555555555556565556555555545454545454535252535454545354535252505050515251525151504949494950505050505351515251525252
2818515150515351515152525354535454545456555556555656565858585656575757575656575657575656565656565656565657575757575657565757
2819575757575757575757585757575757585858585858585858595959595960595960606060606061606061606060606161616161616161626161616161
2820626161626262626262626262626263636262636362626263626263636262626262626262626262626262626262626262636263756362626363636363
2821636262626262626262626262626262626262626262626162616261616162626262626262626261616161616161606161606161616161616160616161
2822606061616160606060606059595960606060606060606060606060606160606061606161606059606060606060616160616161616261616261616161
2823616162626162626363636465656566666766666767676767686868696868706969697070717171717272727273737373737474747676767676767676
2900767676767676757574747373727271717071707070707170696969707069696969696969696969696969696969696969696869696969686868686868
2901696868686969816868686869697070707070717171717171717172717272727272727272727272727172727272727373737373737373737373737373
2902737374747474747474747474747474757575757575757575767676767676767676767676767676767676767676777777777777777776767676767676
2903767575757575757576757575757676767676767677777777777778787878787878787777777777777777777777777777777777777777777878787878
2904787878787878787878787878797979797979798080808081818181818181828282828282828282828282828283838383838484848484848484848585
2905858585858585858585858585858585858586868686868686868686868686868686868686868686868686868686868787878787878787878787878787
2906878787878787878787878787878787878787878787878787878787878787878787878787878787878787878787878787878787878787878787878787
2907878787878787878787878787878787878686868787878787878787878787878787878787878787878787878787878686868686868686868686868686
2908868686868686868685858585858585858585858686858585858585858585858585858585848484848484848484848483838383828281808181808079
2909787877777776777776757575757474737372717271717171696970696869697069697070717070717172717069696968686867666665656665666666
2910666768686769696967676766676666666564646463636262626161626162626262636161616161616261606059585959595959596060616060605958
2911585959585858575756565555565656575655545452525150525152525151505052525251505051515051485049505250485049494849514949495050
2912484847484948484951515151535252535353535250515049495049505151525352525454535453545454545454535454555454555452535352525251
2913525149515051505150504949504949495049484948494948494849484949484948484947494849504950505150495051505049494948484848474848
2914474747484847474747474644454545474545454647454546444443444444444545464646454445464745454646464748484645464645454546464544
2915434443434345454545444544444543424343434443434343444544434443434344444444464646454644444445464546464544444647454546444445
2916454645454444444543444344444344434445444545454646464644444646454646464647474748484948484749484849494949494849494949495050
2917494950494951504950505049495050504950504949504950505050495050495049494950505049495049495049504949504950505051515050505150
2918515251515151515251515252525253525252525152515251515252525252525151525252525353525251515252525252515252505051515251525252
2919525252525253535353525252515252525252525252515152535151525151525251525252525252525252525252525353535353535353535353535453
2920535354545454545454555555555555555656565656565555555555555656555556555656555556565656565757575757575757585757575757585756
2921565758585758575757575858585859595959595959585958585860595959595858585858585959585858585858595959595959595960595959595960
2922606060606061626362626162626161616162626262626161616161616161616262626362646464646666656665656564646464646464646565656464
2923656564656565666667686767676868686869706968686867676868686869707172717272717171727272727273737373737172717170707070697070
3000707070707070707070707070717071717271717170717170717170717271717069707069707169696968696969696969686868676767686968697069
3001696969696969697071707071707070717070707171696869697071717272727373747372737271717171707172707273737271707069707170707171
3002727373737374747676757576767677777575747372717070717070707070707070707070706969696968696969696969697070707070707070707070
3003717071707070707070707070707070707070696969696968686868686868686868686869696970707070707171717172727272737273737474737474
3004747575757575737373727271717171717172727272727272727373737373737373737373747474747474747474747575747475757575757575757575
3005757676767677777676767676767777767676777777777777777777777676737372737373727272727172737373747576787879797878797979808080
3006808080808081818181818181818181818181818181818181818182828282818181818182828282828282828280797979797979808081818282838384
3007848484848484848484848483838384848484848484848484848484838384848484848484848484848484848484848484848484848484848484848484
3008848484848485858585858585858585858585858585858585858585858585858585858585858585858585858585858585858586868686868685858585
3009858585858584848484848585858585858585868686868686868686868787878787878787878787878787878787878787878787878786868686868686
3010868686868686868686868686868686868686868686868686868686868686868686868686868686868686868686868686868686868685858585858585
3011858585858585858585858685858585858585858584848484848484848484848484848484848484848484848484848484848484848484848484838383
3012838384848484848484848484848484848384838383838383848484838383828282828282828282828282818181818181818181818181818181818181
3013828282828282828282828282828282828281818181818181818080807980798079797979807979787978797978787878787877777777787777777878
3014777777787777777777777778787878787878787878797943797979798079808081818282828383838383838383838384848484848484848484848484
3015848585858585858585858585858484848483838384848484848383838282828282818182828181818079798080797978777878787777787877777879
3016797979787878777678777778787878777677777777787777777777777777777676767676767676767777787878787879798080808080808081808080
3017818181818181818181818281818181818282828282838383838384848484848484848484858585848484848484848484848484848484848484848485
3018858585858585858585858585858585858585858585858585858686868586868686868685868643868686868686868585858585858585868585858585
3019858686868686868686868686868686868686868686868686868686868686868686868686868686868686868686868686868686868686868686868686
3020868686868686868585858586868686868686868686868686868686868686868686868686868686868686868686868686868686868686868686868686
3021868686868686868687878787878787878787878787878787878787878787878787868686868686868686868686868686868686868686858585858585
3022858585858585858585858585858585858585858484848484848484848484848484848484848484848484848484848484848484848483848484848484
3023848483848484838383838383838383838383838383838383838383838383828282828282828282828283838383838383838383838383848484838384
3100848483848383838383838383838383838383838383838383838383838383838383838383838383838383838383828282828282828382828383838383
3101838484848484848585858585858686868686868686868686868686868687878787878787878787878787878787878787878787878787878787878788
3102888888888888888888888888888888888888888888888888888888888888888888888888888888888888888888888888888888888888888888888888
3103888888888888888885888888888888888888888888888888888888888888888888888888888888888888888888888888888888888888888888888888
3104888888888888888888888888888888888888888888888888888888888888888888888888888888888888888888888888888888888888888888888887
3105878787878787878787878787878787878787878787878787878787878787878787878787878787878787878787878787878787878787878787878787
3106878787878787878787878787878787878787878787878787878787878787878787878787878787878787878787878787878787878787878888878787
3107878787878787878787878787878787878787878787878787878787878787878787878787878787878787878787888888888888888888888888888888
3108888888888888888888888888888888888887878787878787878787878787878787878787878787878787878786868686868686868686868686868686
3109868686858585858585858585858585858585858585858484858585858585858585848484848484848484848484848484848484848484848484848484
3110848484848484848484848484848484848484848484848484848484848484838383838383838383838383848483838383838383838383838383848383
3111838383848484848484848484848484848484848484848484848484838483838383838383838383838383828282828283828382828382828383838383
3112838383838383828282838383838383838383838383838383838382828383828282828282828181828281818181828181818282828282828281828282
3113828282828281818281828281818181818181818182828282828282818181818282818181818181818181818181818181818181818181808081818182
3114828282828383838484848484848484848485858585858585858686868686868686868686868686868585858585858585868686868686868685858586
3115868686868685858585858585858585848484848484848483838281818181818181818181818181818180818181818181818181818181808181818181
3116808080818080808080808080798079797979797979797878797979787979797877777777777778787878787777787978767676767777767574757576
3117777675777675777777777878777778787979797979807879787878787778788080797979798079787878787778787877777777777677777878787878
3118797978787878787879787878797979797979797979797979787878787777777676767676777778787878787878787877787878787777787777777777
3119787777777778787878777778777777787778777678777777777878787878787878787878777878787879797979797979798080808080808080808081
3120818180808080818181818181818181818181818181818282828282838383838383838384848484848484848484848484848484848585858585858585
