58265 2012   021213603204   65   24 6670   55    1--------------------------------------------------------------------------
3121686869686868686970707071717272717171717171717172727373747474757576767676767676767575747474757676778277777777767676767676
3122767676767676777777777777787878787877777777777776777777777777777777787878787878787878787878787979797979797979797978787878
3123787878787878797979797979797979797980808080797979797979797979797979797979797979808080808080818180808180808080808080818181
0100818181818181818181818181818180808181818181818181818181818181818181818181818080808079797979797878787777777777777776767575
0101757575757575757474747575757575757576767575747474747474747474747474747475757575757474747474747474747474747575757575767676
0102777777778977787878787777777777777777777777777777777777777878787878787878787879797979797979797979797979797979797978787878
0103787878787878787979797979797878787879797979797979798080808080808080808080808180808080808081818180818181808081818181818181
0104818181818181818181818181818181818180808080808079797979797979797979797979798080808080808080808080808080807979797979797979
0105797979797979797978787979797979797878787878777777777776767676767676767676767676767676777777777777777777777777777777777676
0106767676767677777777777777787878787878799479797980808080808080808080808080808181818181818181818181818181818282828282828282
0107828282828383838383838383838383838383838383838383838282838383838383838383838382828282828282828282828282828282818181818181
0108818181808080808080797979787878797978787878787877777777767676767675757575757575757575757575757575757575757574747474757575
0109747575757575757575757575757575757575757576757575767676767676767575757575767676767676767676767676767676767777777777777677
0110777777777777767676767676767676757575757575757575757574747474747474747474747475757474747474747374747474747373747474737373
0111737373737373737373737373737373739773737373737373737373737373737373727373737373727273737373737373737373737373737372737373
0112727272727372737373737373737272727373737373737373727373737372727272727273737273737272727272727272727272727272727272737272
0113727272727272727272717272727171717171727171717172717171707071717171717170707170707170707070707070707070707070707069696969
0114697070706969696968686868696968676867676766656565656665656464646465656464646564646363636363646363626263626161616261616162
0115616161616161616161616261616161616161616162626161626262626262625862626262616261616162626262626263626262626262626262626262
0116626161616161626161616262626262636263636363636262626364636363646464636464656364656363636464646464646363646464646363636362
0117636363636263636363646363636464646364636364646464646464656465656564656869707071717171717272727272727171717171727171717171
0118717171717171717171717171717172727272727272727272727272727272727272727272727272727271717172727272727271727272727272737373
0119737272737373737373737373737474747474757575757575757676767676767676767676767676767676767777777277777777777777777777777777
0120787878787878787878787878787878787878787878787877777777777676767575757576767676777777787878787878797979797979798080808080
0121808080808080808080808080808080797979797979797979797979787878787878787878787879797979797980808080808181818181818181828282
0122828282828282828283838383838383838383838383838383838383848484848484848484848484848484848484848484848484848484848484848484
0123848585858585858585858585858585858585858484848484848484848484848383838383838383838383838383838383838383838383838383838383
0200838883838383838383838484848484848484848484848484848484848484848484848485858585858585858585858585858585858585868686868686
0201868686868686868686868686868686868686868686878787878787878787878787878787878787878787878787878787878787878787878787878787
0202878787878787878787878787878787878787878787878787878787878787878787878787878787878788888888888888888888888888888888888888
0203888888888888888888888888888888888888888787878787878787878787868686868686868686868686868686868685858585858585858585858585
0204858585858585858585858585868686868686868686868686868686868686868686868686868686868686868687878787878787878787878787878686
0205868686868686868686868686868686868686868686868686868686868687878787878787878787878787878787878787878787878787878787878787
0206878787878787878787878787878787878787878686868685858584848483838382828180797878777676767676757575747474747373737373737372
0207727273737373737373737373737372737373737373737373737373737373737373737373737373737373737373737373737373737372727373737373
0208727272737272727272727272737373737373737272727272717171727171717171717171717171717171717171717171717171717271717171717171
0209727272727272727272727272727272727273737373737373737373737373737373737373737374747474747474747474747474747474747474747474
0210747474757575757575747474747474747474747474747474747474747474747474747474747374747473747474737373737272727373727272727272
0211717172727272727272727271717171717070707070707070707071707070697070696970707069696969686970696969696970696969696969696969
0212696969696968696969696969696969696969696868696969696970697070707070707070707070707070707070707071717071717171707070707071
0213717170717171717171717172727272727171717171717171717171727271717171727271727171727171717172717171717171707070707070706969
0214707070707070707070697070696970696970707171717171717171717170717171707070717069707070707070717170717070707070707070707071
0215707070707070707171717070707171717170707071717171717171707070707069696969707070707070717170707171717070707171717170707071
0216717171717170717071717171717070706970707069707070707070707070707171707170707069707070707070707070717170717171717171717171
0217727272727272727271717171717172727272717171707070707171727170706969707070706969697070696969696969686968686970706969696968
0218676867686867666767666666666666666766666766666767686868676767666766666666666666666766666565666666666665666666656566656666
0219666666666565656666666666666666666666666767676767676768686868686868686868686868686767676767676767676767676767676767676767
0220676767676767676767676767676868686868686969696869696969696969696969697070707070707070707070707070707070707070707070696970
0221696969707070696969707069696869696969696969697069696969696969696969696970707069696969696969696969696969696969696969706970
0222706970706970707070706970707070707070707070707070707070707070707170707171717171717171717171717171717171717171707171717171
0223727271717171717172727272727272717271717272717172727272727272727272737373737373737474747474747475757575757676767677777777
0300777878787878797979808080808080818181818181818181828282828282828282828383838383838383838383838383838384848484848484848484
0301848485858585858585858585858585858585858686868686868686868686868686868686868686868687878787878787878787878787878787878787
0302878787878787878787878787878787878787878787878787878787878787878787878787878787878787878787868686868686868686868686868686
0303868686868686868686868686868686868686868686868686868685858585858585858585858585858585858585858585858585858585858585858585
0304858585858585858585858585858585858585858585848484848484848484838383838383838383838383838383838383838383828282828383838383
0305838383848484848484848485858585858585858585858585868686868686868686868686868686868686868686868787878787878787878787878787
0306878787878787878787878787878787878787878787878787878787878787878787888888888888878787878888888888888887878787878787878787
0307878787878787878787878787878787878787878787878787878787878787878787878787878686868686868585858585858585858484848484848484
0308848484848484848484848484848484848484848484848484848484858585858484848483838282818180808080797979797979797979797979797980
0309808080808080808080808080808080808080818181818181818181818181818181818181818181818282828282828282828282828282828383838383
0310838383838382828282828282828282828282828282828282828282828282828281818181818181818181818181818080808080808080808079797979
0311787878787878787878787777777878787878787877777777777777777777777777777777777777777777777777777777777676767676767676767676
0312757676757575767575747474747374747474737372737373727272727372727272727171717171697070707069696969686868686868686867676869
0313696969696969686869686869686868696767636767666767676766676667666666656566666565656565646565656665676768676767686767676667
0314666666676767676667686867676666666767676767676767686768676666666767666667676767666665656666656666666665656565656665666666
0315666666676767676667666666676667686767666665666766656666656566666564646565656464646564646464636464646464656565656464646464
0316646364646564646464656564646463636363636363636363636363636362636463636362626262626363636363636262636362636363626363636363
0317626363636363636363646363636363636364646463636363636463646363636263456363636464636363636363636363636363626262636363636362
0318626263636363636363646363636463636463636363636363636363646464646464646464656565656565656565656565666666666666666665666666
0319666666666666666666666666666666666666666767676667666666666666666666666767676767676767676767676768686868686868686868686868
0320686969696968686869696969696969696969696868696969696869696969696969696969696969696969696969696969696969696969696969696969
0321696969696970707070707070707070707070707070707070707070707071707170707170707171717171717171717171777171717171717171717171
0322717171717172727272727272727272727272727272727272727272727272727272727272727272727272727172727272727272727171717171717171
0323717171727271717272727171717271717171727272717171717171717171717172727171717272717171727171717171717171717171717171717171
0400717170707070707070707070707070707070707070707070707070707070707070707070707070707070707070707071717170707070707071717171
0401717170717171717171717171717171717171717171717171717171717171717171717171717171717171717171717171717171717171717171717171
0402717171847171717171717171717171717171727271727272717172727272727272737373737373737373737373737373737373737474747575747474
0403747474747474747474747474737373737373737373737373737373737373737373737373737373737374747474747374747474747575757575757575
0404757575757575757675757575747474747474747474747373737373737373737373737373737374737374747474747474747474747474737373737474
0405747474747474747474747474747474747474747474747474747474747474757575757575757575757575757676767676767676767676767676767677
0406777777777776767777777777777777777777817777777777777777777778787878797979787878787878787878797979797979797979787878787879
0407797979797979797980808080808079797979808079797979797979797878787979787878787878787878787878787878787878787878787878787878
0408787877777777777777777777777777767676767676767676767676767676767676767676767676767676767676767676767676767676767676767676
0409767676767676767676767676767676767777767676767676767676767777767676767676777777777777777777777777777878787878787878787877
0410777777767676767675767676767676777676757474747473737373737373737373727272727272727272727171717171717171717172727272727171
0411717171717171727171717171717272727272717171717172717171717172727272727272727272727272727271727171717171717171717171717171
0412727272727272727272727371717171717171717171717170707170707170707070717070697070707069697070697069696970706969696970706969
0413696869686968686968686868696868676767676767676767676767676667676767676666666767666666656664646565656564646464646464646364
0414646464646463636364636463636363636363626160616161606061606060606160605860605959585958595959595858605857595857585857575959
0415595959586060595858585858595958585959575859585758575757565759585958585959585858585959595758595859585858595959595959595859
0416595858595858585858595858585858575958595858585859595959595959606059596059595958585857585859585859595958585858585859595959
0417595959605959595958595959595959606059595959596060606060606060606060606060616060606061606060606161616060606160616061616061
0418616161606161616160616161606061606060606060606060606061606161606060616161616261626262626262626262626362636363636363636363
0419636464646464646464646565656565656565656565656565666666656665656665656566656666666666666666666666666666666666666666666666
0420666666666666666666666666666667666767676767676767676767676767676767686768686868686868686868686868686868686868686868686868
0421676767676767676767676767676767676767676767676767676767676767676767676767676767676767676767676767676766666767676767676767
0422676767676767676768686867686868686868686868686868686868686969696969707070707070707070707070707070706970707070696969696969
0423696969696969696970707070717171727272727272727373737373727273737374747373737373737373737373737373737374747474747373737373
0500737373737373747474747474747474747474747575757576767676767676767676767677777776767676757575747474747474747474747475757575
0501757575757575757676767676767676767575757575757575757575757575747474747474747474747474747474747474747474747475757575757575
0502767676767676777777777776767676767676767676767676767676767676767676767676767676767676767777777878787879797979797979797979
0503798080808080808080808080808080808080808080808080808080808080808080818181818181818181818181818181818181818182828282828282
0504828282828282828282828282828282828282828282838383838383838383838383838383838383838383838383838383838383838484848484848484
0505848484848484848484848484848484848484848484848484848484848484848484848484848484848484838281808080808080808080808080808080
0506808080808080808080808080807978787878787878787878787877777777777777777777777878787979797979797979797979797979797979797878
0507787878787878787878787979797979797979787878797979797979797980808080808080808080808081818181818181818181818181818181818181
0508818181818080808080797979797878787878787878787879797979797979797979797979797979797979797979797979797979797979797979797979
0509797979808080807979798080808080808080797979797979797979797979797979797978787878787878787878797978787878787878787878787878
0510787878787878787878787878787878787878787878787878787878787979787878787878787878787878787877777777787878777777777777767676
0511767676767676767676757675757575757575757575757575757575747474747474747474737373737272727272727271717070707070706970706968
0512686869686867676867686867676767676666666666666765656565656464646465656463646363646363636362626363626262636260595959605958
0513595959595959595960595959595958585959605959606162616161626362626060606060616060616160606060606159606060585858575758585858
0514575757585857585960575757575858575757575657565656555556565656555555555657565555555555555454545555555555545554555556555656
0515555555565756555454555454535353535253535352535353535152535252525151515051535251504951505050515149494949495049484949494947
0516485049484848494848484948485150505049494948484949484948494848474647474749464645464444454747464544454645444445454648454645
0517454644444445444344444544454544444445444545444444464646454645454443444546454646464546464546464848474648474646474849494848
0518484847474748474848474849484849484949484949494949484848494950495049505050505050505051515151504949515151515151515050505050
0519505151505253525252525252535353535353555554535252535352525152515252525261525252525152525353535353535353535353535354545453
0520545454545454545655555655555555555555555555555555555556555555565556555555555656565657595757575757575757575857585758585859
0521595960626161606161616161616161616061626162616161626363626362626263636262626262626262616161616060606060595959595959595959
0522595960606060606060606060606060606060606060606060606060606060606060606060606161616161616161616161616161606161616161616161
0523626262626262616262626262626262626262626262626262626262626262626262626262626363636363636363636363646487646464646464646464
0600646463646464646464646464646465656465656564646465656465656565656565656565656566666666666666666666666667666767676767676767
0601686868686869696969696969696969696969696969696969696969697070707070707171717172727273737474757575757576767675757576757575
0602757575757575757474757575757676767676767676767575747474737373737272727272727272727272727272727272727272727272727272727273
0603737373737374747475757575757575757574757574747474757575757575767676767676757576767675757575757575767676767676767575757575
0604757575757589757474747474747474747474747474747474747474747475757575767676767676767777777777777777777777777777777777777777
0605777777777777777777777777777777777777777776767676757575757575757575757575757575757575767676767675757574747474747474737474
0606737373737373737373737374747475757576767676777777777777777777767676767675757575757575757575757575757576767777777777777878
0607787878797979797979797878787776767575757575757575757575757575757575757575757575757575757575757575757575757575757575757575
0608757575757575757575757575757575757576767690767676767676767676767676767676767676777777777878787979797979797980808080808080
0609808080808080807979797979797979797979797979797979797979797980808080808080808080818181818181818180808080797978787777777675
0610747474747372727170707070707171717170706969696969696969696969686869696968696968686868686868686666676767666666666665636363
0611646464636363626262616162626162626161616262606060616261606060595959585859606059596059585857585758575856575756585858585757
0612575657565657565656565656575757565656565555545553535150505051515151505148484948494951494848474748474747474546464545434338
0613394139414240403839383838383937393838363836343536363636383738353636373635343434343637373738373635353635363535373536373534
0614343534333334353433343436353435343334333232333533333131313132323431323232323132333032303031313029313130303130313131323131
0615303030323232313130313030303032333132343131323231323132323230272828272929292930293029283030302929303029303131293029282929
0616303031303029302930293129303030293029293029302929292929293028292828292828292928282828282829292929292828272728282929292830
0617293028282930282829302932292830292828292829282929292929282829292929303029293029302930302930302929303029292928292929303029
0618302930302928282927272727272727293029292828282829302928282928282829282929302929292929293030292928283030292929282828282828
0619282827282828282728282829282727292828292829282828292828282828292929302929302930303130303130313131353332333232313132323232
0620323232323333333334333434343435353535353535353535353535353535353535353535353535353535353535353535353535353635353535353635
0621363636363637373737363537363636363636373737373737373737373737383838383938384040403940404040404040404042414143444242424343
0622444546464645454747485150515051535352535252525252525353545353545555565857555656565657575758585858585859596061616262636362
0623606060595960606261596061616162626262636463636362626364646363626261626262636464646465656565656566656364646362636363646464
0700646463636465656462626263636364656566666666676767676868686868686867686868676666666767666666676768686868686767676767686869
0701696969686767686869697070707171717171717172727272727272727171717272727272727273727272727272727272727273737372727373737373
0702737373737373737374747474747474757575757575747474747474747474757575757472716970717071717172727273737374727271686664616362
0703626159585960605958555352525050505050505152515051525252535353525454535353545758595961626263636464636363636363636465656565
0704656565656565656667676868686868696968686867676766676768686970717171717171717171717170706969696969707071717171717171717070
0705717171717170706969696969696970717172727272727272727272737373737272727272717171717171727272727273737373737373737373737373
0706737373737373737374747474747373727271717171717070707070707171717170707171717171717171717171717172727272737373737373737374
0707737373737373737373737372737373727272727171717171717171717171717171717170707069696969696970707070707070707070696969696868
0708676767676666666566666666666666666666666666666666666666666666666666666666666666666666666666666666666666666767676767676666
0709666666666666666666656666666666666667676767676766666666646463626161616159606060596059606059606059606060606060605960606060
0710606060606060596060606060606160606060606061616161616161616161616261616161616162626162626262626263636262626263626362626262
0711626262626262626162626262626261626262626161616263626262626261616261616161616161616261626261616162616262616161616161616161
0712616161616261616161616161606160616161616161616161616161626161616161616061606161616162616161616160606060616060606061606060
0713616060596060606161616059606059605960606059595960606060606161616160606060616161616160606061606060606160616060606060595756
0714545857525251505050505151525150494949484848494848484847474645454646454546454746464646454546444544444545444546464546454444
0715454445454544444343434344434342434343434343434243434341414242424242414242424242414142414242414241414242424243424242434243
0716434343444444444444434444444443444343444343424342444342424242424242434342424142424243424242424343434444424242414243434343
0717424343424141424241414242424242424344434344444444454444454544444445444545444545444545454646464747474848484848484949494949
0718505049494950505151515151515151525251525252525253525353535453535454545454545454545555555555555555555455555555555555555556
0719565656565656575656565656565656565656565656565656565656565656565656565656575757575757575757575757575757575757585757585758
0720575757575757575757575757565757575757575757575757575757575858575757575757575657565757575656565757575657565757575756575656
0721575655555656565656565656565656565656565656565656565656565656575757575656567756565656565656565556565656565656565656565556
0722555555565555555555555555555555555555555555555555555555555555555555555555555555555555555656565758585858585858585858585959
0723595959595959595960606060606060606060606060606160616161616161616161616161626262636363646464646465656666666667676768686969
0800696969707070717172727272737373737474747575757676777777787879797979808080808081818182828282828282828283838383828282828282
0801828282828181818181808080808080808080807979797978787878787878787878787777777777777776767676767676767676768676747474747474
0802737373727171717172717171717070707070707069686968696969686868686868686767676767676768686868676768676767686868686868686868
0803686968686969696969697070707070707070707070717171717171717171717172727272737372727271717070696868686868686868686767666766
0804656565656565666564646464646565646464636362636362626162626362626261626262616060616161616161616061616161616161616161616162
0805626262626262626263636363636363646364646464646464656464646464656565666565656565666565666666666767676767676767676767676666
0806666767676666669066666767676767676767686868686868686868686868686869696969696969696969696969696969696970707070707070707070
0807707070717171707070707070707070696968696969697070707069696969706869696868686868676665666565656566656565646363636363636363
0808636363636363636362636363636363636363636363636363636363636363636363636262626363636362626262626262626262616161616161606060
0809606060606060606060606161606160606061606060606061616261606061616160606060606060606060616061616161616261616060606060606060
0810606160606061606060616061606060616061606160609261626162626262626363636464646465656465666666666767676767676869696970706969
0811697070707071717171727273737373737373737474747474747474747474737273747473737374747374747474747373737373737373727272727273
0812737272727373737373737373737373737272717172727271717271727171707071717273727170696970707271706968696867676766646262595859
0813596059585857575656575755555756565758575655555656565656555555555557575655565554555655555555545455555555555454545555565655
0814555555555655565656565656565657575757575757575757575757575757585858585758595257575758585958585958595959595859595859595959
0815596061616061616261616060616262616161616262626262626263626363636363646364636363636364636464646364636364636363636464646464
0816646464656565646364646464636464636363636363646464636362626262626262636262626162626261626363626262626262626161616162626162
0817636363626363636364646363636363636363646464646363636464646464636464646464646465646464646465656566656565656565656564646464
0818646464656465646566666565656465656565656566676667676767686868686868686868686969696969686969697070707070707070707070707070
0819717171717170717071717171717172737372727373737474747474757575757575757676767677777777777777787878787878787878787879797979
0820797980808080808080808181818181818181818282828282828282828283838383838383838383838383838383838383838383838383838484848484
0821848484848484848484848484838383838383838282828282828282828282828383838383838383838383838383838383848484848484848484848484
0822848484848484848484848484848484848484848484848484848484848485858585858585858585858585858585858585858585858585858585858585
0823858585858585858585858585858585858585858585858585858584848484848484848483838383838383838383828282828282828282828383838383
0900838383848484848484848484848484848484848484848484848485858585858585858585858585858585858585858585858484848484848484848484
0901848383838383838383838383838383838383838383838282828282828282828282828282828282828282828281818181818181818181818181818181
0902818182828282828282828282828282828282828282828282828282828282828282828282828282828282828282818181818181818181818181818181
0903818181808080808080808080808080808080808080808080808080808079798080807979808079798079797979797979797979797979797979798080
0904808080808081818181818182828282828282828383838383838383838383838484848484848484848484848484848485858585858585858585858585
0905858585858585868686868686868686868686868686868686868686868686868686868686868686868686868686868686868686868686868686868686
0906868686868787878787878787878787878787878787878787878787878787878787878787878787878787878787878787878787878787878787878787
0907878787878787878787878787878787878787878787878787878787878787878787878787878787878787878787878787878787878787878787878787
0908878787878787878787878787878787878787878787878787878787878787878787878787878787878787878787878787878787878787878787878787
0909878787878787878787878787878787878787878787878787878787878787878787878787878787878787878787878787878787878787878787878787
0910878787878787878787878787878787878787878787878787878787878787878786868686868686868686868686868686868686868686868686868686
0911868686868686868686868686868686868686868686868686868686868686868686868686868686868686868686868686868686868686868686868686
0912868686868686868686868686868685858585858585858585858585858484858585858585858585848484848484848484848483838383838484848483
0913848484848484848484848484848484848484848484848484848484848484848484848484848484848484848484848484848484848485858585858585
0914858484848484848484848483838383838383838383838383838484838384848484848483838384848483838383828283838383838383838383838383
0915828282838383838383828282818181818181818081818181818181818181828282828282818182828282828282828282828282828283838383838383
0916838383838282818282828282828282818180808080808080808080808080808081818181828282828281818080818181808080807979797979797979
0917797878797979797979797979787878787879797979797979797979797979797979797979797979797979797979797979797878787877777776777777
0918777676767677757676757573737473737372737374747474747373737474737373737473727373727271727272727272727373727373737473737373
0919717172727273737373727272737373737374747373727272727272727272727272727373737372717171717171717171717273737374757575757574
0920747474747475757676777777787878797979798080808081818182828282828282828283838383838383838384848484848484848485858585858585
0921858585858585858586868686868686868686868686868686868686868787878787878686868686868686868686868686868686868686868686868686
0922858585858585858585868686868686868686868686868686868686868686858585858585858585858585858585858585858585858585858585858585
0923858585858585858585858585858585858686868686868686868686868686868687878787878787878787878787878787878787878787878787878787
1000878787878787878787878787878787878787878787878787878787878787878787878787878787878888888888888888888888888888888888888888
1001888888888888888888888888888888888888888888888888888888888888888888888888888888888888888888888888888888888888898989898989
1002898989898989898989898989898989898989898989898989898989898989898989898989898989898989898989898989898989898989898989898989
1003898989898989898989898989898989898989898989898989898989898989898989898989898989898989899089898990909090909090839090909090
1004909090909090909090909090909090909090909090909090909090909090909090909090909090909090909090909090909090909090909090909090
1005909090909090909090909090909090909090909090909090909090909090909090909090909090909090909090909090909090909090909090909090
1006909090909090909090909090909090909090909090909090909090909090909090909090909090909090909090909090909090909090909090909090
1007909090909090909090909090909090909090909090909090909090909090909090909090909090909090909090909090909090909090909090909090
1008909090909090909090919090909090909090909090909090909090909090909090909090909090909090909090909090909090909090909090909090
1009909090909090909090909090909090909090909090909090909090909090909090909090909090909090909090909090909090909090909090909090
1010909090909090909090909090898989898989898989898989898989898989898989888888888786858377716766666363636464646259606059615957
1011565556565453545351535455545453535250505150504747464647474645454646454645454545444547474647454646474645474848484847484747
1012484949474646474446474645444445474744464546454546734544434445454543434548484746444546454544434445464446464644444545434446
1013434140414243424241414141424243444441414344444445444344454446474546464544444444454443444644444444454644464646464645454445
1014454545464545474746464746474646454646444544464645464747454643434544474647494747484845434444474948474749494947474950494947
1015474647484947464647484745444345464746474646464747454645474645464646474948484746474748474647484950494747484746484847464547
1016474847484748494747484846464747484948484949494645464849484746474848464847474848584850484848464647484849484848485048484748
1017484848484948474748484545454747474646464847484848484747474747494947464747474847474849494746485048474748484746464646454546
1018484848484746464848484847464746474847474748495050494847494949484948494849495050505050505051505050515050504951525150505051
1019515152505050505050504951515152525252525252515251515253525353535253535252525153535454545556555555555455565656545556545454
1020545454545455565655575655555756565555565656565556575657585757575858575756575656565758585858585656565757575858575656565757
1021565656565757585757585859595958595858585758585858575758585858585959606059585960606060605959606059595960606061606161616161
1022616162626261616161616162626161616161626262626262616161616161616261616161626364646565656565666666666666676868686868686869
1023696969696969696869696969696969696970707071717172727273737374747474757575767676767675757575757575757576767677777777777777
1100787878787878787879797979797979798080808081818181818181818182828282828282828283838383838383838383838383838383838384848484
1101848484848484848484858585858585858585858585858585858585858585868685858585858585858585858586868685858686868686868686868686
1102868686868686868686868686868686868686868686868686868687878786878787878787878787878787878787878787878787878787878787878787
1103878787878787878787878787878787878787878787878787878787878787878787878787878787878787878787878787878787888888888787878888
1104888888888888888888888888888888888888888888888888888888888888888888888888888888888888888888888888888888888888888888888888
1105888888888888888888888888888887878787878787878787878787878787878787878787878787878787878787878787878787878787878787878787
1106878787878787878787878787878787878787878787878686868685858483828181808080807979797878787877777777787878787878797979797980
1107808080808080808080808081818181828282828282828282828283838383838383838383838383848484848484848484848484848484848484848484
1108848585858585858585858585858585858585858585858585858585858585858585858585858585858585848484838382828181808080808080808080
1109808080808080807979797979797878787877777777777777767676767676767676767677777676767676767676757575757575757676767676767676
1110757575757575757575757575747474737374747474747474747474737373727272727273737272727272727272717172727272737272727171727171
1111717171717171707070707070717070707069696968696968696968686869696867686969696967676766676666676666656465656667686867666567
1112676565656464636463636464646362626364636160606061595960606060585858565655565656565756555652515353545453535354545353535555
1113545454555353545553525251515253525252545554545454545253535253545353535454535454555555545453545655525453535354555454565555
1114555555545554545454525351515249495047484745474648484747464747484747474750484950494849504849494950495048495050505149484949
1115504849494847485050494949494948474647504949494848484949494850504847484950484845474647484745454746474547474746484846484746
1116444345444546454545454646474745454546454747484643444344444346454443434343444545464545474646464546454648464546454645454544
1117444444464849484847464647474746464646464847464748494846454647464747464547484646464647474646464546464547464847474646484848
1118484747474745474647484748484749484847484647484947474747495046474646464747474846464647464747474748474747474749504849505050
1119504950495050514948494850494948494952505051525050515150505049515353525455535454545455545454565455565658575857585756565556
1120555556575555555656565656575757575858585858585858585958585959596060605959595959595959595959595959585859585859595960595959
1121595959595959595959595960596060596060606060606060596060606061606061616261616161626261626262626262626161616261626161626262
1122626262626161616161626262626261616161616161626262626262626262626262626262626262626262626263626263636363636363646363626363
1123636363636363636363636363636363636363636363636364636363636363636363636464646363636363646463636364636363636364646464646464
1200646464646465646464646464646464646363636363636362636363636363636463636364646363646464646463646464636362626263636363636363
1201636364636364646464646564646464646464646464646464646364646464646465656666656666666667676767676767676767676767676868696970
1202696969696868697070707171707071717171717172727273737373737373737373737373737373737272727271706969686868686969696970706970
1203717272727373737373747473727272737474757575757575757575757676767676777777777777777777777777777776767675757575747474747474
1204747474747474757575757575757575757575757575757576767676767676767677777777777878787878787878787878787878787979797979787878
1205787979797978787878797979797979798080808080808080808080808080808080808080808080808080808080808080808079797979797985808080
1206808079797979798080808080808080807979797980808080808080808080818181818181818181818181818181818181818181818181818181818181
1207818181818282828282828282828282828282828282828282828282828181818181818181818181818181818181818181818181818181818282828282
1208828282828282828282838383838383838383838383838383838384848484848383838383848483838383838383838383838383838383838383838383
1209838383838383838383838383838484848484848484848484848484848484848484848484848484848484848484848484848383838383838382828281
1210818080797876757574737383727271717070717171707170707070696970707070696969696969696969686868696868686869686868686868676767
1211676767686868676767666767676666666666666666656565666566666565656566656464656565656564636464646363646362626263626262626363
1212626160616161616161616160605757575657565657585958575655555656565556555555555555565757555455555556555455555554555454555354
1213555453535352545252535553545354555453535454545554545454535455555354535454535151525051515254535151525252525353535353535554
1214545253535252525354525352525253535354545252535252525483555354545353535455555353545455545354545354555454535453545354535352
1215535454545253515252525452525253535153535353535353535352525252515152525151525252535352525253515051515152515151525253515049
1216495049504849495049484950515048484748494951514949484849484848494950495050504948495152555353535253525253545553535253535454
1217525454535151515151525351515251515151525151515050515151505052505050495151505150505151525151515050515151515151515150505150
1218515151515051525252505051525354545555545354545454555455555655545555555555565757565681565656575757565757575757575758585958
1219585858595858595858585958585959585859595959595959606060616160606060616160606060606060606061616161626262626262626262626362
1220626263636364646464656565656565656566666666666767676767676868686868686969697070717272737374747475757575757676777777777878
1221787878787878797979797979797979797979797979797979797979797979797979797979787675747270696968696968686767676666666666656565
1222656564646565646464646464646464646464646464646464646464656565646564646464646464656464646464646463636364646364646479646464
1223646464646464646465656565656566666665656565656665666666666666666767676767676767676767676768686868686868686868686869696969
1300696969707070707071717070717171717272727272737373737474747474747474737373737373737373747475767677777777787878797979798080
1301808080808181818181828282828282828283838383838383838383838484848484848484848484848484848484848585858585858585858585858585
1302858585858585858585858585858585858585858585868685858585868686868686868686858585848484848484848484848483838384848484848484
1303848484848585858585858585858585858586868686868686868686868686868686868686868686868686868686868685858585858585858585858584
1304848484848484848484848484848484848484848484848484848485858585858585858585858585858585858585858585858585858585858585858585
1305858586868686868686868686868686868686868686868686868686868686868686868686868686868686868687878787868787878787878787878787
1306878787878787878787878787878787878787878787878787878787878787878787878787878786868686868686868686868585858585858585858585
1307858585858585858484848484848484848483838383838383838383838383838383838484848484848484848484848484848484848484848484848484
1308848485858585858585858585858585858585858585858585858585858686868686868686868686868686858585858585858585868686868686868686
1309868686868686868686868686868686868686868686868686868686868686868686868686868686868686868686868686868686868585858585858585
1310858585858585858585848484848484838383838282828282828181818181808080797978787877767675767676767575757575757474737373737272
1311717171717171727271707171717171717171707071706969706969697070706969696969686868686766676867676767676666686767666668686868
1312686968676868686869696767676767676666676667676767676767676666676868666565656565656465656664656463636263636363636262626362
1313636261616161606060606060606059616060595959585857585958585960595959605958605958585757575657575758595958585856565556555656
1314565756565757555556565454545455555654555556565353525353525251515253535151515152525050515051494948494950494948494948495049
1315494950525151505051495051524948474950514948484848484850494949474648494747474948474948485049494849484748504848484847474647
1316494946464648464646474848484850484747484748484948474848494849484748484848494748484745464646454545464546464748464648464647
1317454545454545474746474647464748474646464545464846454548444645454444434444454646464647454547474645464747484846464747474848
1318494949504949494949505150495050505051505050505050505049505151505050505050495050505051515151515050505049504950505050525252
1319515252525152525151525151515152525353535353545454555554545454545554545454545454545354545454545454555454555554555555555655
1320555555555556555556565556565656565656565757565656575756565757575757575757575757575757575758575757575757575657575756565757
1321575656565757565656565657575757575757575757575757575757585858585958595959595959595959596060616161616161616161616161616161
1322616161626363636364646565666666666767686869696969696969696970707070707070707171717171717172727273737374747474757575757575
1323757676777777777777777777777777777777777777777777777777787878787879797979797979797979797979808080808080818181818181818181
1400818181818182828282828282828282828282828282828282828283838383838383838383838383838383838383838383838383838383838383838383
1401838484848483838383838383838383838383838383838383838484848484848484848484848484848484848484848484848484848484848484848484
1402848484848484848484858585858585858585858585858585858585858585858585858585858585858585868686868686868686868686868686868686
1403868686868686868686868686868686868686868686868686868686868686878787878787878787878787878787878787878787878787878787878787
1404878787878787878787878787878787878787878787878787878787878787878787878787878787878787878787878787878787878787878787878787
1405888888888888888888888888888888888888888888888888888888888888888888888888888888888888888888888888888888888888888888888888
1406888888888888888888888888888888888888888888888888888888888888888888888888888888888888888888888888888888888888888888888888
1407888888888888888888888888888888888888888888888888888888888888888888888888888888888888888888888888888888888888888888888888
1408888888888888888888888888888888888888888888888888888888888888888888888888888888898989898989898989898989898989898989898989
1409898989898989898989898989898989898989898989898989898989898989898989898989898989898989898989898989898989898989898989898989
1410898989898989898989898989898989898989898988888888888888888888878787878786868685858484838382828281818181808079797978787878
1411787878787877777777777777767575757576767676767575747474737373727272727272717170717070696868686868697069686869686968686867
1412666867676666666566656565667467676566666565646465646464636364656363646363646263616262626161616161616160615960595858595959
1413595959605857575858585757585857565555575655575756555555555655555555535454555554535252525252535556535453535353535253535251
1414515050524947474647484949484646484747484646474747474747464648464544444343444544434344444544444547484646464746464648474643
1415414141424040414040414143424140404141404041414040404040404040404141414244424142424242424243434343434444444343434242424243
1416434243414141414242424341434242424243444648495050515252538153535353535353525353535353535353535353525252525252525252525252
1417525251515252525252515151515151505151525353525352515251525152525050505050505050515150515050505050515152525049505150504950
1418505049494948495049494948494950515049494950484849494948484950484949495050495050494949484948494950505049504949495050494949
1419505050505150515050515454545454555557565556575860606058585858585858596162626263636364646463636363646665656566676767676767
1420676766666666676667676767676867676868696868686869697070707069676767686868676666666667668963626160605958585858585858575757
1421575757575758585858585859595858585858585859595959595959595959595959595959596060606161616262626263636363636262626263646363
1422636364646464646464666768696969696969696968686868676767697070717171717171717171727272727272737373747474747474747575767676
1423767676767676767677777777777777787878787878787878797979798080808080808080808080808081818181818181818181818181818282828282
1500828282828282828282828283838383838383838383848484848484848484848484848484848484848484848484848484848485858585858585858985
1501858585858585858585858585858585858585858585858585858585858585858686868686868686868686868686868686868686868686868686868686
1502868686868686868686868686868686868686868686868686868686868686868686868686868686868686868686868787878787878787878787878787
1503878787878787878787878787878787878787878787878787878787878787878787878787878787878787878787878787878787878787878787878787
1504878787878787888888888888888888888888888888888888888888888888888888888888888888888888888888888888888888888888888888888888
1505888888888888888888888888888888888888888888888888888888888888888888888888888888888888888888888888888888888888888888888888
1506888888888888888888888888888888888888888888888888888888888888888888888888888888888888888888888888888888888888888888888888
1507888888888888888888888888888888888888888888888888888888888888888888888888888888888888888888888888888888888888888888888888
1508888888888888888888888888888888888888888888888888888888888888888888888888888888888888888888888888888888888888888888888888
1509888888888888888888888888888888888888888888888888888888888888888888888888888888888888888888878787878787878787878686868686
1510868686868585858584848382818180808080807979797979787878787878787777777777767676767675757574747373727272717171717171707070
1511717170707070706868686868686869696867686768686866676666636161606262616161616261616262626261626161626160616060605959606059
1512585958595959595960595857575758585859585958595858595656565757575756565556565655565555565557565656575756565657565655555555
1513555555545554545456535353535353535353535353535453535353535353535353535453535352525353535253535352525252535353525252535252
1514525253535252535453535454545353545454535352535353535351535152525352515252525152525151525150505151504949494950484848474749
1515484950494849494746464746464546434545434546444345424242434443424343414243424243414140393940403636383635373737383738353738
1516363637373738383940383737383839373838373637383839393838383839404041424240414141414040414141404142413939394040394039393838
1517394038394039394040403941404141404143444646464746504749505049505047484848505050515251515252525252525151525050505050505051
1518505050515250505049494949504948494951505049495051505050505151515152525252525252525252515151515151505050495049495049494949
1519494950505050515151515152525151515253525252535454535454535454535454555556565655555453525252525252525151515151515151515151
1520515252525253525252525252525253525253535353535353545454545454545454545454555555555657585859585959596060616263636464646565
1521656565656666666667676867676767666667686767676767686868676666666668676767676767676767676767666768686969707170707070717172
1522727272737373737373737373737373737373737474747575757474747474757474747474747474757575757575737474747475757474747474747475
1523757675757575757575767676757575757575757575757575767676767676767575757676767777777777777777777777777778787878787878787878
1600787777777777787878787878787878787878787878787878787979797979797979797979797979797979797979797979797979797979797979797979
1601797978787879797979797979787979797878787878777776777777767677777777777777777878787878787878787878787979797979797979797979
1602797979797979797979797979798080808080808080808080808080808080808081818181818080808080808080808080808080808181818181818181
1603818181818181818180808079797979797979797979797979797979797978787777777675757372727171706969686868686767676767676767686868
1604686868696969696970707070717171717171717272727272737374747474747474757575757575757575757576767676767676767676767676767675
1605757676767676757575757575747575757576767676767676777777777777777777777777767675757473727271706968686767676767676767686768
1606676867676767676767676767686768686868686869696969696969696969696969696970707070707070707070717171717171717170707070707070
1607707070707070707070706969696969696869686868686867686767676767676767676767676666666666676767666665666666666666666666666666
1608666666666666666666666666666666666666666666666665666666666766666666666666666666666767676767676767676767666666666767666767
1609676867676666666666666666666665666666666767686767676767686867676767666667676767676767666666676667676767676767676767676868
1610686869696970706970707070707070717171717171717170686867666667686666676767676767676868676768676767686869707072737374737474
1611747474737374747475747473747574727070706969696865656564636260585959606059595857585857595859596060606058595957585858595756
1612555656555655555555565656555454545552525254545253525152525253525252525151515152525351525251525251515251515151504949494949
1613494949495151504948494949484748494948484848474748474748474747474848474848494747474847474747464547474747464646474645454545
1614454645464644454446454545444444674446474747444645454343444344454443454444434443434443424544444343424444414241404242424541
1615414040424241404241424141414141404142424342414343434242424243434343424342434344434343454344424443434343444444444444444444
1616444443424343434344434343424242424343444544434444444545454544454645475253555556565655565656565656565656575656575657575757
1617565757575756565656565756565656555655565555565555545555555453535352535252525152525253535354545554545453535352525252525151
1618505151515051515251525354545455555555555555555555555555555555615556555656565756565657565757565556565656575758575757575757
1619585858585755545553525352525252535353535353535454555557555655545352525252515152535352535354545355545353525252525252525152
1620525456555455555455555655576061626262616059585859595959595958575959606060606060616161616161626161626262626262626261616161
1621616161616161616161626362636463636362626466666565646465656667676868697171696867676866656462606162626363656566666666676769
1622686969697070707070717172737374747474737373737474737069686868686868686868676767666665656566766667676768686869696970707071
1623707070707070707171717071717171717171717171717171717171717171717171717171717272727272717171717172727272727272727272737373
1700737373737373737373737373737373747474747474747473737373737372727373737373737474747475757575757676767676767676767676767676
1701757575757575757575767676767676767676767677777777777777777777787878787878787878787878787878787979797979797979797979798080
1702808080808080808080808080808080808080808080808080807979797979797979808080807979787878787878787878787878787979797979797979
1703898080808080808080808080808080808080807979797979797979808080808080807978787777777675747372717171707069696868686868686868
1704686869696969697070707070707070707171717272727273737374747575767676767676767676767676767575757473727169686867676666666666
1705666666656565666665656565656565656565656565656565656565656566666565656665666665656565656565656565646463626262636262626161
1706616161595858595857575757585857585757575758585858585959585858585858585959595960616061626263636264646363636262626262626160
1707605957565555555454545454545555935454555554545455555554555555555555555455545454545454545454545454545455565556565656565656
1708565656565757575758585858585858595959595958585859585959595959595959585859595959595959596059595959595959606060606060616161
1709616161616161616262626262616262626262626262626262626263626262626363636362636363636364646464646464656565666565656565666666
1710676767686868686869696969696969707070707070717171717171717172727272737372727373737373737373737373737373747373737373737474
1711747474747474747574747374747474747475757475757575757575757576757676767676767676757576767576767676767676757576767676767676
1712767676767676767676767675767676767676767777757676757575767575757575757574747474747575757575767676767676767776767676777777
1713777777777776757575757575757474747475747373737373737374747474747474747475757575767676767676767676767676767676767676767676
1714757676767676757575757575767575757575757676767574757575757475757575747474757574747474747474747475747474747474747474747373
1715747474737374747474747474737373737373737373737374747474737474747473737374747474747474737474747474747474747575757575757575
1716757475757575757576767676767676767676767777777676777776767676767677777776777777777777777777777777777778787877777778777777
1717767677777777777777777777777777777777777777787777777777777777767676767676777777777777777676767777777676767676767677767676
1718767676767676767676767675757576767676767575757575757575757676767575767575757575757575757575757553545253535353535354545454
1719757575757575757575757575757575757575747474747474747474747474747474747474747474747574747474747474747474747474747474747474
1720747474737373737373737374747474747374747474747474747474747474747474747474747474747473747473737373737373737373737373737373
1721727272727272727272727272727272727272727272727272727272727171717171717171717171717171717170707071717171717171717171717171
1722717172727272727272727273737272727272727272727272737272727272727272727171717171717171717171717171717070707070707070707070
1723707070707070707070707070717171727272737373737474747474757575757575757575757575757575757575757575747474747473737373737373
1800737474747474747474747373737373737373747373737373737373737373737373747373737373737474747474747474747474747474747475757475
1801757575757575757575757575757575757575757575757576767676767676767676767676767676767677777777777777777777777777777777777777
1802787878787878787878787878787878787879797979797979797979798080808080808080808080808080808080808080808181818181818181818282
1803828282828282828181818181818181818181818181818181818181818181818181818181828282828282818181818181818181818181818181818181
1804818181818181808080808080808080808081808181818181818181818181818181818181818181818181818181818181818181818181808081818181
1805808080808181818181818181828282828282828282828282828282828282828282828282828282828283838382828282828283838382828282828282
1806828282828282828282828282828282828282828282818181818181818181818181818181818181818181828282828282828282828282828282828282
1807828282828282828282828282828282828282828282828282828282828282828282828282828282818181818181818181818181818181818181818181
1808818181818181818282828282828282828282828181818181818181818182828282828282828282828282828283838383838383838383838383838383
1809838383838383838383838383838383838382828282828282828282828282828282828282828282828282828282828282818181828181818181818181
1810818181818182828282828282818181818181818181818181818182828282828282818181818181818181818181818181818181818181818181818181
1811818080808180808080818181818180808079797980807980808080807979797979797979797979797979797979797979797979797978787878787878
1812787878787778777778787877777777767676767676757575747474757674747474757475747474747374747474747474747474747475757475757575
1813757575757474747574747475747575757474747474747474747374747374747474747575747474737374747473747473737373737373737374747373
1814737373737373737374747473737373737373737473737474737374747474747474737372737372727171727272727272727272727373727272727273
1815737272727273737373747473737373727373737273737473737273737373737373737373737372727271727272727171717171727272727272717172
1816727272727272717171717272727373727372737272727272727272727272727272727272727273727272727271727272727272717171717171707071
1817717171707070707070707071696869697069696969696969707069696969707069696968686969706970696969707171717070707070717170707070
1818707070707070707171717171717171717171727271717171727271727171717271717172717171717070717171717272727171727271717171717171
1819717171717171707171717171707070707070707070707070707170707171717171717272737373737373737374747474747474747475757575757575
1820757575757575757575757475747474747474747575757575757575757575757585757474747474747474747474747474747474757575757575747575
1821757575757575757676767575757575757575757675757575767676757575767575757575757575757575757676767676767676777777777777777878
1822787878787777777777777776767676767676757576767676767676767676767675757676767676767676767676767676767676767676767676767676
1823767777777777777777777777777777777777777777777778787878787878787878787879797979797979797979797979797979787878787878787878
1900787878787979797979797979797979797979797979797979798080808080808080808080808080808080808080808089808080808080808080808080
1901808080808080808080808080808080808080808080808080808080808080808080808080808080808080808080808080808080808080808080808080
1902807979798080808080808080808080808080808080808080808080808079797979797979797979797979787879797979797979797979797979797979
1903797979797979797979797979798080808080808080808080808080808080808080808080808080807979797979797979797979797979797979797979
1904797979797979797979797979797979797979797979797980808080808080808080808080808080808080808080808080808080808080808080808080
1905808087808080808080808080808080808080808080808080808080808080808080808080808080808080808080808080808080808080808080808080
1906808080808080808080808080808080808080808080808080808080808080808080808080808080808080808080808080808080808080808080818181
1907818181818181818181818181818181818181818181818181818181818181818181818181818181818181818181818181818181818181818181818181
1908818282828282828282828282828282828282828282828282828282828282828282838383838383838383838383838383838383838383838383838383
1909838383838383838383838383838383838386838382828282828282828282818181818181818181818181818181818181818181818181818181818181
1910818181818081808080808080808080808080808080808080808080807980807979797979797979797979797979787878787878787878787878787878
1911787777777777787878777777777676767777777777777777777777777778787878787878777778787878777777777777767676767676767676767677
1912777777777777787777777777777777777777777777777776767675767676767676767676767576767676757574747474747575757474747474747575
1913747474747474747575757474747474747373747474737474737373737373737373737372727273737372727272727271727272727171707170707071
1914717171717171707070717170717171717171717170697070707070717170707070717170707070696970707070707171696968686868696968686968
1915686868686868697070706869686869686969696967676868676868676767686868676767686968686767676767676867666666666565656565656566
1916646566656464646564636363646364646464646464656364646364646465656566666565646566656565666564646464636262636363626263636363
1917646464636363636364656564646464636363646464636464646464646464656565656464646364646464646463636363626263636263626262626263
1918636363636363636363636464646566666667676767666767686868696970707071707171717171717171717171717172727272727272727272737373
1919737373737373747474747474747474747575747474747474747475757575757575757575757575757575757676767676767677767676767676767676
1920767777777777777777777777777776767777777777777777777777777777777777777777767676767676767676767676767676767676767676767676
1921767676767676767777777776767676767676767676767677777777777777777777777776767676767676767676767676777777777777777777777777
1922777777777777777777777777777777777777777777777777777777777777777777777777777777777777777777777777777777777777777676767676
1923767676767676757575757575747575757575757575757574747474747474747474747474747474747474757575757676767676767676767676767677
2000777777777777777777777777777878787878787878797979797979797979797979797979798080808080808080808080818181818181818181818182
2001828282828281818181818180818181818181818181818181818181818182828281818181818181818282828282828282828282828282818181818080
2002808079797979797979808079797979798080808081818181818180808080808080808080818181818181818181818181818181818181818181818182
2003828282828282828282828282828282828282828282828282828282828282828282828282828282828282828282828282828282828283838383838383
2004838383838383838383838383838383838383838383838383838383838383838383838383838383838383838383838383838383838383848383848484
2005848484848484848484848484848484848484848484848484848484848484848484848484858585858585858585858585858585858585858585858585
2006858585858585858585858585858585858585858585858585858585858585858585858585858585858585858585858585858585858585858585858585
2007858585858585858585858585858585858585858585858585858585858585858585858585858585858585858585858585858585858585858585858585
2008858585858585858585858585858585858585858584848484848484858585848484848585858585858585858585858585858585858585858585858585
2009858585858585858585858585858585858585858585858585858585858585858585858484848484848484848484848484848484848484848484848484
2010848484848484848484848484848484848484848484848484848484848484848484848484848484848484848484848484848484848483838484838383
2011838383838383838383838383838383838282828282828282828282828282828282828282828282828282828282838383838383838383838383848383
2012838383838383838383838383828282828282818181818079797979787879797979797980808080808080808080808080808080808080808080808080
2013808080808080808080808080808080807979797979787879787879797979787878787877777777777675747474747473737273727272737373737373
2014727272727272727171717172737272727272727273737272727272727372727272737372727273737373737373747474747575757575757474757574
2015747575747474747474737374737373737373737373727373737272717171717171717071717171707069696970707070706970707070707070697071
2016706968686868686867686768676868686867676768686868676667676768686867676668686767676766666666666666676665656666676565656566
2017656566666665656565666564646565656564646565646464646463646464646464636563636363636363626262636262636463646363636363636364
2018646464636363636463636363636363636464646464646464646464646465646464646565646464646464646464646465656464646565646464646464
2019646463646465656565656565656465656565656565656565656565656666666666666666666666666666666767676767676767676767676767676767
2020666667676767686767676767676767666666676767676767676767676767676767676768686868696970707071717171707070706969696969696869
2021696969696969697071717171717272727171727373737373747474747474747474747474757575757474747475757575757576767676767676767676
2022767676767777777777777777777777777778787878787878787878787878787878787179797979797979797979798080808080808080808080808080
2023808079797979797979797878787777767676767676757575757575757575747474747373737373737373737373737373737372727272727272717172
2100717171717171717171727272727273737373737474747475757574747575757575757576767676777777777777777777777778787878787979797979
2101797979797979797979797979798080808080808081818181818181818181818282828282828282828282828282828282828282828282828282828282
2102828282828282818181818181818181818181818181818181818181818181818282828282828282828282828282828282828582828282828282828282
210382828282////82//////82828282828282//////82828282828282828282828181818181818181818181818181818181818181818181818282828282
210482828282828383838383//////////////8383//83838383838383////////838383838383//83838383838484848484848484848484848484848484
2105848484848484848585858585858585858585848484848484848484//////////84//8484 2 2 2 2 2 2 2 2 2 2 2 2 2 2 2 2 2 2 2 2 2 2 2 2
2106 2 2 2 2 2 2 2 2 2 2 2 2 2 2 2 2 2 2 2 2 285 585858585858585858585858585858585858585858585858585858585858585858585858585
2107858585858785858585858585858586868686868686868686868686868686868686868686868686868686868686868686868686868686868686868686
2108868686868686868686868686868686868686858585858585858585858585858585858585858585858585858585858585858585858586868686868686
2109868585858585858585858585858585858585858585858585858585858585848484848484848383838383838382828282818181818181818180808080
2110808080808079797979797979797878787878787877777777777777767676767676767676767676767676757575757575757575757575747474747474
2111747474747474737474737373727272737272728073727272727171717171717069696969696969696868686868676767676868676667676667676766
2112676868676666656465646564646465656565656666656665656566666565656566666666666565656564646465666565646563636364646263616162
2113626261626163626160616161616059606260605959596059605959585859575859585858575758605957585958575858575758585858585960605958
2114585859585859605958595961585858605959606059585859585958585757585960605958585959585959595858585959585959596060585859585858
2115595958595957585959585758585959585859585858575858585959585858575859596958585858575857575757585757575757575756575757575658
2116575556565755565556565656555555555756555556545454555553545353545655555452535353535253535353535453535353525453525253525151
2117525151515251504949495151515051505049494849474848484748474749484747474848494848474847474848484848484849474848484848494848
2118495053535454545454535454555554545554545454545554555554545555555656565656565656565656565656565657575757575757565657575757
2119585858596059595959595959595959605959595959596060596059596060606060606059606060605959595959596060606059595959606060606061
2120616161616161616262616261616162616263636362626263636363636362626363636363636264646464646464646464646564656565646565656564
2121656565656564646465656565656565656666656566666666656665666666666565656565666666666666666666656565656565656465656565656566
2122666666666566666666666666666767676767666666666666666566656565656565656565656565656565656565656566666566666565656565656666
2123666666666566666666666666666666666666666666666666666666666666676767666666666665666566666666666666676767676767686868676868
22006867686868696969696970707171717171717272727272727272727373737372737373727272727272727272727272727171717171727272727272//
2201////////////////////////////////////////////////////////////////////////////////////////////////////////////////////////
2202////////////////////////////////////////////////////////////////////////////////////////////////////////////////////////
2203////////////////////////////////////////////////////////////////////////////////////////////////////////////////////////
2204////////////////////////////////////////////////////////////////////////////////////////////////////////////////////////
2205////////////////////////////////////////////////////////////////////////////////////////////////////////////////////////
2206////////////////////////////////////////////////////////////////////////////////////////////////////////////////////////
2207////////////////////////////////////////////////////////////////////////////////////////////////////////////////////////
2208////////////////////////////////////////////////////////////////////////////////////////////////////////////////////////
2209////////////////////////////////////////////////////////////////////////////////////////////////////////////////////////
2210////////////////////////////////////////////////////////////////////////////////////////////////////////////////////////
2211////////////////////////////////////////////////////////////////////////////////////////////////////////////////////////
2212////////////////////////////////////////////////////////////////////////////////////////////////////////////////////////
2213////////////////////////////////////////////////////////////////////////////////////////////////////////////////////////
221423 2// 1 1////////////// 2////39////////////// 9 0//////////////////////////////////////////////////////////////////////
2215////////////////////////////////////////////////////////////////////////////////////////////////////////////////////////
2216////////////////////////////////////////////////////////////////////////////////////////////////////////////////////////
2217////////////////////////////////////////////////////////////////////////////////////////////////////////////////////////
2218////////////////////////////////////////////////////////////////////////////////////////////////////////////////////////
2219////////////////////////////////////////////////////////////////////////////////////////////////////////////////////////
2220////////////////////////////////////////////////////////////////////////////////////////////////////////////////////////
2221////////////////////////////////////////////////////////////////////////////////////////////////////////////////////////
2222////////////////////////////////////////////////////////////////////////////////////////////////////////////////////////
2223////////////////////////////////////////////////////////////////////////////////////////////////////////////////////////
2300//////////43////////////////////////////////////////////////////////////////////%%43%%%%8542%%01%%%%%%0101%%840101%%44%%
23018787%%%%%%87442525%%01%%0187%%0101%%02%%0145%%%%0101%%%%4901%%%%%%%%%%01%%%%4444%%%%%%%%%%434444%%%%%%45%%%%%%%%%%46%%%%
230279%%%%46%%%%%%%%47%%%%%%%%%%%%%%49%%%%%%%%%%%%81%%%%%%%%81%%%%%%4948%%%%%%%%%%%%%%%%%%%%49%%%%//%%8276767676767676767676
2303767676777777777777777777777777777777787878787878787878787878797979797979797978787878777777777777777777777676767676767676
2304757575757575757576767676767676767675757575757575757575757575757575757575757575757575757575757474757575757575767677777878
23057878787979787979787878//////////////////////////////////////////////////////////////////////////////////////////////////
2306////////////////////////////////////////////////////////////////////////////////////////////////////////////////////////
2307////////////////////////////////////////////////////////////////////////////////////////////////////////////////////////
2308////////////////////////////////////////////////////////////////////////////////////////////////////////////////////////
2309////////////////////////////////////////////////////////////////////////////////////////////////////////////////////////
2310////////////////////////////////////////////////////////////////////////////////////////////////////////////////////////
2311////////////////////////////////////////////////////////////////////////////////////////////////////////////////////////
2312////////////////////////////////////////////////////////////////////////////////////////////////////////////////////////
2313////////////////////////////////////////////////////////////////////////////////////////////////////////////////////////
2314////////////////////////////////////////////////////////////////////////////////////////////////////////////////////////
2315////////////////////////////////////////////////////////////////////////////////////////////////////////////////////////
2316////////////////////////////////////////////////////////////////////////////////////////////////////////////////////////
2317////////////////////////////////////////////////////////////////////////////////////////////////////////////////////////
2318////////////////////////////////////////////////////////////////////////////////////////////////////////////////////////
2319////////////////////////////////////////////////////////////////////////////////////////////////////////////////////////
2320////////////////////////////////////////////////////////////////////////////////////////////////////////////////////////
2321////////////////////////////////////////////////////////////////////////////////////////////////////////////////////////
2322////////////////////////////////////////////////////////////////////////////////////////////////////////////////////////
2323////////////////////////////////////////////////////////////////////////////////////////////////////////////////////////
2400////////////////////////////////////////////////////////////////////6565656666666666666666666666666666666666666666666666
2401666666666667676767676767676667676767676767676767676767676767676767676767676767676867676768686868686868686868686868686868
2402686868686868686868686868686969696969696969696969696969696970707070707070707070707171717272727272727373737373737373737374
2403747373737373737474747474747575757576767676767675767676767676767676757676767676767675757575757575757575757576767676767676
2404767676767777777777777776767676757575757676767677777777777777777777777777777777777777777777777778787878787878787777777676
2405767677777777777777777777777777777777777777777777777777777676767676757574747474747474747474747474747474747474747474747474
2406747474757575757575767676767676767677777777777777777776767676767676767676767676767676767676767676767676767676767676767676
2407767777777777777777777777777778787878787877787878787877777777777778787878787777787777777777777777777777777777777777777777
2408777777777777777777777777777777777777777778787878787878787878787878787878797979797979797979797979797979797979797979797979
2409797979797979797878787878787878777777777777777676767676767676767676767676767580 07676767575757575757575757575757575757575
241076767580 076767675757575757575757575757575757575757575757575757575757575757575757575757475757574747474747474737373737473
2411737373737372727373737372727272727272717171717171717171717170717071707070707170707070707070707070696970696969696969696969
2412696969696868686969686868686868686868686868676867676767676767676767676767676767676767676767676767676767686766666666666767
2413676767676766666666666767676766666666666666666666666666666666666665656566656464656566656565656464646463636464646463646463
2414636363636363646463626262626364636363636363646363646363626263626262636362626262626162626262626162616060606060606060605960
2415606061606161616061616060606060606059606060606060596060616060606061596059595859585859595959585959585859595959606060595960
2416585959595959595959585959595959595958575657575757575757575756565757565656565656565656565555565656565656565656565656565556
2417565756565656565656565656565656565555555555555556565656565555565555545454545454545454555554545455555555555556565656565657
2418555453535252515151525151515151515151515050505151515151515151515151515251525152515252525252525252525252525352535352525253
2419535353535353535353535353535353535353535351525252515151515151515151515151515151515050505050505050505051505151515151515251
2420515151515151515151515151515151515252525252525253535352535353535454555657575858585858595959606060606161616162636364646565
2421656565656565656565656565656564646464646463636363636363636363626362636362636263636363636363636363636464646464646464656565
2422656666666666666667676767676768686868686968696969696968686868686868686868686868676767676767676767666666666666666665656565
2423656565656565656464646464646363636364646363636363626362626262626262626262626262626262626262636363636465656566676767666666
2500666767666666656565656565656464646464646464636363636363646464646363646463636363636464646464646464646464646465656565656565
2501656565656565656565656565656566666666666565656464646363636464646463636363636363646363636362636263636362636362636262636363
2502626263636363636363636464656565656666666667676767676767676667676767676766666666666565666667676766676767676767676767676767
2503676768686969686870706969696969696868686767676767676767676766666667676767676868676768696868686868676868686969696969686868
2504686970707171717171717171717272717170696969696969696969696868686868686969707070707171717171717272727272727373737373737374
2505747474747474747474757575757575757575757575757576767676767676767676767676767676767677777777777777777777777777777777777777
2506777777787878787875787878787878787878787878787879797979797979808080808080808080808080808080808080808080808080808080808080
2507808080808080808080808080808080808080808080808079797979797979797979797979797979797979797979798080808080808080808080808080
2508808080808080808080808080808080818181818181818181818180808080808080808080808080808080808080808081818181818181818181818181
2509818181818181818181818181818181818181818181818181818181818181808080808080808080797979797979797979797978787879797978787878
2510787878777777777777777777777778777777777777777774777676767676767676767776767676767676767575757575757575747474747473737373
2511737373737272727272727272727272727272727272727171717070707071717070707070706969686969696868686868686869686869686868676868
2512686868686868687070717171717171717171727171727172727271717070706868676767676768686969686867676768686868676666676666666661
2513626161585757525049495049494648474745444444464444444343444341444442424242414142424241414242434344444445464644454545444646
2514454543434444434648464444434242424342414343434244434242424142434444424343454339444344444444444343424546444545444443444344
2515444545454745464646464646464545454444464645464645454546464647464747464647474746464646474746464748474647474646474747464747
2516474848474747484747474748474848484847484746474646474746464647474644444544434344444644444242414141414142424142424242404040
2517414041424343424342424240414038393939394141403938383838394038393838393940404038383839383838393839383839393939393839393838
2518383838383939393940393940404142434241404040414142414242414242424243424342424243434343434243424343444343434349434343444343
2519434344444444444444454444454443434344444444434443444444444344434242424242424242434242424243424343444343444444434444444444
2520454445454545464646464646464647474747474747474848484848484949494949495049494950505050515050515151515152525252525253535352
2521525253535353535353535353535354535454545454555555555556565655555556565656565656565656565656565757575757575757565757575757
2522585757575757575857575757575757575758585757575758585858585858585858585858585758585858585858585858585858585858595858585858
2523585858585858585870585859585858585858585858585859595959585858585858585959595959595858585959595959595959595959606059595960
2600606060606060606161606060606061606060606060606060606060606060606060606059595959596059606060595959595959595858585857575757
2601575757575756565656575756565657575757575757575757575758575757575757575757575655555555555656565655555555565656565656565657
2602575757575857585858585959595959585959595960606061606161616161616161606060606059595959595959606060606060606060616060616161
2603616161616161616162616161616262626262626262626262626263636262626262626364656564646564656565646565656566656565646564656565
2604656566666666666666666565656667676666656565656666666767666667686969706968686867686869696968686869697070707069697171717171
2605717171727272717070707171727271717171727272727272717171717171717171706866646466656362626161626263646564636365666768676868
2606696969696968686768686766666667686966656666666666666666686867666767676667666666656565656666666767676767676767676869696969
2607696970707069696969696970696969696969696969707070706969696969696970707070707070707070707070697070707070707171707070707070
2608707070707070707171707070707070707171717171717171717171717172727272727273737373737373737373737474747475757575757575757575
2609757676767676767575747474757575757474747373737374747474747373747473727271717069676969697069696868686968696969696868696869
2610686867666666656464636261626161606160616160585858585553535252525251515152525050515254545252535252525252525252525252525152
2611515049505049495048474748484646464647474746464647474646464646464747464647474845454646464745464746454545454646454647454646
2612474745454546464646454544454546464746444546444545454545454545464445454444444443434444434343444345444443444444434343434545
2613444343434342424342434243444242434342424443434243434543424342434243434243434243434342424343434444434344424343424344434243
2614434242424242434243434443424244424243434342434343424141424242424242414141424344444344434241434443434444424343424344444444
2615434444444343434444454544454544454645444546454545464647474747474646464546474647474746454746474646464646464547464747474847
2616474748474746484848484849484948494848484747474847494848474847474848474848494848494847484948484848474848484847484849484948
2617474747474847474848474747484948494848484848494949504948495050504949494949494949495050505049504950505050504949495050505051
2618515151525252535252515253525251515152515151515252515251505050515152525251515252525051505052514949505052535252525251515252
2619525151505051525253535353535354535354545453545454545555555556555655555555555655565656555556565656565756555555565555555656
2620565655555556575756565656565756565656575756565757575757565657565656575757575757585857585858595959595858585758575757585858
2621585859595858585858585858595859585960606060606060616364636364656566666565636262626261626263636464626364636363636363646463
2622636463636464636464646465656564646464666667686869697070707069696969707070707171716969707069686564636364656464656667686768
2623697070717172737374747576767676767573737476777777787878797980808080808080797979797979797979798080807979797979797979797979
2700797979797979798080808081818182828283838383838484848483848484848484848484848484848484848484848484858585858484848484848484
2701848383838383848484848484848484848484838383838383838382828282838383838383838383838382828181818181808080808181818282828282
2702828282828282828282828282828282828282828181818181818181818181818181808080808080808080808181808181818182828282828282828282
2703828282828282828383838383838383838383838383838383838383838383848483848383838383838383838383838383838383838282828282828282
2704838383838383838383838383838383838383838383838383838383838383838383838383838383838383838383838383838383838383838383838383
2705838383838383838383838383838383838383838383838384848484848484848484848484848484848484848484848484848484848484848484848484
2706848484848484848484848484848484848584848484848484848484848484848484848484848484848484848484848484848484848484848484848484
2707848484848585858585858585858585858484848484848484848484848484848484848484848383838383838383838383838383838383838383838282
2708828282828282828383838383838383838383838382828282828282828282828282828282828282828283838383838383838383838383838383838383
2709838383838383838383838383838282828282828282828282828282828282828282818181808080808080808080808080808080808080808080808080
2710808080808080797979797980808080807979807979798080797979797979797978797978787878787877777777767776767676767676767776767776
2711767576767676767676767675757576767474747474747373737374737374757374747473727272717272737373737272717272727272727373727170
2712717170707069696969707172717069696868676868666769695068686968676667676867676666676666676766676868697069686969696969697070
2713686868696869696969686765666666666766656668686868696767676768697068686768697069686868696970716968697070717069696969717169
2714706969706969697070697070696970706968696970686868696870706968696969686868686868697069676870686969686867686868676768696767
2715686765676866646463646566676564636362616363626161606061616162626261616161615961616161616162616262626262616161616161616161
2716616262626363646362636262616262636261606161606161616060616060606060606159606161623663646463616263626262626363616161626262
2717626262636262626363636363636262626262626262636161626262626362626263646363636362626262626263636364636363636363646262636464
2718636363636262636262636363626161616060616361596060606060606160616161616162626363636464646565666565656565656565656564656565
2719656565656565656465656565656565656565646464646464646564646464646464646464646465656565656565656465656565656666666666666666
2720676868686868686969696969696969696969696969696969697069707069707070707070707171707070707070707070707070707071714970707070
2721707070707070707070707070707070707070707070707070707070707070707070707171717171707171717171717171717171717171717171717171
2722717171717070707171707070717171717070717171717171717171717171717071717171717171717171717171717172727272727272727272727272
2723727272727272727272737373737373737373737373747373737474747474747474747474747474747474747474757575757575757474747574747474
2800747474747474747474747474747474747474747474747474747474747475757575757575757575757576767676767676767676757575757575757575
2801747474747474747474745674747474747474747474747474747474737373747474747474747474747474747474747474747474747474747474747474
2802747474747474747474747474747474747474757575747474757575757676767676767676767676767676767777777777777777777777777776767676
2803767676777777777777777777777777777777777878787878787877777777777777777777777777787878787878787878787878787878787878787878
2804787878787878787878787878787878787878787878787878787878787879797979797979787878787878787878787878797979797979797979797878
2805797979787878787878787878787878787878787878787878787878787878787878787878787878787877777777777778787877777777777777777777
2806787878787878787878787878787877777777777777777777777777777777777777777777777776777777767676767676767676767676767676767676
2807767676767676767676767676767777777778787878787878787878787878797979797979797980808080808080808080808080808080808080808080
2808808080808080818181818181818181818181818181818181818182828282828282828283838383838383848484848484848484848485858585858585
2809858585858585858585858585858585858585858585858585858585858585858585858585858585858585858585858484848484848585858484848484
2810848484848484848484848484848484848484848484848484848484848484848484848484848484848483838384838384848383838383838383838282
2811828282828282828282818181808080808080808080808080808079797979787878787878787879797979787878787776777777777777777777777776
2812767676767676767677777776767676767676767575757576767676757576767676767676767676767676767676767676767676767676757676767676
2813767676767676767676767676767676767676767677777777777777777878787979797979797979797979797979797979797979798080808181818181
2814818282828282828282828282828282828383838383838383838383838383838383838383838282828382828283838282828383838383838282828283
2815838382828282828282828282828282828282828181818181818181818181818080808080808080808080808080797979797980807979797979797979
2816797979798079797979797979797979797979797878787878787878787978787878787878787777777777777777777777777776777777777777777777
2817767676757575757575757474747474737373737372727273727272727171727272727271717171717171717171727171727272717171717172727171
2818707071717170717170707070707070706969686868686869696968696969696969697070706970707070707070707070707070717171717171717171
2819717171717171727272727272727272727272727272727272727272727271717171717171717171717272727272727272727273737373737374747373
2820737474747474747474747475757574757475757475757575757575757575757575757575757575767676767676767676767676767776767776767777
2821777777777777777777777777777777777777777777777777767676767676767676767676767676767676767676767676767676767676767676767676
2822767676767676767676767676767676767676767676767676767676767676767676767676767676767777777777777676767676777777777777767676
2823777777777777777676767676767676767676767676767676767676767676767676767676767676767677777777777777777777777777777778787878
2900787878787878787979797979797980808080808080808181818181818181818182828282828282828282838383838383838383838383838383838383
2901838382828282828282828281818181818181818181818181818181818181818181818181818181818181818182828282828282828282828282828282
2902828282828282828282828282828283838383838383838383838383838383838383828282828282828282828282828282828282828282828282828282
2903828282828282828282828282828282828282828282828383838383838383838383838383838383838383838384848484848484848484848484848484
2904848484848585858585858585858585858585858585858585858585858585858585858585858686868686868686868686868686868686868686868686
2905868686868686868686868686868686868686868686868686868686868686868686868686868686868686868686868686868686868686868686868686
2906868686868686868686868686868686868686868686868686868686868686868686858585858585858585858585858585858585858585858586868686
2907868686868686868686868686868686868686868686868686868686868686868687878787878787878787878787878787878787878787878787878787
2908878787878787878787878787878787878787878787878787868686868686868686868686868686868686868686868686868686868686868787878787
2909878787878787878787878787878787878787878787878787878787878787878787878787878787868686868686868686858585858585858484848484
2910838383838282828181818180808080808080808079797979797979797878777777777777777777777777777777767676767676767575747374747474
2911747474747473737373737373737473717272727272737372707170707070706969686868696970706768686968676666666767676868676767676766
2912676765656565646465646464636363646363636364636564636364636364636363636364646563626364646363636261606161626263636263616261
2913636262626262616061596161616161606160606060606063616159565556575755565757565757575757585858565757585959585455555454555556
2914565655545555555655555555555452535149494948495051505049//5051495050495049495149474849484949495052484747494647484747474749
2915474647464746474848474747484948504847484747484746474747454646474745454443464446474545444545474745454648454545464443454344
2916434346454444454646454447444645454545474846474748474748474748474747464648474645464545464746434343424142424143444243454342
2917444344464444444543434344444445454343434344424343444342424242424444454545454545454544444645464544454646474847464646474747
2918474746474647464748484747484747464847464746474747464647494847464646464545474647484848//4746474748494747474847474849474947
2919484848484747474747474849504949495050505051505151515151525252525353545454535453535353535353525353535454545453535354545454
2920545354545353545454545453535454545454545454545454555555555556555555555555565656565656565656565656565655565655555556555656
