58265 2011   031213603204   65   24 6670   55    1--------------------------------------------------------------------------
2821404040404040394039403938383839393939393940404040404040404141414140414040413938383838373838383838383838383838393939394040
2822393939383838404039394040414143414040404040414140404040404040404040404041404039404341414141404040394039394041424141414142
2823424242424244464747464645474747464647454550484748515252504950505152535454555657575755555555555656565755555454555656565758
0100575656565857575856565556575655555655555555555655555555555454565553555453535152505049494848464748484544444444434444454343
0101434242414141404141424140414141414141413939394041394040404040414141414141414041414141414141424142424242424242434244444343
0102434344454745444546485050515149505151495050505149485149484950535352545352505152515051525050515353505254545554525456555556
0103555757586060616060595757596061595758585859596061616261616363636363636464646464666565666666656462616162646564656564656565
0104666463656665656666676767676767676868696868686869696969707071717172727272737373737373737474747575757576767777777776767777
0105777777777777777777787879797979797979797979808080808080808080808080808080808080808080808080818181818181818182828181818181
0106818181818181818282828383838383828282828282828282818181828282828282828282828282828282828282818181818181818181818080808080
0107818181818180808080808080808081818181818181818080808080808080808181818181818181808080808080818181818181818181818181818181
0108818181818281818180808079797979797979797979797979797878797979797979797979797979797979797979797979797979797979787878787878
0109787777777777787878787777767675747372727373737272727171706867666665646261616059585856565859596062636263636157555655565757
0110525252525252525252535151525150515250505251514948474545464546454546464746454645434445454445464545434244464441393840404137
0111393737363738383738383838383838383738383735353435363432343333323232333333323333323333333536363535343232323333333332323233
0112363635353432323233333333323232333233333231323231313332323231313132343634323334323434333332323233333333333131323233323132
0113333232323231333232323332323232333232333233333232313131333332313131323533313130323131313131313131303131303132333333333032
0114313131303132323030313132323231323233313030303030313131323231293030303030293031293031323231313131323128292931303031303029
0115323231293031323132313130303131303132333231323130303031302930292829292930292929303030302929292931303028293131313031313130
0116293132293131313031292929282929292828283030312929282930292727283028282829292830282928282930292929302929302830312930313130
0117303029303031302829282929292828272930292928282829292927282828272827272829282728292929282928292929282828292829282928272827
0118272727282828303029282929292829293030303030303230312929282928302829293029282929292929303030292930303030313030313130313131
0119313131313131323131313231313131313132323333333334323333323334333335353535363434353535353534353535353635353737373839393940
0120393849384040414244434242444646464747454442434342444343424242424241414140414242424142424242434344434444434343434343434343
0121444444454747474848495152525352525150504949494948484848484847474746464646464545454645464647474749494949515254545555545556
0122555558596060606161616059595858575655545352515151514949484747474647474847474747464546464545454444444544444444454545454645
0123454546464646474747474748484849494949484849494949504949494949494949494949504950505050504950505050504950505051505050505050
0200505049505050505050505050505050505070505050505050505050505050505150505051515251515151515152515151505050505050505050505050
0201515151515151515152525252515151515152515251525252525152525252525252525353525252515152525252525152525252525252525353535253
0202525252525353535353535353535353535454545454555555555555555555555556565656565656565656575656565757575757575757575757585858
0203586061606059595959595959595960585960616159596060606061606060616160596061606262636363636262626160605959596059595958585858
0204575759626364636363626058575757575757575757575757575757585757585859585858585858585858585858585858585959585859585858585858
0205585859595959606060606060596061606161606060606060606060606162636363626262636464646565646464646464646465656565656565656767
0206676666666767666565656666666565656566666767666666666665656567676768686969696969687070706969707070707070707070707071717271
0207717171717171707069686868686969696868686870706968686868676868686969707169686970696968696969686767666665646463636261616262
0208626262626262626262626262626262626262626262626262626262626262626262626262626263636363636363636254626263636363636362626363
0209636363636262626262626262626262626262616161616162626262626161626161616161626262626262626162616161616161616161616261616161
0210616161616161616161616160616161616160606161626262606161616160606060606060606060606060606060595959595959595959595959595959
0211585858585859595858585858585757575757585858575656565757565658565757575858575758585757575757575757585757575757565656565656
0212575455565656565655545554555555545555555453535453535254535252525151515051504950505050484848494948494847474747474848474747
0213474847474646464646474646464747474747474747474746464545454445444444444443424141414142434342414242414141424142414241424243
0214424039394041404041404040404140403940403940404141414142414142414241414141414241424141434342424243424344444343444343444344
0215444445444545444344444444444444444444444443434344434343424242434343434343434344454444444545434343434343434344454444444545
0216464445454444454545454545454545454546464645444545454544464545454545464646474748484949504950505050505050505050505050505050
0217505050504949504948484747474747474747474847474747474747474847484748484848484848484848484949494949494949494949494949494950
0218505051515151515252525252525252525252525252515151515050515151505050505050505050505150515151515151515252515151525252525251
0219515151515152515151515252525252535253525253535353535352535352535253525252525252535353535353525353535353525252525353535354
0220565657585858595959606060606060606060606061606060606161616161616161626262626262626263636262626262636363636364646464646464
0221656565656666666666666666666767676767686868686869696969696969696969697070707071717273737374747576777777787879797980808080
0222808080807979797979787979787878787877777777777676767575757574747474747474747474747474747474737373737373727272727272727272
0223727271717171717171717171707070706969696969696969696969696969707069696969696969696969707070707070707070707071707171717071
0300717171717171717171717171707070707070707171717171707070707070707070707070707069706969696969696969696969696968686868696868
0301686868686868686868676767676768686868686868686868676767676767666666666666666666666666666666666666666666666666666667676666
0302676666666666666666666665656666666666656565656666666666676767676767686868686868686868686868696868686868686868686969696969
0303696969696969696969696969696969696969696868686867676767676767676767666666666666666666666766666666666666666666666666666666
0304656565666665646464646464656464646464636363636363636363646464646465656565656666666666676767676868686867676766676667676766
0305676667676767676766666666666565656565656565656565656767676767676666666667676766676767676868686868686867676767676767676767
0306676867676767676767676868676666666666666666656666646565656565656464646464656565656362616161626363636463626161626363626263
0307646464646464656565656464646463636262626262616262616161616161616161616263636465656666666667676767686868696969707171717172
0308727272727373737373737373747474747474747474757575757575757474747474737473737373737373737474747473737474747474747474747474
0309747474747474747373737373737373737373737373737373737373737373727272727272737373727272727171707070707070706970707069696969
0310696969696868676766666666666767666666676666666563636363626363636261626262626161606060596059575757555556575656545353545553
0311515252515151524850444240413937373634343435353637373535343535353535343434343335363636353635343434343434333332333232323232
0312333333333332343333313131302930323333323232293032303128293030323130313132313031303031303030303133343232313231303131303231
0313303131292929303030293030323030302929302829292829292931292825252628272828283128302930292827262627272726282727292828282827
0314282827272628282829272726262727272626272827262627282625262728272725252724252728252725262426242524242525262524242826242323
0315242322222424232323252524242425222424252324252424242324242324232423252525242424232424242322232224242325242525232523232223
0316232424222323232223232322232222212221212123212323212222242321232224222221212123232223232224232421212224222121232121212021
0317222422212123212121202121212020202020202121212221212223232222212222212122232222222323222224222323252323222324252525242323
0318222323232322222325252422232524242525232323242423232325252423242323242424242525242324242324252424242425252626252525252525
0319252525242526252526262625262726262727282727272727282827272726272727272727272828272728282828282827282829292828272830292828
0320282928282828292930313130303130303030303030303031303030302929302929292828282829293029292828293029292929303030303131302930
0321303131313030313031313130313132323232333432333332333332323332323333343333333333333334333334353435343433343536353534343636
0322353637376036363739393736373838383838383839393939393839383939393941414040414141424040404142414142404041414242424242424242
0323424242424343424243424242434342424344444443444344434444434344444545454546464746464647474647474748474747484848474848484848
0400484949484848494949494950504950505151515152515151515252525253525252525152535252525252525353535353535454545454545454545454
0401555455545555555555555555565556565555555556555655565656575656565757575757575758575758585857575858585858585858585858585958
0402595959595960595959596060606060606060607560606061606061616160606060606060606060606061616161606160606161616161626262626263
0403626263636363636363636463636364646319191919191919191919191919191919191919191919191919191919191919191919191919191919191919
0404191919191919191919191919191919191919191919191919191919191919191919191919191919191919191919191919191919191919191919191919
0405191919191919191919191919191919191919191919191919191919191919191919191919191910191919191919191919191919191919191919191919
040619////////////////////////////////////////707070 1 17171717171717171//71717171717171717171717171717171717171717171717171
0407717171717171717171717171727272727272727272727272737373737373737373737373737373737373747474747474747474747474747474747474
0408747474747474747474747474747474747474747474747474747474747474747474757575757575757575757575757575757474747474747475757575
0409757575757575757575757575757575757575757575757575757575757575757474747575757574757575757575757575757575757575757575757575
041075757475757575757575757575757575757575757575757575757574747475757474747474747474737373737373737373//73737473737373737373
0411737373737273737373727272727272727273727272727272727272727272727172727272717272727272727272727272717171717171717171727171
0412717171707171707070707070707070707070707070707070706969706969707069696969686868686869686868686867676768686867676768686766
0413666767676767676867676765666666666666676766666565656666666566666565656665656665656465656565666564656465646463646564656465
0414646464646564646463646364636363636363636363646464636462626363636362636363626262626363626263626162616262626262626263636263
041562626161//62616262626363616161616161616262626161606160616160606161626060606262626262616262626160616161616262616263626262
0416616262626162616161616162626162636363636362626263636362636364636363636363636363636363636263636363636363636363636363636363
0417636363636363646464646363636364646464646464646565646565656565666666666666666666666666666566666666666666666666666767666767
0418676768676767676767676767686868686868686868696868696969696970707172737474757676767677777778787879797979798080808080808181
0419808080807979797979797979807980808080808080808080808080797979797979808080808081818080797979797980798080808080808080808181
0420818181818282828282828283838383838383848484848483838383838383838383838383838382828383828282828282828282828282838383838383
0421838383848484848485858585858585868686868686868686868787878787878787878787878787878787878787878787878788888888888888888888
0422888888888888888888888888888888888888888888888888888888888888888888888888888888888888888888888888888888888888888888888888
0423878787878787878787878787878786868686868686868686868685858585858586868685858585858585858585858585858584848484848484848484
0500848484848484848484848484848484848483838383838383838383838282828282828282818282818181818181818181818181818181818181818181
0501818181818181818181818181818181818181818181818181818181818181818180808081818181818080808080808080808080808080808080808181
0502818181818181818181818181818181818181818181818182828282828383838383838484848484848484848484848383838383838383838383838383
0503838383838383838383838383838383838383838383838383838383838383838282828282828282818181818181818181818180808080807979797979
0504797979797979797979797979797980808080807979797979797979808080808080808080808181818181818181818181818181818181818181818181
0505818181818181818181818181818181818181818181818181818181818181818181818282828282828282828283838383838383838383838383838384
0506848484848484848484848484848484858484858585858484848483828282828181818181818181808080808080808080808080807979797979797979
0507797980808080807979797979797979797878787878777777777777777777777777777777777777787878787878787879798080808080808080808080
0508808181818181818181818181818181818181818181818181828282828282818181807979787878777777767676757576767676767676767777787878
0509797978787878777675747473737373727272727172717272707070707070706969696969696968686968686868686868686868686767676666666766
0510666565656666666665666666666565656565656565656565646464656565666565656566666564646464646464646463636464646363636464646464
0511636262636364656363626363636262626363646262626263646462636463646565656566676869686970706970707071707070707170697069697070
0512697069686867676766676767676667676767666767666565656666666766666566666666646362626262636264676664636364646363626262616161
0513616161626363636362636564626262636363626061636362646465656565656564646465646464636363636363636263626262636363626261616160
0514606162636364646364636464636364646463636262626262626162626263636263646363636363626162626262636361616263626262616161626362
0515606160605959585858595958585958585959585757585858585859585859595858595958595858585757575656575859595959585858585858585859
0516585758595959605958595958595959585959585959585959595959585959606058596058585857575858595858595859595858575656565656555656
0517575857565656565655565655555656565656555555565656555454545354535354545555555556575756565657575656565656565555575656565655
0518565656565655565655565556555555565555555656565656565657575757565756565758575858575758585858575858575757575758585858585859
0519595859595858585858575857575757565656555555545453535453535353545454535354535453545354535353545555555554545554545554545555
0520555454555555555555555555565655555655555555565656565656565656565656565555555556555555565656565656565656565555555555555555
0521565555555555555555555555555555555454555555545454545454545454545455545454555454545454545454545454545454545454545454545455
0522555555555555555555555555555455555555555555555555555555555555555656565656565656565655565655565656565656555555565656565656
0523565656565656565656565756565657565656575656565757575756565655555555555656565656565756565657575757575757575757575757585859
0600595960606060606059605959606060606061626163616363626161616060606161616161616161606060606060606061626161616261626161616262
0601626263636363636363636463646464636464656565656565656666666666666666666666666666666666666767676767666767676766666666666666
0602676766666667676767676767676767676767686868686867676768686869696969697070707069696969696969696969696969696969696969697070
0603707070707070707070707070707070707069696969696969696970707070707070707070707070707070707070707170717171717172727272737373
0604747474747474747474747474757475757575757474737473737372727271717171717171717171717171717171717171717171717171717171717171
0605717071717070707071717272727273737373737373747474747474747474747475757575757575757574747475757574747474747474747474747474
0606747474747474747474747373747474747474747474757575757575757575767676767676767676767677777777777777777777777777777777777777
0607777777777777777777777777777777777777777777777777777777777777777878787878787878787878787878787878787878787878787878787979
0608797979797979797979797979797979797979797979797979797979797979797979797979557979797979797979797979797979797979797979797979
0609797979797979797979787878787878787777777777767676767676767576757575757575757575757575757574757575757474737474747272727172
0610717170707170696868676868696967676867676767676768676767676766666666666766636465666666646362616061626263636261616363636262
0611636363626263636263626364626261605958575858585958595959585959606060616160585858585858585858575857565756565756565657575655
0612555454555756565556565554545050515151505051515152505051494949484849494848484948494647474747454748464648424544454442424240
0613404040424240424242414241424142414139394140424338363737373739403839384241404138394041403839373739383735373837383636363739
0614373638363737353535353637363737373535363534323232343535353535363634343334343334343534343334363331313336343233353232323431
0615323333323231303032323131313032323233353030313231303131303031323232333130313031323130323029293232303029313130293030313231
0616313131333232323131302930303334323434323332323333313131333433333434333435353435343535353434353534333434333433333335343433
0617323333343333463334333333343332323333353433323232313132333233333131323333323132313131323232323332323131323332323232323232
0618313132323332313132323132323231323132313230313131313131313131313232323232323233323232323231323232323232323232323332323233
0619333333333333333433333334343334343435343536353635353636353635353635353536353535363635353536363535353535343636353535353636
0620343433343535353434353534343435343435343433353435353435353433343434343534343434343435353434343434343433333334343435383639
0621383738393840424040454644444545444446444445464645454544444343434342424242424242414242424242434242424242424243444444444342
0622424343434343434444434343434343434444444444444445454545454645464646474747474848494949495050505050505050515151515252525354
0623545453535353535455555555565656565555545454535454555656565757565657565757575758585858595959606059596060616160596060606161
0700616261616261626262626262626160605959585858575757565756575757575756565656565656565656575758596162616163646365656564646565
0701666665656464656464646463626363636464656667676767676767666564636363626262636465666666656565656564636363646363626261616060
0702605959595858575757575757575758585858595858595959595959595958595959585959596060616161616161616160605959595959595858585958
0703585859595958595859595959595959595959595959585959585858585858585858585858585858595858585858595959606061616262626161616161
0704616161616161616161616261616161616161616161616060616160606160606060606161606060606060606059595960605960606060606060605960
0705606060605960595959595960606060606161606060606060606060606060606060606060606161616161616161616161616161616161616162626262
0706626161616161616161626161616161616161616161616161616161616162616161616161626262626262626262626262626262626262626262626261
0707616161616161616161616262626262626262626261616161616161616161616161616162626262626262626262636363636363636363636363636363
0708636363646463636363636364636363636363636363636363636364646464646465656465656565656565656565666666666666666666666666666667
0709666666666666666766666665656565656665656565656666666566666665666665656666666666666666666565666666666666666666666565656666
0710656565656564646464646464646464646464636464646363636262626263626061616161606060606060606061596060605960595959595958585959
0711585858595858585858585858575857585757575857585858585757565756575757575658575657575755555455565455545655555555555556565556
0712565756565657575856565655565656575556575453535353525151525152525251504950515050504950505050525149494949505048494949484747
0713474947464646464645444344444546434443434445424342414344413938404141414040414142414040413939383937373839394039394140413939
0714393938403938384040383838383838383737373738383737383939404039373837363737373836343535363635373736363636363636363738393638
0715373737373637363636373637363637393635363635363636373738383738373837373736363636373637373737373738384039394039383837373837
0716383838393838393940383837373939383839393940373636373737393936373737373838383836363638383737383938383839393838373838393940
0717383740383840403839394039394041394040393839383737383838383838373738373938393939383839393938383838383838383938383838383939
0718383839393838383938393940384039393938383939383838383838393939393940403940403940393940404040404041404040404141404140404040
0719404041404041404041414040414141424141414141414242414142414141414141414141424242424242424242424242424242424242424242424243
0720424343424243434243424242434343434343434343434443444343444444434343434344444444434343434344444444444444444445454545464646
0721474747474846464646474646464646474646464746464646464646464546464646454646464646454545454646454545464546464546464646464646
0722464647464747474646474747474746474746464747474747484848484949484848484848484948484848484949494949494949494949494949494949
0723495049494949495050505050505050515151515151515151515151525152525252525253525353535353535353535353545454545454555555555555
0800555555555555555656565555555555555555555554555555555555555454545454545454545554545454555554545454535454555555555555555656
0801565655565656565656565656565656565656565656565656575656575756565657565656565656565656565656565656565656565757575656565757
0802575757585858575757575858575858585858585858585858575656575656555555555455545555545454545454545454545455555555555554545454
0803545555545454555555555556565657575757575858585858585858595959595960606161616162626162636362646564646566666665656566666666
0804666666656565656464646464646464646465656464646464646464656464646565656564646565656666666666666767676767676767686970707071
0805717171717272727373737373747474757676777777777778777777777676767676767676767676767676777777777776757474737271717070707070
0806696968686969696970717171717271717171717172717176717272727171727272727272727272737373737373737373737374747474747474747575
0807757575757576767675757576767777777777787878787879797979798080808081818181818182828282818079797980808181818181818282828282
0808828282838383838383848483838383848484848484848484848484848484848484848484848484858585858585858585858585858585858585858585
0809858585858585868686868686868686858585858585858584848381807978787776757575757474747473737373737272727272717172717171717170
0810707069696969706969696868686767666765656565656563636362626361606059605960595969585959616059595958575858575858585859585857
0811575759575755565756575856555655545455555454555455555554545252525252535251525150504950505150495051515150505050505050494950
0812495050494949494950484849504848494948484747484846484747464748464545454445454546464645454646464546474646464646474646464747
0813464646464545454646464444464646454747484747464646474746474544444645444445454344444343444445444342414342444344434442424342
0814424344444242424242424242424141404140424240404040424143414041424041414039403939393938404040394141424142414254394139393837
0815383737383838393739383837383837373737394140394038383939394139383839393939383938394040383838384040383739393939373939373737
0816373839373737363638373637363836363737363534353735353736363536363837383936363736383737363738393737363636363735353437363837
0817393838373738393837373738363637373737383838393939383938363637373737373738383737383938383836363837363838373837383837393939
0818393838393839383837383838383839393939383839404038393939383939404040393939404039403939404040404140404142414141414141414241
0819414241414241414259424141414242414141424241414142424241424242434343434444454444444445454445454545454545454545454545454545
0820454545454545454545464646454545454645454646464747464746464646474747474748484747484747474748484948474848484848484848484848
0821484848494949494949484948494949484849494949484949494949504949494949495050505050515050515151515151515151525251515151525252
0822525253535252525253535353535353535353545454545354545353535353545455555454555556555555555555555454545454565858575757585757
0823565658585959606059595959606060606059595959596172636466656566676768676668697071727373737474757676777777787878787979797980
0900808081818282828282828179757271707070707171717172727373737373747475757676777777787979798080808080808181818181818182828282
0901828283838383838383838383848484848484848484848484848484848484848484848484848484848484848484848484848483838383838382828282
0902828282828282828282828383838383838383848484848484848484848484848484848484858485858484848485858585858585858585858585858585
0903858585858585858585858585858585858686868686868686868686868685858686868585858585858585858585858585858585858686868686868686
0904868686868686868686868686868686868686868686868686868686868686868685858585858585858585858585858585858585858585858484848484
0905848484848484848484848484848484858585858585858585858585858585858585858585858585858585858585868686868686868686868686868686
0906868686868686868787878787878787878787878787878787878787878787878787878787878787878787878787878787878787878787878787888888
0907888888888888888888888888888888888989898989898989888888888888888888888888888888888888888888888888888888888787878787878787
0908878787878787878787878787878787878787878787878787878787878787878787878787878787878787878787878787878787878787878787878787
0909878786868686868686868686868686868686868686868787878787878787878787878787878786868686868686868686868686868686868686858585
0910858585858585858585858585858585858585858585848584848484848484848484848383838383838383828282828281818281818181818181808181
0911818080808080798079797979797979797979797979787879797979787878787878777676767676777676767777777676767777767676767575757575
0912747473737373737574737372717069706968646263646466646464646565636464626162616262605653515251505052495050505049504949494848
0913494847474849494950504849494950505050484546474745464646464645424246454546484747454444444344444445454544434242422829292929
0914444444454545444342424244464543424241394241404142424143414042424139393940393837384037373837373841404041373738373637383838
0915363537353437373736353635343435353637383840383736363536363537373937373533343434353634353334353535353636343235363635343435
0916353535363636383634353434353636373735343537363637383939393839394038393838394040404141414140393939394040404041414039394040
0917404041424140404041404140394039414241414241414141414142424143434241424241424341434241424341424242434243424242434242424343
0918444443444344444444454545454445454544454545454544444544454444434444434243424244444443444444454645464647474748484747474747
0919464647464645464544444444444344444444444544454445454444444444444545454545464545444444454444444445464744424343434142434141
0920414041414141424242434243434444444444454545454645454545454545464647464747474746474647474747484848484848484848484848484848
0921484950505150515050514950515153545555555555545554555555555556555657575757575756565656565657575758585857565758585859585960
0922605959575857585958585858585858585858585858585960606059595959596060595958585858595959596060596060595959606060606161626262
0923626262636362626262636363636364646464646464646564656666666767676868686868686969696868696968686969696968686869696969696970
1000696868686868686868686869696969696970707070717172727273737374747373737374747475757575767676767676767676767777777778787878
1001787979797979797979797978787878787878787878787979797979797979797979808080797979798080808080808080808080808080808181818181
1002818181818181818181818181818181818181818181808080808080808079797979797979787878787978787878787878787878787878787878787878
1003787878787878787979797979797980808080808080797878797979808080808080808081818181818181818282828181818282828282828282828282
1004828282828282828282828282828282828283838383838383828282828282828282828282828282828282828282828282828282828282828282828282
1005828282828282828282828283838383838383838384848483838383838282828181828182828282828282818182828282828282828282828282828281
1006818181818181818181818181818181818181818180808080818181818181818181818181818181818181818181818181818181818181818181818181
1007818181818181818181818181818181818181818181818181818182828282828282828282828282828281818181818181818181818181818181818282
1008828282828282818181828282828181818182828282828282828282828181818182828282828282828282828282828282828283838383828282828282
1009828282828282828282828282828282828282828281818181818181818181818181818182828181818182828282828282828181818181828281818181
1010818282828282818282828282828282828282828282828283838383838383838383838383838383838383848484848384848484848484848484848485
1011858585858585858585858585858585858585858585858585858686868686868686868686868686868686868686868686868686868686868685858585
1012858585858585858585858585858585858585858584848485848585848484858585848484848484844884848585858585858484848585848484848484
1013848484848484848484848483838483838383838383838383838484838383828283838382828282828282828282828283838383838282828282818181
1014818181818181818182828282828282838383838383838383848484848484848484848484848484848484848484848484848485858585858585858585
1015858484858485858585848484848383828282828282828281818181828282818181808080808080808080808079797979797878797978787878787878
1016787878787877787877767675757575757575757575767676757576767676767676767676777777777777777777777777777878787879793478787879
1017797979797979797979797979797979797979797979797979797979797978787878787878787878797979797979808080808080818181818181818181
1018818181818181818181818181818181818181828282828282828282828282828282828282828283838383838383838383838383838383838383838383
1019848484848484848484848585858585858585858586868686868686868686868686878787878787878787878787878787878787878787878888888888
1020888888888888888888888888888888888888888888888888888888888889898988888888888989898989898989898989898989898989898989898989
1021898989898989898989894689898989909090909090909090909090909090909090909090909090909090909090909090909090909090909090909090
1022909090909090909090909090909090909090909090909090909090909090909090909090909090909090909090909090909090909090909090909090
1023909090909090919191919191919191919191919191919191919191919191919191919191919191919191919191919191919191919191919191919191
1100919191919191919191919191919191919191919191919191919191919191919191919191919191919191919292929292929292929292929292929292
1101929292929292929292929292929292929292929292929292925692929292929292929292929292929292929292929292929292929292929292929292
1102929292929292929292929292929292929292939393929393939393939393939393939393939393939392939393929292929292929292929292929292
1103929292929292929292929292929292929292929292929292929292929291919191919191919191919191919191919191919191919191919191919191
1104929292929292929292929292929292929292929292929292929292929292929292929292929292929292929292929292929292929292929292929292
1105929292929292929292929292929292919191919191919191919191919191919191919191919191919191919191919191919191919191919191919191
1106919191919191919190909090909090909090909090909090909090909090909090909090909090909090909090909090909090909090909090909090
1107908989909090909090909090909090909090909090909090909090909090909090909090909090909090909090909090909090909090909090909090
1108909090909090909090909090909090909090909090909090909090909090909090898989898989898989898989898989898989898989898988888888
1109888888888888888888888787878787878787878786868686868686868686868585858585858585858585858585858585858585848484848484848484
1110848484848484848484848484848484848484848383848484848383838383838383838383838383838382828282828282828282828281818181818181
1111818182828282828282828282828282818181818180808080797979797979787878787777777777777676767676767575757575767676737272717273
1112737475747373747474737474747474747474737374747373737474747374737373747373737272727272727171717271717171717172727171717272
1113727272727372727172727272717172727272717171717171717171717271717171707171707070717070707170707069686969696969697069696969
1114696970696869686868686767686867676767676666666665656565656364666464636261626162606261616362626261616261616261606060616163
1115636160626160606059606059606161606261606264636262606060616058585757565758585859596160606059595858595858585759575555565656
1116565757576059616059585958565656545453555656565858585858575758565759605959605960615859606060595959596060616262626264636263
1117636364646464626363636464656564646465656564646364646364646565646464636565656465666463636263616161626160626161626362636464
1118646465646463636464636262626464636363636363636363626363626263646363626263636262626061616160616162616160606060616161616261
1119626261626161616162626262626363636363636363636363646364646364646565656565656564646464646464646464646465646465656464646565
1120656666666666666666666767676767676767676867686868686868686968686869696969686968686969696969696969696969696969696968696969
1121696969696969696969696969696969696969696969696969696969707070697070696969707070707070707170707071717171717171717171717171
1122717171727272727271717171717171717272727272727272727272727272727272727272727272727272727373737374747373737373737374737373
1123737373737373737374747474747373747474747474757575747474737474747474737373737373747474747474747474747474747474747474747474
1200747474747474747474747474747475757575757575767676767676767676767777777777767676767676767676767676767777767676777777777777
1201787878787877777777787878787878787878787878787877777777777777777778787878787878787878787878787879797979797979797979797979
1202808080808081818181818181818181818181828282838383838383838383848484848484858585858585858585858686868686868686868687878787
1203878787878787878787878787878888888888888888888888888888888888888888888989898989898989898989898989898989898989898989909090
1204909090909090909090909090909090909090909090909090909090909090909090909090909090909090909191919191919191919191919191919191
1205919191919191919191919191919191919191919292929292929292929292929292929292929292929292929292929292929292929292929292929292
1206929292929293939392929292929292929292929292929292929292929292929292939393939292929292929292929292929292919191919191919191
1207919191919191919191919191919191919192929292929292929292929292929292929292929292929292929292929292929292929292929292929292
1208929292929292929292929292939292929292929292929393939393939393939393939393939393939393939393939393939393939393939393939393
1209939393939393939393939393939393939393939393939393939393939393939393939393939393939393939393939393939393939393939393949494
1210949494939393939393939393939393939393939393939393939392929292919190909090908989898888888787878787868686858484848383838383
1211838382818181818181818180797979787876767778787776757676777775757473737272737373737373737371717272737373737373737372717170
1212717070707070707070697070697069706969696969706969686868686766666765666665666764636363646362636161616163636261625960616162
1213626262626059596157575757575657565958575555555554535455565657565556555454545453545454535353535254555353525253535354535355
1214545454575556575455555656585556555756575659596060595858585859606060595960585959585959375759585958575858565658585858575757
1215575557565555545556575757585653545557575757575655565757575757585857585958565757565655575555555555555756555656565656545655
1216565656575756565756555655575655565756565757565657575756565656575858575757565758595756575859606061616162626162616161616261
1217616059595960606060595960606060616160606061605960606060595959595959585858595859595958596059595959605958585858596060595959
1218605959606159605959585960586059585958595958585959595959595859595960596059595858595958585858585758585757575858585859355959
1219595858595858585958585959585959585858585859585858585858585859585859585959595858585959595959595959596060606060595959596059
1220606060606060616160616161606061626162636363636262636363636363636364656666666565656464656565656566666667676868686868686868
1221686868686868686969696969696969696970707070707070707070707171717171717171717171717171717171717272727272727272727373737373
1222737474747474747474747575747474747474747474757575757575757575757575757575767676767676767675757575757575757575767676767676
1223757576767676767676767676637676767676767676767676767676767677777677767677777777777777777777777777777777777777777777777777
1300777777777777777777777777777777777777777777777778787777777777777777777777777777777777777777777777777877777878787878787878
1301787878787878787878787878787878787879797979797979797979797979797979797979797979797979797979798080808080808080808080808081
1302818181818282828282828383838383838384848485858585858585858585858585858585868686868686868686868686868686868686868686868686
1303868686868686868686868686868686868585858585858585858585838584848585858585858585858585868686868686868686868686868686868686
1304868686868686868686858585858585858585858484848484848484848484848484848484848383838383838383838383838383838282828282828282
1305828282818181818181818181818080808080808080808081818181828282828283838383838383838383838383838383838484848484848484848484
1306848484848484848484838383838383838383838383828282828282828282828282828282828282828282828282828283838383838383838383838383
1307838383838484848484848585858585858585858585858586868686868686868686868686868686868686858686868686868686868686868685858585
1308858585858585858585858585858585858585858585858585858585858585858585858585858585858585858484848484848484848484848484838383
1309838383838383838383838383838383848484848484848484848484838383838383838383838383838383838383838383828282828282828181818181
1310818080808080808080807979797979797979797979787878787878787878777777777777777777777777767676767675757676767676767575757575
1311747575757575757574757574747474737373727273737372727273727171717273717071717171717171706969697170686867676869676768706867
1312666666666766656666666666666767676667666665656564646464646464646464646364636362626262616162616060616060605859595960585858
1313585958595858585858575757585859585959585858595958595959605960595859595958585859595959595958585858575657585858575757575757
1314585858585858585757575757575858585858575758565555565556565556565757585858585959595958595959585959585860605958585959585857
1315575859595857575757575757575757585757575656565656575655565656565555555556555555565555565656555557555456565554555454545453
1316545353545454545454555554555556555555545554545353535352535453525253535353545453525353545353525253525353545352535454555555
1317555554545453545452545554545453535353535354545352535353535455545354535353535354545454535453545454555454545453535454555555
1318555555555555555454545555555555555455555455545554555555555555555556565656555555545555555554545455555555555656565556565656
1319565757575756565656565657585857575757575758585757575656565858575757565657565757575757575757575758575757575757575758585858
1320585858585858585858585858585858575758585858585858585858585858585858595959585858585858585858595959595959595959606060606060
1321606060606060606061616161616161616161626162626262626262626262626262626363636363636363636363636363636465656565656565666666
1322676768676767676767666666666666656565656565646464646464646363636363636362626262626262626262626262626161616161616162626261
1323626262626262626262626262626364646464646565656566676666666666666565666667666667676767676767666665656564646464646464656666
1400666767677071717172727171717171717171717271717070696969697069717171727272727272727273737373737272727272727373737372727373
1401737272717070706969696968686868696969696970707070717171707070707071717070707070707070707070707070707170707070707070707070
1402707070707070707070697070696969696969707070707171717171717272727372737373747474747575747475757676767777777777777777777878
1403787879797979797980808080808080808080808180808180807979787878787979808080808080808079798080808080808079797878787777777777
1404777877777777787878787878787878787877777777777777777777777776767676767676767777787877777778787878787777777676767676767676
1405777777777777777777777878787979798080808081818181818181818181818181818080818182828383838484848484848585858585858585858585
1406858585858686868585858585858585858585858585868686868686868686868686868686868686868686858585868686868686868686868686868686
1407868686868686868686868686868686868686868686858484838179787776757575747473737373727171717171717170707069686968686869686868
1408686767676767676667666666656565666565656565656665636462626261616160605958595958585959585858575756555454555554535453545354
1409535354535353525352525252515251525353525252535253525252515252535252535352515151515150505051505051505050495048494849494949
1410484848474846464646474646474846454546454546444443424243444344424342414342424140404038383939393838373838373738384040393838
1411393839403938393939373838383938383938394039383838383739383838384038363636363737363737373635373738353637373636373836373737
1412353735343535343435353636363535353535353535353536363537363637363837363536373736363738363635363637363537363433353536363434
1413343434353434343534363634333434333433333333333233333232323131313131333232323232333332323232313231313232313333323232323131
1414323231313230313030303132313132323232323232303131313030323131323231303031302930302930302931313030303132323031313132323232
1415313230313131313233313132323331666666673131313231323233313333323232313131333232323232313232323332323232323233333333333433
1416333333333534353435353536363535353536363737373737373938373737373838393839393940404040414141404142414243424242424242434343
1417444444444444444445454544444545444544454445454545454646474746474646464647474747484849494950505050494950494950504950505050
1418505152515251515151515252525252535253525151515151515252525252535353525353535353545454535353535453545353535353535454545354
1419545454545454545454545354545354535354545453545455535453545554535353535454545454535353545454565556565555575757585757565657
1420575656565757575756575757575857565960616161596062626263626364646565656665666766666666676868696969666467686865646463636363
1421646464656566656566666665656566656565666667676868686970696970707171727272727271717169696868697071727373737373747474737474
1422747475767676767677777878797979798080808081818181828281818282828281818181818181818182828282828181818181828181818181818181
1423818181818181818281818080808080808080808081818181818181828282828282828282828382838383828282828282828282828282828282828283
1500838383838383838282828282828383838383838382838383838383838383838383838383838384848484848484848484848484848484848585858585
1501858585858585858585858585858585858585858585858585858585858585858585858585858585858585858585858585858485858585858585858585
1502858585858585858585858585858585858586868686858585858585858585858585858585858585858686868685858585858585858585858585858585
1503858484848484848484848484848484848484848484848484848484848484848484858585858585858585191919191919191919191919191919181919
1504181919191818191919191818181918181918191818181818181818181818181818181818181818181818181818181818181818181818181818181818
1505181818181818181818181818181818181818181818181818181818181818181818181818181818181818181818181818181818181818181818181818
1506181818181818181818181818181818181818181818181818181883838383////84////8484848484848484848484848484848484848484 7%%%% 8%%
15078484848484//84848484//8484//838383838383////83838383838382//82828282818181%%81%%%%%%%%%%%%%% 7%% 5%%%% 8%%%%%% 4 4%%46%%
15088079798080808080797979797979797979%%%%%%%%%%%%%% 3%%%%%%%%%%%% 3%%%%//%%%%03%%%%%%%%%%%%%%%%%%%% 4%%%%%%%%%%%%%%%%%%%%%%
150980808080//808080808080808080//798079//////797979797979787878787878787878 6%%%%%%%%63%%63%%%%%%65%%%%%%%% 3 2%% 2 2%%%% 3
151074747473737373737374737473717171 0%%78%%-1%%78%%%%%%%%%%%%%%%%%% 7%%%%-1%%%%%%%%%%%%%%89 0%%90%%-4%%%%%%-5%%%%%%%%%%%%%%
1511686767//6768//686767676868////6565//66//6564//656666656666666766676665666666%%//%%%%%%%%%%%%%%-7-86464//63//636364636363
1512636263//63626362636463//636363626262636362616261595960596161605960606262606059595759616059585757575756585757585555575657
1513555656545454545554525151515254575454545455535351515152515253535253525250474747475050484745464547444545434644454542444445
1514464748464950494946454342424443434346454442434445444443433940424138383842414138404040414140393941424039413940393938383938
1515393939414341404345404244434543444545444546444447424346414342424345454542414139393940383940393941414241394042413939393939
1516383939393940394040404039404039414244454440404038404138383938394339394040404140393940403841403839383837383840414138414039
1517423939373840393938383535393938383840403939394040403939393940424141414142424342434243434340404038394040393939403940404041
1518414039424041414041424040414445444343444442424344434445454545454544444445464343434242434443424443434242434342424242434343
1519424443444445434243424243434242424141424244444243424242424242434241//4242434345454445444242424343454546464646464647484846
1520474545474747464546464646464645464748474848495051515151505252515050494949484949494849494950505050505150495050505050505151
1521515151525252525352525252525353545454545554555554555454545454535454535252525252525352525252535353535453525353525252525252
1522535353535354545455545453535253535353535353535454545455585960606263646564656665646564646465646360606364646058616365666667
1523676667676767686767666566666666666869707171727272727171717171707171696868676567666564646565676969//6970696767676767676566
1600676767686767697072727272727272727273737273737272727373727271707069686867666667676666666768666565646464636362616161626162
1601616261616262626262616162616061616161616161626262616262626262626263626363646465656564646565666667666665646566686665676868
1602686969707069696868696970717271706968687071717273747474747575757574737474737170706867676868676768676565656665666565666563
1603636262626363636363636363636363646464646565656666676767676767676767676767686869686969707071717069686767676767676767676767
1604676767806768686868696969697070707070707070707070707070707070717172727272727273737373737372737373737373737373737373747474
1605747475757575757575767777777676767676767676767575757676767676767676767676767676767677777777787878787877777675757575757575
1606757676777777777776767676767676767676777777777676767575757575757474747474747474747373717070706969696970707070706969696969
1607696969696969696969696969696868696868686867676767676767676767676768686868696969696969696969707172727273737373737474747575
1608757675757575757576767777787878787878867878787879797979797979797979808079797979797979797980808080807979798080797979797979
1609808080808080797979787877767473737474737271717374757574737271696867666666666666666766656666666665656566656566666666656463
1610636364656562616362626162616161616160616262616062635959595959605960595959595960616061616160595959596059595960595958595959
1611595959595858585858585957565656565656565754545455555553545354535353535351545253545455535251525152535354545450525252515152
1612524948505150525151515352525251504950505051515151525047474848494949524949484949504648494848474647464647464543454545454746
1613444544404038383941444039404140414041414342413839394134343538393637333335363741413934313132333433323233343333313233343434
1614323233333234373936353436333434353435353434333434323234343232333134323532323432313131323534323132323232323132323131333331
1615323431303132323231312931343434323031302930302930302829313029323130303133302930293132312829293028282830293031313029302928
1616293131282930303330292829302929293031303031313332323333343132293032313130303030313132313133333031302930282829292929303032
1617313130293031293234303031313031313331313031313031313029282930303029293029293029302829303029292929302830303031303031303031
1618313030303131313130333131303030313232313031303130303131333232313131313030313130303030303030303030303131303031313131313131
1619313231313030313231313232323232323232333334343333333433333333333434343535353635353435353535363535353535353636363636353636
1620363637353737363636363736373836373838373737383838384141424039393941423942414139394142424142424649504847515148505149525251
1621535254585858616061616262626365666767676665666666646465656465656465666566676768686868686969696969686970707172717171717070
1622697070707069696869697069696869697071717172737372727273747474737271717172727273727373737373747474747575757574747475757575
1623757575757576767677777777767677777676767575757575767676767676767677777777777777787878787878787878797979797980808080808080
1700808080808080808080808080808080808080808080808080808080797978787878787777767574747474737374747474747575757575767676767777
1701777777777777777777777777787878787878787879797979798080808080807979787878787878797979797979797979797979808080808080808181
1702818181818181818181818181818181818181818181828281818181818182818182828282828282828282828281818181818181818181818181808080
1703808080808080808080808181818181818181828282828282828181818181818181818182828282828282828382828383828383838383838383838383
1704838383838384848484848484848484838383838383838383838384848484848484848484848484848484848484848585858585858585858585858585
1705868686858585858585858585858585858585858686858686858586868686868686868686868686868686868686868686868686868686868686868686
1706868686868686868686868686868686868787878787878787878787878787878787878787878787878787878787878787878787878787878787878787
1707878787878788888787888888878787878787878787878787878787878787878787878787878787878787878787878787878787878787878787878787
1708878787878787878787878787878787878787878787878787878787878787878787878787878787878787878787878787878787878787878787878788
1709888888888888888888878787878787878787878786868685858585858484838382807977767574747372717070696868686868676767676767676666
1710676767676667666666676566666565636463636363636462626263626262626161606161616160596060585858595859585858585857565656565656
1711555655545353545353535251525051515252515150494747484949484747474745434344464642444139383839393838403838363938373940403940
1712404041414241414040394038383838383938373839393837363737393837403736383735363835343533323232333333333333343333363734353535
1713363636363335353434353433333733323232323333333333333332333635343334343334333232343233313232323131323131313131303031323133
1714363632313131323232323331313031312930303230293030302930313031313030313031292929292929292929282930293029302929303029302830
1715282828282930292828282829282829302927272827272728282928293130282929303131292827272727262827272828272829292928292930313029
1716293029282729292929302727272628272727302727282728272728272827272729292728282829282728292927292927282829292826282826262627
1717272729282928272727282829272627282627272726272829282828292827272828282728282628283029302829302929303029292727262728292928
1718282928282727262727283030302829282626262727282827272828282729282828282727272927272828292829282928282929282929282829282828
1719282928282829292827282728292828283030313130303030303030313233333232323333313333333535353535373941424039393945444342404140
1720444544464647474647474950515353525353535253555554545353545354575453545755575756565554545453525357585861616156535151525454
1721525659605959595857606263656566666665676766666565656566666767676767686867666668686767676564646464636262636262646464646564
1722636362626161626365666259585957585858606260585756555659605960606061605959595958585959616264636059616262626363636363595756
1723565555565759616162606061636464656665656767666562595958575655545252504848474646474645454444434344444443444343444444434444
1800444443454444444444454445444444444343434443434344444444444444444545454444444444444444444444444545444444444444444444454545
1801444545454444444445454445454545454546454546464646454646464646464545464646464646464646464746464646464776484848484849495051
1802515252525353535453545656565655565654545454555555555555565859595961616061626161636363636463616261616162636363646462626161
1803616160606262616164646465646463626162626058575756575655545454545353545455565555555454545454555656565656575756565756575757
1804575758575757575757565656565757595959585858596061626262636364636260606062595959595857596060606060606060595858585857575757
1805585858585858605959595960606060606060616362616362626365666563626263646364676868666665656464646465656769696868686767676868
1806686969707187717272727373737373737372737373727272727272717171717272737373737373737372727172727071727373747474747373737373
1807747474747474747473727170707070707071717273747475757575757574747474747474737372727170707070707070696868686867676768707071
1808717273727170706969686767656564646566676868686869686766656665646466666565666768706969686867666769696970696970707071717272
1809727273737474747372737473727272727373727069697069686768697070717070706869707273737272707069666666676767686867666464646363
1810636363636161606160616162636363636160595759575858575758575857575959596059605957565556565656565755565554535454555556555555
1811555454545453545453535353535353535352525252525353535252525251515151525151515151505050495051505050515051505049495151515150
1812505049494949494949494949494949494949474748484747484747474849484747484747474748474647464545474543434344444443454443434340
1813434042394041414341404040414040414243414142414140414140404040414241403939394039403938393938373839383837383838383737373734
1814363434343535353435363434333434333436363635343231313133323334333334343336353333323233323233333333333333343334333434343333
1815353433343434333334333434353434333434343434353535343333343334343434343535353434353434363534343435353636363635353635363636
1816363534353535353635363737363737363737373636363637373837373737373636373737373737383938383938383838393839383839394040403939
1817393940404140393940404040393938393839393938383838393940403938373837373636363636363636373735353535353535353535353535353636
1818363636363636363536353536373735353635363637373636363637373837373737373838383937383838383838383939383839393939394040404040
1819404141404040414141414040404040393940404040404040404040404040404041404040414141424141414241414141414141414141414141424242
1820424243424141424342434343434343434344454545454545454546454545454545464748474848474748474748484848484849494952515153525251
1821525252545759606059585758575756575758575858596061595858595959596060616160595959595958575757565656565555555657585656575960
1822606060595756575757575758575959606159606364636363636363646463646464646466666565656666656564656565656464656362616161626160
1823595959585858585858585858585858585757565657575657575757575858585858595958595959606060606061616161616161616161606160616261
1900616162626364646565656565656364646363636261616060595959605959595959595960596061626262636463626262626261616162616161616466
1901676869676666676868686868686970707171717170706968686768676666666665666565656464646363636364646464636363636464636464646463
1902636363636363636363646464646464646464646465656464656564656565656464646465646565656565656565656565656565656565656565656565
1903656566666665666767666667676869696969707070697071727272727272717171727272727373737474747474747474747474747474747474747474
1904747575757575757575757575757676767575757576767777777777777777777777777777767777777777777776767677777776757575757575757474
1905757575757575747473737372727272727272717172727272727272737374747475757575757574747474747373737372727272727272727272727373
1906737373737373737474757575757576757676767677777777777777777777777878787777777777767676767676777777777878787979797978787877
1907777776777777777777777777777777777778787878787878787878787777777878787878787878787878797979797979797979797980808080797979
1908797979797979787878777878787878787879797979797979787877777777777777787878787878787878787979797878777676757576767777777878
1909787778787878787878787979797979787878787878787877767675757575757575757474747474747474747474747475757575757574747474747575
1910757575757575757474747474747474747473727272737373737171717070717070717171707070707070706968686969707171727272727171707170
1911696868676869707070696869707171696869696969696867676767686867686969707069696767666463626262616059595959585858585756555554
1912535353525252515050515051505050505050505050515251515150505151515252515251515151525150515050515050515151515151515251515151
1913515151515151525152525251525252525252525151515252515152525253525353525353535353535353535352525252525351525253535252525251
1914515151515151525252515151515151515252525252525152525151515251525252535352535354535353535353535252525252525354535353545453
1915535353535352535353525352525252525353535352525252525253535352525252525153525151515252525253535353525252525151525352525352
1916525151515152525252515151515152525252525151515151515151525252525252535252525151525253535353535453545454545455555454545353
1917535353535353545454545454555556565655555454545454545555555555555555555556565656565756565757575757575757575757575757585958
1918585858585858585858585757575857575757565657565656565656565655565656575757575758585757575858585858585960606060606060616161
1919606060606060606061616162626162626262626161606059595960616161616161616161616161616161616160616262626262626262616161606060
1920606060606060606060606161616161616161616161616161616161616161616161616262626262626262626262626262626262626262626262626262
1921626262626262626262626263636364656666666666666666666565656464646464636363636363636363636362626262626262626262626262626262
1922636364646464646465666767676666656566676768676767696968686869696970707071717272717069696868686969707070707171717172727171
1923717171727272727373737474747474747473717069686867686867666666666565646464646464646465666667676766666666656564646464646464
2000646465656565666769707172727272727271717171717272727272727272727272727373747373737373737373737373737373737373737373737373
2001737373727272727272727272737373737373737373737373737373737373737373737373737373737372727272727272727272727272727272727272
2002737373737373737474747474747474747575757575757575757575757676767777777878787877777777777777777778787878787979797979797979
2003797980808080808080808080808081818181818181818181818181818181818181818080797979797878787777777777777777778178787979797979
2004797979787878787878787878787979797980808080808080808181818181818181818181818181818181818181818181818181818282828282828282
2005828282828282818181808079797979798080808080808080808080808079797979797979797980808080797979797978787879797979808080808081
2006818181818182828282828282828282828281818181818181818181828282828282828282828282828282828282828282828282828282828282828282
2007828282828282828282828282828282828282828282828383838282828281818080808080808080808080797979797878777777777777777777777777
2008767676767676768977777778787879797979798080808080808080808080808080808081818181818181818181818181818282828282828282828181
2009818181818181818181818181828282818181818181818181818181818180808080797979797979797980808080808080808081818080808079797979
2010797878787878787878787878787878787878787777787878797979797976747271696561595858565454545353535455565657585959596060606060
2011605959606059596060595959596059606060606060605959585859585958585859585858595857565757575656565757565656565656565555545454
2012535353545353545453535453535354525251525252524352525352515252535251525251515152525150505050515151515051515151505052505151
2013505151515151505050505050505050515151515151515252515151515251515252525253535353535354545454545454555555565656575757575757
2014575758585859595959595959595959606060596059596060606060606060606060616160616161616161616262626262616261626262626262626262
2015636363636363636363636364636363636363636463636464646464646565656565656565656566666666666665666665656666656565656564646465
2016646565656564646464646464646565656565656565666666676767676767666666666767662366666666666767666766666666666666666666676767
2017676767676767676766676667666766666666666565666666666666656565656565656564656565656465656564646464646463636464646364646464
2018646363646364636363636363646464646463646464646464646463646464646464646464646564656665656666666666666666666666666666666565
2019646464656566676767676868686970707170696971717273737373737372727171717171717171717171717172727272727272737374747475757575
2020767677777778787879797979808080808181818282828383828283838383838383838383838282828281818181818181818282823183838484848484
2021858585858585858586868686868686868686868686868686868686868686868686878787878787878787878787878787878787878787878787878787
2022878786868686858585858585858484848484848484848484848484848484858585858585858686868686868686868687878787878787878787878787
2023878787878787868686868685858585858585858585848585858584848484848484848484848484848484848485858585858585858585858585858585
2100858585858585858585858484848383838383838383838383838484848484838383838383828283838282828283838383838383838384848484848484
2101848585858585858585858585858686868686868585858484848484848484848484848484848383838383848484848484848484848484848585858585
2102858585858686868686868686868686868686868787878787878787878787878787878787878787878787878787878787878787878787878787878787
2103878787878787878787878787878787878787878787878787878787878787878787878787878787878787878787878787878787878786868686868686
2104868685858585858585858585858584848484848484848484848484848484848485858585858585858585858585858585858585858585858585858585
2105858585858585858585858585858585868686868686868686868686868686868686868686868686868686868686868686868686868686868686868686
2106868686868686868686868686868686868686868686868686868585858585858585858585858585858686868686868686868686868686868686868686
2107868787878787878787878686868686868686868686868686868686868686868686868686868686858585858585858585858585858585858585858585
2108858585858585858586868686868686868686868686868686868686868686868787878787878787878787878787878787878787878787878787878787
2109878787878787878787878787878787878787878686868686868686868686868686868686858586868685858585858585858585858585858585858585
2110858483828181808181818181807977777677767575757575757574747576767776777778787676767677777776757575757676767675757575757474
2111747574737373737372727171717070707071717070696868686868696969706969707172717170707170707070707170707070706970697069707070
2112707071717171717271717171717272717271717272727272727272727273737373737373717272727271717272727271707070717170717170717170
2113706970707170717171707071717071727071707170707070727171717171727171717070706970686869686968696969676867676868686868686768
2114686868676767676666676767666666666667676666656666656666656566656464646565646564636363636464646464656364646162616161626363
2115636363626363636262626262626362636262616262626262626161626262626362636261626262626262626262636263636362626262646363636263
2116626263626262626364646364636263636262636363636262626262636163626262626262626263626262636364636363636364636363636362636364
2117646464636363646363636363626363646364636464646465646464656565656565656565666665666766666667686868676767676666666666676766
2118666667676767676767676667676767676767686868686868686868676868686868686868676868686868686868676767676667676766676767666767
2119676767676767686766666666666666666768676666666666666666666767676767676768676767686868686868686868686868686868686868686868
2120686969696969697070696970707070697070707070706970707070717171717171717171727171717070707170707071707071717069696969696969
2121697069696969696969707070707070707070707070706969696868686869696969696969697069706969696869696969697070707070707070707070
2122707070707170717171717171717070717171717170707070707070717171717172737374757576767777787879797979797980807980808080808181
2123818181818182828282828282818181828282828282828282828283838383838383838383838484848484848484848484858585858585858585858585
2200858585858585858585858585858585848484848483838282828282828282828383838383838383838383838383838383838383838383838383838383
2201838383838383838383838383838383838383838383838383838383838383838383838384848484848484848484848484848383838383838283838383
2202838383838383838383838383838383838383838383838384848484848484848484848484848484848484848484848484848585858585858585858585
2203858585858585858585858585858585858585858585858484848484848484848484848484848484848383838383838383838383838383838383838383
2204838383838383838384848484848484848484848484848484848484858585858585858585858585858585858585858585858585858585858585858585
2205858586868686868686868686868686868686868787878787878787878787878787878787878787878787878787888888878787878787878787888888
2206888888888888888888888888888888888888888787878787878787878787878786868686868686868686868686868686868686868686858585858585
2207858585858585858585858585858585858585858585858585848484848484848484848484848484848484848484848484848484848484848484848484
2208848484848484848484848484848484848484848484848484848484848484848484848484848484848484848484848484848484848484848484848484
2209848383838383838383838282828282828282828282828282828282828282818181818181818181818182828282828282828282828282828282828282
2210828282828282828181308182828181818181818181818180808080808080808080807980808080808181818181818282818181818181818181818181
2211828181828282828181818081807878777776777777777677767676757475757576757473727373737372727271727271727273737373737373727169
2212707070707067656465656566656465656565656464656666656362626464636362636362616160605959596061616263626364646563626362626161
2213626364646462646463646363636362636162616161616262626362616161636462605959595856565756565756555455555554535153525150515050
2214505150525251515052504947484949464848484646464547254848474745484950525353525151505052525251494848485050494951504949494950
2215494949515251494850494847484847474748494948474848474847474747474847495050505149474950484849505048484847475049474747474847
2216505153525254535252525352535353535454535254555757575758585961606060595858585959596060616161616161616261616262616262626363
2217636463626364636463636465656362636463636262626363646464646464656566676767686869696969696970717171717171717171717172717171
2218717171717070707171717171717171727172727272727272717272727272727272737373737272347373727272727273727273727273727372737373
2219737373737272737373737373737373737373737373737373737373737373737373737373737374747474747474747474747474747474747475757575
2220757474747574747575747474747575757474747575757575757575757575757575757575757575757575757575757575757575757575757575757474
2221757575757575757575757575757575757575757576767676767676767676767676767676767677777777777777777777777777777777777777777777
2222777777777777777777777777777777777777777777777777787878787878787979797979797979797979797979808080808080808080288080808081
2223818181818181818181818181818181818181818181818181818180808080808080808080808080808080808080808080808080808080808080808080
2300808080808080807979797979797979797979797979797979797979808079808080808079797979797979808079797979797979798080808080808080
2301808080808080808080808181818181818181818181818181818182828282818181828282828282828282828383838383838383838383838383838383
2302828282828282828282828282828282828282828282828282828283838383838383838383838383838383838484848484848484848484848484848484
2303848484848585858585858585858584848484848484848484848484848484848484848484848484848484848484848484848484848484848484848484
2304848484848484848383838383848484848484848484848484848484848484848484848484848484848484848383838383838383838384848484848484
2305848484848484848484848484848484848484848484848484848484848484848484848484848484848484848484848484848484848484848484848484
2306848484848484848484848484848484848484848484848484848484848484848484848484848383838383838383838383838383838383838383838383
2307838383838383838383838384848484848484848483838383838383838383838282828282828282828282828383838383838383838383838383838384
2308848484848484848484848484848484848484848484848484848484848484848484848484848484848484848484848484848484848484848484848484
2309848484848383838383838383838383838383838382828282828282818181808080807979797878787878787878787878787878787878787877777777
2310777778787777777778787878787777777777777777777776767676767676767676757575757575747474747474747474747473737373737374747373
2311747474747474747373737373737372727272727272727272727272727272727272727272727373727272727272727272727271717271717171727172
2312707171717170717169686868676867676768686969696968696868686868696970707070696969696969696968686867676767676767676868686868
2313676767676868686868686767676867676666666666666665656665656665666565656564646463626362626161616061616162626261616262636262
2314626363636363626362626363636362626362636262626262636362636363636464646465656565656564646363636363636465646364646465636363
2315636362636463636363636463646464646464656464646464636565646464636364636363636363626363636362636463646363626262636262626262
2316626262626364646463636363636364626363636363646464636464636363636363626362636363626262636363636363636363636363636363646363
2317646465646263646363636263636363646363636363636363636363636464646464636363636464636364646464646464646463646363636363636464
2318656464646363646364646363636364636363636364646464646362626363626261616262636362636565656565666566676767676666676767666767
2319676868696968686869706969697069707070717172717172727273747474747474747474747575747473747474737374747475757574747575757474
2320747474747474747474757575757575757575757575757575757574747474747474747373737373747473737373747474747575757575757575757575
2321757576757575757676767676767677777878787878797979808080808181818181818282828282828282838383838383838383838383848484848484
2322848484848484848484848484848484848484848484848484848484848484848483838383848484848383838384848484848484848484848484848484
2323848484848484848484848484848484848484848484848484848484848484848484848484848484848484848383838484848483838383838383838384
2400838282828282828282828181818282828282828181818080808080808080808181818181818182828282828282828282828282828383838383838383
2401838383838383838484848484848484848484848484858585858585858585858585858484848485858585848484848485858585858585858585858585
2402858585858585858585858585858585858585858585858585858585858585858585858585858585858585858585858585858585858585858585858585
2403858585858686868686868686868686868686868686868686868686868686868686868686868686868686858585858585858585858585858585858585
2404858586868686868686868686868686868686868686868686868686868686868686868686868686868686868686868686868686868686868686868687
2405878787878787878787878787878787878787878787878787878787878787878787878787878787878787878787878787878787878787878787878787
2406878787878787878787878787888888888888888888888888888888888888888888888888888888888888888888888888888888888888888888888888
2407888888888888888888888888888888888888888888888888888888888888888888888888888888888888888888888888888888888888888888888989
2408898989898989898989898989898989898989898989898989898989898989898989898989898989898989898989898989898989898989898989898989
2409898989898989898989898989898989898989898989898989898989898989898989898989898989898989898989898889898888888888888888888888
2410888888888888888888888888888887878787878787878787878787878787878787878787878787878786868686868686868585858585858585858584
2411848484848483838383838383838282828282828281828281818181828282818181818181808180808080808080797879797978787777777676767675
2412757575757574757474757568757573737374747475757473747475757575767575737374747473747475757474747474747575757575747474757575
2413757473747475747574737373737373727272727270717272737272737272727171717172727272727272717373727171727273737272727273737172
2414727272737373737171707072717271707171717070717171717172707071717070696970727170706968696868686969686869707069686869686869
2415686868686868686868676768686868686968676868676666676768666666676665656465666767666665656465646566666766656564646565646465
2416656463656564646464646465656563626161626462626161606162595960606162626162606161626263626259606060606161606161616060616261
2417616060595959616162636161616161616162626263626363616161626161636261626263626263636363646564656564646564636363636464646465
2418656565666766676767676767686867686868686868686868686868686969696968696869696968686868686969686969686968676867686868686868
2419686868686869696969707071707070707170707070707070717171717171717172717172727272717171717171717172727272727272727272727272
2420727272727272727272717172727272727272727272737372727373727272737474747575767675757577757575757474747474737373737373747373
2421747374747475757676767676777777777778787878787877787878787878787878787878787878787878787879797979797979797979797979808080
2422808080808080808080808181818181818181818181818181818180808080808080808080808081818182828282838383838383838383848484848484
2423848484848484858585858585858585858585858585858585858585858585858585858585858584848484848383838383838282828282828181818181
2500818181818181818181818181828282828282828282828282828282828282828282828282828282828282828282828282828282828281818177818080
2501807979797979797979797979797878787878787878787878787879797878787878787878787878787878787878787878787878787878787878787878
2502787878787979797979797979797979808080808080808080808080808080808080808080808080818181818181818181818181818181818181818181
2503818181818181818181818181818181818181818181818181818282828282828282828282828282828282828282828282828282828282828282828282
2504828282828282828282828282828282828383838383838383838383838383838383838383838383838383848484848484848484848484858585858585
2505858585858585858585858575868686868686868686868686868686868686868686868787878787878787878787878787878787878787878787878787
2506878787878787878787878787878787878787878787878787878787878787878787878787868686868686868686868686868686868686868686868686
2507868686868686868686868686868686868686868686868686868686868686868686868686868686868686868686868686868686868686868686868686
2508868686868686868686868686868686868686868686868686868686868686868686868686868686868686868686868686868686868686868686868686
2509868686868686868686868686868686868686868686868686868686868686868686868686868686868686858585858585858585858585858585858585
2510858585858585858585858585858585858585858585858585848484848485848484848484848484848484848484848483838383838383838382828282
2511828282828181818181818181808080808080797979797979797979787878787878787777767777767676767676767676767575757575757574757576
2512757575757474757574747373737473747373737373737373747373737373737269686665646464656666666665646362626058585960606160605958
2513575556565859596059606259585856575656575554535152525254565553525351515153514950535455545454535253535353535251535252525352
2514525353525355555453545355565454555455525453515251525151525353535151515253545554555656565655565654535553545354555554545555
2515555658595657565758565856545456575756565656585859595859575555565554555658565657575656565556545455555656565553535555515153
2516565453535155535151505151525352535452535253545453555352525455535151525352515052535251525152525050515253525354525352535353
2517525253525152535353545353525353535254545554555554545353535353525455535354545552535453525251525152535352525251525252515151
2518515253535352525253525152525252535354535354535254545353545453525254555453535253545455545355545456545455545556555555555656
2519575656565757575757575756565657575756575757575758585857575758585856575758575757575858595958595858585858595859585758585858
2520595958595959595959596060596059606060606161616161616160606161616161616161616161626262626262626262636363636464646363636464
2521646464646564646465646565656566666666666666666666666666676767676768686868686868686969696969696969696968686969696969696969
2522696969697070707070707070707069697070707070707071717070707070717070707070717171717171717171727272727272727272727272727171
2523717171717171717272727273737273737373737373737373737373727272727272737373737373737373737373737373737373737373737373737373
2600737373737373737474747575757676767675757575747474747373737373737373747373747474747474747474747575757575757575757575757575
2601757676767676767777777777777778787879797979797978787879797979797979808080808081818181818181818181818282828282828282828282
2602828282828282838383838383838383838383838383838383838484848484848484848484848484848484848484838383838383838383838484838483
2603838383838383838383838383838384848484848484848484848484848484848484848484848585858585858585858585858585858585858585858585
2604858585858585858518181818181818181818181818181818181818181818181818181818181818181818181818181818181818181818181818181818
2605181818181818181818181818181818181818181818181818181818181818181818181818181818181818181818181818181818181818181818181818
26061818181818181818181818181818181818181818181818181818181818181818181818181818181818181818181818181818188989////89////8989
2607898989898989898989//89898989898989894444%%44%%%%44%%44%%%%%%%%%%%%%%1144%%448888888888////888888888888//8888888888888888
2608888888888888888888888888888888////8888//88//881088888888888888-288888888888888882676%%44%%%%45%%4588888888//88//88888888
26098888888888//88888888888888//88888888888887//878787878787878787878787878686//868686//////86 186868686//8686//8686868686//
261086//86868685//85858585858585////84////848484//84848484848484848483838383838383608383838282828282828282828282//8282828282
261182828282////828282828282//8282828281818181%%%%%%%%%%%%%%44%%%%45%%%%47%%%%8146%%//81//81//80808080797979//79797980808080
2612//80808080807978787878787878//78//777777777777777776//77777675757575//75767676767676//767676767576767676767676757574//74
26137474//////73//7473747373747373747373737473727171717070707170697070707172717171717069696868686868686969676666676767676867
2614676767676768676768686869686868686969686867696967686767666767666666666666676868676768686868686969686567666666666767666666
2615676666676767676767666567686970696869686868696969696969686969696969696968686868686768676869676666666767656464656565646464
2616636462626362626263656566686967696969697070707171717171717171717171717171697070706970717170706968696868686766666566676666
2617666566676766666766666667666564646564646263646464646463626363646464636364636463636463636465646463646564656564646464646464
261865656464646465666464646564656363626364646363636263636364//64636363636464636363626364646362626263636263636364636162636464
2619636365646463626262636261616159606160616162616262626161616261616263626161626262626263636363636262626363636465646464646464
2620646464636363646464646464656667686869707172727373737373737374747475757676767676767677777878787878797979797979808080808080
2621808080808080808080808181818181818182828282828282828282818181818180808080808079797979797979797979797979797979808080808079
262279797979797978787777777676767676757575757575747474747474747474747473737373737373737373//73737373737373737373737373737373
2623747474747474747474747475757575757575757574747474747474747474747474747474747474747575757576767777787879797980808080818181
2700818182828282828283838383838383838383838383838383838383838282828282828282828383838383838382828282828282828282828282828181
2701818181828282838383838384848383838383838384848484848484848484838383848484848484848484848484848484848484848484848484848485
2702858585858585858585858686868686868686868686868787878787878787878787878787878787878787878787878787888888888888888888887788
2703898989898989888888888888888889898989898989898989898989898989898989898989898989898989898989898989899090909090909090909090
2704909090909090909090909090909090909090909090909090919191919191919191919191919191919191919191919191919191919191919191919191
2705919191919191919191919191919191919191919191919292929292929292929292929292929292929292929292929292929292929292929292929292
2706929292929292929292929292929292929292929292929292939393939393939393939393939393939393939393939393939393939393939393939393
2707939393939393939393939393939093939393939393939393939393939393939393939393939393939393939393939393939393939393939393939393
2708939393939393939393939393939393939393939393939393939393939393939393939393939393939393939393939393939393939393939393939393
2709939393939494939394949494949494949494949494949494949494949494949494949494949494949494949494949494949494949494949494949494
27109494949494949494949494949494959999%%%%%%%%%%%%%%%%%%%%%%%%%%%%%%%%%%%%%%%%%%%%%%%%%%%%%%%%%%%%%%%%%%%%%%%%%%%%%%%%%%%%%%
2711%%%%%%%%%%%%%%%%%%%%%%%%%%%%%%%%%%%%%%%%%%%%%%%%%%%%%%%%%%%%%%%%%%%%%%%%%%%%%%%%%%%%%%%%%%%%%%%%%%%%%%%%%%%%%%%%%%%%%%%%
2712%%%%%%%%%%%%%%%%%%%%%%%%%%%%%%%%%%%%%%9999979588858281807777767472717170707070696767676667676666666766656464666463626464
2713646462606261616262616058596059606261596060585757585654555554545554555657545352555454535454545555545653535153545352545151
2714515049505048474848484950505050484850505053515452505353555251494951525356545355565554545454555451525252555455545554545456
2715575655545755555455545554545553535454545453545454535353535454535454535254525253535253525253525252515251535253535253515152
2716535350525251515250515050495051515151505251515151515051505049505150484950504951505151515149504950494950505252525151505050
2717505150505050525151515252515051504949495049505252505150515049494949505049495050505050525050515049515252505151525152525252
2718525152515353525352525352515351525352525252525352525252525251525252535352525152535353535354545454535453545454545454545354
2719545454545454545554545555565555555454545554555554545555565555555555555555555555555555555655565656565555565656575756565656
2720565657575757575757575758596062636465666667676767676767676768686868676768686868686868676867676767686767676767686868686868
2721686869686868686868686868686969696969696969696868686868696969696969696969696969696969696969697069696969696969696969696969
2722696969696969696970707070707070707070707070707070707070707070707070707070707070707070707070707071717171717171717171717272
2723727272727272737373737373737373737373737373737373737373737373737373747474747474747575757575757575757575757676767676767676
2800767675757676767676767677767776767676767676767777777777777777777878787879797979808080808081818181818282828282828282838383
2801838383838384848484848484858585858585858585858585858585868686868686868686868686868686868787878787878787878787878787878787
2802878787878788888888888888888888888888888888888888888888888888888787878787878787878787878787878787878787878786868686868686
2803868584848383838382828282828282828281818181818181818181818181818181828282828181818281818181818182828181818182828282828282
2804828383838383838384848484858585858484848484848484848484848383838383838383838383848484848484848484858585858585858585858585
2805868686868686868686868686868687878787878787878787878787878787878787878787878787878787878788888888888888888888888888888888
2806888888888888888888888888888888888888888888888888888888888888888888888888898989898989898989898989898989898989898989898989
2807898990909090909090898989898989909090909090909090909090909090909090909090909090909090909090909090909090909090909090909090
2808909191919191929292929292939393939393939394949494949494949494949494949494949494949494949494949494949494949494949494949494
2809949494949494949494949494949494949494949494949595959595959595959595959595959595959595959595959595959595959595959595959595
2810959595969696969696969696969696969696969696969696969696969696969696969696969696969696969595949188868585848381808079787877
2811757474747271727272717070707070707070707170686866676866676765646565646464646465636463606161626260595958565756545657575656
2812575756555656575756555555555655555655555756555454545454535353535352525252535250494848484948484948494849494948474848484846
2813444446454446464543444645434345434346464341394039403838373838404139414142404140404040413938394042393840403840403938414038
2814393940393841403939393837403839384040403737383637413934353534373634373534353534363534343533323436343436383934353435333230
2815313132292928292931312930313131333031303130303131313231313132313231313232303029282929292928282828302932302929292930283029
2816292928282726272524242424252626252323232526262725242526262827282826262526252526232325222524242325252525242622212223272523
2817222421222122232122222122232324232222212121202221192022232320222121192020202121232523201923222121212222222222232222222221
2818242021212120192120212021222121202020212121212223232320212221212120201921202119202122202020212122222120202321212121212222
2819222122222120202224222220202222232423232120222122222222222224232324242525252425262526252626262626272728272727282829293030
2820333333333454343843434140383840424648454845474645454645454850515152545354545353535454545253545653535456555862615756565655
2821545556575756606161605958575757586064636365656463646564666768676867666665666968666564666766686868676868686868686968686869
2822696868686868676768686867666666666566666565666767676767686868697071717171717171717171717171707171717171717172727373737373
2823737374747474747474747575767777777878777777777777777777777777777777777777777778787878787879797979797979797979797980808080
2900808080808080808080818080808080818080808062808080807979797979797979797979797979797979797979797979797979808080808080808080
2901808080808080808080818181818181828282828282828282828283838383838382828282828283838383838383838383838383838383838484838180
2902797878787878787979798080808081818180808181818181818181818181818181828282828383838383838382828283838383838383838383838383
2903838383838383838383838383838383838484848484848484848484848484848484848484848484848484848484848484848484848484848484848484
2904848483838384838383838383838383838383838383838383838383838383838383838366838383838383838382828282828181828282828282828282
2905818181808080808080807979787877777777777776767676767676767676767675757474747474747475767676767777777777777778787878787879
2906797979797878777776767675757474747474747575757576767575767677777778787878787879797979797978797979797978787878787877777676
2907767574737272727171727373727171717068686968697070707071717070707071717171727272737373737475757575757475757575757574747575
2908767676767676767676767677777878787878787878787878787877777777767777787879797979797980808080808080808072807979797978787878
2909787878787878787979808080807979797978787878787879797978787877767574757576767676777776767676767472707070717071727374757575
2910767574717171686765656565646565646464646364646463636262626161616261606161616160616060616060616160606061616060616261616160
29116161606060606060595959596059595960595959605959585758585758585857575858585958575857575656565556555555545554//////////////
2912//////////////////////////////////////////////////////////////////////////////////////////////////////////////474747////
291349////4948////%%%%4646%%%%%%%%%%15%%44%%%%%%%%%%%%%%46%%%%%%%%4910%%%%%%38%%%%%%%%%%%%%%%%%%%%%%//42 140%%%%40%%%%%% 4%%
2914%%%%%%%%%%%%%%%%%%%%%%%%38%%%% 3%%%%%%%%%%%%34 13743%%%%3132%%//%%35324544//44444444454545%%33%%%%30%% 2%%%%%%34%%%%29 3
2915%% 435%%%%18343332%%%%%%38%%454343444546434343424241414241414241//424242434342421941//424342//////4542434444444343434243
29164341414126%%38%%%%%%%%28%% 9%%%%%%%%%%%%%%%%%%%%%%%%%%%%%%23%%%%%%31%%%%32%%%%%%%%%%%%%%%%%%//%%%%29%%%%%%%%%%%%27%%%%%%
2917 1%%%%%%////27%%%%28%%// 2%%%%28%%%%19%%24%%%%22%%%%%%%%%%%%%%%%%%%%%%20%%%%%%%%23%%%%%%%%%%22%%%%22%%%%%%%%%%24%%434343
2918434444444544444444444543454545454546454546454646464645444545454545454645464747464745454647464747474747474746464646464747
2919474747474747474747464646464646464646464647474847474646464646464646474647464746474747474748474747484848484849494950515252
2920535252525252535354545555565656575860595958586061616060616061626263636362626262616161626362626263636464646667666565656667
2921676766666666666667686970707069686869696969696969697070707171707068676767686969686768686969696968686868697069696971717070
2922707069696867686969707070707070707071717171717070707070727273737374747575747372727170707070717273747474747474747474747474
2923757575757575757574757474737273737373737373737373747373737373727373737373737272727273737474747475757574747372727373747575
3000757575757574747474747474747474757575757474747474747574737373737372737373727272717171717272727373737474747575737270706970
3001707070696969696970707171717171717171717173737372727272727272737373737373737474747474737373737374747474747373727373737271
3002707071737373737373737373737374747474737373737373737373727373747474747474737373737274747575757474757575757575757675757675
3003757575757575757575757575757575757575767676757575747474747474747474747474747576767676767676767777777776767676767676767676
3004767677777778787878777777777777777778787878787777777777777777777878787878787878787878787878787878787878787778787878797978
3005777777777676767676767676767677777777787878787878787777777676757575747474747373737373737373747474747576767676767777777878
3006787878787878797979797979807979797980808080808080808081818181818181818181818181818181818181818181828282828282828282828282
3007818182828282828282828282828282828282828282828282828282828282828283828283838382828282828282828282828282828282828283838383
3008838383838383838383838282828282828282828281818181818181818181818181818181818181808080808080818181818181818181818181818181
3009807979787878787777787878787878787878787878787978777676757575757575747373737373727373737272727271717170697070706969696968
3010686768676767676766666665656362626161616262626162626261616161616060596060605960606061616060606160595959595959595958585858
3011585858575757565757575758575654545556555555555554555555545454545454545454545454535252525151515151515051515151515151515152
3012545252535353535353535454535252525151525049494949494849495050504850515048474546454546474746454544454546464546454744444344
3013464544444344434243434345434242424341414244464646464746464544454646454344444443454644444444444343444443424344424242424142
3014434242434240403939403839394040394142414342414140404142424143434444444242424343424040404039413939383940404140414141414140
3015413940403940404041414242424141413940414042424141424041434343434344434243424242444243424344444443454343434242414242424141
3016414040424242423938383838373837384040404038383940404039373938383938403939403939404040393939414040404039393939393838383839
3017393940393940403939404039393940393939393939393940404039383939394039393939394040404141404040404039393940403939404039383838
3018393838383636373736363737383738383839384040404140414141424242414142424343434443434343434444444444444545454644444545444545
3019454545454546464646464747464647474647474848474747474747474849484848494949484949494949494950494949494950505050505051515051
3020515151515251515152525252515252525252525251515151515151515151505050505050505049505050495049494949494950525152525353525352
3021525553525454545454545454545555545455555554545353545353535453535353525253535353535353545555565656565656576061616059585959
3022595858575757565655555454545554545453535253525252525252535353535454565554555556595856565757575656575859605958606262616463
3023616161616260605959585959616264646463626262636363636365666667666666676768686868676665666666676767686867666465646361606060
3100606063656564646364656665666665636465656566656565646464636363636262636363636364646565646565646565656566676666666868686868
3101686969696969696868686867676666666665656464646464646564656566656565656565656566676869696969696969696969707070706969686969
3102696868676767676869707171717170717272737373748174747473737374747474757575757575757575757575757575757676767676767676767675
3103747475757676767676767676767676767676777777777777767676767777787878787877777676767675757474747474757575757575757576767676
3104767675757575757575747474747475747474747474757575757575767676767777787878787878787877777777777878787878787878787777777777
3105777777767676767675757575757576767777767676777777777777777777777878787979797979797978787878787879797979797979797978787878
3106797979808080808080808080808080808080808080808080808080818181818181818081818780808079797980808080808080808080808081818181
3107818181818080808080808080808080808080808080808181818181818181818181818181818181818181818181818181818182828181818181818181
3108808080808080808080808080808080807979797979797979797878797979797979797878797979797979808080808080808080808079797978777776
3109767575757576767675757575747271717171727374757575757574747472696867686969707171707070686666666667686867676766666666656566
3110666565666565646464666767666668676766656565676867696969686666656565656564646364636363626262626262626362628662626262626262
3111636363636362626261616162626162616262626162616161616162636361616161616162616160606060606060606059605959585857585758595958
3112565657575756575656565657575757555655555657555455555554555454535353545454535453525354535352545554545252525152535352515152
3113525153525251505050505151515150505050505048515050494950515050484749504949474848464746474948484848484952494746484847474848
3114494646474749464846474646464648464846454647464545454845454445464546464546444546454545434344434443424445454644454443444444
3115454343444444449245464545444444444545454444444343434242444445454344454445444446454543454544444444454746454545454345454444
3116454646454546444445454747474647464546464646454646454546464546464646464747464746474644464645474747474646464546474747474748
3117474746464646464646474647464647474746464747464647484747474746464746464647484747494747474848494849494848474748494849484848
3118484949494948484949484949484949484849494949494950505050515151505151515252515151515251515252525252515252525353525353535353
3119525252525253535253535353535253535353535353535354545455545454545454545455555454545454545454545454545454545454545454555555
3120545554545555555555555454545455555555555555555555555555565555555656565656565657565756565657565657565656565656565656565656
