58265 2011   081213603204   65   24 6670   55    1--------------------------------------------------------------------------
3121848383838383848484848382828383838383838384848484838383838383828383838283838282828383838383838383838383838383838383838383
3122838282828383838283838383828283838283828282828282828282828282828383828282828282828282828282828382828283838383848484838483
3123838383838383848384848484848484848585858585858686868685858585868686868586868585868686868686868686868686868686878787878788
0100888888888888888787878787878787878787878787878787878787878787878787878787878787888888888888888888888888888989898989898989
0101898989898989899090909090909090909090909090909090909090909090909090909090919191919191919191919191919191919191919191919191
0102919191919191919191919191919191919191919191919191919191919191919191919191919191919191919191919191929292929191919191919191
0103919191919191919191919191919191919191919191919191919191919191919191919191919191919191919191919191919191909090909090909191
0104919191919191919191919191919191919191919191919191919191919191919191919191919191919191919191919292929292929292929292929292
0105929292929292929292929292929292929292929292929292929292929292929292929292929292929292929292929292929292929292929292929292
0106929292929292929292929292929292929292929292929292929292929292929292929292929292929292929292929292929292929292929292929292
0107929292929292929292929291919191919191919191919191919191919191919191919191919191919191919191919191919191919191919191919191
0108919191919191919191919191919191919191919191919191919191919191919191919191919191919191919190909090909090909089898989898989
0109898989898989898989898989898888888888888888888887878788878787878787878787878787878787878686878787888887878787878787878787
0110878786868787878786858485858586868686858686868585858586858586868585858686868585858485858585858584858585848484848584848484
0111848585858585838484848484848484838383848383838283828383828282828282828283868283828383838283828283838382828282818182818282
0112828182828280807979787879797979787978797980807978787878777878787778787876767676767676767575747474747273727273737473757472
0113737473747474747575737372727273727272717269686971707170696869686868676767686567676870676767676867666565656666666765666666
0114666463636463636061616361616162626062636363626664616364636462626363646463636362626060616060616058616062616261606363626161
0115596061606161616159596258595961585759575858595758605958585758565858565657575655565655555658585756575757715857565957575856
0116575958585855555758555857585657605957585558595857565456555556545654545556575455555455565856535554525252555656565455565757
0117605856565857585654555556575754565654555455575652545553525355535353525153525252545354545455565655555554555555545455555656
0118565856555654565656565656575758575756585757565658565756575655565654555555555555565656565656565657585857565758575757565858
0119575757565858585758585658585859585959585756575757575758595958595960605860606060605960606060606061626263646465656565656667
0120676767676867676867686768786869696969676768686868686969706969707070707070707171717172727171717171717171717271717272727373
0121737374757577767575757575757577777677767676767676767778787878787879808081828281828282838383838384848484848585858585858585
0122858686868686868787878787878787878787878787868686858585858484848484848585848584838383828383838383848484858484848484848585
0123858584848483828080808079808081818079787877777777787878777777777777777777777776767778767777777676767777767676757574757576
0200757574747474737374737473747373737374747474747474747474907575757575757575757576757576767676767676767676777777777777777777
0201787778787878777878787777777878787777777777777878787878787878787878787878787878787878787879787979797979798080808080808080
0202808080808079798079797979797979797979797878787878787878787877777877777878787778787878787878787878787878787777777778787877
0203777777777676767677777777777777777777777777767677787878787879797979797878787879797979797979787880808079798182828282818283
0204838383848485858585858585858585858484848383838383828282828283838383838383838383838384868484848484848485858585858585868686
0205858585858585858585858585858586868686868686868787878787878787878787878787878787878787878787868686868687878787878787878787
0206878787878787878787878787888787878787878787878787878787878787878787878787878787878787878787878787878787878787878787878787
0207878787878787878788888888888888888888888888888888888787878888888888888888888888888888888888888888878787878786868686858585
0208858585858584848484848483838383838383828181818181808080808080808080808181818181818079787980797978787676767573727474747373
0209727271717272717171717069706969676769706868676768686869676767676767666765656566656565656564636361626163636263626161596063
0210625961626161626161606261616262636364626262626059615757585758605758585960595960625958595959605856575656565757585857585656
0211575859595856565655555654545654555253555555555554565655555655575654545354545454555453535457545153535355545454535454545451
0212515051545054515252525352535152545152525151505148465048505252515151515251484851485149504949495149515450524950515050495049
0213514948484951504849505252505148515250495149495150495050505051544847494849515051514950505151504849474648485050485049505351
0214494950494849484850504949484849494948494950505042413938454144433839413940424143424340384142393841404239424142414239404041
0215424142444343444445444342444241414344434042414242424242414140393939414340394139413940384139393938424744444442454545454344
0216444443434545464645454547464343444342424343444545454244454346474343434245434343434343434446424444444144414243424544434345
0217424545464646454545464547454546444546454546474646464545434444454546454445444744444546474646474748464544454646464848484748
0218474646484747464648474644464647484546464446454645474744444242424343434042414140414040414143434444444443444344434242444343
0219434343454446464644464443454443444646474847464446474648474646474547474748474848474847484849494949495049494950505050505049
0220505050505050505051504949525251525153525152525252525353545454545554555959585861606163636060616460606060636361646464676664
0221656667666668686870687069697069697272707071696767686971717169696970706969697070707072727172737373727372737677767473727171
0222697170696663626364636160616160616160616263626363636363626263656565666668686866676968676668697069686968676969717073757676
0223777676757475737374737474727575757575757676767574767676767675767676747676767676767676767977777878787878787980807979797979
0300797979797980797980807979798079797980787978787979798080798080787778787979787778787777798080807979787777787976777676747577
0301797978777576768080798080807981817980818179797979798079808079798078808181818179798080797878787776777878787978798079808180
0302818081808080808180808182818181807879808079798079797979808081818181808181818182818181818181828281818181818182828181808080
0303808182828180817978797879807877797979777574757678777878787878807878788080808081808081787879797878777676777979797978777778
0304777776757575747575747474747473727271706969686766646564636362616160606060605959585958585859585858585858585858585858585959
0305596060606262626364656666676869686969707070707071717171727272727373747474747575747473747474747473737473737373737373737373
0306737373737373737373737372727273737373737373727373737374737373737474747474747474757575757676767676767778777775767777777676
0307767776767777777979797879787980808181818080818179777574747475747575767676767777777777777878777777787777777777777777787877
0308787878797979797979787878787778777777777778787878777778777777777777777778787878787878787878777778777878787878787877767777
0309777877797878777777777778767677777777777776767676767677777778787677777676767677757473747474747373737374737372727272727273
0310727372737372727272727272727273737273737474747474747475747474747475757574747473727373727273727272737373727272727272727272
0311727272727372727373727271717171727171717172717272727172727273717171727372717172737372727373727271717172727273737273727171
0312717171717272717271727072727171717071727373737170696970707071706969696868686868686767676869686969686867686867686768686768
0313686969706969696868686867686868686868686969686868676768676768686868676867666666676767676868696868666566676566646362636465
0314666766666768696666666666656565646564656563646465656564636463636363656463646665646363626366656564656364646565666565666665
0315666363646365636363656664676767686768676665646566656363636262636364616163626362626364646465666667686868697071707172727272
0316727171717272717171737272717172717272727272727372727372737373737373737271727272727171727272717271727272727372737373737474
0317747474737374747475757676767676767878787979787980808079808079797879787980818080808080807980808180808080818081818181828277
0318828282838382828282828383838384838383838484848483838383838383838382838383838283828282838383838383828383838384848485848382
0319828282828384838484848384848484848484838484848484848585858585858686868686858585858685858484858585858685858585858585858586
0320868685858585858586868686858585868686868686868686838280797879797879797979798079798080818181818181818080797980808080798080
0321797979787879787878787879767778797979797979787877777777787878797980808080808081818180808081808080808081818181828283838383
0322838484848484848484838484848486848585868585858585868686868686868687878787878787878787888888888887878787878787878888888888
0323888888888988888888898989898989898989898989909090898989898989898989898989898989898989909090909090909090909090909090909090
0400909090909090909090909090909090908989898989898989898989898989898989898989899090909090909090909090909191919191919191919191
0401919191919191919191919191919191929292929292929292929292929292929292929292929292929292929292929292929292929292929292929292
0402929292929292929292929292929292929292929292929292929292929392939393939393939393939393939393939393939393939393939393939393
0403939393939393939393939393939393939393939393939393939393939393939393939393939393939393939393939393939393939393939393939393
0404939393939393939393939393939393939393939393939393939393939393939393939393939393939393939393939393939393939393939393939393
0405939393939393939393939393939393939393939393939393939393939393939393939393939393939393939393939393939393939393939393939393
0406939393939393939393939393939393939393939393939393939393939393939393939393939393939393939391939393939393939393939393939393
0407939393939393939393939393939393939393939393939393939393939393939393939393939393939393939393939393939393939393939393939393
0408939393939393939393939393939393939393939393939393939393939393939393939393939393939393939393939393939393939393939393939393
0409939393939393939393939393939393939393939393939393939393939393939393939393939393939393939393939393939393939393939393939393
0410939393939393939393939393939393939393939393939393939393939392929292929292929292929292929292929292929292929292929291919192
0411919191919191919191919191919191919191919191919191919191919190909090909090909090909090909090909090909090909090909090909090
0412909089898989898989898989898989898989898989888888888888898889898989898889888888888888888888888888888888888888888787878888
0413888787878788868586868585868586868484858483838384858483828282838283838282828282838382828182818282818182818283848482838383
0414828383848284838383828182818182828281828382838382818181818283828182828281838382818079808182818080818080818182828281818180
0415818181818181828182828282818281808181828181838283838283828182828282828383848383848383838283848483828284848382838283838383
0416838483838383828282828283828281818282818282838484848382818281828282818281818281818180818181818081818081818182828283838182
0417828181828282828282838282828282838282828282828181818079808080808180818081818182828181818181818181818180798080808080808182
0418818079797979798080797980807979797979797979807978787979787878787879787878787778787878787878787778787877777778787778787878
0419787879787978787878787877787878777878797980798079807979807979808080797979797878797979797979797978797979797978787979797979
0420798080818079797979797979808082828181828282838383838484848484848484848484848484848484848485858484858484848585858585858585
0421858686868686868686868687878787878787878787878787888787878788888888888888888888888888888888888888888888888888888888888889
0422898989898989898989898989898989898989898989898989898989898989898989898989898989898989898989898989898989898989898989898989
0423898989898989898989898989898989898989898989898989898989898989898989898989898989898989898989898989898989898989898989898989
0500898989898989898989898989898989898989898989898989898989898989898989898989898989898989898989898989899090909090909090909090
0501909090909090909090919090919191919191919191919191919191919191919191919191919191919191919191919191919191919191919292929292
0502929292929292929292929292929292929292929292929292929292929292929292929292929292929292929292929292929292929292929292929292
0503929292929292929292929292929292929292929292929292929292929292929292929292929292929292929292929292929292929292929292929292
0504929292929292929292929292929292929292929292929292929292929292929292929292929292929292929292929292929292929292929292929292
0505929292929292929292929292929292929292929292929292929292929292929292929292929292929292929292929292929292929292929292929292
0506929292929292929292929292929292929292929292929292929292929292929292929292929292929292929292929292929292929292929292929292
0507929292929293939292939393939392939393939393929393939393939393939393939393939393939393939393939393939393939393939393939393
0508939393939393939393939393939393939393939393939393939393939393929292929292929292929291919191909089898988888887888787878787
0509878787878787878786868687878787868686868685848484848484848483838282838383838282828282818181808080808080808079797878787675
0510737273747373747475767474737374747475747273747373747373737373727272727271717070696969686869686767676666656566656464656563
0511646263636462626561606061626162636162616263616059585959616060616161616261616262616060606360616160626361615960595960606059
0512586160585657605857575657565554575655565656585857585856565657555454545555535353535354555454535555575455555654555455575755
0513565556595754555658535356535554535355535556545353535455545556575454535354575755575654555655545353555452525351515253555654
0514535453545552525253525453535454515152525153525250525353525351495153525251515151505250525053545151515149505053495049515052
0515515250514948524948484951514849494850505149505047484949484948494749504848474850505150525050494947494747494849484848494748
0516474747485251505050515051495252504951525051525452524948495051524951484848494951515151525251545251505050494948494646464750
0517494947484849474646464445474950484847474649494748524948504949515050505148485049514848494850505049474848484748504846484948
0518494748494848484848474847474747474747474546474648504846484949484949474848474949494949485048484948495250485050505049515050
0519515151515151545250505050515351515251525252525253535352535253535252545353535353535353535353525353535353535554535454535452
0520537054545354545553535354535354545554545454545554555555555656575857565857595858595958586160585959595959606060626367686969
0521696970707171747375747373737374747473757575767777787879808080818180808080797979797979798181808079797980808079798180797980
0522798081818181818282828182828182828283838382828382838484848484848485858586858686858585858585858585868686868686868686868686
0523868687878787878787878787868585858585858686868686868686878685868686868687878787878787878786878787878787878787878787878787
0600878686868687878787888887878787878788888887878787878787878888888888888887878686858585868787878787878787878787878787888788
0601888888888888888888888888888787878787878787878787878788888888888788888888888888888888888888888889898989898989898989898989
0602898989898989898989898989898989898989898989898989898989898989898989898989898989898989898989898989898989899090909090909090
0603908989898989898989898989898989898989898989898989898989898888888889898989898888898989898989898989898989898989898989898989
0604898989898989898989898989909090909090909090909089888785858484848483838384848484848484848484848484848585858585858585858585
0605858585868686868686868686868686868686868686868686868686878787878787878787878787878787878788888888888888888888898989888888
0606888888888888888888888888888889898989898989898989898989899090909090909090909090909090909090909090909090909090909090909090
0607909090909090909090909090909090909090909090909090909090909091919191919191919191919191919191919191919191919191919191919191
0608909090909089898988888786858484838384848484848484848383838382828181818179797979787877767677767775757677777676767777777777
0609777879787677777877777676767777777775747475747372727170697071707072717070706970707168696868676764646565676767686970696969
0610716969696968686969696869707171706967656464636263636665656566656364646564646463636464646565656465636363636364636362636463
0611656564646463636464646362626161626461626262626362626263636362626059596062615858595958595958565657555655555254545352535657
0612595858585858565758605858565758555656575556555454555655535254545153545453535352525151515149495051525353555354545655535353
0613535553545453565254565453525253545254535454535452535152505253535351495052515150535049494950505051495248484951525049504950
0614484646494949474848494948494949494948474848484950494850494646485150504850504848495149504949484949494948454945464847474747
0615484947484849484947475047484849494950514949505252504948484849484647484948474747494849474851504849514947484949474648464647
0616474849484746484846474847495047494847474949474748484646464645454745464548484645464646484949504949484845464547454544464645
0617454543454745464848464647464445474447464547484746484849505147454647454544464344444443444543444344444445444443434545444445
0618454644444446434344454443434344434243444344444446454446454444454445454545454545464746444544444444444645464445434343454446
0619464544454645454546474747464850504648485246474646454645464850484851514948495051515352515552535652535152515151525352555456
0620575759636464626463596064616362636465666666656565666767666667696969696868676869686869727273717171737272727274737274757575
0621757476747575757676767676767675767676787978777777747576757478787777767576757576767676767676777978777981807878797979808080
0622818181818080818282828282828180808080818080808080818181828283838383818082838283848383838383838484848484848484838383838383
0623838383838383838383838383838383848484848484848383848384848484848585858585858585858585858585858586868585858585858585858585
0700858586868686868686868787878787878787878787878787878787868686868686868787868787888787878786868687878787878787878787878888
0701888888888888888888888888888888898989898989898988888888888888878787878788888888888888888888888989898989898989898989898989
0702898989898989898989898989898989898989898989898989898989898989898989898989898989898989899090909090899090909090909090909090
0703909090909090909090909090909090909090909090909090909090909090909090909090909090909090909090909090909090909090909090909090
0704909090909090909090909090909090909090909090909090909090909090909090909090909090909090909090909090909090909090909090909090
0705909090909090909090909090909090909090909090909090909090909090909090909090909191909090919191919191919191919191919191919191
0706919191919191919191919191919191919191919191919191919191919191919191919191919191919191919191919191919191919191919191919191
0707919191919191919191919191919191919191919191919191919191919191919191919191919191919191919191909090909090909090909090909090
0708908989888887878787878787878686868686868483828282818181818181818182828181818281808080808081818181808180798079797878787878
0709787980808181818180818179767675757575747373737372727272717171707170696970717070707069696868696867676766676666656767687266
0710666666656665656565666464636363636364636464656566666665666666666564656463626261626362646464636464636363646565656564646364
0711656363626261616159596160596060595960606060616161646362626161605959595858585758575858615960636162616263636359615957585860
0712606061626264636262616061625959595858585961595860596059585858586160585858585656575658565756575556554951545555525355545252
0713505052525251515151515051504951525150515050495053534949524850515049485049504952515251505052515048515452514951515251484948
0714494748505050505150515052535454525252515351525051525250515353525252555250515351504951495049495048504948495049495049484647
0715494948464547464847464546474543444544454748474746484646494644454545434647444544444546454546474647474547474344474445454648
0716494946474746484848494948484951515253535152525251535253525150505153505151495049515353505149525150525354525252525152535150
0717505151515252505050505254525050505051515051525151505151505351505150505152525151505048484849494950505152525251515252505251
0718525251505150515050515150494949495049495151515151494949515050505152515251525150505051525152525252515150525150505051515352
0719535352525352525352525353525353535352525352535453545354545455545454545455555454545456555554545555555555565556555656565656
0720565656565656575656575757575757575757585858585757575858585757585858595859595960595959595960606059595959596060606060606060
0721616161626262616262626262626263636363636363636363646463636364646464656565656767686970697071717172717273737171717070707070
0722707070707070707070706971716970707070706969707271727171727273757677767575757576747473737573737474747475757675747373727171
0723696970697069696969696868676767676768676766666768696969707070717070707171717171717171717171717171717171717272727271717070
0800706969696868686868686868686868686868686868686868696970707171727272727272727170707070707070707070707070706969696969697070
0801707070707070696970696969696969696969696969696969697070707070707070707070717171717171717171717171717271717272727271717170
0802717171717070717171717172727272727273737373737474747575757576767777787878787979808079808080808080808080808080808081818481
0803818181818182838383838383838383838384848484848484848585858584848485858585858585848483838382828281828282838383848484848484
0804858585858585858585858586868686868787878787878787878787878788888888888888888888888888888888888888888888888888888888888889
0805898988888888888888888888888888888888888888888888888888888989898989898989898989898989898989898989898989898989898989898989
0806899090909090909090909090909090909090909090909090909090909090909090909090909090909090909090909090909090909090909090909090
0807909090909090909090909090909090909090909090909090909090909090909090909090909090909090909090909090909090909090898989898989
0808898989898989898989888888888888888888888888888787878687868584838384848383838484838384848482808080818080797878787878787878
0809777776757776737373747373737372727272717172717270717170717070696869696969707069686969697069706968686767686868696968686868
0810666767666766666766666765676666646465646566656664646465646262646363626261605859595757585757585959585958575959575757575958
0811585859565557575758585860596060626160615961606060595959595959595857575657545555575251525453535652504949484948495050545450
0812495051535352515351525050525052525352515152535253545249504948485049515048474746474648474545474747474746474748474747464448
0813454947474646444545464647474646474545474545484846474748474646474747484848464845484848474747474648494647454446464645444545
0814464746484847464544464746454544464445464848474852484747464547454748464847484747474846464847484648474847474846474846474746
0815484744464643444646444241414241424342424343444544454243454244434245454344454544454645444545454445444343444442434444424042
0816424041424444444344444241424245454545434342414242424141424344424241424442404141404242444244424242414341404344444745444444
0817464644444546464746454646434345444443434142434444434544444445454547474544464544444646454645464647474747464648474646454546
0818454545454545464644454546454645454645464646464746464545454444454545444646454545434544444446474645454444444444434445464746
0819464646444444444645454445454545454645444546454546454546454546454647464647474747464647474747474746484848484848484848474748
0820484948494950494848494849494848484849495049505050515153535253555556565857575861616261606161636564646465646665656566666666
0821666767666767676867697068686768686870696970717170737472696971686868676666656464656566666667666667656866646363646364636366
0822676868677067666968686768696868697069707068696967676766666565676665656565666669666867686867686869707068687069696969697069
0823696968686868686868696968686869707070706969686969696969686969707069696968676766666565656565656565666567666767676767686867
0900686768697070697070707070717271727373737375747473737373737474747475757575757675757675757676767676767676777777777877787777
0901787777777777777778787778777877777777777776757575747475757576777778787677787879787878777777787878797979777777767573737372
0902717170707070697069696767686868677070697169727171727171727171727273747475767676777676777677777778787878767676757574747575
0903747574757576777879797979797979808081818180808080818182828282828282818181818181818181828283838282828282828282828282828383
0904838383838383838383838484848484848484848484848484848483838383838484848484848585858584848484858585848484848484848484848484
0905848485858585858585858686868686868686868686868686868686868686858585858584848484858585858585858686868686868686868686868686
0906868686868787878787878787878786868686868686868686868585858585858585858585858585858585858585858585858585858685858585858585
0907858585868686868686868686868686868686868686878787878787878787878787878787878787878787878787878888888888888888888888888888
0908888887878787878786868585858584838383838383838182817979797878787978797780798080808079767676767576757473737371717270707168
0909696969697070706968686866666667666667676565656465646565646464636363646463656563636262616162616161616160616060605858585858
0910595859595960616160606160605959606061606159586059595960585858575857585856575656545555565857565454545453545353555353545353
0911535653555455555455555554555454555456545656565555535454545153555455545655565455545455565454545454555456535252525052535252
0912505150514948494950484850494848484951494749474748484949484847484949494952504849484750474647474947504847474646484746474848
0913484649474848474648484746454647484847474445464647474545464744454647475048504948474748484748484748494847464749484745444544
0914454745434544434545454645454344444443434442434544454345444543444544474645454546444547434246434342424543454644424345434546
0915444542444344434543414342424341424242434242424342444242414143414443404141414241434341424240414240414042424241424242414341
0916424140444141424244414142414243524439404041404243434442434243444341424343444443454444434442414244414341424140404142424141
0917404140414141424041404139424241434141393942424041414141414140414142404041404139413841403840404040414244424041414040404041
0918404041414041394039394039394141413940424140424039413940424141414039414142444242414243424141414143414242424041414241394141
0919414243434142444545424444454344444544434243434344434343434443434344434344454646474747474646454646464647474746474746474646
0920464747484747474848474748474747474748484747474848484848484848644849504949505150505253555456545456555353545655545556585759
0921575759605960616059626060595960595959595959616060606058586163636462636462636363646464646462626261626263636463646562616161
0922616060606362636463646465646464646563626261616363616264656565656465666565646666676969686766656767666666666667666767676968
0923666566656666676969717070717171717171717272717172727474747372727372737373737474757474737376767574737474757575757676747473
1000737474747373737070686867666666666666666767697070717070707071727173727172737374737474757675847574757675747677787775757676
1001777878787877777777777777777878777878787878797878787979797879787878787878787979797979798079787879777876767676757575757576
1002767676777778787878787878797979797979808080798080808081818180808181797978777878787879797979808079787979797979808080808080
1003808180808080818181818081818282828282828282818181818284848483838384848483848484848484848485858585858585858585858585848483
1004838382828383838383848484848484848484858585858584848484848484848485848484848484848484848484848484848585858585858585858585
1005868585868685858585858585858585858585858585858586868686868686868686868686868686868787878787878787878787878787878787878787
1006878787878787878787878787878787878787868686868686868686868686868686878787868787878686868686868686868685858585858585858686
1007868686868685858484848484848484848484848483838383838283828383838383848484848484848585858585858585858585858484838383838383
1008828282828382828282828282818180828080818079807979797978787879787878787878777776767575767675767575757575757575757575757575
1009747576757575757575757473747473747373747474747373737273737272727272727272727171707070686868686868686767656766646465656564
1010656263636464646565646565666563636363646464646464626262616161606060606058605959585958585959585858585958585657565756585756
1011555554535457545554555554565455555654555555545454545454545455555556565655555654545455555556555455555656555556565555555756
1012565657565655555655575656565555555555565656565556565656565555555555565656565757565655555756565555565755555457565556545353
1013525353535252515150535251515052515351505050525354535251535353525252535251525151525253525252525253525251525152535352515252
1014525354545353535555555655565556555657555454565554545555565655555452515152535354535151525452525253525353535254555656555655
1015555656565655555655555555565455565555545050515151525251515253535355565758585858585758585857585958575858585757575758585858
1016595958606060606159595859596061595960605956565757565756535252535453545453545555545455555656565657565757585657565656565757
1017575755565655555554555352535354565351505151515151515050474749494850504948484746444644444644434444444242444242414343454544
1018434443434343444445464750525253545353545454545756545555555656565455555555555555555655565555555656565656565656555556555656
1019555656565656555555565655555454545455545455555454555554545354535455545554555454555454545455555555555656555555565656575655
1020565556575756555557585756575756575757575858585861626262606162656866676868666767676768686969697069696869707170707071717171
1021697272737673727373717171707271706868687071727272707272737374727373737375757575767473727375747476767575727169686868686766
1022656464646465666667686869707170717171727272737575757575757576767777777777787879797878797979797979797979797979797979797979
1023808079797979798080808080808081818079808081818080808080798079808079808079797979797879797979797979798081818182828282828282
1100828282828282828282828282828181818181818181818181818182828282818181828383838282828180818080808079808181807980798080808080
1101808081818080808080808079798081818181818181808181808080808080797978797880807978787778777776767575757476767576767778787878
1102787879787878797979787878787879797979787878797878787879798080808080808080808181818181818181818080797980808080797979807980
1103808080808080807980808080797977777674727170707070707070707070707070707072737374757575757576757576767676767676767676767676
1104767778798284858687888889898989898990909090909090909089898989899090909090909091919191919191919191919191919191919191919191
1105919292929292929292929292929292929292929292929292929292929292929292929292929292929292929292929292929292929292929292929292
1106929292929292929292929292929292929292929292929292929292929292929292929191919191919191919090909090909089898989898989898989
1107898989888989888989898988888888888888888888878787878787878787878787878787878787868787878787878786868686868786868787878787
1108878787868686868686868686878787878787878787878787868686868686868686868686868585858585858585858585858585858585858585858586
1109868686868686868585858585858585858585848585848484848484838484848484848484838382828282828280818180797879807978787778767676
1110777676777576757576777474747776747473727271737270707271727373727371717271717171707070696969676768676769686969676867686766
1111666667666566676868686667666666666668656566686665666764646766646464656566676664656666656665646564636465666363636261616262
1112636162636364656262616162606161616262636261626364646363656264636465636364636362646463626263636363626363636363646261626362
1113616263626463626364636261616163616061626262616161616060616061606060626262626263626262636263616059586158585758595957596058
1114575755565759575657555857575758575957575656585756565555545555555555565655575554555655545354555655555655585857565656575655
1115545554555654545553535455545554565653545555535354545554545354545354545353545454545452525254545453535353535353535254555356
1116535152525252515252525351515051535353535452525153535554555555545354545455565555555553545353535251525051505150495151505353
1117545251535151515152535150515351515151515050515253535351525151515151525152505051515251505253535555555556565557565556555454
1118555454565557575657575757555655545461545554545454545555555455545455545554555555565555555655555454545454555554555557555656
1119575756565759585759585858595858585858585959606059606059596059606059596060606161616061616162636361626364656664676666656668
1120686468686867696969706968697271717270707272727271717274727173737475757575767777787578777776767575747576757677777879797979
1121787879788080797979797980808080808080808180808080808080818180818180808181818081818079797980808181818180818181818282828282
1122828282828282828281818181828282828281808080808079808079797879787794777777777776777777777777777777777877777877787879797878
1123797979797979797980818181818282828282828283838383838383838383848484848484848384838384848484848383838383838384848484848585
1200858585858686868585868686868686868686858585868585868686868686868686868686868786868687878787878686868686868686878787878787
1201878787878787878787878787878786868686858585858585858585858585858585858484848484848383828282828382838383838384848484848484
1202858585858585858686868686868685868686868585858585858585858585848484848484848485858586868686868695868686868687868686868787
1203878787878787878786868685868686868686868786868686858585858585868686868686868686868687878686878686868686868686858585868686
1204868686868686868585858584848585848484858584858584848484848383848383838483848382838382828281828383838282818181807979818181
1205808181818181818182838382828281828282818182828383848484848483838383838484838383848484848484848484848483838382838384848484
1206838383838383828281818280807979787877777777777777777777777777777676767676767677777777777777777676777676777777767676767676
1207767693767677777777777778797879787879787878777777767676767676767675757575747575757575747574747576767577777677777776777777
1208777777787977787977777777777778787877777877767676767676767575757475757474757474757474747475747373747373737373727273747372
1209727272727272737374747474747474757575757675757575757575757576757475757574747475747474737373747374737272737273737374747374
1210747373747473737475747474757678797979808181828282828383828283838383838383838384838484858585858585848584858586878788888989
1211898990909090909090919191919191919165919191919191919191919191919191919191919191919191919191919191919190909090909090908989
1212898989888685858484848381818181828282818180797878787979787676767676757573727171727171717070706969707171697071696869686869
1213706969686868696868676667676766646565636363636363616263626160626059606062626060626160595959585958585958605757595858585857
1214565757595756575556575656565555555454535354535453555555545553565553545454555556535656545555545354545453535452545655525153
1215515251515151535251535552525352535454535353535352535454555758585756565557575758575655545452525354565553555354565553525352
1216525150535454525353515152535355555554545656565755555655565554545253535154545556525353495152545251525352525151525254535456
1217575758565858585659595758585758595958575655565658595858575858575758575756565558585656575756565656565759565757565657565555
1218555758585657575757575656585757575657575655565555535354555454535353545655555755565757555354565656575658596057575857565656
1219575757565757595755555657585858575958596058615758585857565657575757605758565758575761606365656668706971717267707172706869
1220697373727373717172747374757473747474757474747575747475747475767676767676777777787878787979787878787978787876777778797979
1221797978787879808179767573727272717272717171717171717171717171717171717171727272727272737373737373737372717170707071707171
1222717171717373737272727272727272727374747475757575757777777778787879807978787980807979797980808080808080797980818282818081
1223818079798080818182828282828282828181818182828282828383828383838383838383838383838384838484848484848484848484848484848585
1300858585858585858585858585848484838282828182828281828282828281828181818180818081818080808081818181808080808080808080808080
1301808080808080808080818181818180808080807979808080808080797979797979797979808079798080808080818181818182828282828182828181
1302818181828282828282828283838383838484858585858585858585858584858585858585858585858585868686868686878787878787878786878787
1303878787878787878787878787878787878787878786878787878787878787878787878787878787878787878787878787878787878788888888888888
1304888888888888888888888888888888888888888888888888888888888888888888888888888888888888898888888888888787878787878686868686
1305868686868686868686868686868686868687878787878787878787878787878787878786868685858585858584858585858585858585858686868686
1306868686868787878787878787878787878787878787878786868686858585848484848484848484848484848585858585858585858585858585858585
1307858686868686868787878787878787878787878787878787868686868686868686868686868686868685858585858484858585858585858585858585
1308858585868686868686868686868685868686858484848484838484848484858584838382818181818181818180808080808180808180808081818282
1309828382818180818080797979808181797980808080797979797979798080808080808080797980797979807979797979797978787979787979797978
1310787978777777767676757675747575757575747474747475747474747374747473737374737373737373737373737373737474727273727172727271
1311717171717171727171717071706970696870696868686867686867696868686867676767676869686768666665666565666665666666656666656566
1312646565656564646363646363636262626362616161606061606161595759596160586162595858595859585958585957585859595858585958575758
1313606057565856565655575657575656565656585556555455545455565455545555555555535354555453525353535553535453555455555454545553
1314555252515152505353525453545454545455535251535253515251515151515050515253535455545454545354545553545352525353535352535452
1315545353535255545555535354565455545652555553535354565656575555555556555656555555565656565657565655545456555456555655545453
1316515353515251525150505151515351515151535050535453505050495153504848484849484846464648484849484847484745464949484846485053
1317494947484750494848484849494848514949505051494849504849514849505051504849505249505150515051525251525050514950494949504950
1318495254505150545554514948485049505151535355535051525252535354535254555756555859576158605759595963646358555557566161616259
1319596060615961626261636465625856565757565658606058596160595858575657585957575758575756575757585758585858585858585859595859
1320606062636564667173757677798182818283828483828283838282828182818282838484848484848484848383838382828282838383838281828183
1321838484848585858686868686868686858483828181818181828283848483838383848586858686868686878787878686868687878787888888888888
1322878786878687878787878787878888888888888888898989898888898989898888888888888888888888898989898989898989898989898989898989
1323898887868584848383838383838484858585858585858484848484848485858586868686868685858584848484848585858584848484848483828181
1400818181818181818181818181828282828282828282828383838484848484858585869286868686858584848484858585868686868686868685848584
1401848484848585868686868686868787878787878787878888888888888888888888888888888888888888888888888888888888888888888889898989
1402898989898989898989898989898989898989898989898989898989898989898989898989898989898989898989898989898989898989898989898989
1403898989888888888786858483838383838383848484848485858586868686878787878787878888888888888888898989898989898989898989898989
1404898989898989898989888888888888888989898989898989898989898989898989898989898989898989898989898988889488878786868686878686
1405868686858585858686868685858584848383838282828281808080808079797979797980808080808180807980807979787978787878797979797980
1406808080808080808080808080797979807978797980798079797980818282828282828283838483848485858585858585868686868787878787878787
1407878686868685848383838382828182828281808180808081818181828182828282818182828282828283838282828382838383838283838383838484
1408848484848384838383838282828281818281808080807979798079797879787878797877777876777776767778798079807977787777767778777777
1409767676769277757575767475757474747474737373737271727473727170717271727171727171717272727172727172717171707171717070717171
1410707069706970697068686969686767676767676767666767656564646463646565656464656666636364646663646465636363636365636262636564
1411626263646462636361626263646261616262616364636362606261616461616161605859615958596160586060605859586058585859575859595856
1412565656565757565656555856565454545454545657555556585655545657555554545554555552535251525454535352515152515350525252535454
1413545352555253535351525352535354555653538654535456525453525353535252525252525151515152535051515353525253535151535352525352
1414535352525352545253545251525152525352525251515151495051504848484949504949495050525150505049484849495049484949484849484947
1415484849514848484848495050525150505150484848484849494949495052504848474850474747474849505049495048495050535148484949484948
1416485150474849515049494950494747494848515049515150484949505051505252505151515253525051515053494748494947484948485050474848
1417505149525249494950495152535251525250515151515350525352515354545452525353535553525252535253535253545454535453535353535555
1418555455565455565554555555565555545555555655565556555655555554545454555454555453545553545453545453545454535454545453555455
1419555554555555555555555654555656565656575757585961605959595958595959595859596060595958565656565656575756575657585858585858
1420585858595858585858585757585860606162626363646363646465646464646464626261616161626161616162626262636363636362636363626263
1421636363626363636464646565666565666667686868676768686767676667676767676666666666666566656666666667686869696867666767697071
1422727373747474747474747475757575757575757575757473737273737273727273737372737373737373727272717171717070707171717171717171
14237170--------------------------------------------------------------------------------------------------------------------
1500------------------------------------------------------------------------------------------------------------------------
1501------------------------------------------------------------------------------------------------------------------------
1502------------------------------------------------------------------------------------------------------------------------
1503------------------------------------------------------------------------------------------------------------------------
1504------------------------------------------------------------------------------------------------------------------------
1505------------------------------------------------------------------------------------------------------------------------
1506------------------------------------------------------------------------------------------------------------------------
1507------------------------------------------------------------------------------------------------------------------------
1508------------------------------------------------------------------------------------------------------------------------
1509------------------------------------------------------------------------------------------------------------------------
1510737373727271727172727172727272737273737272727171727171717070707170717170717070717171707171707170707069706969706970696969
1511697071706869696868696870686868676867686867666664656664656565666565646363636363616161606160616161616162616061606161626061
1512606058605857565757575757575758565759575857565658575656555656565755555555555556575657565656565657565556575455555555565856
1513555555545355545354555455545554565451515251525352545454525351515051525253515151525652535454535352525353535153545352515251
1514515150505251515051505050515149514848474848505051484749504749474849484849485051505150505051504849495149504948494850515151
1515505150525351515153525253515052535151515152525453514951495050515052535152535254515252525252515152525251515351515251535352
1516515153555554545453545452535352525254575857575755555453535356555555545556565656575760636262636161636465636465676767686767
1517676969666363606160595960596060585758565656545455535454545353525353535252505252525150515152525152525353545555555656565655
1518565556575657575352535556565757585958595961626465656566676969676666646666687071747777787880818282818181807878777473757777
1519767677787978777878798182838383848585858484848484848484858585858484858585848383838283838484858585858585858585848482807675
1520757474747575767779798080828282838383828484848586868584828383838382808079787979797980808079808080808081818180787776767777
1521767774737272717272727373737474747574737375757676767675757575757476767676757575767576757676767677787879808181818282828382
1522818282838384848383828484848383838484848383828181817980818079797980818282828282838281807978777776767676757676767575767575
1523767676767677787778787877767675757575767575767676767676767777777777777878787879797979797979797979798080808081818181818181
1600818181818181818181818281818181818181818181818180797979797978787878787878787877777777777777777777767676767676757574747474
1601747575757575757576767676767676767676757575757575757675767575757676767576757675757575757675757474747473737374737373737374
1602747374747474747475757575707574747473737473737373737474747474747473737374747474747475757575747676757777767576767677777676
1603767677767676747473737273747475767777787979808080818181818282828282828282828383838383838383838383838383838383838383828382
1604828282828282828282828282828282828282828282828181818181818181818282828282828383838383838383838484848484848485858585858585
1605858585858686868686868685858585858585858585858686868687878787878787878787868786868686868686858585868686868585858585858484
1606848483838383848484848484858585858585858585848484848484898484858584848485858686868686868686868686868686868686868787878787
1607878787868686868687878787878686868686868686868787878787878787878787878788888888888887878787878787878787868685858484848383
1608838282828181818181808080798079807978787778797979787878787878787777767677777677767675757575747675747474747574747574757576
1609757575757675757575747476717170706969707070696969697071707071696768696868676667666766676666666565666666666465666766676668
1610686666646464656465666563646566646564656465646465646463646564656565656666676566646564716566656666666865656464646466666567
1611666768696868686867676767666766666566656565666565656665646567666565646664656363626262636362616160585958595858586160615958
1612605857575655555354555554545354535354555452525353515252515254525253545453525251515251505253515352515251505053525048515050
1613515151515150525150494750494849484848484848504851484849484848494848515153535252555356555558575355545352525253545153545453
1614545353535252535353535454575654525454525451505052525149514948494949494645454546464545464644444647444445434745464648725151
1615495050505152535151525151515153515152525049505151525051525451515352525152525352505049494948495149494949494949505149494949
1616484950485049484949504748474847474748504848464746474646494748474648464645474746474647484646474747464647464444444543464345
1617484847464748494849484849484949494950495051515151515252525453515253525152535353535354545354566062667072737579838480808184
1618858585858484838081818384848280818384838184848485868786858688888989899090909191919191919191919191919191919292929292929292
1619929292929292929292929292669292929292929292929292929292929292929292929292929292929292929292929292929292929292929292929292
1620929292929292929292929292929292929292929292929292929191919191919191919191919191929192919291929292929292929292929292929292
1621929292929292929292919292919191919191919191919192929192919191919191919191919191919191919191919191919191919191919191919191
1622919191919191919191919191919191919191908988868483828181818283848484848585858585848484858585858586868687878787888888888888
1623878786858585868686868686878787888888888888888989898989898989898989898989898989898989898989898989898888888888888888888989
1700898888888888888888888888888888888989898989898989898989898989898989898888888887868585858585858585858585858585858585868686
1701868686868787878787878887878787878787878787888888888888888989898989898989898988878686858483838382828282828282828282818181
1702818181828282818181818181818181818181818182828182828383828383838383838383828383838282818282828283838484848585868686868685
1703858483828181818080808081818181818283838485858686858585868687878787878788888887878787878787878787878787878788888888888888
1704888888888889898989898989898989888989898988888888878787878787878787878888888888888888888888888888888888898989898989898989
1705898989898888888888888888878787868686868686868686868686878787878787878787878888888888888888888889898989888888888888888888
1706888887868685858585858584848484858585858484848484848483838383838383838383838383838384838383848484848484848484848484848585
1707858585858585868686868686868686868686868686868686868686868686868686868686868685868686868686868585858585858585858584848484
1708838383838383838382828182818180808181808080808078797978787777777775767675757475747676767776757677757774747475747475747273
1709737474727272727272717273727372737373727272737172727273727272727272727272727272717071727172717070706970717071717170707068
1710686768686966666768666566656565656466646565646564656463646565646464656465646564646465646362636462636365646364616162616061
1711606060616261606162616161626160596061585858585859596061595959595860605959595961606060616060595961605958585857575757586058
1712595859575858585655565656575655555656565656565655555555555758565655545554545557555555575555555555555555565656565555555656
1713565655535354555554545656545554545554545354535453545454545656555354555856575657555556545554545556545352545554555355555455
1714545455545355565354545455545757535555555556545455555554565353555655555354535654525452545354545353545353545455545653565353
1715535555555553555655555454545556565753545253545454535253545352535454555352535452525255515253525254535353515051515051474949
1716505252525453535352525253545253525351525354525252535252515152505150515052484949474647495051505050505153525051535253535252
1717515150525252545455545554535454555454545453555657565656545656565553545455535353495152535153525352535352525252514951524952
1718515153525052545553535355555656565655555556555454555655575757575757575857585758596058585961595860605959595959596061616261
1719595960615959616260616162616060606059606060606059606161616161606058595959605858585858585959595960596060596059606060595960
1720596059605960616162626363646564636465656667666766656565666868676766676867676870706971717170666567666565646565646566666667
1721676868696868686969697070706768676666656464656668666161616060606056535352535253545554535353545555555455555657575859605960
1722595959606060606061616162616161616262626262626362626262626162626263636363626362626262626263646262626261616262646465656667
1723676868686869696969696970707070707070707070707171717171717171717171717171717171717171717171717171717171717171717171717171
1800717170717171727172727372727272727272727271717372717171717271717171717170717170707070717171717070707070706969696869686868
1801686868696968696969696970707070717071707071727272747473747575757675757676757575767675747474747475757475777878787979797979
1802797980807980808080808181807980808081818282818181828181797877777676767675767575757575757577767677787878787977777879808080
1803797979798081828283838282828283838382828283838282828283838383838383828181818080797979787878777676757474747474747473747474
1804747575757676767777777878787878787878787878797979797979797979797979797979787878787878777775747373737272727272727373737373
1805747474747475757575757675757575757575757575757474747474747475757575757575757676767676767575757575757474747475757575767676
1806777777787980808079798081818181828181828181818180808080818181828282828282828383838384848383838382828180807979787877777777
1807777777777777777778797978788080808080808181818181818181818181808080808181818282818282828079807878798079787777767676767577
1808777676767675757675747474747474757373737372707169697070706993686969686967666766666868676867686867656564656565666566666463
1809636564636161606061616162636261626262636161626061616261636260606060606160605959596059605959595960605858595960596059595958
1810595757565758575757565957585757575757565756565757555558575758565757555554565655555455545454545454565556555555535354535555
1811545553545553535353525355535353535252545453525252555354535251515251515151525151515152505151515151534949495250515050495151
1812504949505050505047484949484850505051525149474749484748484849484749484646464647454344474587484646454747474945464646484849
1813474747464646464646474947464647484545474746464647484847464846464746464845474746464847464646464546474745454747474647444446
1814464546474746464443444443474744464647454442434344454141424341434142404143424241424143434343424342414344414042414143434343
1815424141434544414340414143424240414243434341434343434443434342424442444543424243424345434445444343444443434245444245454443
1816424041444443424244434443434444444347454548464546474645464646454545474846474745444545474344464443434444454543434344424286
1817424244424142424040414040403837363938363738353534363736383534323234333435323336333435373537393937383636363939404240413943
1818414242434446474949494949504949504950494848484848494949495050494949494949494949514948494949494950494949484849494949505050
1819515151515151505050515152525252535354535355585960616262626262626262616160605856555655545452525149504948494949495049495050
1820515051515151515151525152525253525455535353535454555556565757585859596060606061616161616160616059595858575758585859595959
1821605958585858585859605960595989595960615960606161616262616161616264646466666667686868707072706868696971717070707070717271
1822717170697168697171727272727269707169676766666666666666666666666767686869686868686868686868686767676667676666666766666666
1823666666666665666565666666666767676768686868686868686868686767676868686768676768686868686868686868686868686868686868686969
1900697170707070707171717171717172727272727373737272727171717272717171717171717170707070707070707070707070707070697070697070
1901707070707171717171717171707170707069696969696969696969696969696970707070696970707070707070707070707070707070707070707070
1902707070706969707071717070707071717070717170707069696969696969696969696969696969696969696968686969707071717171717272727272
1903727271717171717070707070706969696969686869686767676665636464636464646465656666676768707172737476767777787879797979798080
1904808080808080808080808080797979797978787878777777767575747473727271696868696968676868686868686868686868686869696969706969
1905696969696969696969697070707070717171727272727273727373737373737373737373737373737373737373737373737373737273727272737373
1906747474747474747474747474747474747575747575747474747474757373747474747474757575757576767675757675757575767576767777777777
1907777776757575777778787876757575767777777676787778797776757678767575757778787777767677787878797877757677767877757677777574
1908737272737372696968686868696766666667676666676766666565656666646464636262636261626362626364636363636264646363636461616162
1909636264636263626562626363636464646464636362616160616061616262616161616161626260606060596059606159585958585858585958605959
1910605859585858585958585858605858575957555555575757555457575455565656575955575658596060606060616264626363616163636464646364
1911646364646465646465656465646465656664656664646464646363646263626362616260625961616160605961606062585960596160605960606162
1912626162626161626362616162636262606062616262606162626161626060616162615858575858595958585756565656565655555655545455545355
1913525353515252525252505352524951525252504948494950504948494849504848505149505050495149494849484949484949504949484847474947
1914494948495047484949504849484850484850494949494746494848474646474647464545454647475048454646454347444548454445454444464545
1915454547484747484746474744454844444547464345454644444547464646444343484645444546444445454648464648454746454645464746464444
1916444546484446444343464545454343454444454645434445434444444445464444434445444345424544454543444445464545464746454546464645
1917464546464646474746474747484747484949484849494948484948484848484948494948504949494949484949495049474748484948495149494948
1918495049485051504849494950494849505150495150505150505051515050515253525151525150515151515050505051495050494849494948484848
1919494949494949494948494849484948494948494950505250505051515151525455555555545556555554535556555454545554545555565655555558
1920595961596162625960585858575758585857585858575656555556565657565657575757575757575758585858585858595958585858595859585959
1921595858585858575757585758595859595858585958595959595959596160606061616061606161616060616161616161616263646464646568676565
1922666667666767697070707071727071717170697070707071707070727272737475747373737475767776777574747576767675767676777777787675
1923747373737373727271727171707072707170697069696969686869686868686868686869686969696969707070707172727373737474747475747373
2000737474747373727272727169696869686867676767676767666665656565656665656566656565666666666666676767686768686868696970707070
2001717171717172727170707069696868686868676868696969696969696970717171706970707071727272727373727372737273737373727373727273
2002737474747474747475757575767675757575757575757575747475757575767676767576767676767675767776767676757676777778787978797978
2003787777777777767575747474737272727272727271717171717171717171717171717271717171717272717171727373737475757676767676777677
2004777777777776767676767675757575757575757575757676767676767777777777787778787878787878787879797979797979797979797979797979
2005797979797979797979797979797979797979797978787979797979797979797979798079808079797979797980808079808080818080808081818181
2006818180808080807979808080808181818080808081818182828282828282828181818080807979797979787878787777777677777676767575757575
2007757575757575757575747474747575757575757575757575767676767676767777777777777777777777777777777777777776767676767676767575
2008767575747575757474747574757474747474747474757574747473747374737373737373737373737372737272737171717171717069696969696969
2009706969706969696868686968686868686968686968676868686767686766676767676766656565666767656565666766656565656565666765656565
2010656566636365646365646364636463636263646361626261636262626362636363626363646463646363636462636262646363636363636362626263
2011636363636263646362626262626363636362616263636464626262616262616262616060585758575958595960616161616262616162616163626363
2012616061606160616161616162626162626061605859585961586059585957555556555755545355535353525255535353565455545555555655525354
2013525354525253535351515152525252525450525149515050504949515250535150505153525153515253525350504951505050515350505152505249
2014494948484749484747494849495149484849505050484948474849494848464847464948484747494946464849474849494749484949485049474748
2015474648484747485048464748484647474748484848474748474746474947474545454545454647464546464648484544444645484546464646474846
2016474643444443434243424244424442434343424242454444434545444546474645464444444544444646474746454545454544434545454444454544
2017444345444444444547464646464647474748484748474847464645454545464846454548464545464747474748474746474847484647474747474848
2018474849494747474849484747474748474849484748474948484848484950484948494950494949504948495049484849484849495049504950505150
2019505150515052515151515252525253535352535252535352535353535353535353535353545354545454535354545454545454545554545555555555
2020555555555555555556565656575756575757575757575857575858585859595959605960606060596059595959606060606060606060606060606060
2021606161616061606161616160606060616061616061605959595959595959595859595859595858585859595959595959595959595959585858585858
2022585858595858585858595858585858585858595858595959585858585858595858585858585858585858585858585858585958585858585858595859
2023595959595959596060605959595959595959585959595958585858585959595958595859595859595959595959585959595859595959595958595858
2100585859598858585958585958595958595959595958595959595959595958595959595959595959595959595959595959595959595959595959595959
2101595959595959596060596060606060606060606060606060606060606161616162616161606061616161606060616161616161616161616161616161
2102616161616162626161616161616161616162626262616161616161616161626263636464656565656566666767676768686869696969697070706970
2103707070707070717171717069686868686868686867676767676767676768686868686768686868686868686868686869696969696969696969696970
2104697070707070707070707070707070707070709070707070707069706969696969696869696970717273747475767676767777777777777778787878
2105787777777777777777777777777777777776767676747373737272717171717171717272727272737373737373747474747474757575757575757575
2106757676767676767676767676767676767676767676767676767675767676767575747474747474747474747474737373737373737373737373737273
2107727272727272727271717171717171717171717171717171717171717171717171717070707070717070707170707070707069696969697070707070
2108707069696970696969706970696969696969696969697070707070717171717171719471717171717272717172727272727271717171717170717170
2109707170717171717171717170707170707171717171727272727271727272737373737373737373737374737373737373737473737373737273737373
2110737272727272727271717171717171717171717271717171727172727171717271727271717171717171717171717171717171717171717171717171
2111717272727272727272727272727373737373737474747474747474747474747473737373727373727272727272727372727272727372727273737373
2112737373727373737373737373727273737372727272727373737272727272727272727272717272727372727272727272726872727272727272727272
2113727171727272717172717171717171717171717070707070707070706969707070697070696970696969706969686968686869686768686767686667
2114666666666667676767676667676767666665656666656565666666676667666666666665656565646464646464646464646464656566666565666565
2115656564636263626162616263636161616161626261616162626161626262626262636364646465656666666766656666666665656665666667686867
2116666767666767676666666666666665666666676868686869686869696970696971707171717172717171727272737473747475757575737474757474
2117757676768975737370717171717171707171717272717071717172727170717171717273737272727375757575767576777777787878787879808079
2118808180818180818282828282828281818181818281818181808282828282818282838383838383838281818281828180818282828282828282838484
2119848485848485858685858585858585858686858586868686868585848484858586868585858485868685868686868686868686868687878787868585
2120848483838281818182838382838484848585858585868686868686848483838484848283838180817982828182828281828382828384838383848181
2121828383848483838384848283848383848485858584858584848483838383828283848484828081818080818180848483818281808079797979798180
2122807877787878787878777878787979798081808181808081797879787879777776767677777777777778777878797979808080808179797979797979
2123797979797979797878787878787877787878787979797980797979797979797979797979797979808080797980808079808080808079798080808080
2200808081818080808181818080818080808080808081808080807979808080818181818282828283838384848384848484848585858686868686868787
2201878787878787878787878788888888878787878686868686858585858584848484848484848484848484848485858585858585858585858585858585
2202858585858585858585858585858586868686868686868686868686878787878787878787878686868686868686868686868686868686868686868686
2203868686868787878787868687868686868686868686868686868686868686868686868686868686868585858585858585858585858585858686868686
2204868686868685858586868686868585858585858585858585858585858585858585858585868686868686868687878787878787878787878787878787
2205878787878787878787878787878787878787878787878787878787878787878787878788888888888888888888888888888888888787878787878787
2206878686868685858483838382828282828281828283838384848484848485858585858585868586868686868685858686868686868686878787878787
2207878787888888888888888888888888888888888888878787888888888888888787878787878786878686868686868686868686868584838484848585
2208848484848585858585858585858584838484848484848484848484848280808181817978808182818181817880807979808079798081818079787878
2209797877797979777778797877787778777877767677767677787776767675767777777777777778777778787777767676767575777574747474757575
2210747575757674747574747474757575767575757576747371727375757575757675767776767677777576777675747576717070717170697172717168
2211767677777576777675747576717070717170697172717168707272727173727171717271727272717271727373727273727172717071717272727071
2212717170707071727071706969696869696968686869707068676968686868686867676968676768676868676868676866676767686767676765656766
2213666766666565666766666767686666676464646464656463646664636363636261626262636363626262636462636262636361606160605960606160
2214616061606161616264646365626363646464646363636363646464646464656564656564636564656465656566666665656564656565666767676666
2215666666666767686868676768676767676767666666666665666666676765666665646464646464646464636364656464646565646464656465646564
2216646565656565656565656565656666656464646465656464646566656665656565656565656566666666666666666666666666666667676767676767
2217686767676767676868686768686868686969696969696969696969696969696868686968696969707071717272737374747474757575767676777777
2218787878787979797979807980808181828282838383848484858485848485858586868787888888888889898989898989898989898989898989888888
2219888888888888888888888888888887878585858585848484848484848484858585858585848483838484838484848482818282828383808181817878
2220787676777677787776777777777676777777777778787979797979787878787879797979777878787879807980808077797780808181828382838383
2221838384858586858686868687868686868586868685848585858586868686878787878888888887878687878686868585858483828282838484838281
2222818181818181818181818281818181818182818080808079797979797979797978787979808080797978787878787879797980808081818182828282
2223828282828282828282818181818181818181818181818181818081818081818181818182838282828180808080807979797979797979798080808080
2300808080808181818181818181828282828281818181818181818181818181808079797979787879797878787979797980808080808181818181818182
2301828282828282828282828282828282828282838384848484848483838383838384848483838383838383838383838383828383838383838282828282
2302828282828282828282828282828282828282828282828383838383838383838383838383838484848484848483838383838383838383838484848485
2303858585858686868686868686868786878787878787878787878787878788888888888888888888888888888888888888888888888888888888888888
2304888888888888888888888888888888888888888888888888898989898989898989898989898989898989898989898989909090909090909090909090
2305909090909090909090909090909090919191919191919191919191919191919191919191919191919191919191919191919191919191919191919191
2306919191919191909090909090909090909090909090909090909090909090909090909090909090909090909090899090909090909090909090919191
2307919191919190909090919191919191919190909191919191919191919191919191919191919191919191919191919191919191919191919191919191
2308919090909090909090908989898888878788878786858484838281808181797979808081808081818282828381818181818181818180807979787979
2309797977777877777778777675757674767675767676747575737372717071727270717270707070696867686968686768687069686768676766676767
2310656766666665676665666567656465646363656466646464626363646363646362636160616261626263626262636362636262616161616262636160
2311876163616059595859595857596158575655555757555555555756565556555557575554545554575555555452535154535352555353555453535252
2312535453545353535354514949505148525250515151454646474847484947495049504847464647494744474446474547464443444342454544464243
2313444545424343414241424443424142414142424446464647484746474443454045444444424244434444434245454242434141424038393737384040
2314394242434544444347424140394040373937374142393739373537383934363536353536353634333334353636353534353539353736353533333335
2315353535363535333635383334333235863633333435353433343333323333343333333234343233333434343232323232323232313333333132313132
2316323133313236323230313032313031313030323233302931313030303030313231302930313030343229303130313132333333343232333233323132
2317313233333132333232313232333332323331313233323132333332323131323231313232323232333232333333333334323433323431333233323230
2318303132313231313233323232323131303032313131323132323333333234343434343534333333333333343433343433323332323332313333333433
2319343433333537363936353538404140383941393838394041434142414342844444434343444344444544454646464644454444444545454546484948
2320495152515051535252525353535152525251515151515150505050504849494949504951505152525252525150495051515151525252525251515050
2321505051515151525152525252525353525253535453545454575556555554555656575656585858596365626462606364646363646462626365656769
2322686969696967696366676667686867686665666666646463656464656665646464626161626162636162666565646567666868686667676967686768
2323696869686868656766686665666767696970697171737272727272727372717170707071727373737474747373727474747474747474737375757574
2400767776767575757674757578777776757475757575747574757574757676767676767676757677797978798080807979787778787878777777767676
2401777878787978777777787979797878787878787878787878797978797979797978787776767777797979797878787879797979808080808080818079
2402797979808079808181808181818181818282828383838383828283838484838484848484848484848483838484848484848485858585858585868686
2403868685858585858585858585868686868686868686868686868686868686868686868686868686868686868686868686868686858585858585868686
2404868686868686868686878787878787878787878787878787878788888888888888888888888888888888888888888888888888888888888888888888
2405888888888888888888888888888888888888888888888888888888888888888888888888888888878787878787878787878888878787878787878787
2406878787878787878788888888888888888888888888898989898989898989898989898989898989898989898989898990909090898989899090909090
2407909090898989898989898989898989898989898989898989898989898989899090898989898989899090909090909090909090909090909090909090
2408909090908989898989898888888888878787878787878787878787868585848383828181818081818080797776757575757474737272727273717272
2409737371727270717171727172717171727071707070696970707172696968686968676868686767676666666664656566646464636362616261616160
2410606059605960606261616059585859596060606060595859565455535557565555555553535454545654535352515151525150495050505151515253
2411515050494848485048505050504950514950504949505047484948494850514950495048484949505150495151494848484950494949504950474244
2412444444465048464643424444444745454445444548454544464344464543434343444444444443444544434243454141424243434343444543424444
2413434341414342424443434343414141414442414140414141404042413940414039404141414139393940393940404040404041434141424241404038
2414393940393739384040404039383836393638383736363638373838373838373737383839373939383839374038363738393939373839393937393837
2415363737383739373738393940404241383938393636363839383736383939393737383837373736373636363637363738373636373738373936373637
2416373534343334343534343333323232333333333332323233323433323332323332323031323332313131323231323332323332353334343435343534
2417363736343537353635333737333536343434333333353433323434343333343637383536373536383736373736363638383939393838393939393939
2418404039393939413940404140413939384040403838393941393938394039394040393941404040414142414141424242424242424241414141424141
2419424243424242424244444545474849485050505050505050505050505151505151515150515153535252525251525151525253535354545454545454
2420545454535252515251525151525252515252525353535455565656565655565656565655565657575757585859585859595958595959595959595959
2421595959595959595858585858585858585858585858585858585858585858585858585858585858585859595958595959595959596060595959606060
2422616061616263636362616161626260606161606162646363646463636365656565666564656667676564666666656462626364636263626262626263
2423626263626363636363636464646566666666676768686868686869696969697070707070707070707070707071717171717171717171717172717171
2500717171717171707071707071717274727372737474737272727475757474747474747575757574747475767575757674747473737373727371717272
2501707171717171717171717171717272737272737373737474747474747475757575757575757676767677767676767676767676767676777777777777
2502777676767676777777777777777676767676777676777676767677777778787878787979787878797979808078797979797877787979808081818181
2503818080808181818182828282828282828281828383838283838383828282828283838484838383838282838383838383838383838383838384848584
2504848384848585858585858585858585858585858585858585858484848484848484848585858585848484848484848485858585858585848585858585
2505848484848484848383838283838383838383838484848484848484848484858585858585858585858585858585858585858585858585858585858585
2506868686868686868686868686868687878787878787878787878787878787878787878787878787878787878787878787878787878787878787878787
2507878786868686868686868585858585858484848484838282838383838383838282818181818181818181818181818181818182828181828281818181
2508818080808080807979797979797979797878787878787878787878787776777676767676767676757575757575757591747474747373737575757372
2509737272727171707170706969696969696868686867676767666868666767686664666665666666646464646564656565646464636263626263636464
2510626262626261626362626061606162606061606060605959605859585859595757585757565959585756555658565657575657575858575856565555
2511555655555655555555545655555556545455545353535252525251535252515150515051515252504950495050495150504849484749485049484849
2512495149484846464647485048464848484747474547474746484746464644454546474544444545464645464748464645464647454845464746464746
2513454677454444454443434543434343444345464344444544444545444544454546434646444545444545474545464747474747474646464546464547
2514464545444446444444454545454642444343464343444644444544464546444445444443444445464444444444444446434345444445464443434344
2515444744424241434342414142414344444041434244434343434345444242414340434041424243434341424242434142424243414342444341414241
2516424242454342414242434442434344434141414342404243444141414142414139403939403940414041404040404340404138393941404040383939
2517383939383738373537363737393838373772394142414141403940393940404141424241424242414141414343444242424241434242424243424142
2518444241424142414142434140404041403938373938383639374044393636403839373837373840414039384046494948454447434545444647494851
2519484849484850525151535452535458565756535553535656565655575657565961595659595958575557545353515152525353535454545454545455
2520565756586062656972757879808080798182838384848585858687888888888989898989898989898989888888888889898989898988898989898888
2521888989888887878787878787888888888888888887878686858484848485868682878787878787878888888888888989898989898989898989898888
2522868381797878787775747272706969696868686867686869696869696870707171717376767779798081818182828282838382828079787876767675
2523767677787980818180818283838484848383848585858586868686868686868686868685868686868686868787878786858485858586868686868686
2600868787878786868686868686868687878787878787878786868686868686868686868686878787878788888787878686868481777475767575767879
2601808181828283838383828282828283838282828284848585858684838382838382817775757171696867666666646189606059595960596059595959
2602606060616161606060606162636666666971686970727374767773737273717372707171706871727575757576767879767879797573717069696868
2603686867676868676767656567706968666666666565646463636364636363636363636363636264646463646463636363646463646464646464646464
2604656565656565656565666666666766666667686766676667666667666767696969707170707070707071717070707070706969696869696968696868
2605686868676768686869717271717170706969686869696968697071737475767677777878787980818181838384848483848586868787888888888989
2606898989898990909090909090909090909090909090909090909090909090909090909090909090909090909090909090909090909090909090909089
2607898989898989898989898989898989898989898989898989898989898989898989898989898989898989898990909090909090909090909090909090
2608919191919191909090909090909090909090909090909090909090909090909090909090909090909090909090909090908989898989898989898989
2609898989898989909090909090909090909090909090909090909089898989898989898989898888878787878786868585858585858585858585858585
2610868686858585858586868686858585858484848483838383848484848484848484848484858483848383828282828283828280808080808079808080
2611798079798079797979767777767777777677757776777777767474757475737373747373727473737475737069706970696969697070686868676565
2612666766646466676766666564656565656566646665646364646463666565656362646562646362606263646363605960575963626162616262616061
2613616260606063636363616160616163616162605960585860615959595859595758585860585959596159595960616261616062606060616260596058
2614616060606061605960606059605961616058616059616057575958595860595658565857585859595857576060565758585553575251525457555050
2615525051485152504950525247484848494949504847454645454243394241444544464441414143434244444344403941424240414140434346404441
2616424343424141424143423940394241403737373939393841414240394242414141414140423937373740393940393940404039404240384138373937
2617393636343434353435353234353736363740403536373642403838383637363636363434373837353534373838393939404142414041424043414144
2618434041394042424341414140414242434242444244414144434441424143454544434545454645464646474546464747474647494748494849484647
2619454545464546464847484848495049505049495050515048494849505049484848484849484847484747484849484848484848494950484949494949
2620494948484849495050495050505050505151515152525253525253535354535353535353535354545555555555555555555555555555555555555555
2621565656575656565757575757575858585858585858585858585858595959595959606060606061616060606060616161616162616362636363636262
2622626261616161616161616161606060616161606161616161616161606060606060606060606059606060606060606060606060616161606061616262
2623626363626362626363646464646465656566676667686868717171717372727376767675767776767676777877777878798080798079808080808080
2700808080808080808080818282828383838384848484848484848484848484848585858585858585858585858585858585858585858585868685858585
2701858585858585858585858585868686858585858484858585858585858686868686868686868686868686868686868686868686868686868686868686
2702868686868686868686868686868686868787878787878787878787878786868686868687878786868685858585848484848484848485858585858686
2703868686868787878787878787878787878787878788888888888888888888888888898989898888888888888888888888898989898989898989898989
2704898989898989898988888888888887878787868686868687878787878787878888888888888888888888888888888888888888888888888989898989
2705898989898989898989898989898989898989899090909090909089898989909090909090909090909090909090909090909090909090909090909090
2706909090909090909090909090909090909090909090909090909090909090909089899090909090908989898989898989898990909090909090898989
2707899089909090909090909090909090909090909090909090909090909090909090909090909090909090909090909090909090909090909090909090
2708909090909090909090909090909090909090909090909090909090909089898988878787868685868685848484848383838382817979787979787779
2709787676767676767575757575757675757575757574747473737372737374737375757472727272727273737372737271717173727171727172747273
2710727270717071696970696869696868686766676667676568656564656564636362636261616261626463636258596060606059616160606159595958
2711575857565657585758606160596060616361595960606059595859605958605958555757565557575756555555555555555553535452535352525254
2712535454545351515051515252535353545553545453535553535553545554545354545455525355565653545353535253565455545656565755565556
2713575555565453525352535454555354545255555353535352535050515654515255545052535153535454545351525354545555545756565455555756
2714565353515353505152535252515253494851484948505149494951524848484949515252525151495050514950495050505051525252504949485049
2715494948475550505050495150484951494849504849474848484850504949474749505050504851494949474748474749484847474748484648484850
2716505050504950515249515049495049494949474547474849494948474747495149474847474645464745444243434441424241414243444544444546
2717444646454645454445434243424241414341434444464441424242444242424343434241424243444344454545434242444342424041424442444443
2718454344444445474748484947464847494847494747464747464645464546474544464647474747454748494949515048494951504949484847505049
2719495051525252535253525454535353585755565555575655585758626159596060585859585959616261646363636363626562636261626266646360
2720616362656365636260626262616261636364656566656664656667676767696969707272707071717374747373737373737373737473737474747474
2721757575757575737475757474757575757576757676777676767676767576757475757575767777787878797878777777767574747373737373737473
2722727372727373737575767676767574747374757677767776767676777777787878787878797878787879798080808080808080797979797979798179
2723797979808080808079797979798080808181818180808079777877787676787777758475747472737373727472747472737373747374767577787878
2800777676767674747574757676767677777576767777767777777878787777767677767676777678787777777777797979798080808080808081818080
2801818181828181818181828282828282828383838383848484848484848484848484858585858585858585858585868686868585858585858585858586
2802868686868686858585858585858586868686868686868686868585858584828181818181818182818081808080808181818181828282828283838383
2803828383838383838383838484848483838383838383838483828283838384848484848484848484848584848485858585858985868686868686868686
2804868686868686868686868686868686868686868687878787878787878686868686878786868686868685858584848484838382828282828282838383
2805838383838383848484838484848484848585858585858585858584848484848484848484858585858585858585858484848383828282828283838383
2806838383838283838383838484848485858484848585858585858585848485848382828282828181808080808080808081818181818181818182818181
2807808080808080808080808080808080818181818182818182828282838384848484848383848484848585858585858585858585858585858585858585
2808858586868585858585858585858484848484848383818282838383838383828282818282828181818283838383838383838483828182828282828283
2809838382818080797879798081818079808080808080808080818182818081818180818181807978787778777977777776767778787675747474737373
2810737473747474747575767779798080818284858686878787888888888989898989898989909090909090909090909090909090909090909090909090
2811909090909090909090909089898989888887878584848382807979777775757473737474747475767574747474747373727372717271717070707171
2812686769676867666666666868666767696867676768656667666768676768696969707172727273737374737374747474747474747575757575757574
2813747574737475747474737274727271717171717072706971716969706869706968686766676667656664656563646365646562636464636360606361
2814606260626263615859595957565757595856605959585758585758555656575956565657585657585755575757565555565555565657595556555758
2815575355525352505053535452515450505152525054555353525254555354525354545554535252525453535454545253545554565554545454555455
2816545454535353555355545353545254525353535454555456575654555555545454545553565351525553525254555554525151515151495250474848
2817494948484948485048474746474849474850484847474748484749474746474848474848484848494949474646454647454344454645454645454447
2818474445464545444644444445454445444547454546454743464544444343444545434447424345464343434243434344434848444341424240434344
2819454342414147494949515353565251475049515049485049565858586060564951555057595958555455565759596161626158586160595860585958
2820596061616263626065636262646767656566696869686769686970717070707070707070717171707071717171717274737475757676777776767575
2821757575757676767676767677777777777677777777777876777878787878787878797980797978787878787878787878797979797979798080808080
2822808079798080808079797979808080818181818080808080808080807979807980808181818180808180808181818181808080808080808181818282
2823838383838383838384848484858584848585858585848483838384848383838484848484848484848484848484848484848484848485858585858585
2900858584848484848483838384848484858585858585858585858585858586858585858585858585858585858484838383838484858585858585848282
2901818181818181818181818282828383838383838484848585858585858585858585858686868686868686868686868686868686868686868787878686
2902868686868686868686858585858585858585858585868686868686868686868686868686868686868686858585858585858686868686868686868686
2903868787878787878787878788888888888888888888888888888888888888888888888888888888888888888888888888888888888888888888888888
2904888888888888888888888888888787878787878786868686868685858585858584848384848484848484848484848484848383838384848484848484
2905848585858585858585858484858585858685858585858585858585858585858586868686868686868584848484848484858585858585858585858585
2906858585858586868686868686868686868686868686878787878686868686868686868686868686868687878787878787878787878787878787878787
2907878787878787878787878787878787878787878787888887878787878787868686868686868686868686868686868686868686868686868686868585
2908858585858484848484848483838383838384848383838383838383838383838382828282828282818282828383828180808181807979797979797978
2909777776767677777776767675757576747575757374747373727273717272717272727272707171717070707070697069696969707070706970696869
2910686969676767676565646464656262616161626161606162615960596059595959605960595960585860595859585857565757565758575757585656
2911565555565656565656565757555655555556565554545355555454555555565454545454545454535353525253525353525352535353515252545452
2912525252525353525251525151515052515050505051515150515151505151515251515050515050515151525051495151504949515049504948474947
2913484948474646454549504749464444464746474646464647484646474746464747474647464747474848484746484947474546434243454644434445
2914464647464444434443444544444546434346434545434344444544434645444342434544424542434244434244434442424342434242434243434342
2915424142434141414241414242424043434041404240414141414042404041424140404343434341414041403939424042414141414142424140394039
2916414240404039404242414242434243434442434241414241424343424141434443454544444444434345434142434342414141434344434441404039
2917393940424042564244444343434543454847454241424643464544454241424142434443454545454346444242424242424549464446495053555553
2918535354475555545246454241444041424240424443444541444650464547464748464748485052555350535049535756545656555554495757565959
2919565859585956575755565455586158555556575959615957585958606158585857576059605957586061616365646364646362616162636364626060
2920616162646162656664636362636466707170706969696970697169696867686968686969706967676969686969686968687070716972727171717169
2921717171727271717275757475777674747475747677697776767675757575757676767574757574737475767575767675767777787777777778787979
2922808080797979797978787980807979797979787979787979797979797878787878797979807979797979808080818081818181818180797980797979
2923808080797979797878797979808079808080797980818181818182818181808080818181818181828282828282828282828282818281818181818181
3000818181818180808080808080807979798080808080818080808079787878787877777778777777777778787878787878787878787878787878787879
3001787878797979797978787877787777777778777777777878787878797979797979797979657980818283828282828282828282828282828383838484
3002848484848484848485858585858585858585858585858585858585858585858585858585858585858585858585858585858585858585858585858585
3003858585868686868686868686858585858585858586868686868686868686868686868686868686868686868686868787878787878787878787878787
3004878787878787878787878787878787878787878787878787878787878787878787878787878787878786868686868686868787878786868686868787
3005878787878787878787878787888888888888888888888888888888888888888888888888888888888888888888888888888888828888888888888888
3006888888888888888888888888898989888888888888888888888888888888888888888888888888888888888888898989898989898989898988888888
3007888888898888888888888888888888888888888888888888888887878786868685858585858585858584848484848484858585848484848484848484
3008848383838383838382828282818181818181828282828282828282828282828281818182828281818181818180818080797979797978787979797878
3009787877787777777676767676767676767675757675747374737373757272717170717171707071707070707070697070706970706971696970697070
3010696970696969816968686868686766666666666566666666656564646363636363636363646161626363606161606061616059606059595859595859
3011585758585757595858595858585757585858575857575758585657575757595757585859565756565656555655565655555353545554555553545453
3012515150515152515252515149494950514949495049495051494950504948495049495051495051514949494949484948485150495050514949514950
3013494949504951494948505151495149494948484847474849494748484847484648484746474747474746495047494947474647474647464747454545
3014484646464646464445444746454543434443434346434443414142434743404042434041434444434444464645464343444244424144444342424143
3015424140404139394144423940413938383839414040404144454545434646464645454446474543423941393839393938373739383839404341444343
3016434243444343454043454544444444444543444345424243444443444444444746434443424446464645434446464646454543444545454545444546
3017464546474645464545454444454645464545454244424241434244424042414041414445434343434242454444444344444444454545464343434544
3018464543424242444444464543454644444343444242434345434241424241434142424343444443464240404141424243434241414241424343424245
3019434445454647474445454748454746454646454546474746474646464545454545454546464747474848484848484848494849505355545556575860
3020605960606061626162636365656464656466666567676767676768686868696970706970727272727272747473727272727272727173737373737473
3021747474747475767676757475767575767676777777777777777777787877777877777777777777787878787879797978787878787776777878787979
3022797878787777777777777878787879797979797878787979797878798080808080808080808181818181818180808081818181828283838281818181
3023828282828282818181818182828181818181818080808080808181818181817978808081797979797980818181818180808181818181818181818181
3100818181818181818080818081818181808080797979808080807979797979797978787878787979798080808080808181818180818181818181818181
3101818282828281828181828283838383838283838383838283838383838383848484848484848484838383838383838383838383838484848384848484
3102848383838484848484848484848484848484848485858585858585858585858585858585858585858585858585858585858585858686868686858585
3103858585858585858585858686868686868686868686868686868585858585858585858585858585848484858585858585858585858585858585858585
3104858686868686868686868686868686868686868686868686868686868585858585858585858686868585858585858585858585858585858686868686
3105868585858585858585868686868686868686868686868686868686868686868686878787878787878787878787878787878787868686868686868686
3106868686868686868686868686868686868686868686868686868686868686868686868686878787878786868686868686868686868686868686868685
3107858585858586868686868686868686868686868686868686868686868685858585858585858585858585848484848484838383838384848484848484
3108838383828282828282818181818181818180818081808079797979797979797980808080818079797878787777787779808079797879807978777775
3109727270706968686868686868676767666868686666666765666465646465666462636362636464646362626262626362626162626161626261606161
3110606059595959616059616060595958585959595959595858585959585857585858565656585756555657575757575756575554545555535455555456
3111535252525251515252525253515153545151515149495150515250515251525151525352515050515049495051515049504949485051484748494849
3112494950505049494948505149485150485049484849504848494846484649474547464747464545474645454646474747464647474545454746454645
3113454446464748504950515149494949505050495049504950495050494849484950504848494948484746474846464645454546464646464646464546
3114474645454545464645454644454445464444434344434244444544434342454342424241414341414341444243414343434444434444444243424245
3115434342424343444143434241434342414341414142424243424143434241424140404342424042424141434143434443414342424241414343414142
3116414342404242434441414041424141414040414139414240404140414041404040404039394039393940414243383939393839404142414142424241
3117424041434340393940394041394239393940394040393840404142434139394143413941393940404139383939414040404040414140403939414142
3118424544434449494746444950504949504948494545444344434652495353535355575756565859565655555455525357545554575856575556605957
3119545050505051505151525152535351515556545354545454555555545456565554535454535453535454555553565454535454535354545254535354
3120586161606061616162636265686767666868676867676766666667676666667070706967687070676767676769686869717168686868697070707271
