58265 2010   021213603204    1    1    1    1    1    1   60---------------------------------------------V3.00
010100   3   8   80022   5  14  140054  120052   4  11  120013   1   2   5   50044   2   4   40042////////////
010200   3   8   80106   5  15  200143  140108   4  10  110102   1   2   5   50129   2   4   40123////////////
010300   3   8   80226   5  15  150217  140238   4  10  110209   1   2   5   50223   2   4   50205////////////
010400   3   8   80356   5  15  150329  140356   3  10  100308   1   2   5   60358   2   5   50356////////////
010500   3   8   80414   5  14  150415  140434   4  10  100453   1   2   5   60401   2   4   50410////////////
010600   3   8   80556   5  15  150553  140517   4  10  110557   1   2   5   50505   2   4   50506////////////
010700   3   8   80659   5  14  150632  140650   3  10  130644   1   2   5   60655   2   5   50658////////////
010800   4  14  140800   5  15  150742  140708   4  13  130800   2   2   6   60759   2   9   90800////////////
010900   6  22  220900   5  14  150802  140833   5  13  140858   4   2   7   70900   4  16  160900////////////
011000  10  31  360946   5  13  140901  130943   5  14  140959   7   3   8   90946   8  23  270946////////////
011100  12  42  421100   5  13  131004  121058   5  15  151055   9   3   9   91100   9  31  311100////////////
011200  20  70  701200   4  12  131110  121141   5  15  151137  16   4  13  131200  16  54  541200////////////
011300  21  44  811210   4  12  131223  121241   5  15  151231  17   4   9  151209  16  33  631210////////////
011400  17  44  551342   4  12  131346  121312   5  15  151317  13   4   9  111342  13  33  421343////////////
011500  16  29  551425   4  12  131405  121433   5  15  161404  13   3   8  111425  12  21  421425////////////
011600   9  21  291513   5  13  131547  121505   5  15  151509   6   3   7   81520   7  15  211520////////////
011700   5  11  201601   5  13  131659  121620   5  15  151658   3   2   5   71601   4   7  141601////////////
011800   3   8  111701   5  13  141732  131715   5  15  151707   1   2   5   51701   2   4   71701////////////
011900   3   8   81844   5  13  141811  121843   5  14  151834   1   2   5   61818   2   4   51818////////////
012000   3   8   81931   5  14  141951  131901   5  14  151915   1   2   6   61932   2   5   51932////////////
012100   3   8   82003   5  14  142054  132017   5  13  142014   1   2   5   62001   1   4   52022////////////
012200   3   8   82145   5  15  162158  142101   4   9  112101   1   2   5   52147   2   4   52143////////////
012300   3   8   82212   6  16  172249  152204   3   8   92205   1   2   5   52259   2   4   52234////////////
012400   3   8   82321   6  15  212335  152333   3   6   82304   1   2   5   62324   2   4   52330////////////
020100   3   8   80018   6  17  190048  140006   2   6   70007   1   2   5   60027   2   4   50033////////////
020200   3   8   80128   6  17  200128  160159   3   9   90159   1   2   6   60129   2   5   50129////////////
020300   3   8   80221   5  14  160203  140300   4  10  110233   1   2   5   60220   2   4   50220////////////
020400   3   8   80316   5  13  140310  120304   4  11  110357   1   2   5   60317   2   4   50314////////////
020500   3   8   80403   5  13  130457  130406   4  11  120427   1   2   5   50403   2   4   40419////////////
020600   3   8   80501   5  13  140523  130506   4  11  120503   1   2   5   50503   1   4   40502////////////
020700   3   9   90700   5  14  140654  130650   4  10  110609   1   2   6   60700   2   6   60700////////////
020800   5  18  180800   5  15  150800  130724   5  12  130712   3   2   6   60800   3  12  120800////////////
020900  10  38  380900   6  17  170900  140847   4  13  130900   7   3   9   90900   7  29  290900////////////
021000  17  65  651000   5  14  160901  141000   5  14  140954  13   4  12  121000  13  50  501000////////////
021100  31 153 1531100   5  13  141023  131057   5  15  151100  26   5  25  251100  24 120 1201100////////////
021200 105 319 3911147   5  13  131101  121150   5  15  151152  89  16  47  591147  77 239 2691152////////////
021300  87 194 3131201   4  13  131222  121223   6  16  161233  74  13  29  451201  68 154 2361201////////////
021400  59 135 1931301   4  12  131307  121351   6  15  161303  50   9  21  291301  47 107 1531301////////////
021500  60 131 1991426   5  12  131411  121453   6  15  161401  51   9  21  311426  47 103 1551426////////////
021600  34  65 1301501   4  12  121537  121556   6  15  161523  28   6  12  211501  26  50 1031501////////////
021700  12  18  631601   4  12  121607  121638   5  13  161612   9   3   6  121601   9  12  481601////////////
021800   3   7  171701   4  12  121732  121743   5  14  151702   1   2   5   61701   2   3  111701////////////
021900   3   7   71819   4  12  131858  121809   5  15  151825   1   2   5   61818   1   3   41825////////////
022000   2   6   71921   5  13  131959  121901   5  15  151950   0   2   4   51903   1   3   31921////////////
022100   3   7   82058   5  12  142020  122056   5  13  152038   1   2   5   52050   1   4   42046////////////
022200   3   8   82138   4  12  142110  112133   4   9  112105   1   2   5   62138   2   4   52137////////////
022300   3   8   82259   4  11  122222  112259   3   9  102211   1   2   5   52230   1   4   42259////////////
022400   3   8   92344   5  14  262324   72310   3  10  102305   1   2   6   72352   2   5   62342////////////
030100   3   8   80001   5  14  140009  130001   4  10  110053   1   2   5   60001   2   4   50001////////////
030200   3   7   80135   5  14  140106  130129   4  10  110157   1   2   5   50134   1   4   40134////////////
030300   3   8   80300   5  13  140218  120253   4  10  110256   1   2   5   50300   1   4   40300////////////
030400   3   8   80322   4  12  140328   50341   4  10  110311   1   2   5   60322   1   4   50323////////////
030500   3   8   80429  -3 -69  140450 -690500   4  18  190457   1   2   5   60450   1   4   40430////////////
030600   3   7   80514 -15 -45  170553 -860504   3   7  190504   1   2   5   60512   2   4   50514////////////
030700   3   9   90700 -36 -12 -120700-1870633   2   2   80645   1   2   6   60647   1   5   50700////////////
030800   5  25  250800 167 63417920742-5920730   0   2   40759   3   2   7   70800   3  18  180800////////////
030900  16  68  690859 44117921792080410740828   3  23  260849  13   3  11  120859  12  54  550859////////////
031000  21  89  900959 64517921792090117920901   3   8  270925  17   4  14  140959  16  69  700958////////////
031100  37  70 1591037 63417921792100117921012   3   9  171038  32   5  12  201038  29  54 1281037////////////
031200  43 220 2341148 534 19617921101 1961200   2  12  121200  37   6  27  291148  34 182 1891147////////////
031300  79 132 2921208-2361542 521121016521257   5  15  151300  68  11  20  381208  62  99 2241207////////////
031400  57 178 2731340-334 -97 -53135915961301   5  15  171310  49   8  26  381340  46 139 2181340////////////
031500  53  61 2181406 -52-109 -521431-2641452   4  10  201411  45   8  11  311406  41  48 1701406////////////
031600  30  26 1371532 -42-124 -401540-2361514   3   9  101501  25   5   7  211532  24  19 1101532////////////
031700  13  24  611611 -34-111 -401608-1501614   3   8   91601  10   3   7  111611  10  18  481611////////////
031800   5   7  251703 -49-269 -551715-2691800   3   8   91729   3   2   5   71704   3   3  181703////////////
031900   2   7   71813 -71-186-1291811-2871842   3   9   91849   0   2   5   51844   1   3   41811////////////
032000   3   8   82000 -65-139-1221953-2461915   3   8   91901   1   2   6   61959   1   4   41959////////////
032100   3   8   82023 -41 -36 -362100-1772015   3   8   82049   1   2   5   62023   2   4   52035////////////
032200   3   8   82156 -19 -38 -382200 -652119   3  11  122152   1   2   6   62200   1   4   52159////////////
032300   3   7   82201  -5  -5  -22258 -362201   2   7   72258   1   2   5   62238   1   4   42204////////////
032400   3   7   72324  -3 -25  -42305 -250000   4  12  132325   1   2   5   52326   1   3   42323////////////
040100   3   7   80021 -12 -26 -190033 -480017   4   9  120006   1   2   5   60024   1   3   50014////////////
040200   2   7   70200 -38-267 -210105-2670200   2   4   90106   0   2   6   60200   1   4   40200////////////
040300   3   8   80259-170-537-2830201-5560253   0   1   40204   1   2   6   60300   2   5   50257////////////
040400   3   8   80301-200-515-5150400-6650324   1   4   40355   1   2   6   60301   2   5   50353////////////
040500   3   7   80407-150-420-3770439-5110403   1   4   50459   1   2   5   60407   2   4   50406////////////
040600   3   8   80600-193-633-4260504-6410549   1   3   50527   1   2   6   60538   1   4   40537////////////
040700   3  12  120700-278-878-6740607-9390658   1   3   40640   1   2   7   70700   2   8   80700////////////
040800  10  52  520800-278-717-7150750-9720702   2   5   70721   7   3  11  110800   8  40  400800////////////
040900  32 129 1290900-219-572-5210840-7040801   3  11  120857  27   5  19  190900  25 101 1010900////////////
041000  60 202 2021000 -32  10  110940-5980903   5  14  140936  51   9  29  290949  48 157 1580950////////////
041100  84 280 2911057   4  12  141017  101001   5  15  151054  72  12  39  411053  65 213 2211058////////////
041200 116 416 4701157   4  12  121133  121114   5  16  161154 100  16  60  681157  77 220 2411130////////////
041300 160 510 6141241   4  13  131254  121218   5  14  191245 138  22  73  861241  91 242 3261241////////////
041400 106 284 4991301   4  12  131308  121336   6  15  171353  92  14  38  711301  71 211 2321301////////////
041500  52  30 3921409   4  12  131423  121452   5  13  181410  44   8   6  611409  34  21 2191403////////////
041600  13  36  411541   4  12  121502  121530   4   8  151504  10   3   9   91547  10  27  321541////////////
041700   9  22  341601   4  12  121611  121658   4   8  171616   6   3   7   91601   7  15  261601////////////
041800   4   7  211701   4  12  121708  121755   4  14  141732   2   2   5   71701   2   3  151701////////////
041900   2   6   71823   4  12  121815  121839   3  10  141815   0   2   5   51826   1   3   31822////////////
042000   2   6   71953   4  13  132000  121904   4   9  151929   0   2   5   51935   1   3   41951////////////
042100   3   8   82059   5  17  172100  132001   3  11  132055   1   2   5   52059   1   4   42057////////////
042200   3   8   82117   6  17  182114  152148   3   6  102115   1   2   6   62118   2   4   52117////////////
042300   3   8   82252   5  12  202203  122257   3   9   92248   1   2   6   62258   2   5   52251////////////
042400   3   8   82302   5  19  190000  122351   3   7   92301   1   2   5   62302   1   4   52304////////////
050100   3   7   80040   9  20  280039  190001   2   4   60002   1   2   5   60038   1   4   40041////////////
050200   3   8   80131   6   0  230116  -30158   1   3   50120   1   2   5   60131   1   4   50132////////////
050300   3   8   80223   7  27  280249   20201   1   4   50231   1   2   5   60214   2   4   50214////////////
050400   3   8   80312   5  10  270301   90348   1   4   50311   1   2   5   60313   2   5   50312////////////
050500   3   7   80401   4   7  120424   70500   1   4   50423   1   2   5   50433   2   4   50434////////////
050600   3   7   80544   1  -5   70501  -50600   1   2   30503   1   2   5   50556   1   4   40518////////////
050700   3  10  100700  -5  -5  -50700 -250628   1   4   40700   1   2   6   60657   2   6   60700////////////
050800   6  23  230800   1   4   90757  -30701   2   3   90723   4   2   7   70800   4  17  170800////////////
050900  12  40  400900 -11 -44   30801-1290848   1   4   50859   9   3   9   90900   9  30  300900////////////
051000  21  75  840954   2  14  150953 -390901   2  10  100954  17   4  12  130954  16  59  660954////////////
051100  33 108 1131058   5  13  141001  131058   4  11  121059  28   5  17  181058  26  87  901058////////////
051200  38  86 1181116   4  12  131101  121155   4  13  131158  32   6  14  181116  30  69  951116////////////
051300  53 211 2431258   4  12  121214  121255   5  14  141257  45   8  33  391258  41 160 1601300////////////
051400  69 123 2541315   4  12  121302  121307   5  15  151357  59  10  18  361315  56  97 2101318////////////
051500  41 100 1301425   4  12  121407  121453   5  15  151430  35   6  16  201425  32  79 1021425////////////
051600  39  89 1391513   4  12  121509  121553   5  14  151507  33   6  15  221530  30  69 1131514////////////
051700  17  19  881601   4  12  121655  121626   5  15  151602  13   4   6  151601  13  13  681601////////////
051800   3   8  171701   4  12  121754  111728   5  15  151703   1   2   5   61701   2   4  121701////////////
051900   3   7   81801   4  12  121844  121805   5  14  151803   1   2   5   51853   1   4   41852////////////
052000   3   7   81929   4  13  132000  121903   5  13  141909   1   2   5   51925   1   4   41936////////////
052100   3   7   82040   5  14  142100  122004   4  11  132007   1   2   5   52054   1   4   42040////////////
052200   3   8   82155   6  18  182142  142101   3   8   92102   1   2   5   62143   1   4   52150////////////
052300   3   8   82204   7  11  232243  112300   3   6   82216   1   2   5   62205   1   4   42204////////////
052400   3   8   80000   1   4  132328  -72350   2   6   72301   1   2   6   62359   2   5   50000////////////
060100   3   8   80002  -1 -11   50001 -140057   2   5   70001   1   2   5   60002   1   4   50001////////////
060200   3   8   80144  -9 -39 -100101 -390200   1   4   50143   1   2   6   60136   1   4   50144////////////
060300   3   8   80234 -20 -74 -380201 -740300   1   2   40220   1   2   6   60233   2   4   50233////////////
060400   3   8   80333 -34-107 -740301-1070400   0   1   30307   1   2   6   60336   2   4   50335////////////
060500   3   8   80448 -37 -76 -760500-1270439   0   0   20425   1   2   5   60449   2   5   50442////////////
060600   3   8   80501 -31-120 -740514-1200600   0   0   10522   1   2   5   60501   1   4   50501////////////
060700   3  11  110700 -39 -85 -780646-1380628   0   2   20700   1   2   6   60637   2   7   70700////////////
060800  10  50  500800 -19 -25 -250759 -930716   1   2   40741   7   3  10  100800   7  39  390800////////////
060900  38 209 2090900   0  13  130859 -250801   2   9   90854  32   6  32  320857  29 155 1550857////////////
061000  87 309 3091000   4  12  130909  120956   4  13  130953  74  13  47  471000  62 200 2000956////////////
061100 118 422 4221100   4  12  121001  121029   5  15  151038 101  17  61  611100  74 230 2381057////////////
061200 123 392 4791109   4  12  131138  121155   5  16  161115 106  17  58  701109  78 236 2651111////////////
061300 115 391 4341240   4  13  131254  121250   5  16  161243  99  16  57  641240  79 231 2601241////////////
061400 124 158 4181332   5  13  131349  121307   5  16  171331 106  18  19  621329  76 119 2461333////////////
061500  75 291 3731450   4  12  131402  121433   5  15  171453  64  11  44  571450  52 180 2381449////////////
061600  67  77 2861501   4  12  131534  121559   5  15  161517  57  10  12  431501  41  60 1751501////////////
061700  18  24  761601   4  12  121606  121654   5  15  161628  15   3   7  121619  14  17  601601////////////
061800   4   7  241701   4  12  121737  121738   5  15  161735   2   2   5   71701   3   3  171701////////////
061900   3   7   71835   4  13  131843  121801   5  14  151801   1   2   5   51843   1   4   41836////////////
062000   3   7   81921   5  13  141950  121925   5  13  141901   1   2   5   61944   1   4   51923////////////
062100   2   4   72001   5  15  152042  132007   4   9  142006   0   2   5   52003   1   0   42001////////////
062200   2   6   62200 -24-139  142101-1482155   2   3   82106   0   2   5   62148   1   3   32200////////////
062300   2   8   82300 -87-463-1402201-4632300   1   1   52202   0   2   6   62300   1   4   42300////////////
062400   3   7   82333-229-781-4482335-8402354  -1  -3   22301   1   2   6   62354   1   4   42331////////////
070100   3   9   90058-300-633-6330100-9880031  -1  -4  -20001   1   2   6   60046   2   5   50059////////////
070200   3   8   90102-241-547-5470200-7690134  -1  -3  -20154   1   2   6   60101   2   5   50104////////////
070300   3   8   80202-178-427-4270300-6360214  -1  -3  -20229   1   2   6   60201   2   5   50201////////////
070400   3   8   80301-139-394-3310354-4290316  -1  -2   00350   1   2   6   60317   2   5   50316////////////
070500   3   8   80408 -93-161-1480454-5020402   0   0   00450   1   2   6   60403   2   4   50401////////////
070600   3   8   80515 -32 -66 -620526-1680508   0   2   30514   1   2   5   60514   2   5   50515////////////
070700   3  12  120700 -20 -56 -460615 -650601   1   2   30634   1   2   6   60700   2   8   80700////////////
070800   9  37  370800 -14  -8  -80751 -570706   1   5   50757   6   3   9   90800   7  28  280800////////////
070900  25 118 1180900   2  13  130843 -120803   3  11  110851  20   5  19  190900  19  94  940900////////////
071000  46 130 1610951   4  12  130902  120955   4  13  140953  39   7  19  240951  37 104 1280951////////////
071100  71 266 2711048   4  12  121038  121013   5  15  151059  61  10  38  391048  56 208 2121048////////////
071200  94 250 3411136   4  12  131155  121117   5  15  161139  81  13  35  481136  74 200 2601136////////////
071300  77 166 2781208   4  12  131214  121254   5  15  161243  66  11  24  381208  60 130 2131208////////////
071400  28  30 1631301   4  12  121313  121346   5  15  161341  23   5   7  241301  21  22 1271301////////////
071500  19  38  651421   4  12  131425  121403   5  14  151406  15   4   9  121421  14  29  511422////////////
071600  15  49  551545   4  12  131549  121520   5  14  151507  12   3  10  111545  11  38  421545////////////
071700  12  18  481601   4  12  131650  121602   4  11  141609   9   3   6  101601   9  13  371601////////////
071800   4   8  181701   5  13  131749  121701   4  11  151725   2   2   5   61701   2   4  121701////////////
071900   3   8   81831   5  13  131857  131803   3  13  131845   1   2   5   51852   2   4   41831////////////
072000   3   8   82000   5  13  131916  131949   4  11  131917   1   2   5   61956   2   4   51956////////////
072100   3   8   82013   5  13  132038  132008   4   8  112012   1   2   5   52002   2   5   52011////////////
072200   3   8   82120   5  13  132120  132150   3   8   82103   1   2   6   62142   2   5   52120////////////
072300   3   8   82209   5  13  132248  132206   3   8   82212   1   2   5   62208   2   4   52207////////////
072400   3   8   82312   5  13  132341  132346   3   8   82347   1   2   5   52318   2   5   52335////////////
080100   3   8   80002   5  13  130021  130040   2   7   80053   1   2   5   50058   2   5   50005////////////
080200   3   8   80108   5  13  130143  130101   2   7   80130   1   2   5   50132   2   4   50123////////////
080300  81 327 3410259  44 199 2020259 1020255   3   7   80233  69  12  50  520259  59 252 2640259////////////
080400   3   8   80356   4  13  130324  120309   3   8   80345   1   2   5   60356   2   5   50357////////////
080500   3   8   80443   4  13  130448  120420   3   8   90441   1   2   5   60441   2   4   50442////////////
080600   3   8   80544   4  13  130504  120542   3   7   80515   1   2   5   50600   2   4   50504////////////
080700   3  18  180700   4   9  120602   90658   2   2   80602   1   2   7   70700   1  12  120700////////////
080800  26 135 1350800   4  13  180738   10721   1   5   70759  21   5  22  220800  19  99  990800////////////
080900  55 229 2290900   5  13  140819  130802   3  12  120900  46   9  36  360900  38 148 1480900////////////
081000 102 331 3390955   5  12  130903  120936   5  15  150959  87  15  48  500955  59 184 1850955////////////
081100 138 433 4331100   4  12  131057  121025   6  16  161052 118  20  62  621100  74 227 2271100////////////
081200 158 492 4921200   4  13  131157  121117   6  17  181144 135  23  70  701200  83 241 2411200////////////
081300 168 328 5261208   5  13  131229  131213   6  16  191245 144  24  47  751232  85 215 2631245////////////
081400 107 215 4391305   5  13  131302  121357   6  15  171336  92  15  30  621305  73 166 2611306////////////
081500  90 279 3891409   5  13  131406  121436   6  16  171456  77  13  42  601456  63 182 2471410////////////
081600  65  88 2981509   5  12  131518  121547   6  16  161518  55  10  14  461509  42  62 1681509////////////
081700  24  47 1041645   4  12  131613  121637   6  16  161610  19   5  10  201645  18  35  761645////////////
081800   4   5  431701   4  13  131800  121718   6  15  161728   2   2   4   91701   2   1  321701////////////
081900   2   6   61839   5  17  181854  131802   5  10  151802   0   2   5   51847   1   2   21835////////////
082000   2   7   81945   6  14  181906  141950   3   6  101901   0   2   6   61949   1   4   51943////////////
082100   3   8   82020   5  12  172047  102039   2   4   62001   1   2   6   62021   1   5   52020////////////
082200   3   7   92129   4  14  172137   72116   2   5   72132   1   2   5   72130   2   3   72129////////////
082300   3   8   82253   5  12  172243  122233   1   4   62201   1   2   6   62255   2   5   52254////////////
082400   3   8   82354   3   7  122301   52313   1   3   42304   1   2   6   62358   2   5   52353////////////
090100   3   8   90021   4   8  200013   70002   1   3   40014   1   2   5   60021   2   5   50021////////////
090200   3   8   90129   6  19  200153   80101   2   5   60152   1   2   5   60129   2   5   60129////////////
090300   3   8   90229   7  18  210206  160220   2   7   70259   1   2   6   60230   2   5   50229////////////
090400   3   8   80305   6  17  180302  150342   2   5   80318   1   2   5   60307   2   4   50304////////////
090500   3   8   80454   6  19  190500  170401   2   4   60407   1   2   5   50453   2   4   50452////////////
090600   3   8   80534   5   6  200530   60600   1   3   40533   1   2   5   60536   2   4   50533////////////
090700   3  12  120700   5  17  170700   20610   1   4   50658   1   2   6   60619   2   8   80659////////////
090800  11  50  500800   6  19  190754  150714   2   6   60720   8   3  10  100800   8  39  390800////////////
090900  29 103 1030859   6  14  190803  140900   3  12  120900  24   5  17  170859  23  82  820859////////////
091000  56 184 2040950   5  12  130902  120950   5  15  150955  47   9  27  300950  44 145 1560950////////////
091100  93 266 3821037   4  12  131037  121025   6  16  161047  80  13  37  571037  71 208 2551037////////////
091200 111 379 4131148   4  13  131158  121109   6  16  161157  95  16  53  601148  80 251 2721148////////////
091300 155 367 4831218   5  13  131239  131203   6  16  191220 133  22  51  691218  91 227 2901206////////////
091400  67  96 3671301   5  13  131306  121356   6  16  171308  58   9  15  511301  49  76 2251301////////////
091500  43  91 2331416   5  12  131453  121444   6  16  171441  36   7  15  351416  33  67 1851416////////////
091600  20  23 1181507   4  12  131510  121556   6  15  161508  16   4   6  191507  15  16  861507////////////
091700   7  12  251602   4  12  131607  121654   6  16  161648   5   2   6   71631   5   8  181631////////////
091800   3   7  121701   4  12  131734  121706   6  16  161741   1   2   5   51701   2   4   81701////////////
091900   3   8   91842   5  12  131823  121900   5  15  161811   1   2   6   61842   2   5   61841////////////
092000   3   8   81906   4  13  131948  121902   5  15  161928   1   2   5   61929   2   4   51906////////////
092100   3   8   82033   5  12  132050  122009   5  14  152009   1   2   5   52100   1   4   42033////////////
092200   3   8   82111   5  13  132155  122112   4  12  122142   1   2   5   62114   2   4   52113////////////
092300   3   8   82225   5  13  142255  132202   4  11  122202   1   2   5   52225   1   4   52224////////////
092400   3   8   82310   5  15  152351  132303   4   8  112301   1   2   5   52351   2   4   42309////////////
100100   3   8   90038   5  13  150011  130054   3  10  100100   1   2   6   60037   2   5   60038////////////
100200   3   8   80110   5  13  130200  130126   3   9  100116   1   2   5   60111   2   4   50109////////////
100300   3   8   80246   5  14  140256  130205   3   8  100209   1   2   5   50244   1   4   40235////////////
100400   3   8   80347   5  14  160326  130310   3   7   80302   1   2   5   60346   2   4   50349////////////
100500   3   8   80420   5  12  140438  110455   2   6   80407   1   2   5   60420   2   4   50419////////////
100600   3   8   80508   4   8  130519   80559   2   5   60516   1   2   5   60525   2   4   50507////////////
100700   3  12  120700   4   4  180611   40700   2   5   60612   1   2   6   60700   2   8   80700////////////
100800   9  55  550800   3  13  130759   20709   3  10  100800   6   3  11  110800   7  43  430800////////////
100900  44 193 2060856   4  12  130804  120850   5  15  150859  37   7  30  330856  33 143 1430900////////////
101000 101 359 3591000   4  12  120954  120924   6  16  160952  86  15  53  530942  64 200 2050937////////////
101100 123 360 3811023   4  13  131022  121007   6  15  161018 105  18  51  561026  76 236 2361100////////////
101200 119 337 3951104   4  12  131125  121158   6  16  171120 102  17  48  571104  86 255 2601159////////////
101300 134 382 4501243   4  12  131250  121239   6  16  171247 115  19  53  651243  94 265 2821232////////////
101400 103 159 4251313   4  12  131310  121341   6  16  171313  89  14  23  601313  76 129 2691310////////////
101500  68 164 2171447   4  12  131421  121424   6  16  161401  58  10  25  321448  54 131 1681416////////////
101600  38  33 1621510   4  12  121526  121536   6  15  161540  32   6   7  241510  30  25 1281509////////////
101700  13  26  501628   4  12  121601  121622   6  15  161608  10   3   8  101623   9  19  381628////////////
101800   5   8  271703   4  12  121715  121742   5  15  161741   3   2   5   81704   3   4  201703////////////
101900   3   8   81851   4  12  121823  121838   5  15  161846   1   2   5   51859   2   4   41855////////////
102000   3   8   81912   4  12  121917  121916   5  15  151901   1   2   5   51904   2   4   41915////////////
102100   3   8   82006   4  12  122023  122045   5  15  152041   1   2   5   52043   2   4   52033////////////
102200   3   8   82118   4  12  122150  122103   4  12  122155   1   2   5   52116   2   4   52116////////////
102300   3   8   82228   4  12  122210  122251   4  12  122229   1   2   5   52209   2   4   42209////////////
102400   3   8   82340   4  12  122305  122344   4  12  122354   1   2   5   52337   2   4   42338////////////
110100   3   8   80053   4  12  120009  120023   4  12  120002   1   2   5   50046   1   4   40056////////////
110200   3   8   80134   4  12  120124  120101   4  12  120132   1   2   5   50134   1   4   40133////////////
110300   3   8   80216   4  12  120255  120238   4  12  130209   1   2   5   50213   1   4   40213////////////
110400   3   7   80332   4  12  120346  120305   4  12  120352   1   2   5   60333   1   4   40332////////////
110500   3   7   80450   4  12  120411  120441   4  12  120500   1   2   5   50451   1   4   40451////////////
110600   3   8   80522   4  12  120537  110533   4  12  120533   1   2   6   60518   2   4   50517////////////
110700   3  12  120700   4  12  120655  110620   4  12  120656   1   2   6   60655   2   8   80700////////////
110800   7  24  240750   4  12  120752  110746   5  15  150759   5   2   7   80751   5  17  180750////////////
110900  13  42  460843   4  12  120846  120832   5  15  150829  10   3   9  100843  10  32  360843////////////
111000  20  87  871000   4  12  121000  120908   5  15  150904  16   4  15  151000  15  70  701000////////////
111100  39 111 1231028   4  12  121046  121037   5  15  151037  33   6  17  191028  31  86  971028////////////
111200  53 172 1911152   4  12  121139  121102   5  15  151111  45   8  25  281152  42 137 1541152////////////
111300  60 169 1771212   4  12  121238  121221   5  15  161221  51   9  25  261212  48 135 1411213////////////
111400  58 146 1751310   4  12  121355  121321   5  15  161341  50   8  21  251310  46 116 1381310////////////
111500  47 102 1481415   4  12  121439  121445   5  15  161420  40   7  16  221416  37  80 1181415////////////
111600  26  53 1001501   4  12  121530  121512   5  15  151549  21   5  11  161501  20  41  791501////////////
111700  12  17  531604   4  12  121614  121602   5  15  151649   9   3   6  111605   9  11  411604////////////
111800   4   7  171702   4  12  121701  121759   5  15  151701   2   2   5   61702   2   3  121702////////////
111900   3   7   71854   4  12  121848  111807   5  15  151820   1   2   5   61853   1   4   41854////////////
112000   3   7   81920   4  12  121914  121919   5  15  151908   1   2   5   51918   1   4   41933////////////
112100   3   7   72046   4  12  122028  122051   5  14  152015   1   2   5   52046   1   4   42047////////////
112200   3   7   72102   4  12  122102  112153   4  12  132115   1   2   5   52141   1   4   42138////////////
112300   3   7   82240   4  12  122225  112235   4  12  122223   1   2   5   62245   1   4   42217////////////
112400   3   7   82347   4  12  122312  112337   4   9  122325   1   2   5   52341   1   4   42340////////////
120100   3   7   80035   4  12  120056  110037   4  12  120058   1   2   5   60034   2   4   50033////////////
120200   3   8   80142   4  12  120159  110138   4  12  120129   1   2   6   70141   2   5   50139////////////
120300   3   8   80201   4  12  120223  110202   4  12  120215   1   2   6   60201   1   4   40202////////////
120400   3   7   80307   4  12  120340  110351   4  12  120305   1   2   5   60310   1   4   50307////////////
120500   3   7   80432   4  12  120410  110439   4  12  120425   1   2   5   50459   1   4   40459////////////
120600   3   8   80558   4  12  120525  110523   4  12  120546   1   2   5   50503   1   4   40553////////////
120700   3  11  110700   4  11  120636  110603   4  12  120700   1   2   6   60700   2   7   70700////////////
120800   9  41  410800   4  12  120748  110757   5  14  150757   6   3  10  100800   6  31  310800////////////
120900  30 120 1200900   4  12  120847  110803   5  15  210814  25   5  20  200900  24  94  940900////////////
121000  60 190 1901000   4  12  120940  110901   5  15  160959  51   9  28  281000  48 153 1531000////////////
121100  75 239 2391100   4  12  121049  121036   5  15  201045  64  11  34  341100  60 192 1921100////////////
121200  85 242 2461108   4  12  121146  121101   5  15  161155  73  12  33  351108  67 192 1981108////////////
121300  80 192 2451204   4  12  121201  121256   6  15  211241  69  11  27  341204  64 153 1951204////////////
121400  67 157 2071319   4  12  121304  121354   5  15  161339  57  10  23  291320  53 128 1651320////////////
121500  39  86 1551401   4  12  121425  121416   5  16  171414  33   6  14  231401  31  67 1261401////////////
121600  27  60  861501   4  12  121516  121559   4   9  191512  22   5  12  141503  20  46  661501////////////
121700  14  22  591601   4  12  121619  121612   3   9   91605  11   3   7  111601  10  15  451601////////////
121800   4   7  211701   4  12  121704  121751   3   8   91717   2   2   5   71701   3   4  151701////////////
121900   3   7   71803   4  12  121818  111829   3  15  151855   1   2   5   51859   1   4   41858////////////
122000   3   7   71922   4  12  121911  111905   5  15  211940   1   2   5   61923   1   4   41923////////////
122100   3   7   72001   4  12  122007  112023   5  14  192013   1   2   5   52047   1   4   42001////////////
122200   3   7   72116   4  12  122102  112101   4  12  172112   1   2   5   52126   1   4   42126////////////
122300   3   7   72213   4  12  122249  112228   4  12  172211   1   2   5   52217   1   4   42210////////////
122400   3   7   82320   4  11  122355  112332   4  12  172342   1   2   6   62319   1   4   52318////////////
130100   3   7   80012   4  11  120013  110059   4  12  170041   1   2   5   60013   1   4   40012////////////
130200   3   7   70126   4  11  120121  110147   4  12  140140   1   2   5   50123   1   4   40124////////////
130300   3   7   80257   4  11  120247  110203   4  12  170213   1   2   5   50242   1   4   40255////////////
130400   3   8   80400   4  11  120325  110313   4  12  170312   1   2   6   60359   1   4   40359////////////
130500   3   7   80405   4  11  120456  110433   4  12  170443   1   2   5   60407   2   4   40407////////////
130600   3   8   80559   4  11  120518  100513   4  12  170542   1   2   6   60557   1   4   40558////////////
130700   3   9   90700   4  11  120622  110619   4  12  170643   1   2   5   60601   2   6   60700////////////
130800   5  24  240800   4  10  120711  100756   5  14  210714   3   2   7   70800   4  17  170800////////////
130900  14  50  530857   4  11  110834   90841   5  15  210814  11   3  10  110856  10  38  410857////////////
131000  25 103 1031000   4  12  390941 -150914   5  15  210944  21   4  17  171000  19  81  811000////////////
131100  47 137 1681052   4  11  121029  111003   5  15  221045  40   7  21  251052  37 107 1331052////////////
131200  56 189 2041157   4  12  121155  111103   5  15  221144  48   8  27  291157  45 152 1641157////////////
131300  74 260 2671259   4  12  121252  111247   5  15  221215  63  11  37  371259  59 207 2171259////////////
131400  56 110 2521302   4  12  121319  111353   6  15  221314  48   8  17  361302  44  85 1971301////////////
131500  28  48 1201426   4  12  121432  111436   5  15  221414  23   5  10  191426  22  36  961426////////////
131600  18  58  731555   4  12  121541  111508   5  15  221544  14   4  12  141555  14  46  571555////////////
131700  16  15  811620   4  12  121659  111621   5  14  211645  12   4   6  151620  12  10  651620////////////
131800   4   8  151707   4  12  121753  111708   5  14  211745   2   2   5   61707   2   5  101707////////////
131900   3   8   81846   4  12  121822  121806   5  14  211815   1   2   5   61803   2   5   51843////////////
132000   3   8   81903   4  12  121938  121905   5  14  201915   1   2   5   61946   2   5   51902////////////
132100   3   8   82001   4  12  122051  122005   5  13  212016   1   2   5   52057   2   4   52001////////////
132200   3   8   82130   4  13  132200  122101   4  11  172115   1   2   5   52104   2   4   52130////////////
132300   3   8   82251   4  12  132238  122251   4  11  162246   1   2   5   52230   2   5   52254////////////
132400   3   8   82301   5  13  132347  122312   4  10  162345   1   2   5   52304   2   4   52303////////////
140100   3   8   80016   5  13  130052  130001   4   9  160016   1   2   5   50017   2   5   50021////////////
140200   3   7   80101   5  14  140149  130105   3   8  150117   1   2   5   50101   1   4   50101////////////
140300   3   7   70222   5  16  160300  140208   3   8  140216   1   2   5   50249   1   3   40223////////////
140400   2   8   80358   6  16  180344  150357   2   6  110347   0   2   6   60359   1   5   50357////////////
140500   3   7   80429   5  15  160436  130410   2   7  130448   1   2   5   60437   2   3   50429////////////
140600   2   6   70516   5   6  150537   60600   2   4  100547   0   2   5   60519   1   3   40517////////////
140700   3  16  160700  -7 -42   60601 -420700   1   2   90618   1   2   7   70659   2  11  110700////////////
140800  10  51  510800  -6   4   40800 -430703   2   6  110718   7   3  11  110800   8  39  390800////////////
140900  26  93  950858   4  13  140827   40801   3  11  180848  21   5  15  150858  21  72  740858////////////
141000  42 125 1310937   5  12  140904  120937   3   9  150916  35   7  20  210937  33  98 1030937////////////
141100  47  99 1631032   4  12  131002  121043   3   8  121055  40   7  16  251032  37  78 1281032////////////
141200  59 215 2191149   4  12  121115  121137   5  15  211119  50   9  32  321149  47 173 1741149////////////
141300  78 206 2901236   4  12  121236  111256   5  15  221218  67  11  30  421237  62 163 2321236////////////
141400  81 136 2641331   4  12  121306  121316   6  15  221318  69  12  21  391331  63 108 2081328////////////
141500  40  65 1581422   4  12  121430  111419   6  15  221417  34   6  12  241422  32  47 1291422////////////
141600  13  47  581501   4  12  121504  111524   5  15  221547  10   3  10  111501  10  37  421501////////////
141700  11  20  461601   4  12  121603  111654   5  15  211648   8   3   7  101601   8  14  361601////////////
141800   4   8  191701   4  12  121717  111706   5  14  221747   2   2   5   71701   3   4  131701////////////
141900   3   7   81843   4  12  121857  121808   5  13  211818   1   2   5   51813   1   4   41842////////////
142000   3   7   81956   4  13  151948   81944   5  13  201917   1   2   5   51957   1   4   41941////////////
142100   3   7   82030   5  13  142047  112048   5  12  202017   1   2   5   52003   2   4   52031////////////
142200   3   7   72105   5  16  162200  112116   4  10  152147   1   2   6   62156   1   4   42154////////////
142300   2   7   72202-3011792  83222217922241   2   3  102248   0   2   6   62256   1   3   42201////////////
142400   3   8   80000-64517921792230117922301   0  -3   32301   1   2   6   62343   1   4   40000////////////
150100   3   8   80054-64517921792005717920001  -1  -1   20019   1   2   6   60045   1   4   40054////////////
150200   3   8   80136-64517921792010117920101   0   1   50118   1   2   6   60134   1   4   40128////////////
150300   3   8   80223-64517921792020117920201   1   7  110250   1   2   6   60257   1   3   40212////////////
150400   3   7   80327-62516891468032617920301   3   8  130349   1   2   6   70321   1   3   40328////////////
150500   2   6   70401-294-6761792044417780428   3   9  110448   0   2   6   60415   1   2   30411////////////
150600   2   7   70551-336-905-301054615660526   3   8  130520   0   2   6   60559   1   3   30551////////////
150700   3   9   90658-3851200-655062116230633   3   7  130621   1   2   6   60604   1   5   50659////////////
150800   6  29  290759-3041008-303071612600749   2   6  120752   4   2   8   80759   4  21  210759////////////
150900  20  62  770837-202-326  29084013270827   2   7  140851  16   4  11  130837  16  48  590837////////////
151000  45 254 2541000-100-365 2000949-5320923   3   9  100924  39   6  32  321000  36 201 2011000////////////
151100  88 196 3001017 -29-112 7361042-5121055   4  13  181023  76  12  27  401017  69 154 2341017////////////
151200  73 260 3051147   7 -7412891130-8891120   5  14  211122  63  10  36  431147  58 204 2371147////////////
151300  79 255 2711259  30  83 3591252-3021209   5  15  201253  68  11  35  371259  64 207 2221259////////////
151400  62 118 2401304  11  42  621301  181319   5  15  221352  53   9  18  331304  50  93 1981304////////////
151500  54 210 2111459  11  13  911425   41447   5  15  211451  46   8  31  311459  44 174 1751459////////////
151600  42  73 2101501   6  13  261549   61515   5  15  161549  35   7  13  311501  34  58 1731501////////////
151700  20  27  701618   4   7  181623   61610   5  15  211623  16   4   7  131618  15  20  551618////////////
151800   5   7  251701   4  11  131738   61749   5  14  221722   3   2   5   71701   3   4  181701////////////
151900   2   7   71801   5  14  211841   91820   5  14  161819   0   2   6   61857   1   4   41801////////////
152000   3   7   81941   6  20  211958  121901   5  14  211952   1   2   5   61938   1   4   41941////////////
152100   3   7   72005   9  28  322039  192003   5  14  152016   1   2   5   52058   1   4   42003////////////
152200   2   7   72105  12  40  412158  262103   4  11  122125   0   2   5   52148   1   3   42103////////////
152300   2   7   72243  15  25  522235  182257   4  10  112201   0   2   5   62248   1   3   42238////////////
152400   3   7   72315   1 -47  322301 -470000   3   9  102301   1   2   6   62354   1   4   42314////////////
160100   3   8   80058 -16 -35 -140049 -660007   3   9  100045   1   2   6   60032   1   4   40058////////////
160200   3   7   80144 -14 -40  -70133 -740121   3   9   90140   1   2   6   60144   1   4   40143////////////
160300   3   7   80250 -21 -49 -370208 -950237   3   9   90250   1   2   6   60234   1   4   50251////////////
160400   3   8   80344 -21  -2  -20400-1280339   3   9   90352   1   2   6   60354   1   4   50344////////////
160500   3   7   80437  14  55  570458   30401   3  10  100434   1   2   6   60445   2   4   50437////////////
160600   3   7   80514  13  21  550505  210558   3  10  100541   1   2   6   60514   2   4   40515////////////
160700   3  16  160700   6  16  220603  150629   3  10  100700   1   2   6   60700   2  11  110700////////////
160800  15  78  780800   6  14  160736  140755   4  11  130727  12   3  13  130800  12  61  610800////////////
160900  42 160 1600900   5  13  140802  130852   4  11  130802  35   7  24  240854  34 128 1280900////////////
161000  61 274 2741000   4  13  140929   20952   5  14  140908  52   9  39  391000  49 216 2161000////////////
161100  91 310 3731051   4  12  131003  121045   5  14  141041  78  13  41  541051  71 239 2621058////////////
161200 107 402 4391143   4  12  131132  121144   5  14  141129  92  15  54  621143  83 306 3111106////////////
161300  83 213 3721201   4  12  131250  121240   5  14  141203  72  11  30  511201  66 171 2721201////////////
161400  76 136 3401321   4  12  131305  121355   5  14  151309  65  11  20  481315  60 106 2661314////////////
161500  70 124 2841424   4  12  131406  121427   5  14  151411  60  10  19  421426  56  98 2321423////////////
161600  28  35 1611530   4  12  121558  121537   4   9  141503  23   5   8  241530  22  28 1321530////////////
161700  10  20  421605   5  12  131630  121607   3   9   91613   7   3   7   91603   7  14  331605////////////
161800   5   7  191707   4  13  131703  121719   4  14  141749   3   2   5   71701   3   4  141707////////////
161900   2   6   81815   4  14  141900  121821   5  13  141842   0   2   5   51816   1   3   41813////////////
162000   2   8   82000   5  14  151947  131911   4  13  131908   0   2   6   62000   1   5   51957////////////
162100   3   7   82002   5  13  142023  122016   5  12  142032   1   2   5   62001   1   3   52002////////////
162200   3   7   82138   5  14  152158  122104   4  11  122146   1   2   6   62132   1   4   42138////////////
162300   3   7   82225   5  14  152209  132252   4  13  162233   1   2   6   62222   2   4   52221////////////
162400   3   7   82315   5  13  152307  132358   5  13  162326   1   2   6   62303   1   4   42316////////////
170100   3   7   70002   5  13  130046  120031   5  13  160032   1   2   5   60001   1   4   40001////////////
170200   3   7   70116   5  12  140151  120159   5  11  140115   1   2   5   50117   1   4   40130////////////
170300   3   7   70237   5  14  150251  120201   5  13  140233   1   2   5   50234   1   4   40235////////////
170400   3   7   70346   5  14  150306  140318   5  13  160315   1   2   5   60348   1   4   40345////////////
170500   2   6   70401   6  20  200500  140404   5  13  150443   0   2   5   50401   1   2   40401////////////
170600   2   7   70600   6  -6  230526  -70556   5  14  150557   0   2   6   60600   1   4   40558////////////
170700   4  31  310659  -7 -16  -80601 -260622   5  14  150621   2   2   9   90659   3  23  240659////////////
170800  24  77 1350743   4  17  230744 -170701   7  20  210758  19   5  14  220743  18  54 1060742////////////
170900  79 317 3200856   5  12  170805  120850   8  23  230855  67  12  46  470856  44 169 1690900////////////
171000 117 430 4301000   4  12  120905  120909   8  28  281000 101  16  61  611000  65 217 2171000////////////
171100 185 570 5781055   4  12  121059  121009   9  24  281003 159  26  80  811054  79 227 2271049////////////
171200 216 460 6431141   4  12  121157  121149   8  22  251149 186  30  62  901141  86 239 2571157////////////
171300 164 490 6321214   4  12  131229  121209   7  16  251225 142  22  68  881233  88 253 2771232////////////
171400 137 204 5951305   4  12  121336  121341   6  18  211343 118  19  27  861305  76 159 2631305////////////
171500  91 294 4071422   4  12  121402  121412   6  18  211453  78  13  42  611422  66 215 2391420////////////
171600  45  32 3131501   5  15  211556  121553   5  15  191503  38   7   8  461502  31  23 2121501////////////
171700  15  21  571614   5  12  161606  121603   5  14  151659  12   3   7  121619  11  15  451614////////////
171800   4   8  211701   4  12  131741  121711   5  14  151702   2   2   5   71701   3   4  151701////////////
171900   2   6   81801-1381792  72182717921859   4   7  151802   0   2   6   61900   1   1   41801////////////
172000   2   7   72000-63016441417195517921901   1  -4   81909   0   2   6   61902   1   4   41958////////////
172100   3   7   82027-64517921792202217922001  -1  -4   02019   1   2   6   72032   1   4   42027////////////
172200   3   8   82159-64517921792210117922101  -1  -3  -12146   1   2   6   62142   2   5   52145////////////
172300   3   8   82204-63417921792223017922201  -1  -1  -12300   1   2   6   62206   2   4   52205////////////
172400   3   8   82331-62814991285235917922301  -1  -3  -12302   1   2   6   62339   2   4   52331////////////
180100   3   7   80013-63016341435000617920004  -1  -2  -20056   1   2   6   60021   1   4   50013////////////
180200   3   8   80122-63417921499013317920103   0   1   20153   1   2   6   60125   1   4   50122////////////
180300   3   8   80259-63417921776024217920201   1   5   50254   1   2   6   60256   2   5   50300////////////
180400   3   8   80304-62413591359040017920301   2   7   70345   1   2   6   60316   2   5   50301////////////
180500   3   8   80403-4331105-672045215460406   2   6   70433   1   2   6   60415   2   5   50402////////////
180600   3   8   80501-4391541   4051017900548   2   8  100553   1   2   6   60531   2   4   50501////////////
180700   3  15  150700-3801577-275062917360649   3  11  120653   1   2   7   70700   2  10  100700////////////
180800  10  46  480745-60217871134075317920702   3   5  130701   7   3  10  100745   7  35  350745////////////
180900  20  69  750856-57912561242082817920801   3   9  120857  16   4  12  130856  16  54  580856////////////
181000  31 129 1400958-534-557-557100017920906   3   8  110909  26   5  19  210958  24 102 1100958////////////
181100  62 267 2681058-116-860 610102911051008   3  13  131041  53   9  37  371058  50 210 2151057////////////
181200  89 298 3411151-242-638-3811114-9911108   5  13  141119  77  12  40  471151  70 239 2591150////////////
181300  93 183 3481230 -85  60  661259-6491203   5  16  171253  80  13  24  471230  73 145 2651228////////////
181400  82 206 2601329   7  21  591302  101328   5  13  161301  71  11  28  361329  66 157 2111311////////////
181500  34  70 2251405   5  13  281404  101440   4  12  131401  29   5  12  311405  26  55 1761405////////////
181600  26  35 1021523   7  32  891553  -21549   4  14  161503  21   5   8  171523  21  26  821523////////////
181700  10  23  341601-3961792  15160117921649   4  12  141609   7   3   7   81601   7  16  251601////////////
181800   5   7  231701-4541204-815174317921701   4  13  131747   3   2   6   71701   3   4  161701////////////
181900   2   6   71801-218-455-455190011211801   4  12  131810   0   2   5   61801   1   2   41801////////////
182000   2   5   61932 -57 -57  -21934-4521901   4  10  121905   0   2   5   61931   1   2   41931////////////
182100   2   6   62057 -40-137 -532003-1442053   3   8  102002   0   2   6   62057   1   3   32057////////////
182200   2   6   62120 -58-156-1392101-1852128   2   5   62114   0   2   5   62120   1   2   32120////////////
182300   2   6   72253-128-615-1602201-6152300   1   2   52212   0   2   6   72253   1   3   32254////////////
182400   2   6   62302-231-587-5782359-6992312   0  -2   22316   0   2   6   62315   1   3   42314////////////
190100   2   6   60005-238-624-6170058-7010038   0  -2   00011   0   2   5   60009   1   2   30006////////////
190200   2   6   60116-3411379-630010113790200  -1  -3  -20144   0   2   5   60115   1   2   30116////////////
190300   2   6   70244-62917921416020117920220  -1   0   00300   0   2   5   60232   1   3   40243////////////
190400   2   5   60301-64517921792030117920301   0  -1   10312   0   2   5   60324   1   4   40359////////////
190500   2   5   70410-57410011001050017920401   0   0   00458   0   2   5   60440   1   2   30401////////////
190600   2   5   60544-259-535-5300559-9890508   0  -3   00535   0   2   6   60555   1   2   30544////////////
190700   4  28  280700-197-437-4370700-6270612   0   0   00645   2   2   9   90700   2  19  190700////////////
190800  23 104 1040800-5491792-434070217920718   0   0   10710  18   5  16  160800  17  81  810800////////////
190900  50 177 1770900-64517921792080117920801   2   8   80900  43   7  25  250900  40 137 1370900////////////
191000 127 495 4951000-250  -3   5095117920901   4  16  180955 109  18  69  691000  78 247 2600930////////////
191100 163 650 6501100   5  13  151052   41004   5  11  181016 141  22  91  911100  96 303 3031100////////////
191200 212 490 7371135   5  13  151122  121159   5  16  161121 184  28  63 1001135 101 267 3051101////////////
191300 123 315 7191204   5  13  131250  121215   4   9  161224 106  17  44 1011210  71 227 2971214////////////
191400  65 107 4161304   5  14  141358  121311   4   9  121316  56   9  17  581304  50  83 2911304////////////
191500  40  49 1891415   5  14  141403  131421   3   9  101440  34   6  10  281415  32  38 1551416////////////
191600  18  66  681558   5  14  141550  131505   3   8   91505  14   4  12  131558  14  50  521557////////////
191700  15  31  661607   5  14  141608  131628   3   8   91624  12   3   8  131607  11  23  501607////////////
191800   5   8  311703   5  15  151756  141711   3   8   91701   3   2   5   81703   3   4  231701////////////
191900   3   8   81846   5  15  161857  141808   3   8   81803   1   2   5   61829   2   5   51846////////////
192000   3   8   81902   5  15  161918  141926   3   8   81939   1   2   5   51902   2   4   51902////////////
192100   3   8   82050   5  16  162029  152006   3  10  122051   1   2   5   52002   2   4   42052////////////
192200   3   8   82115   7  23  232152  152109   3   6   92117   1   2   5   52113   2   4   52116////////////
192300   3   8   82231   9  28  282300  232211   2   6   62258   1   2   5   52258   2   4   42231////////////
192400   3   8   82310  10  26  302315  260000   2   4   92309   1   2   5   52348   2   5   52310////////////
200100   3   8   80027   9  24  270013  240038   2   5   60055   1   2   5   50002   2   5   50022////////////
200200   3   8   80101   9  26  270150  240110   2   5   60108   1   2   5   50103   2   4   50103////////////
200300   3   8   80211  10  27  280256  260240   3   6  180221   1   2   5   50300   2   4   40208////////////
200400   3   8   80309  10  26  280303  260358   2   6   70329   1   2   6   60400   2   5   50316////////////
200500   3   8   80404   9  25  270410  240436   2   6   70425   1   2   5   60410   2   4   50420////////////
200600   3   8   80508   9  24  260525  230556   4  10  140555   1   2   6   60553   2   4   50553////////////
200700   3  18  180700   8  22  240603  220642   4  14  140700   1   2   7   70700   2  12  120700////////////
200800  16  66  700757   7  18  220704  170759   4  10  150706  12   4  13  130757  12  51  550757////////////
200900  39 151 1510900   6  15  180803  150857   3   9  120826  33   6  23  230900  31 119 1190859////////////
201000  93 315 3210949   5  13  150904  130958   4  14  141000  80  13  43  440949  72 249 2491000////////////
201100 103 334 3341100   5  12  131002  121100   5  13  161045  89  14  45  451100  81 264 2641100////////////
201200 110 273 3451101   4  12  121121  121150   5  15  171132  95  15  36  461101  87 219 2711129////////////
201300  94 232 3281216   4  12  121230  121214   5  17  171211  82  12  31  431216  75 184 2661216////////////
201400  98 292 3181358   4  12  121303  121356   5  14  161317  85  13  40  431358  78 235 2531358////////////
201500  65 161 2771401   4  12  121416  121447   5  13  161407  56   9  23  381401  52 131 2241401////////////
201600  49 100 1721529   4  12  121545  121551   4   9  161504  42   7  16  251528  39  79 1381502////////////
201700  26  37 1031618   4  12  121655  121608   3   9  101654  21   5   8  171618  20  27  821618////////////
201800   5   8  361701   4  13  131750  121701   3   9  211724   3   2   5   81701   4   4  261701////////////
201900   3   8   81839   5  13  131851  121803   3   7  101806   1   2   5   51828   1   4   41832////////////
202000   3   7   81914   5  13  131952  131904   5  13  161940   1   2   5   51942   1   4   41916////////////
202100   2   7   72054   5  17  192050  132009   6  17  182054   0   2   6   62100   1   4   42054////////////
202200   3   7   82121   6  17  192110  152135   5   7  152112   1   2   5   62121   1   3   52121////////////
202300   2   7   72244   7  18  192234  162205   3  17  172300   0   2   5   62240   1   3   42244////////////
202400   2   6   72333   3  -5  182302  -50000   7  19  192343   0   2   5   62326   1   3   42334////////////
210100   3   8   80056 -23 -96  -60001 -960100   7  19  200023   1   2   6   60057   1   5   50055////////////
210200   3   8   80156 -32 -78 -770143-1440148   5   8  180104   1   2   6   60128   2   5   50116////////////
210300   3   8   80232 -11  -5   70251 -830206   2   6   80255   1   2   6   60237   2   4   50230////////////
210400   3   8   80351  -2 -19   60312 -200359   2   7   70353   1   2   6   60357   2   4   50351////////////
210500   3   8   80459 -11 -51 -160418 -520458   2   6   70423   1   2   6   60458   1   5   50500////////////
210600   3   8   80515 -13 -32 -240525 -540506   2   4  150515   1   2   6   60505   2   5   50517////////////
210700   3  12  120700  -7   6   60700 -440612   2   5   50621   1   2   6   60700   2   8   80700////////////
210800   7  39  390800   2  16  160759  -20705   2   6   70704   4   3   9   90800   5  30  300800////////////
210900  22  84  840900   6  15  210816  140859   3  12  120857  18   4  14  140900  17  66  660859////////////
211000  41 181 1811000   5  13  150903  130956   3   8  120910  35   6  26  261000  32 146 1461000////////////
211100  90 313 3131100   4  12  131007  121059   4  15  151024  77  13  43  431100  72 248 2481100////////////
211200 123 370 3921144   4  12  121101  121131   5  11  151108 106  17  49  531140  97 290 3041140////////////
211300  94 162 3661201   4  12  121214  121258   4  10  121228  82  12  22  491201  75 130 2881201////////////
211400  43 101 1671305   4  12  121314  121355   4  11  161359  37   6  16  231305  34  77 1341304////////////
211500  44  95 1851428   4  12  121452  121457   6  16  171437  37   7  15  271429  35  75 1481429////////////
211600  49  53 2041525   4  12  121541  121546   5  16  161504  41   8   9  311525  39  40 1641526////////////
211700  20  52  911648   4  12  121622  121636   5  15  151609  16   4  10  161648  15  40  711648////////////
211800   9   8  541705   4  12  121733  121748   5  15  151745   7   2   5  111705   6   4  401705////////////
211900   3   7   81801   4  12  121850  121807   5  13  161816   1   2   5   51813   1   4   41801////////////
212000   3   8   81938   5  13  131919  121905   5   8  161952   1   2   5   61929   1   4   51929////////////
212100   3   8   82046   5  13  132100  132020   5  16  162031   1   2   5   52001   2   4   42045////////////
212200   3   8   82134   5  14  142125  132106   5  14  142125   1   2   5   52144   2   4   52137////////////
212300   3   8   82246   5  16  162253  132202   5  15  162254   1   2   5   52249   1   4   52246////////////
212400   3   8   82336   7  21  212358  162309   3   7  162306   1   2   5   62338   2   4   52336////////////
220100   3   8   80059   8  19  240003  190059   2   7   70035   1   2   5   60055   2   5   50100////////////
220200   3   8   80152   7  17  210119  170200   2   7   70147   1   2   6   60131   2   5   50200////////////
220300   3   8   90212   6  17  190252  170259   2   6   70246   1   2   6   60216   2   5   50211////////////
220400   3   8   80301   6  19  190349  160311   2   7   70338   1   2   5   60305   2   4   50301////////////
220500   3   8   80454   6  17  200410  160454   2   6   70448   1   2   6   60500   2   5   50434////////////
220600   3   8   80501   6  17  170539  160515   2   7   70533   1   2   5   60502   2   4   50502////////////
220700   4  22  220700   6  17  180629  170609   2   7   70700   2   2   7   70700   2  15  150700////////////
220800  16  66  660800   6  17  180710  160757   3   8   80701  13   3  12  120800  12  52  520800////////////
220900  44 177 1820859   5  14  160809  140900   3   9   90841  37   7  27  280858  35 141 1440859////////////
221000  83 293 2930959   5  12  130901  120957   3   9  110938  71  12  42  421000  65 226 2260959////////////
221100 126 480 5361055   4  12  121010  121041   4  12  141056 108  18  68  761055  87 280 2871055////////////
221200 161 316 5691128   4  12  131138  121105   5  10  151126 139  22  43  801129  98 250 3061137////////////
221300 119 231 5021236   4  12  131245  121227   4  13  151249 102  17  31  731236  83 179 2781230////////////
221400  93 288 3051354   4  12  131341  121350   4  10  131302  80  13  41  441354  73 225 2371358////////////
221500  86 198 2771401   4  13  131406  121437   4  10  121423  74  12  29  391401  67 154 2191415////////////
221600  55 157 2491507   4  12  131529  121530   3   9  121522  47   8  25  381507  43 123 1791508////////////
221700  33  28 1681608   4  12  121612  121628   3   9  101628  27   6   7  261608  26  21 1331608////////////
221800   5   8  291702   4  12  121734  121702   3   8   91701   3   2   5   71702   4   4  211702////////////
221900   3   8   81801   4  13  131839  121849   3   8   91827   1   2   6   61900   1   4   41851////////////
222000   3   7   81902   4  12  131940  121939   3   8   81955   1   2   5   61901   1   4   41908////////////
222100   3   8   82020   5  13  132059  122048   4  15  162020   1   2   5   62019   2   4   52027////////////
222200   3   8   82126   5  12  132150  122108   5  13  132145   1   2   5   52125   2   4   52124////////////
222300   3   8   82226   5  13  132258  122206   5  13  132252   1   2   5   52227   1   4   52226////////////
222400   3   8   82357   5  15  152359  132302   5  15  152359   1   2   5   52307   1   4   42350////////////
230100   3   8   80048   6  16  170023  150003   6  16  160058   1   2   5   60031   2   4   50048////////////
230200   3   8   80137   6  15  180118  150148   5   7  170126   1   2   5   60150   2   4   50137////////////
230300   3   8   80219   5  15  160210  150258   2   7   70300   1   2   5   60221   2   4   50217////////////
230400   3   8   80321   5  16  160359  150324   2   7   70359   1   2   5   50339   2   4   50316////////////
230500   3   8   80459   6  15  170450  150500   2   6   70401   1   2   6   60500   2   5   50500////////////
230600   3   8   80501   6  15  180536  150559   2   7   70524   1   2   6   60553   2   5   50501////////////
230700   3  14  140700   5  15  150659  140632   2   7   70700   1   2   6   60700   2   9   90700////////////
230800   9  36  360800   6  15  170726  150758   3   8   80701   6   3   9   90800   6  28  280800////////////
230900  19  76  760900   5  14  150802  140900   3   8   80848  15   4  14  140900  14  59  590900////////////
231000  42 137 1520955   5  13  140902  120956   3   9  100956  35   7  21  230953  33 111 1220955////////////
231100  47 143 1491029   5  12  131006  121026   3   8  101048  40   7  21  221029  38 114 1201029////////////
231200  50 144 1491103   4  12  131110  121159   3   8  101149  43   7  21  221103  40 115 1191103////////////
231300  54 157 1621248   4  12  131204  121235   3   9  101215  46   8  23  241208  43 126 1301248////////////
231400  50 132 1631312   4  12  121308  121353   3   9  101326  43   7  19  241313  40 105 1311312////////////
231500  39  85 1351405   4  12  121453  121423   3   9  101410  33   6  14  201405  31  66 1081406////////////
231600  29  59  951513   4  12  121519  121552   3   9   91600  24   5  11  161513  23  45  761513////////////
231700  13  14  661604   4  12  121658  121615   3   9  101601  10   3   6  121604  10   9  521604////////////
231800   3   8  121701   4  13  131734  121701   3   8   91706   1   2   5   51719   2   4   81701////////////
231900   3   8   81839   5  13  131858  121802   3   8   91809   1   2   5   51845   2   4   51838////////////
232000   3   8   81946   5  13  132000  131904   3   8   81903   1   2   5   51945   2   4   42000////////////
232100   3   8   82005   5  14  142059  132004   6  17  182053   1   2   5   52036   2   4   42001////////////
232200   3   8   82128   5  14  142157  142105   5  15  152156   1   2   5   62128   2   4   52126////////////
232300   3   8   82300   6  17  182251  142201   6  17  172257   1   2   5   52259   1   4   42300////////////
232400   3   8   82332   6  17  182343  162316   6  18  192357   1   2   6   60000   2   4   42332////////////
240100   3   8   80030   6  16  170004  160056   7  20  200059   1   2   5   60031   2   4   50028////////////
240200   3   8   80152   5  14  170101  110146   7  21  220145   1   2   6   60153   2   5   50152////////////
240300   3   8   80224   5   9  160242   90300   7  21  210300   1   2   5   60224   2   4   50222////////////
240400   3   8   80320   5  16  170346   40308   7  20  220310   1   2   5   60323   2   4   50323////////////
240500   3   8   80457   5   7  160402   70450   8  22  220448   1   2   6   60458   2   4   50457////////////
240600   3   8   80517   3  -7  120525  -80559   8  23  230558   1   2   5   60519   2   5   50529////////////
240700   4  19  190700  -1  11  110700 -170611   8  23  240629   2   2   7   70700   2  13  130700////////////
240800  12  53  530800   5  18  180800  110701  10  25  280730   9   3  11  110800   9  41  410800////////////
240900  23  75  750900   6  15  180808  150900   8  20  250801  19   4  13  130900  18  59  590900////////////
241000  43 158 1670947   5  13  150903  130955   6  17  200903  36   7  24  250947  35 126 1330947////////////
241100  82 318 3221059   5  12  131003  121057   6  16  171004  70  12  45  451059  65 250 2541058////////////
241200 131 367 3951153   4  12  131151  121126   5  16  161108 113  18  50  551153 102 289 3031144////////////
241300 163 573 5871258   5  13  131259  121215   6  16  181250 140  23  79  821244 105 287 3231210////////////
241400 183 493 5871317   5  13  131350  131307   5  13  191304 158  25  69  811317  98 246 2901333////////////
241500 136 276 4981422   5  13  131426  131417   4  16  161456 117  19  39  701422  86 210 2941423////////////
241600  93 196 3151503   5  13  131557  121544   5  16  161551  79  14  28  461503  60 122 2221505////////////
241700  39  65 1941601   5  13  131604  121655   6  16  161626  33   6  12  281601  26  46 1211601////////////
241800  12   6  721706   4  12  131701  121725   6  15  161701   9   3   5  141707   8   2  521707////////////
241900   2   5   61801   5  13  131851  121818   6  15  161858   0   2   5   51900   0   2   21810////////////
242000   2   6   61940   5  13  131928  131942   6  16  162000   0   2   6   71939   1   2   31934////////////
242100   2   6   62002   6  20  202100  132002   6  20  212059   0   2   5   62001   0   2   22001////////////
242200   3   6   82126   6  17  222105  152146   6  16  182106   1   2   5   82124   1   2   52124////////////
242300   2   5   72211   6   4  192237   42300   6  14  212250   0   2   5   62213   1   1   32211////////////
242400   2   7   70000 -21 -85   22301-1032351   8  22  252343   0   2   7   70000   1   4   40000////////////
250100   3   8   90041   2  16  160051 -760001   7  19  220001   1   2   5   80006   2   4   50037////////////
250200   2   5   80102   5  -4  170128  -40200   8  24  240200   0   2   5   50101   1   2   50107////////////
250300   2   6   60257 -16 -96  -40201-1000251   9  26  280246   0   2   5   50252   1   2   30249////////////
250400   2   6   60400 -29 -55 -490346-1080310   9  25  280318   0   2   5   50344   1   3   30400////////////
250500   2   6   70409 -17-120   50436-1200500   8  20  260403   0   2   5   60444   1   3   30409////////////
250600   2   7   70554 -26 -58  660547-1640508   7  15  210502   0   2   5   60555   1   3   40554////////////
250700   5  40  400700   4 -11 1590646 -670611   6  14  170642   3   2  10  100700   3  28  280700////////////
250800  35 169 1690800  16 272 2720800 -530704   6  21  210800  29   6  26  260800  22  94  940800////////////
250900  92 319 3350852  39  13 4950809  130859   8  16  290809  78  14  46  490852  45 144 1500852////////////
251000 143 496 4961000   5  13  130957  120906   6  16  160939 123  20  70  701000  59 186 1861000////////////
251100 178 511 5971045   5  13  131029  131054   6  16  171059 153  25  72  851045  68 185 2291026////////////
251200 217 642 6421200   5  13  131156  131107   6  17  181152 187  30  88  881159  74 208 2091157////////////
251300 223 598 6571208   5  13  131244  131202   6  16  181225 192  31  83  901208  74 209 2101232////////////
251400 203 541 6201336   5  13  141309  131331   6  20  201355 175  28  76  871336  72 191 2141321////////////
251500 167 413 5351401   5  13  141410  131450   6  10  201438 143  24  60  761401  64 158 1901401////////////
251600  96 142 4111501   5  13  131514  131538   5  16  181505  82  14  20  591501  44  89 1581501////////////
251700  40  61 1621603   5  13  131609  131656   6  16  171635  34   6  11  241603  28  45  951603////////////
251800   9   3  601701   4  12  131707  121800   6  16  161716   7   2   2  111701   6  -2  441701////////////
251900   2   5   61829   4  12  131841  121829   6  15  161831   0   2   5   71829   1   2   31821////////////
252000   2   5   51901   4  12  131955  121930   6  16  161954   1   1   4   51901   0   1   21903////////////
252100   2   7   72057   5  14  142058  122010   6  17  172059   0   2   5   52100   1   3   32100////////////
252200   2   6   72118   5  17  172157  142103   5  16  162200   0   2   5   62116   1   3   42116////////////
252300   2   7   72203   7  22  232259  162201   6  20  202300   0   2   5   52208   1   3   32202////////////
252400////////////////////////////////////////////////////////////////////////////////////////////////////////
260100////////////////////////////////////////////////////////////////////////////////////////////////////////
260200////////////////////////////////////////////////////////////////////////////////////////////////////////
260300////////////////////////////////////////////////////////////////////////////////////////////////////////
260400////////////////////////////////////////////////////////////////////////////////////////////////////////
260500////////////////////////////////////////////////////////////////////////////////////////////////////////
260600////////////////////////////////////////////////////////////////////////////////////////////////////////
260700////////////////////////////////////////////////////////////////////////////////////////////////////////
260800////////////////////////////////////////////////////////////////////////////////////////////////////////
260900////////////////////////////////////////////////////////////////////////////////////////////////////////
261000////////////////////////////////////////////////////////////////////////////////////////////////////////
261100////////////////////////////////////////////////////////////////////////////////////////////////////////
261200////////////////////////////////////////////////////////////////////////////////////////////////////////
261300////////////////////////////////////////////////////////////////////////////////////////////////////////
261400////////////////////////////////////////////////////////////////////////////////////////////////////////
261500////////////////////////////////////////////////////////////////////////////////////////////////////////
261600////////////////////////////////////////////////////////////////////////////////////////////////////////
261700////////////////////////////////////////////////////////////////////////////////////////////////////////
261800////////////////////////////////////////////////////////////////////////////////////////////////////////
261900////////////////////////////////////////////////////////////////////////////////////////////////////////
262000////////////////////////////////////////////////////////////////////////////////////////////////////////
262100////////////////////////////////////////////////////////////////////////////////////////////////////////
262200////////////////////////////////////////////////////////////////////////////////////////////////////////
262300////////////////////////////////////////////////////////////////////////////////////////////////////////
262400   2   7   72355  24 123 1732344   82318   0  -2   82320   0   2   6   60000   1   4   40000////////////
270100   2   7   70006  81 295 3000059 1080007  -1  -3   00035   0   2   6   60006   1   3   40005////////////
270200   2   7   70132 107 408 4090158 2110132  -1  -3  -10149   0   2   5   60138   1   3   40138////////////
270300   2   7   70257 140 342 4240205 3420300   4   7  200243   0   2   6   60257   1   4   50256////////////
270400   2   7   70308  96 121 3650335 1210400   4  10  160339   0   2   5   60301   1   3   40308////////////
270500   2   7   70455 155 536 6100456 1460401   4  10  110421   0   2   5   50422   1   3   40413////////////
270600   3   7   70532 179 371 5760530 3710600   5  14  190520   1   2   5   60532   1   3   40531////////////
270700   5  26  260700 186 535 6260624 3330612   5  16  200650   3   2   8   80659   3  20  200700////////////
270800  21 106 1060800 171 354 5850702 3480753   6  18  250750  17   4  18  180800  16  79  790800////////////
270900  56 186 1860857 100 124 3560806 1190859   5   9  220823  47   9  30  300900  41 133 1340836////////////
271000  84 259 2610940  19  13 1460918  130959   4  17  170950  71  13  40  420940  59 180 1820939////////////
271100 107 344 3681058   5  13  131003  131037   6  17  221019  90  17  52  561058  73 238 2481058////////////
271200 139 402 4111152   5  13  131140  131132   6  16  241117 118  21  60  611152  92 262 2641152////////////
271300 148 387 4241236   5  13  131223  131222   6  16  241216 126  22  57  631221  95 251 2721221////////////
271400 135 350 3961304   5  13  131311  131303   6  16  241313 115  20  52  591304  88 227 2551303////////////
271500 109 256 3501405   5  13  131416  131454   6  16  241412  93  16  39  531406  72 173 2271403////////////
271600  74 147 2551501   5  13  131523  131543   6  17  241510  63  11  23  391501  51 104 1721501////////////
271700  34  50 1451601   5  13  131619  131644   6  16  241609  28   6  10  221601  25  37 1031601////////////
271800   8   7  481701   5  13  131705  121753   6  16  241708   6   2   5   91701   5   4  351701////////////
271900   2   5   71808   5  13  131856  131834   6  17  241807   0   2   3   51833   1   0   41808////////////
272000   2   6   71917   5  16  162000  131903   6  21  251935   1   1   4   51923   1   2   31916////////////
272100   2   8   82100   4   4  162014   12057   8  24  302034   0   2   6   62100   1   5   52100////////////
272200   3   8  102131   3  17  172157  -82116   7  19  252133   1   2   5   72130   2   4   72129////////////
272300   3   8   92253   6  14  172221  142259   7  19  252234   1   2   5   52201   2   4   52253////////////
272400   3   8   92338   5  12  152312  112337   7  19  252333   1   2   5   52339   2   5   52337////////////
280100   3   8   90026   5  14  170037  120002   7  18  220004   1   2   5   60025   2   4   60023////////////
280200   2   5   80106   4  -3  160129  -30200   7  24  240101   0   2   4   60117   1   1   50106////////////
280300   2   6   60242  -9 -25   20237 -500229   8  24  290259   0   2   5   50258   1   2   30242////////////
280400   2   7   70330   8  50  500400 -230301   9  28  300301   0   2   5   50353   1   3   30351////////////
280500   2   7   70449  26  76  820455  500402   7  18  260431   0   2   5   60442   1   3   40449////////////
280600   2   7   70513  31 103 1040558  710530   6  16  210530   0   2   5   60513   1   3   40513////////////
280700   5  34  340700  36 107 1070700  940652   6  16  220630   3   2   9   90700   3  24  240700////////////
280800  28 128 1280800  54 212 2200749 1090705   7  24  250701  23   5  21  210800  20  89  890800////////////
280900  73 300 3200856  55  17 2560827  170859   8  22  300859  62  11  47  490856  50 204 2130856////////////
281000  97 376 3760959   5  13  170901  130952   6  21  260901  82  15  57  571000  62 219 2191000////////////
281100 152 427 4401017   5  13  131042  131045   6  17  241056 129  23  63  651018  86 233 2481016////////////
281200 177 513 5531151   5  13  131103  131122   6  15  251155 151  26  74  791151  93 270 2801151////////////
281300 181 438 5741222   5  13  131247  131213   6  17  251254 155  26  65  821222  98 264 2821223////////////
281400 155 404 4581340   5  13  131301  131351   6  17  251351 132  23  60  671341  93 245 2671329////////////
281500 121 287 4091403   5  13  131408  131450   6  11  251449 103  18  43  611403  78 191 2461403////////////
281600  68 125 2861501   5  13  131508  131537   4  10  111532  58  10  20  431502  48  96 1901501////////////
281700  29  42 1241601   5  13  131616  131635   4  10  101627  24   5   9  201601  22  31  951601////////////
281800   6   6  401701   5  13  131717  131755   3  10  101800   4   2   3   91701   4   2  301701////////////
281900   2   7   71900   5  13  131849  131812   3   9  101801   1   1   5   51900   1   3   31900////////////
282000   3   7   81929   5  13  131920  131902   4  16  171954   1   2   4   71929   1   2   51929////////////
282100   3   7   82049   5  14  142059  132001   6  18  242013   1   2   5   52048   1   3   42049////////////
282200   2   6   72144   5  16  162150  142102   6  17  212112   0   2   5   52133   1   2   32145////////////
282300   2   7   72216   5   6  162207   62300   7  19  252241   0   2   5   52217   1   3   32218////////////
282400   3   7   82332   3  16  160000  -52325   6  17  222340   1   2   6   82336   1   3   62334////////////
