58265 2010   041213603204    1    1    1    1    1    1   60---------------------------------------------V3.00
010100   3   8   80014-371-916-844001716460007  -1   0   10005   1   2   6   60013   2   5   50056////////////
010200   3   8   80112-299-871-6510106-9760157 -23-151  -10114   1   2   6   60141   2   5   50113////////////
010300   3   8   80205-293-770-502021410560247 -39 -73 -720254   1   2   6   60256   2   5   50250////////////
010400   3   8   80400-315-864-684030410310324 -24 -56 -540328   1   2   6   60328   2   5   50359////////////
010500   3   8   80411-364-958-598045311460402 -11 -14  -80451   1   2   6   60455   2   5   50409////////////
010600   3  14  140600-357-540-540060012070538  -3  -1   10558   1   2   7   70600   2   9   90600////////////
010700  12  58  580700-353-999-618060115370640   3  10  660640   9   3  12  120700   9  46  460700////////////
010800  34 161 1610800-300-808-503073012050703   2   5  120701  28   6  26  260800  27 130 1300800////////////
010900 103 490 4920854-3771133-787080213180858   6  19  200830  87  16  73  740854  82 389 3950854////////////
011000 131 326 5550903-220 -38 203092917920904   7  19  270925 112  19  47  830903 107 278 4450903////////////
011100 105 325 3411009  12  34  781003 -361001   7  18  241023  90  15  46  491009  89 279 2881009////////////
011200 106 256 3731117   5  13  231101  131158   6  16  181110  91  15  38  531117  87 210 3081105////////////
011300  88 171 2951208   5  14  151253  131235   6  16  181219  75  13  25  431208  72 143 2411208////////////
011400  51 100 1681301  -1  10  151353-4441357   6  18  201352  43   8  16  241301  41  76 1401301////////////
011500  31  80 1031404 -39-457 1201405-6741456  13  70  701500  26   5  14  161404  23  59  791404////////////
011600  28  70  931523-231-447-4461558-9741516  17  23  981514  23   5  13  151522  21  52  701523////////////
011700  17  34  701604-169-376-3761700-6451634  16  55  781646  13   4   9  141603  12  24  531605////////////
011800   6  10  341701-247-761-335172210251736  24  65  781726   3   3   7   91701   4   4  231701////////////
011900   3   7   91801-263-841-5041819-9341831  25  79  791900   1   2   6   71802   1   2   41801////////////
012000   3   8   81940-348-924-786191812161922  20-100 1051932   1   2   7   71941   1   4   41937////////////
012100   3   8   82100-291-844-7162058-9202001  -5  -3   72037   1   2   6   72002   1   4   42100////////////
012200   3   8   82110-235-540-5402200-7722101   1   7   72159   1   2   6   62107   1   4   42111////////////
012300   3   8   82232-208-637-4942206-6372300   2   3   72201   1   2   6   62300   2   4   42225////////////
012400   3   8   82327-201-466-4622355-6402301   0   3   32301   1   2   6   62350   2   4   42322////////////
020100   3   8   80003-180-502-4420012-5600042   0   0   20001   1   2   6   60057   1   4   40030////////////
020200   3   8   80106-165-482-4180123-5550148  -1  26  280159   1   2   6   60101   1   4   40110////////////
020300   3   8   80234-164-454-3490237-7010209  10  32  410250   1   2   6   60238   2   4   50235////////////
020400   3   8   80358-141-274-2740400-5700342  12   3  710313   1   2   6   60355   2   4   50346////////////
020500   3   8   80436 -85-231-2140418-2960457   3  20  250446   1   2   6   60401   2   5   50500////////////
020600   3  14  140600 -84-262-1900514-3130505  11  35  380557   1   2   6   60600   2   9   90600////////////
020700  10  34  390624 -94-247-1660622-6090642  15  54  540700   7   3   9  100624   8  26  310625////////////
020800  28  93 1680752 -91-299-2160704-3170751  23  62  710755  23   5  17  260752  22  74 1390753////////////
020900  45 101 1730844-144-515-2620806-6690822  27 104 1040900  38   7  17  270844  37  81 1400844////////////
021000  60 242 2600956-206-854-4560913-8770958  27  38 1060901  50  10  36  390955  49 199 2100956////////////
021100  92 233 3401047-263-650-6501100-8571045   8  25  411001  79  13  33  481047  76 193 2801048////////////
021200  71 202 2191101-145-584-2641118-6661101   9  22  281145  61  10  30  321141  59 167 1811140////////////
021300  78 171 2671245-151-394-3101245-6531205   8  21  301216  67  11  25  381245  65 145 2221245////////////
021400  52  81 2181316 -77-115 -951354-6451303   7  19  281315  44   8  14  311316  42  63 1821316////////////
021500  33 138 1481455 -51-105-1051500-2221420   8  25  271414  27   6  22  241455  27 115 1231455////////////
021600  41  87 1381501 -41 -71 -491556-1951519   9  25  311513  34   7  15  221501  34  70 1151501////////////
021700  25  34 1071604 -24 -75 -401624-1021607   9  24  311643  20   5   8  181604  20  27  881605////////////
021800   7  15  341701 -30-125 -651710-1251759   9  25  321742   5   2   6   81701   6  11  271701////////////
021900   3   8  141801 -41 -96 -731853-1311805  10  27  341843   1   2   6   61801   2   6  111801////////////
022000   3   8   81913 -34-121 -461938-1921953   9  17  311914   1   2   5   61902   2   5   61915////////////
022100   3   8   82022 -36-103 -822031-1182001   4  10  172001   1   2   5   62007   2   5   62007////////////
022200   3   8   92150 -35 -66 -552148-1202111   3   8   92112   1   2   6   62151   2   5   62150////////////
022300   3   8   82209 -24 107 1172259 -912257   3   8   92212   1   2   5   62247   2   5   62207////////////
022400   3   8   82338 -12 -81  882301 -810000   3   8   92341   1   2   6   62329   2   5   52338////////////
030100   3   8   90048 -32-100 -790004-1100046   3   8   90041   1   2   6   60045   2   6   60047////////////
030200   3   8   90103 -26 -70 -420114 -960132   5  27  270200   1   2   6   60103   2   5   60102////////////
030300   3   8   80300 -28 -92 -650214 -970256  11  31  390239   1   2   6   60203   2   5   50259////////////
030400   3   8   80335 -28 -66 -540344 -980304  11  33  360310   1   2   5   60340   2   5   50306////////////
030500   3   8   80403 -24 -64 -510441 -750428  12  35  390409   1   2   5   60444   2   5   50403////////////
030600   3  14  140600 -15 -28  100531-1100541  13  34  400508   1   2   6   60600   2   9   90600////////////
030700  13  66  660700  -8 -29   40621 -400657  13  34  400638  10   3  13  130700  10  52  520700////////////
030800  43 222 2220800   4  15  240725 -390705  13  32  430706  36   7  35  350800  35 179 1790800////////////
030900 113 195 4310843   5  18  180858  130803  10  24  330801  96  17  28  680843  91 164 3510843////////////
031000  47  64 1940919   6  15  180902  140954   9  22  310937  40   7  12  290919  39  50 1640919////////////
031100  67 253 2531100   5  13  151002  131056   7  17  261008  57  10  37  371100  54 210 2101100////////////
031200  76 232 2561102   4  12  131104  121122   6  16  241135  65  11  33  371102  63 196 2131102////////////
031300  66 195 2381202   4  12  131241  121216   6  16  241204  56  10  30  341202  55 156 2011202////////////
031400  87 272 3041356   4  12  131327  121353   6  16  241303  74  13  40  451330  71 223 2481330////////////
031500  76 126 2921406   4  12  131426  121445   6  20  241402  65  11  20  431406  62 103 2411406////////////
031600  23  66 1201501   4  12  131545  121504   7  26  261600  19   4  13  191501  17  51  981501////////////
031700  14  27  631601   4  12  131602  121650   7  19  251631  11   3   8  131601  10  20  481601////////////
031800   7  11  281702   5  13  131750  121742   7  19  261730   5   2   6   81702   5   7  201703////////////
031900   3   8  111801   5  13  131841  131802   7  19  271829   1   2   6   61801   2   5   71801////////////
032000   3   8   81914   5  13  131955  131927   7  16  261928   1   2   5   61922   2   4   51913////////////
032100   3   8   82053   5  13  132029  132017   4  10  162001   1   2   6   62056   2   5   52051////////////
032200   3   8   82105   5  13  132159  122128   3   8   92157   1   2   5   62108   2   4   52105////////////
032300   3   8   82213   5  15  152300  132201   3   8   92256   1   2   5   62216   2   5   52215////////////
032400   3   8   82313   6  17  172359  152302   3   8   92357   1   2   5   62342   2   4   52313////////////
040100   3   8   80048   6  18  180058  160002   3   8   90056   1   2   6   60019   2   5   50047////////////
040200   3   7   80102   7  21  210200  180110   5  21  210153   1   2   5   60129   1   3   50101////////////
040300   3   8   80238   8  23  250225  210201   9  27  330226   1   2   6   60249   2   5   50245////////////
040400   2   7   80301  10  38  380400  220304  10  32  350357   0   2   6   60400   1   4   50301////////////
040500   2   7   80409  14  55  550500  340413  12  35  410455   0   2   5   60412   1   3   50410////////////
040600   4  29  290600  31 122 1220600  580506  14  40  460555   2   2   9   90600   2  20  200600////////////
040700  25 122 1220700  41 122 1330653 1010641  15  41  480654  20   5  22  230649  18  88  880700////////////
040800  72 301 3020759   9  13 1190701  130800  12  18  490701  60  12  49  490759  56 242 2420759////////////
040900 127 460 4600900   4  12  130801  120824   6  17  250852 107  20  70  700900 102 377 3770900////////////
041000 170 624 6450959   5  13  130944  120939   6  17  240922 145  25  95  980959 139 520 5380959////////////
041100 217 406 7361020   5  13  131018  131010   6  18  261021 185  32  55 1081044 182 353 6301020////////////
041200 135 276 6141134   5  13  131108  131200   6  16  241118 115  20  42  921134 108 216 5191134////////////
041300 127 230 6311246   4  13  131214  121221   6  16  251217 108  19  33  981246 105 193 5571246////////////
041400 120 340 3921357   5  13  131355  121306   6  16  241316 102  18  50  581357 100 278 3231357////////////
041500 125 260 4041420   5  13  131435  131404   6  16  251415 106  19  38  601420 103 211 3291420////////////
041600  58 107 2591503   5  13  131506  121559   6  17  241513  49   9  19  381503  47  87 2101503////////////
041700  30  57 1111606   4  13  131610  121650   6  16  241612  24   6  12  191606  24  46  921606////////////
041800  14  12  761709   4  13  131725  121730   6  17  241711  11   3   5  151709  11   7  611709////////////
041900   3   7  111801   5  13  131900  121805   5   9  221808   1   2   5   51841   2   3   71801////////////
042000   3   8   81927   5  14  142000  131926   3   9   91938   1   2   5   61926   1   4   51924////////////
042100   2   6   82008   5  16  162059  132008   3   9   92047   0   2   5   62053   1   2   42011////////////
042200   2   6   62106   7  28  312152  152105   3   7   82136   0   2   5   52200   1   2   22106////////////
042300   2   6   72253  16  78  782300  302201   2   7   72212   0   2   6   62254   1   3   32250////////////
042400////////////////////////////////////////////////////////////////////////////////////////////////////////
050100////////////////////////////////////////////////////////////////////////////////////////////////////////
050200////////////////////////////////////////////////////////////////////////////////////////////////////////
050300////////////////////////////////////////////////////////////////////////////////////////////////////////
050400////////////////////////////////////////////////////////////////////////////////////////////////////////
050500////////////////////////////////////////////////////////////////////////////////////////////////////////
050600////////////////////////////////////////////////////////////////////////////////////////////////////////
050700////////////////////////////////////////////////////////////////////////////////////////////////////////
050800////////////////////////////////////////////////////////////////////////////////////////////////////////
050900////////////////////////////////////////////////////////////////////////////////////////////////////////
051000////////////////////////////////////////////////////////////////////////////////////////////////////////
051100////////////////////////////////////////////////////////////////////////////////////////////////////////
051200////////////////////////////////////////////////////////////////////////////////////////////////////////
051300////////////////////////////////////////////////////////////////////////////////////////////////////////
051400////////////////////////////////////////////////////////////////////////////////////////////////////////
051500////////////////////////////////////////////////////////////////////////////////////////////////////////
051600////////////////////////////////////////////////////////////////////////////////////////////////////////
051700////////////////////////////////////////////////////////////////////////////////////////////////////////
051800////////////////////////////////////////////////////////////////////////////////////////////////////////
051900////////////////////////////////////////////////////////////////////////////////////////////////////////
052000////////////////////////////////////////////////////////////////////////////////////////////////////////
052100////////////////////////////////////////////////////////////////////////////////////////////////////////
052200////////////////////////////////////////////////////////////////////////////////////////////////////////
052300////////////////////////////////////////////////////////////////////////////////////////////////////////
052400   3   8   82306   6  25  312331   32347   3   7   92308   1   2   5   52345   1   4   42305////////////
060100   3   8   80001   9 111 1110100 -190040   3   7   80021   1   2   6   60053   1   4   40003////////////
060200   3   8   80155 -49-359 2020130-4380151   6  59  590200   1   2   5   60102   1   5   50200////////////
060300   3   8   80217-193-611-3790201-6110300  28 105 1060255   1   2   6   60232   2   5   50222////////////
060400   3   9   90400-244-624-6170336-7500339  42 130 1300400   1   2   6   60348   2   5   50346////////////
060500   3   8   90402-244-712-6140451-7140454  44 112 1320409   1   2   6   60401   2   5   50401////////////
060600   3  11  110600-238-575-4090551-8130504  38  96 1140502   1   2   6   60512   2   6   60600////////////
060700   7  34  340700  37-41011690632-6750608  35 101 1010700   4   3   9   90700   5  26  260700////////////
060800  18  73  730800-212-755-4440714-7550800  43 106 1310735  14   4  14  140800  14  58  580800////////////
060900  49 207 2070900-3351095-750080211590855  18  21 1050801  41   8  33  330900  40 169 1690900////////////
061000  78 218 2370936-203-226-198095512780910   5  10  290911  66  12  34  370936  64 178 1950936////////////
061100 159 441 5921039 -14  14  861028-2291002   4  14  141058 136  23  63  861039 128 359 4831039////////////
061200 124 299 4361101   5  13  171111  131156   4  10  141102 106  18  44  621101 102 244 3581101////////////
061300  94 226 3031203   4  12  131201  121300   3  11  111256  80  14  33  451203  77 186 2511203////////////
061400  53 101 2241301   5  13  131316  121345   4  10  111301  45   8  16  331301  43  80 1851301////////////
061500  49 137 1821440   4   1  131401 -391456   3  11  111453  41   8  21  281440  39 108 1471440////////////
061600  36  38 1411514   3  10  211509-1671504   4  10  121502  30   6   8  221514  28  27 1101514////////////
061700  12  23  421630-2431398 729162317921641   3   9  111603   9   3   8   91647   9  17  311630////////////
061800   8  10  431718-62517921427170217921707   3   9   91709   5   3   7  111719   6   6  331719////////////
061900   3   8  101801-56712981263185617921801   3   9   91804   1   2   7   71858   2   4   61801////////////
062000   3   8   81958-45011851146192414141907   3   8   91910   1   2   6   71910   2   5   51958////////////
062100   3   8   82001-46410081008210014202009  12   8 1332055   1   2   7   72035   2   4   52003////////////
062200   3   8   82139-375-973-955215512172135   3   7   72103   1   2   6   72132   2   5   52141////////////
062300   3   8   92219-381-993-974220411472234   3   7   72247   1   2   7   72248   2   5   52221////////////
062400   3   8   82304-352-947-900232910682345   2   7   72304   1   2   7   72306   2   5   52326////////////
070100   3   9   90058-3671060-803004217710058   2   7   70034   1   2   7   70057   2   5   50100////////////
070200   3   9   90149-262-600-5170137-9640101   2   7   70123   1   2   7   70135   2   5   50142////////////
070300   3   8   90201-213-431-3420259-8020237  19  15  940219   1   2   7   70201   2   4   50201////////////
070400   3   9   90359-171-436-1370320-8470312   4  10  160301   1   2   7   70332   2   5   50356////////////
070500   3   8   90401-137-535 2150444-6850402   3   9  100401   1   2   6   70404   2   4   50401////////////
070600   3  11  110600-1831100 -12053115260547   4  20  200600   1   2   6   60600   2   7   70600////////////
070700   6  28  280700-308-456  15065017920623   9  21  300631   3   3   8   80700   4  21  210700////////////
070800  12  41  460750-184-126  95070914560736   8  26  270705   9   3  10  100750   9  31  360750////////////
070900  24  59  980818 -74-512 2840827-7390850   8  17  290801  19   5  11  160818  19  47  780818////////////
071000  38 190 2700955-196-609-4600921-9220934   6  15  200906  32   6  29  390955  30 152 2240955////////////
071100  52 117 2861009-173-552-3111040-6431003   7  18  221041  44   8  18  411009  42  96 2341009////////////
071200  22  58 1101101-203-508-2831104-7641143   6  15  191102  18   4  11  171101  18  47  901101////////////
071300  59 139 3181231-130   4   41300-9741220   6  21  221255  50   9  21  461231  48 117 2641231////////////
071400  45  86 2311344 -18 -29  551304-1021321   7  20  221306  38   7  14  351344  37  70 1921344////////////
071500  34 122 1581439 -13  23  231500-1061423   8  25  261454  28   6  20  251439  28 101 1321439////////////
071600  25  89 1301501  11  37  481519  101507   9  25  261538  20   5  16  211501  20  71 1071501////////////
071700  27  55 2191621   7  17  381603  141635   9  26  271654  22   5  11  351621  22  44 1811621////////////
071800  18  16 1041724   6  22  221800  161703  10  27  271755  14   4   6  191724  14  11  831724////////////
071900   3   9  151801   9  25  321850  211801  10  27  281832   1   2   6   61801   2   5  111801////////////
072000   3   8   91904  11  30  411947  231949   9  16  281923   1   2   5   61901   2   4   61905////////////
072100   3   7   82008  16  49  512056  322001   3   9  142002   1   2   5   62009   1   3   52008////////////
072200   2   5   72114  14  29  652143  232131   3   7   82121   0   2   5   52108   1   2   42119////////////
072300   3   7   92234  15  95 1152253  172217   2   7   72201   1   2   5   62236   1   3   52233////////////
072400   3   8   82355  30  68 1152324  612341   3   7   82315   1   2   6   62357   1   4   42348////////////
080100   3   8   90029  11  17  690001  170100   2   7   80008   1   2   6   60029   2   4   60028////////////
080200   2   6   80101   3   5  160101   30118   3   7   80116   0   2   6   60137   1   3   40101////////////
080300   2   7   70300   0  10  100259 -100234  12  43  480244   0   2   7   70300   1   4   40300////////////
080400   2   7   70357   1  -4  100302  -80351  12  25  480302   0   2   5   70301   1   3   40356////////////
080500   2   7   70418  -6 -33  -30404 -340452   8  19  260401   0   2   5   60427   1   3   40417////////////
080600   3  13  130551 -16 -82 -290521 -820600   8  24  280546   1   2   6   70525   2   9   90559////////////
080700   9  40  420656 -28 -80 -700637 -870607   7  18  240604   6   3   9  100656   7  31  330656////////////
080800  24 121 1210800 -36-134 -790701-1340800   4   9  220706  19   5  21  210800  19  98  980800////////////
080900  55 173 1870850 -36  24  680848-2350828   3   9   90805  46   9  28  300850  45 143 1540851////////////
081000  82 270 3080956   8  17  310903  150913   3   9  100944  69  13  40  460948  67 220 2490956////////////
081100 116 455 5351052   5  13  161001  131100   3  12  121058  99  17  65  781052  96 381 4441052////////////
081200 130 242 4581106   5  13  131107  131134   4  11  131155 111  19  34  661106 105 199 3741107////////////
081300  75 288 2881300   5  13  131209  121258   4   9  121222  64  11  42  421300  59 237 2371300////////////
081400 114 430 4301400   5  13  131318  121346   4   8  131322  97  17  64  641400  94 343 3491309////////////
081500 169 666 7751429   4  13  131438  121408   4   8  151443 144  25 104 1191429 137 570 6421429////////////
081600  49  69 6651501   5  13  131507  121554   4   9  161513  42   7  13 1051501  39  56 5651501////////////
081700  17  23  721605   5  13  131658  121649   3  10  101616  13   4   7  141605  13  17  581605////////////
081800   7  14  241712   5  13  131728  131710   3   9  101705   5   2   6   71717   5  10  181712////////////
081900   3   8  141801   5  13  131856  131809   3   8   91816   1   2   6   61801   2   5  101801////////////
082000   3   8   81902   5  13  141947  131910   3   9  171955   1   2   5   61903   2   4   51921////////////
082100   3   8   82040   5  14  142057  132017   4  10  132006   1   2   5   52002   2   4   52017////////////
082200   3   8   82123   5  15  152157  142101   3   6   92102   1   2   5   62122   2   5   52145////////////
082300   3   8   82228   5  15  152256  142206   2   5   72239   1   2   6   62243   2   5   52213////////////
082400   3   8   82313   5  15  152357  152307   2   4   62304   1   2   5   62312   2   5   52312////////////
090100   3   8   80058   6  16  160055  150004   1   3   50001   1   2   6   60055   2   5   50017////////////
090200   3   8   80150   6  16  170131  160113   1   3   30118   1   2   6   60145   2   5   50146////////////
090300   3   8   80220   6  17  170213  160203   2   6  110213   1   2   6   60227   2   5   50229////////////
090400   3   8   80302   6  17  170356  160315   2   5   70308   1   2   6   60302   2   5   50301////////////
090500   3   8   90427   6  17  180443  170401   2   4   50414   1   2   6   60427   2   5   50426////////////
090600   3  12  120600   6  17  170558  170512   1   4   50510   1   2   6   60600   2   8   80600////////////
090700   8  25  270658   6  17  180603  160659   2   5   50655   5   3   8   80626   6  19  210658////////////
090800  18  71  900755   6  14  160704  140759   3  10  100757  14   4  14  170755  14  57  730755////////////
090900  21  44  780819   5  14  150801  130836   4  11  110832  17   4  10  150819  16  35  630819////////////
091000  17  43  580907   5  15  150950  120942   4  10  110938  13   4  10  110918  14  34  460907////////////
091100  41 105 1601047   5  13  151008  101013   4  14  141100  34   7  18  261046  33  86 1321047////////////
091200  57 243 2431200   5  13  131123  131200   6  16  171137  48   9  37  371200  46 199 1991200////////////
091300  55  78 2411201   5  13  131238  121223   6  16  171258  46   9  13  371201  45  62 1971201////////////
091400  55 191 2451350   5  12  131344  121335   6  16  171341  46   9  30  381350  45 154 2021350////////////
091500  77 237 2561453   5  13  131405  121459   6  15  161404  65  12  36  401453  63 190 2131453////////////
091600  58  71 2311501   5  12  131515  121600   6  16  171527  49   9  11  351501  47  56 1861501////////////
091700  25  35  951636   4  12  131621  121625   6  16  161602  20   5   8  171636  20  27  771636////////////
091800   8  14  351701   4  13  131800  121707   5  15  161734   5   3   6   81718   6  10  271701////////////
091900   3   6  141805   5  14  141855  131807   5  13  151801   1   2   5   61805   2   3   91805////////////
092000   2   7   72000   5  15  151954  141904   5  14  161950   0   2   6   62000   1   4   42000////////////
092100   3   7   82045   6  16  162058  152009   3   8  302033   1   2   5   62005   1   3   42045////////////
092200   3   8   82200   6  18  182159  162104   2   5   72107   1   2   6   62200   1   5   52200////////////
092300   3   7   82203   7  23  232300  172251   2  13  132300   1   2   5   62204   1   4   52203////////////
092400   2   6   72304   9  16  342319  160000   1 -13  152301   0   2   5   52304   1   3   42303////////////
100100   2   8   80100   6   3  270036   30100   2   5  160051   0   2   6   60100   1   5   50100////////////
100200   3   7   90127  10  42  440143   00107   3   8  210154   1   2   5   70128   2   3   60126////////////
100300   3   8   90225  17  39  550226  390300   2   6  280228   1   2   6   70218   2   5   60217////////////
100400   3   8   90308  13  33  410337  300351   3   9  220312   1   2   6   60313   2   5   50308////////////
100500   3   8   80402  12  33  400418  280439   3  10  110413   1   2   6   60401   2   4   50403////////////
100600   3  14  140600  10  37  370600  230537   3   8  120520   1   2   7   70600   2  10  100600////////////
100700  10  40  400700  10  22  380604  220700   3  11  110700   7   3  10  100643   7  31  310700////////////
100800  25  84  950749   7  16  220701  160800   4  11  160701  20   5  15  170749  20  67  760749////////////
100900  48 164 2180856   5  13  160801  130857   4  10  140816  40   8  27  350856  39 133 1770856////////////
101000  69 183 2690949   5  13  130905  130955   4  10  120917  58  11  28  420949  56 149 2200949////////////
101100  88 276 3341056   5  13  131015  121026   4  10  121042  75  13  41  501056  72 228 2731056////////////
101200 112 353 3771127   5  13  131157  121119   4  11  121133  95  17  52  571127  92 287 3081127////////////
101300 134 406 4121212   5  13  131232  131218   4  10  131227 114  20  62  621300 110 331 3421212////////////
101400 133 287 4921330   5  13  131330  131322   4  10  141352 113  20  43  751330 109 236 4051330////////////
101500  80 161 2881401   5  13  131403  131423   4  10  131416  68  12  25  431401  65 130 2371401////////////
101600  51 118 1641511   5  13  131509  131539   4   9  121530  43   8  20  261511  41  95 1321511////////////
101700  29  53 1161601   4  13  131604  131631   4  11  121652  24   5  11  191601  23  41  931601////////////
101800  11  15  521701   5  13  131753  121734   4  10  131741   8   3   6  111701   8  10  411701////////////
101900   3   7  141801   5  13  131801  121834   4  10  111811   1   2   4   61801   1   2   91801////////////
102000   3   7   81917   5  14  142000  131905   3  10  101948   1   2   5   61921   1   3   51917////////////
102100   3   8   82050   5  15  152048  132003   3  11  162008   1   2   5   62044   1   4   52050////////////
102200   3   8   92127   5  14  152110  142158   3   8  102116   1   2   6   62128   2   4   62128////////////
102300   3   7   82201   5  14  142248  142219   3   7   92210   1   2   5   62252   1   3   42201////////////
102400////////////////////////////////////////////////////////////////////////////////////////////////////////
110100////////////////////////////////////////////////////////////////////////////////////////////////////////
110200////////////////////////////////////////////////////////////////////////////////////////////////////////
110300////////////////////////////////////////////////////////////////////////////////////////////////////////
110400////////////////////////////////////////////////////////////////////////////////////////////////////////
110500////////////////////////////////////////////////////////////////////////////////////////////////////////
110600////////////////////////////////////////////////////////////////////////////////////////////////////////
110700////////////////////////////////////////////////////////////////////////////////////////////////////////
110800////////////////////////////////////////////////////////////////////////////////////////////////////////
110900////////////////////////////////////////////////////////////////////////////////////////////////////////
111000////////////////////////////////////////////////////////////////////////////////////////////////////////
111100////////////////////////////////////////////////////////////////////////////////////////////////////////
111200////////////////////////////////////////////////////////////////////////////////////////////////////////
111300////////////////////////////////////////////////////////////////////////////////////////////////////////
111400////////////////////////////////////////////////////////////////////////////////////////////////////////
111500////////////////////////////////////////////////////////////////////////////////////////////////////////
111600////////////////////////////////////////////////////////////////////////////////////////////////////////
111700////////////////////////////////////////////////////////////////////////////////////////////////////////
111800////////////////////////////////////////////////////////////////////////////////////////////////////////
111900////////////////////////////////////////////////////////////////////////////////////////////////////////
112000////////////////////////////////////////////////////////////////////////////////////////////////////////
112100////////////////////////////////////////////////////////////////////////////////////////////////////////
112200////////////////////////////////////////////////////////////////////////////////////////////////////////
112300////////////////////////////////////////////////////////////////////////////////////////////////////////
112400   3   7   82318   6  16  162324  152304   3   8  102316   1   2   5   62319   1   3   42318////////////
120100   3   7   90033   6  18  180035  150001   3  10  110049   1   2   6   60049   1   3   50032////////////
120200   3   8   90154   7  19  210143  170102   4  14  270147   1   2   6   70153   1   5   60153////////////
120300   2   7   80201   8  39  390256  180203   8  21  260246   0   2   5   60201   1   3   40201////////////
120400   3   7   80344   9   7  480307   50352   8  24  260343   1   2   5   60344   1   3   50344////////////
120500   3   7   70408   1  12  120500  -20414   9  26  270417   1   2   5   50500   1   4   40408////////////
120600   3  17  170600  10  47  470600  130501  10  28  330515   1   2   7   70557   2  12  120600////////////
120700  12  56  560700  14  28  500611  280659  10  29  350614   9   3  12  120659   9  44  440700////////////
120800  18  43  620745   8  29  470756   40747  11  29  390713  14   4  11  140745  14  33  490745////////////
120900  18  56  600835   7  15  280803  150900  10  25  350812  14   4  12  130835  14  43  470835////////////
121000  35 150 1520956   5  13  150902  130956   8  19  280942  28   7  26  270956  28 122 1240956////////////
121100  35  40 1681018   5  13  131005  131030   6  18  241041  29   6   9  291018  28  31 1391018////////////
121200  15  61  791155   5  14  141153  131104   7  19  271140  12   3  12  151155  11  48  631155////////////
121300  14  28  701214   8 -50 1261247 -501300   8  28  331246  11   3   7  131208  10  21  561214////////////
121400  14  30  491316 -34  50  741354-1661328  10  27  331336  11   3   8  101316  11  23  381316////////////
121500  10  37  371500 -18-255  581438-2741457  12  56  561500   7   3   8   81500   7  29  291500////////////
121600  10  26  401503 -70-165 -751531-2801514  18  44  621506   7   3   8   91504   7  20  311503////////////
121700   9  20  301624 -61-215-1311619-2171614  16  39  591620   6   3   8   91632   6  14  231621////////////
121800   6  14  211704-114-391-2071705-4711710  14  33  461704   3   3   6   81705   4  10  151704////////////
121900   3   8  151804 -45  13  131900-4101806  10  26  381803   1   2   5   61804   2   5  101804////////////
122000   3   8   91922   5  13  171910  121901   8  19  321902   1   2   5   61945   2   5   61928////////////
122100   3   8   92049   5  12  132014  122059   4   8  192006   1   2   6   62046   2   5   52046////////////
122200   3   8   82105   5  13  142151  122112   2   7   72138   1   2   5   62102   2   4   52102////////////
122300   3   8   82220   5  14  152253  132220   2   7   72230   1   2   5   52300   2   5   52221////////////
122400   3   8   92324   5  12  142306  122351   2   7   72354   1   2   5   62322   2   5   52310////////////
130100   3   8   80031   4  12  130012  120031   2   7   70037   1   2   5   50004   2   4   50028////////////
130200   3   8   80128   4  12  120132  120104   2   7   70141   1   2   5   50128   2   5   50200////////////
130300   3   8   80236   4  12  120207  120205   4  13  180229   1   2   5   50206   2   5   50205////////////
130400   3   8   80346   4  12  120334  120318   5  12  180328   1   2   5   50321   2   5   50319////////////
130500   3   8   80404   4  12  120405  120456   5  12  190429   1   2   5   50446   2   4   50444////////////
130600   3  11  110559   4  12  120533  120554   5  15  180528   1   2   6   60600   2   7   70559////////////
130700   5  18  180629   4  12  120613  120653   5  13  190658   3   2   7   70629   4  12  130628////////////
130800  11  53  530800   4  12  160723  100736   6  18  220758   8   3  11  110800   8  42  420800////////////
130900  22  64  780827   4  12  120829  120812   6  16  230857  18   4  12  140827  18  50  630828////////////
131000  23  54  730927   4  12  120953  120925   6  15  220956  19   4  11  130927  18  43  580927////////////
131100  21  64  641100   4  12  121008  121011   6  15  231027  17   4  12  121100  17  51  511100////////////
131200  25  68  731144   4  13  131149   91147   6  15  231126  21   4  12  131148  20  53  581118////////////
131300  28  63  951212   5  13  161234   81243   6  16  221227  23   5  12  161212  22  50  771212////////////
131400  20  40  751320   1 -31  271347-1201353   7  25  311357  16   4   9  131320  16  30  601320////////////
131500  16  36  561431 -18-365  131441-3691459   9  32  361456  13   3   9  111411  12  27  451431////////////
131600   9  23  431509-208-553-3071503-8401527  13  41  451556   6   3   8   91509   7  17  321509////////////
131700  12  28  381652-161-401-3631648-5741657  13  31  461627   9   3   8   91652   9  21  291604////////////
131800   6  10  341705-131-356-2791715-6891717  15  38  531726   4   2   6   91705   4   6  261705////////////
131900   3   8  101801-149-486-3421801-4861900  15  53  591858   1   2   6   61801   2   5   61801////////////
132000   3   9   91957-202-594-4931901-7241944  12  18  531901   1   2   6   61954   2   5   51957////////////
132100   3   8   92001-245-772-592200112302031   5  19  252057   1   2   6   62006   2   5   52001////////////
132200   3   8   82159-200-449-4082158-9882101   4   0  222128   1   2   6   62143   2   5   52200////////////
132300   3   8   92210-4701792-391220317922225   5   7  522248   1   2   6   62245   2   5   52211////////////
132400   3   8   92325-64317501750000017922301   4   7  282313   1   2   6   62350   2   5   50000////////////
140100   3  10  100055-62516721672010017910006   2   7   70045   1   2   6   60059   2   6   60041////////////
140200   3   9  100113-62517921555013617920114   3   7  150154   1   2   6   60159   2   5   60124////////////
140300   3   8   90201-60317061349023317920201  12  59  630259   1   2   6   60201   2   5   50201////////////
140400   3   9   90400-56814221422040017230309  24  52  740323   1   2   6   60400   2   5   50400////////////
140500   3   9   90447-48212451163043715690417  15  34  540403   1   2   7   70450   2   6   60458////////////
140600   3  11  110559-45812251225060013810512  14  43  460526   1   2   7   70556   2   7   70600////////////
140700   7  25  260647-408-787-787070012280601  12  26  410628   4   3   8   80700   5  19  190647////////////
140800  13  40  500746-286-857-7490727-9530740   9  24  330701  10   3  10  110746  10  31  380746////////////
140900  17  58  600856-3281129-356084014200846  12  74  790859  13   4  11  110857  13  46  480856////////////
141000  28 103 1080958-351-940-896094811660903  34 107 1140958  23   5  17  170951  23  83  880958////////////
141100  52 182 1881055-3881098-941100112171024  24  54 1111004  44   8  28  281055  42 145 1521054////////////
141200 116 494 5041159-3291088-749111010971152  12  17  631102  99  17  72  731159  95 405 4151159////////////
141300 195 370 7251225-169-169-101125811211201   6  15  241228 167  28  53 1041225 163 310 6171225////////////
141400 128 378 3861314 -34  17  181359-1751306   6  16  241326 109  19  55  561314 105 312 3191314////////////
141500 113 225 4781412   6  13  221414  131429   6  15  241425  96  17  34  711414  93 182 4041414////////////
141600  80 166 2701521   5  13  151506  111543   6  16  231553  67  13  27  421521  65 131 2191521////////////
141700  47  98 1811607   5  13  131602  111640   6  16  231652  39   8  18  291607  38  77 1481608////////////
141800  23  26  971701   5  14  141746  121707   6  16  231753  18   5   7  171701  18  19  761701////////////
141900   4   7  251801   5  15  161859  131806   6  21  251850   2   2   5   71801   2   3  181801////////////
142000   3   8   81953   5  16  162000  121941   7  19  251923   1   2   6   61922   2   5   51953////////////
142100   3   8   82039   6  18  212040  142015   6  14  232022   1   2   5   62001   2   4   52034////////////
142200   3   6   82101   6  19  192200  152141   4  13  182121   1   2   5   62124   1   3   42106////////////
142300   3   8   82300  12  43  452246  202201   5  14  192251   1   2   6   62300   1   4   42300////////////
142400   3   8   82315  17  47  552355  412311   5  12  172350   1   2   6   62312   2   5   52312////////////
150100   3   8   80058  18  49  550036  460006   4  12  170050   1   2   6   60057   2   5   50056////////////
150200   3   8   80101  19  52  530146  470114   5   7  220148   1   2   6   60101   2   4   50101////////////
150300   3   8   80300  18  31  550207  310300   7  22  260220   1   2   6   60300   2   5   50259////////////
150400   3   8   80301  13  34  410335  310301   8  22  280319   1   2   6   60302   2   5   50301////////////
150500   3   8   80425  11  22  390414  190456   8  23  270418   1   2   6   60426   2   4   50423////////////
150600   4  18  180600   9  24  320537  180505   8  23  290550   2   2   7   70600   2  12  120600////////////
150700  13  74  740700   7  17  230601  160656   8  23  280649  10   3  14  140700  10  59  590700////////////
150800  42 121 1400753   6  15  180720  150748   9  23  300748  35   7  21  240753  34  96 1130753////////////
150900  63 266 2660900   5  14  150802  140848   8  20  260820  53  10  41  410900  51 216 2160900////////////
151000 134 469 4691000   5  12  160910  120950   6  16  240919 114  20  70  701000 109 379 3791000////////////
151100 275 831 8591014   5  13  131052  121005   6  17  261017 235  40 119 1291014 242 745 7641048////////////
151200 309 866 9391149   5  13  131151  131149   6  17  261116 264  45 130 1371149 278 778 8521149////////////
151300 129 320 8401201   5  13  131201  121259   6  16  241213 110  19  48 1261201 107 257 7601201////////////
151400 174 512 8361341   5  13  131347  121317   6  17  251312 148  26  75 1271355 144 438 7231355////////////
151500 124 276 5561428   5  13  131405  131433   6  16  241410 106  18  41  871428 103 229 4761428////////////
151600  78 189 2861537   5  13  131507  121508   6  16  201507  66  12  31  481537  64 152 2401537////////////
151700  43 123 2991604   5  12  131637  121639   6  16  211606  35   8  23  511604  34  98 2461604////////////
151800  26  12 1851705   4  12  131732  121754   6  16  221738  21   5   5  351705  20   7 1521705////////////
151900   3   7  121801   4  12  121839  121844   6  16  231837   1   2   5   51823   2   4   71801////////////
152000   3   8   81949   4  12  121914  121944   6  16  221934   1   2   5   61949   1   4   41949////////////
152100   3   7   82006   4  12  122036  122045   5  15  202033   1   2   5   62013   1   4   42008////////////
152200   2   5   72114   4  12  122116  122132   4  12  132107   0   2   5   62116   1   2   42115////////////
152300   2   6   62300   4  13  132258  122205   5  14  182205   0   2   6   62242   1   3   32240////////////
152400   2   6   72331   5  14  152356  132303   5  14  202304   0   2   7   70000   1   3   32325////////////
160100   2   6   70012   5  15  150021  140001   5  13  150001   0   2   5   70012   1   1   40011////////////
160200   2   6   70154   6  20  200200  140104   6  21  220150   0   2   6   70155   1   2   30154////////////
160300   2   7   70300   5   5  230232  -70254   8  21  230237   0   2   6   60242   1   4   40300////////////
160400   2   7   70324  10  24  380331  170304   7  21  220356   0   2   6   60303   1   4   40324////////////
160500   3   9   90440   6  15  250403   90441   8  22  230452   1   2   6   70441   2   5   50438////////////
160600   4  23  230600   3   4  160506   40530   8  23  230600   2   2   8   80600   3  16  160600////////////
160700  22  94  940700   2  48  510659  -10636   8  26  260659  17   5  18  180700  17  76  760700////////////
160800  54 224 2240800   5  12  290701  120705   8  17  290701  45   9  36  360800  44 183 1830800////////////
160900 107 320 3260858   4  12  130858  120809   6  16  170805  90  17  48  500809  86 259 2630858////////////
161000 160 582 7260948   5  13  130954  120902   6  16  170957 136  24  87 1140948 130 476 6110948////////////
161100 186 509 7731028   5  13  131035  131054   6  14  181029 158  28  76 1191028 154 410 6611028////////////
161200 255 869 9551156   5  13  131200  131106   6  19  201150 217  38 131 1451155 217 754 8291156////////////
161300 165 256 9441204   5  13  131210  131253   6  16  171212 141  24  39 1431204 138 220 8241204////////////
161400  83 208 3091339   5  13  131303  121350   6  16  161310  70  13  33  481339  68 169 2571339////////////
161500  50  68 2021401   5  13  131413  121455   6  16  161408  42   8  13  321401  41  54 1631401////////////
161600  22  47  691509   5  13  131533  121540   6  16  161516  18   4  11  141504  17  37  551509////////////
161700  12  26  461601   5  13  131624  121637   6  16  161606   9   3   8  101601   9  19  361601////////////
161800   6  10  261702   4  12  131713  121758   6  16  161752   4   2   6   81702   4   6  191702////////////
161900   3   8  101801   4  12  131822  121856   6  16  171823   1   2   6   61802   2   5   61801////////////
162000   3   8   81911   4  13  132000  121932   6  16  171943   1   2   5   61910   2   4   51909////////////
162100   3   8   82047   5  13  132013  122028   6  15  162006   1   2   5   62048   2   4   52046////////////
162200   3   8   82115   5  13  132142  122106   4  13  132150   1   2   5   52121   2   4   42121////////////
162300   3   8   82223   4  13  132221  122216   4  12  132218   1   2   5   62228   2   4   52221////////////
162400   3   8   82340   5  13  132359  122333   5  14  152357   1   2   5   52359   1   4   42341////////////
170100   3   8   80100   5  13  140051  130006   5  15  150059   1   2   6   60100   2   5   50100////////////
170200   3   8   90122   5  13  140106  130159   5  14  150101   1   2   6   70123   2   4   60121////////////
170300   3   8   80234   5  13  130254  130205   5  15  160259   1   2   5   60201   1   4   50258////////////
170400   3   8   80321   5  14  140353  130303   6  19  190355   1   2   5   60320   2   4   50320////////////
170500   3   8   80450   5  15  150500  140408   7  21  220447   1   2   6   60450   2   5   50449////////////
170600   3  14  140600   5  14  150502  140551   7  19  210502   1   2   7   70600   2   9   90600////////////
170700   8  31  310700   5  15  150653  140601   7  22  220700   5   3   9   90700   6  24  240700////////////
170800  18  80  800800   5  14  150708  140757   9  19  280704  14   4  16  160800  14  65  650800////////////
170900  38 133 1350856   5  13  140803  120848   6  16  190801  31   7  23  230856  31 109 1110857////////////
171000  49 159 1591000   4  13  130908  120929   6  16  160902  41   8  26  261000  40 130 1301000////////////
171100  68 230 2301100   4  12  131029  121012   6  16  161057  57  11  37  371100  56 189 1891100////////////
171200  80 190 2971116   4  12  131150  121137   6  16  161131  67  13  31  481116  65 153 2441116////////////
171300  52  65 2221209   5  13  131203  121239   6  16  161249  43   9  12  371209  42  52 1841209////////////
171400  30  37 1171327   4  13  131344  121302   6  15  161335  24   6   9  211328  24  27  961327////////////
171500  14  31  471433   4  12  131426  121431   6  16  161452  11   3   8  111433  11  23  371433////////////
171600  14  40  481516   4  12  131517  121509   6  16  161550  11   3  10  111550  11  31  381516////////////
171700  14  39  421626   4  12  131627  121656   6  16  161644  11   3  10  101655  11  30  331627////////////
171800   7  12  371701   4  12  131732  121729   6  16  161708   5   2   5   91701   5   8  291701////////////
171900   3   8  121801   4  12  131811  121837   6  16  171848   1   2   6   61859   2   5   81801////////////
172000   3   8   81901   4  12  131951  121911   6  15  161950   1   2   5   61903   2   4   51902////////////
172100   3   8   92025   4  13  132053  122008   4   8  162004   1   2   6   62039   2   5   52022////////////
172200   3   8   82101   5  13  132125  122101   2   7   72155   1   2   5   62131   2   4   52126////////////
172300   3   8   82300  -3-906 7582246-9062300   3   7   82225   1   2   6   62300   1   4   42207////////////
172400   3   8   82318-6241792-973230117922308   2   7   82339   1   2   6   62303   2   4   52312////////////
180100   3   8   80049-64517921792002017920001   2   7   80014   1   2   6   60054   2   5   50054////////////
180200   3   8   80121-64517921792010117920101  12  99 1060152   1   2   6   60101   2   5   50124////////////
180300   3   8   90226-64517921792022717920201  39 123 1240256   1   2   6   60216   2   5   50216////////////
180400   3   9   90359-63617921598032817920301  38  95 1220301   1   2   6   60359   2   5   50359////////////
180500   3   8   90432-64217921532043417920401  21  51  910401   1   2   6   60401   2   5   50404////////////
180600   5  28  280600-64517921792050117920501  19  47  670535   3   2   9   90600   3  21  210600////////////
180700  25 113 1160647-64517921792064217920601  12  19  470601  20   5  20  220646  20  85  930647////////////
180800  60 214 2140748-64517921792070117920701   6  15  230702  50  10  34  350748  48 172 1730747////////////
180900  94 288 2980833-528-701-617085817920801   5  16  160857  79  15  44  470833  76 234 2430833////////////
181000 160 407 5400930-215-200-2001000-8030910   6  16  161000 136  24  60  820930 132 332 4510930////////////
181100 164 497 5331030 -41  13  131059-2091006   6  14  181059 140  24  73  791030 135 409 4411030////////////
181200 206 695 7301156   5  14  161103  141125   6  16  201155 176  30 102 1071153 172 592 6231156////////////
181300 229 572 7231224   5  13  141202  131249   6  17  181207 196  33  83 1061224 195 478 6221225////////////
181400 167 414 5801302   5  13  131301  131355   6  17  181320 142  25  62  841302 138 340 4851302////////////
181500 165 349 6601432   5  13  131441  131414   6  16  191452 140  25  52 1031432 136 288 5501432////////////
181600 152 367 5621518   5  13  131547  131526   6  17  191513 129  23  58  871518 125 300 4661518////////////
181700  91 164 3631601   5  13  131602  131654   6  16  181606  76  15  27  571601  73 132 2961601////////////
181800  34  36 1601701   5  13  131706  131749   6  16  171742  28   6   9  271701  27  26 1291701////////////
181900   4   5  341801   5  13  131803  121838   6  17  171825   2   2   5   81801   3   2  251801////////////
182000   2   6   61957   5  13  131958  131901   4 -17  161903   0   2   6   61958   1   3   31957////////////
182100   2   6   72049   5  13  142020  132058  -4   7   72100   0   2   6   62031   1   3   42029////////////
182200   2   7   72157   5  14  142154  132106   2   6   72139   0   2   6   62157   1   4   42157////////////
182300   3   7   92225   5  14  142256  142228   2   7   72300   1   2   5   62232   2   3   52222////////////
182400   2   9   90000   5  16  160000  142305   3   7   82312   0   2   6   62358   1   6   62358////////////
190100   3   7   90001   6  17  180050  160001   3   8   80057   1   2   5   60001   2   3   60001////////////
190200   2   7   70158   5   7  180104   70200   2   7   90153   0   2   6   60156   1   3   30159////////////
190300   3   7   70237   3  10  160250   30212   4  12  140231   1   2   6   60300   1   4   40237////////////
190400   3   7   70301   2   3  310311 -120340   6  20  210357   1   2   6   60301   1   3   40343////////////
190500   3   7   70426   2  18  180500   10446   9  29  320455   1   2   6   60424   1   3   40423////////////
190600   6  51  510600   6  30  310559   20544   4   6  330514   3   3  13  130600   4  41  410600////////////
190700  38 153 1530700   5  17  290613 -170641   2   7   80638  30   8  28  280700  31 122 1220700////////////
190800  59 213 2850742   6  13  210702  130758   3  11  110759  49  10  35  500742  48 172 2340742////////////
190900  94 168 3910824   4  13  130805  130827   4  10  140831  79  15  26  640824  77 137 3250824////////////
191000  74 236 2730916   5  13  130922  120903   4  10  110922  62  12  38  430916  61 190 2270916////////////
191100  56 173 2291001   5  13  131052  121009   4   9  111026  47   9  29  371001  44 140 1841001////////////
191200  60 204 2801153   5  13  131200  121115   3  11  111112  50  10  33  461153  48 164 2271153////////////
191300  50 175 1981201   5  13  131222  121254   4   9  121207  42   8  29  321201  41 146 1601201////////////
191400  35  79 2121303   4  13  131316  121323   3   9  111332  29   6  15  351303  28  63 1781303////////////
191500  26 106 1101458   5  13  131451  121444   3   8  101428  21   5  20  211458  20  86  901458////////////
191600  34  52 1341515   5  13  131508  121554   3  10  101557  27   7  11  241515  28  40 1081515////////////
191700  15  27  511601   5  12  131603  121638   3   9  101609  12   3   7  111601  12  20  391601////////////
191800   7  13  261701   4  13  131756  121734   3   9   91712   5   2   6   71701   5   9  191701////////////
191900   3   8  131801   5  12  131810  121857   3   9   91811   1   2   6   61819   2   5   81801////////////
192000   3   8   81901   5  13  131941  121910   3  14  141956   1   2   5   61901   2   4   51942////////////
192100   3   8   82052   5  12  132058  122048   3  10  142002   1   2   6   62053   2   5   52050////////////
192200   3   8   82101   5  13  132145  122142   2   4   82104   1   2   5   62101   2   4   52101////////////
192300   3   8   82247   5  13  132206  122221   1   6   62300   1   2   5   62247   2   5   52245////////////
192400   3   8   82309   5  13  132329  122332   0   0   62304   1   2   5   62311   2   5   52311////////////
200100   3   5   90041   8  32 1480054 -110049   0  -2   60046   1   2   5   50004   1   1   50004////////////
200200   3   8   80159   9  13  460102   20153   1  17  180154   1   2   6   60155   1   5   50200////////////
200300   3   8   80241   5  15  150258  130205   6  16  180209   1   2   5   60201   2   4   50221////////////
200400   3   9   90340   6  15  170336  150301   7  21  210400   1   2   6   60354   2   5   50342////////////
200500   3   8   90401   6  16  160429  150412   7  22  220456   1   2   6   60401   2   5   50436////////////
200600   4  18  180600   6  16  160556  160512   8  22  230508   2   2   7   70600   2  13  130600////////////
200700   9  25  360648   6  16  160643  160700   8  21  230619   6   3   7   90648   7  18  270648////////////
200800  15  51  630752   6  15  160701  140759   9  23  270717  11   4  11  130752  12  40  500752////////////
200900  24 113 1180858   5  14  150807  140858   7  17  230819  19   5  20  200858  19  92  950858////////////
201000  42 122 1400941   5  13  140901  130959   6  15  180904  35   7  20  230941  34  99 1140941////////////
201100  66 232 2321100   5  13  131006  131040   5  15  161051  56  10  35  351041  54 183 1911041////////////
201200  90 159 3561115   5  13  131146  131103   6  16  161121  77  13  23  531115  72 128 2881128////////////
201300  97 294 4161250   5  13  131253  131230   6  16  171229  83  14  42  621250  78 238 3441250////////////
201400 121 252 4361325   5  13  131350  131351   6  16  171357 104  17  37  631325  99 206 3611325////////////
201500  95 223 3851409   5  13  131422  131418   6  16  171455  81  14  34  581409  78 180 3181409////////////
201600  47  56 2331503   5  13  131508  131501   6  16  171502  39   8  10  361503  38  42 1891503////////////
201700  25  60  871631   5  13  131602  131647   6  16  161610  20   5  12  161631  20  47  701631////////////
201800  12  18  591701   5  13  131800  131742   6  16  161702   9   3   6  121701   9  12  461701////////////
201900   4   8  181801   5  13  131804  121840   5  14  161809   2   2   5   61801   2   5  121801////////////
202000   3   8   81903   5  12  131926  121953   5  12  151908   1   2   5   51901   1   4   51902////////////
202100   3   8   92027   5  13  132042  122035   0  -6  142010   1   2   5   62023   2   5   52012////////////
202200   3   8   92146   5  13  132157  132143  -3 -15  -52121   1   2   5   62143   2   5   52143////////////
202300   3   8   82202   5  13  132255  132206  -7 -20 -152201   1   2   5   52201   2   4   52201////////////
202400   3   7   82326   1-386  142344-3860000  -7  -7  -70000   1   2   5   52325   2   2   52324////////////
210100   3   8   80059-4991694-509000117920034   1  50  510059   1   2   6   60046   1   4   40059////////////
210200   3   9   90138-49011801155015616780101  12  23  650109   1   2   6   60135   2   5   50137////////////
210300   3   9   90230-42211771115023712130248  16  57  600240   1   2   6   60235   2   5   60229////////////
210400   3   9   90312-40110331033040011810302  22  66  660359   1   2   6   60326   2   5   50313////////////
210500   3   8   90402-37110171000045810590410  19  56  720404   1   2   6   60406   2   5   50402////////////
210600   4  25  250600-361-967-965055710360510  21  55  620539   2   2   8   80600   3  18  180600////////////
210700  11  61  610700-349-975-959062810690643  26  86  880649   8   3  13  130700   8  48  480700////////////
210800  20  83  830800-359-973-973080010290732  22  60 1080702  16   4  15  150800  16  67  670800////////////
210900  26 100 1000900-354-930-907085510290816  18  30  680820  21   5  17  170900  21  81  810900////////////
211000  59 161 2000945-136  77 104095511440921   8  18  290901  50   9  25  320945  48 134 1640945////////////
211100   3   8   81001-150-429-3181003-6601036 -18 -56 -231042   1   2   6   71001   2   4   51001////////////
211200  47 151 1521159   5  13  161120  131154   6  16  181108  40   7  23  231159  38 121 1221159////////////
211300  66 209 2091300   5  13  131204  121212   6  15  161233  56  10  31  311300  54 169 1701251////////////
211400  92 358 3581400   5  13  131400  121309   6  16  161305  78  14  53  531400  74 289 2891400////////////
211500 118 185 4351411   5  13  131429  131404   6  16  161449 101  17  27  631411  95 150 3571411////////////
211600  45  69 1791501   4  12  131531  121551   6  16  161502  38   7  12  261501  36  54 1451501////////////
211700  18  39  681601   4  12  131607  121643   6  16  161625  14   4   9  121612  14  29  531601////////////
211800   7  11  391701   4  12  121701  121708   6  15  161724   5   2   6   91701   5   7  291701////////////
211900   3   8  111805   4  12  121840  121805   6  15  161819   1   2   5   61833   2   4   71801////////////
212000   3   8   81954   4  12  121903  121923   5  14  161907   1   2   5   61953   1   4   41952////////////
212100   2   7   82004 -25-344  122001-3442100   1 -28  162039   0   2   5   62034   1   3   42023////////////
212200   3   9   92159-311-682-378210111682118  -6  -2   22145   1   2   7   72156   1   4   52155////////////
212300   3   7   92209-3351218-674220413012255   0   5   52258   1   2   6   72201   1   3   42201////////////
212400////////////////////////////////////////////////////////////////////////////////////////////////////////
220100////////////////////////////////////////////////////////////////////////////////////////////////////////
220200////////////////////////////////////////////////////////////////////////////////////////////////////////
220300////////////////////////////////////////////////////////////////////////////////////////////////////////
220400////////////////////////////////////////////////////////////////////////////////////////////////////////
220500////////////////////////////////////////////////////////////////////////////////////////////////////////
220600////////////////////////////////////////////////////////////////////////////////////////////////////////
220700////////////////////////////////////////////////////////////////////////////////////////////////////////
220800////////////////////////////////////////////////////////////////////////////////////////////////////////
220900////////////////////////////////////////////////////////////////////////////////////////////////////////
221000////////////////////////////////////////////////////////////////////////////////////////////////////////
221100////////////////////////////////////////////////////////////////////////////////////////////////////////
221200////////////////////////////////////////////////////////////////////////////////////////////////////////
221300////////////////////////////////////////////////////////////////////////////////////////////////////////
221400////////////////////////////////////////////////////////////////////////////////////////////////////////
221500////////////////////////////////////////////////////////////////////////////////////////////////////////
221600////////////////////////////////////////////////////////////////////////////////////////////////////////
221700////////////////////////////////////////////////////////////////////////////////////////////////////////
221800////////////////////////////////////////////////////////////////////////////////////////////////////////
221900////////////////////////////////////////////////////////////////////////////////////////////////////////
222000////////////////////////////////////////////////////////////////////////////////////////////////////////
222100////////////////////////////////////////////////////////////////////////////////////////////////////////
222200////////////////////////////////////////////////////////////////////////////////////////////////////////
222300////////////////////////////////////////////////////////////////////////////////////////////////////////
222400   2   7   72359-282-721-6712341-8742324   0   1   32310   0   2   6   62358   1   4   42358////////////
230100   3   7   70040 -94  46  520059-7570012   0   1   20023   1   2   5   60003   1   4   40040////////////
230200   2   6   70129  21  78  820157  390145   0  -1   20110   0   2   6   60123   1   3   40130////////////
230300   2   7   70254  11  10  780201 -100245   0   0   20211   0   2   6   60253   1   4   40253////////////
230400   3   7   70322   6  13  300328   10302   0  -1   00337   1   2   6   60305   1   4   40322////////////
230500   2   6   70401   0 -12  130405 -170456  -1  -3   00401   0   2   5   60401   1   2   40403////////////
230600   5  29  290600 -29 -44 -180501-1590551   0  -2   20533   3   2  10  100600   3  22  220600////////////
230700  40 155 1900641   7  15  390611 -340601   0   5   50656  33   7  25  350641  33 127 1640641////////////
230800  77 265 2650800   5  13  170715  130758   4  13  130754  65  12  41  410800  63 220 2200800////////////
230900 113 361 3620839   5  13  130802  120858   5  15  160852  96  17  53  540838  92 296 2960900////////////
231000 183 696 7640954   5  13  130913  120918   6  16  190957 156  27 102 1110954 151 592 6510954////////////
231100 175 506 7841002   5  13  131003  131008   5  17  171003 150  25  73 1151002 145 425 6691002////////////
231200 283 81211071120   5  13  131151  131145   6  16  241157 242  41 116 1591120 246 684 9941120////////////
231300 216 593 9001201   5  13  131213  131225   6  14  221228 185  31  86 1301201 177 483 7691201////////////
231400 186 497 6551308   5  13  131315  131354   6  15  191306 159  27  72  931308 153 409 5471308////////////
231500 165 500 5341459   5  13  131435  131419   6  17  191451 141  24  74  791459 135 417 4451459////////////
231600 128 160 5611509   5  13  131553  131557   6  16  201510 109  19  19  861540 106 126 4731509////////////
231700  40  79 3311609   5  13  131613  131639   6  16  171610  34   6  15  551609  32  66 2801609////////////
231800  13  26  741701   5  13  131715  121736   5   8  161710  10   3   8  141701   9  19  621701////////////
231900   4   7  251801   5  13  131823  121859   5  10  161804   2   2   5   81801   2   3  181801////////////
232000   3   8   82000   5  12  131946  121953   5  15  161902   1   2   5   51914   1   4   42000////////////
232100   3   7   82015   5  12  132017  122047   5  15  162002   1   2   5   62014   1   3   42014////////////
232200   3   7   82138   4  12  132152  122106   4  11  122135   1   2   5   62136   1   4   52130////////////
232300   3   8   82255   5  13  142248  132203   3   9  122202   1   2   5   52300   1   4   42254////////////
232400   3   8   82348   5  14  142340  132306   3   8   92301   1   2   6   62346   2   4   42346////////////
240100   3   8   80056   5  14  140011  130038   3   8   90041   1   2   6   60100   1   4   40055////////////
240200   3   8   80150   5  14  140144  140120   2   6   90107   1   2   6   60151   1   4   50150////////////
240300   3   8   80228   5  14  140230  130249   1   2   70201   1   2   6   60229   1   4   50228////////////
240400   3   8   80352   5  15  150400  140306   0  -1   20302   1   2   6   60312   1   4   40350////////////
240500   2   7   80409   6  20  200459  150401   0   3   40453   0   2   5   60417   1   4   40410////////////
240600   4  19  190559   8  21  250545  180512   0  -2   40510   2   2   8   80555   3  13  130559////////////
240700   8  33  330700   7  18  230603  180700  -2  -4  -10601   5   3   9   90700   6  25  250700////////////
240800  18  59  610758   6  15  180702  150800   0   4   50755  14   4  12  130752  14  47  480758////////////
240900  24  72  720900   5  13  150801  130900   3   9  100854  19   5  14  140818  19  57  570900////////////
241000  30 120 1201000   5  13  140907  130956   4  13  131000  24   6  21  211000  24  97  971000////////////
241100  47 113 1451027   5  13  131005  121057   5  14  141055  39   8  19  241027  38  91 1181027////////////
241200  43 181 1811200   5  12  131142  121112   5  14  151106  36   7  29  291200  35 147 1471200////////////
241300  57 115 2091206   5  13  131227  121215   5  15  151239  48   9  18  341206  46  92 1711206////////////
241400  47 142 1671348   5  13  131334  121303   5  15  161341  39   8  23  271347  38 116 1351348////////////
241500  59 112 2211430   5  13  131428  121429   5  15  161456  50   9  17  351430  48  91 1811430////////////
241600  45  83 1521542   5  13  131551  121507   5  15  161545  38   7  14  251542  36  67 1231542////////////
241700  21  46  821601   5  12  131609  121621   5  15  161620  17   4  10  141601  16  36  661601////////////
241800   9  15  441701   5  13  131725  121710   5  14  151721   6   3   6  101701   7  10  341701////////////
241900   4   8  161806   5  13  131825  121802   5  14  151802   2   2   5   61806   2   4  111806////////////
242000   3   8   81944   5  13  131956  121928   4  12  141911   1   2   5   61946   1   5   51945////////////
242100   3   5   82029   5 101 1012100 -112055   4   1  122011   1   2   5   52022   1   1   52022////////////
242200   2   8   82156-3931345  93210114612143   1  16  162200   0   2   6   62157   1   4   42156////////////
242300   3   8   82251-4121214-536224013432201   7  23  232256   1   2   6   62236   2   4   52249////////////
242400   3   8   82325-53314791263230115502312  11  34  362344   1   2   6   62359   2   4   52323////////////
250100   3   8   90027-52614691397003614900005  10  23  330007   1   2   6   60024   2   4   50023////////////
250200   3   8   90128-49913201265014214640101   7  22  240103   1   2   6   60137   2   4   50126////////////
250300   3   9   90300-50914871324020114880259   8  16  260249   1   2   6   60258   2   5   50253////////////
250400   3   9   90306-54515131486032915840346   5  10  170301   1   2   6   60309   2   5   50306////////////
250500   3   8   90402-53515161443044915280429   4  10  140451   1   2   6   60414   2   5   50401////////////
250600   4  19  190600-54314441444060016640525   5  16  200557   2   2   7   70600   3  13  130600////////////
250700  20  46  780641-49813611336062414740633   5   8  190612  16   4  11  150641  16  35  620640////////////
250800  26 112 1120800-49313901341074015100724   2   5   90711  21   5  20  200800  20  91  910800////////////
250900  64 307 3070900-49713971300084814560826   3  11  110855  54  10  47  470900  51 251 2510900////////////
251000 114 350 3870907-442-169-122095817920934   4  13  140958  97  17  51  590907  94 289 3230907////////////
251100  90 218 5521007 -20   4  261057-1541012   5  10  151007  77  13  32  811007  74 179 4591007////////////
251200  59 229 2291200   5  14  171120  111101   4  11  111109  50   9  34  341200  48 184 1841200////////////
251300 101 246 3551230   5  12  161228  121300   4  14  151259  86  15  35  521229  82 201 2881230////////////
251400  57 151 2441301   4  11  151351   61347   5  12  151303  49   8  24  341301  46 122 1981301////////////
251500  53 143 1761422   3   9  201453 -191443   3   5  131410  45   8  23  271421  43 115 1461421////////////
251600  41  74 1491507   3   4  161552  -51553   3   6  121540  34   7  13  241508  34  58 1211508////////////
251700  17  29  801609  -6-801 3031652-8011700  -1  -4   81607  13   4   8  151610  13  22  631610////////////
251800  10  19  381704-5671583-698170117921715   6  32  321757   7   3   8   91739   7  13  291704////////////
251900   4   8  181801-54514701427183716071812   8  19  331801   2   2   6   71801   2   3  121801////////////
252000   3   8   81954-48912381238200015191934   6  19  201908   1   2   6   61933   1   4   42000////////////
252100   3   8   82003-43711191096205712612031   7  23  242056   1   2   6   62002   1   4   42057////////////
252200   3   8   82140-43812371096211213412143   9  30  312158   1   2   6   62148   1   4   42138////////////
252300   3   8   82206-42612451062220913202233  11  35  352259   1   2   6   62237   1   4   42201////////////
252400   3   8   82323-40010281007233212672301  13  37  392352   1   2   6   62337   1   4   42323////////////
260100   3   9   90039-3711099-949000812940059  10  20  380002   1   2   6   70015   2   5   50039////////////
260200   3   8   80106-3881046-904013917390145   6  20  210157   1   2   6   60117   2   5   50155////////////
260300   3   8   80255-52112951030020317920245   8  25  280231   1   2   6   60201   2   5   50202////////////
260400   3   8   80301-357-714-707035817040301   9  29  300327   1   2   6   60354   2   4   50339////////////
260500   3   8   80434-168-304-2550451-7160418  10  22  400426   1   2   6   60413   2   4   50434////////////
260600   4  17  170558 -94-154-1340551-4220535  11  32  340554   1   3   8   80557   3  12  120557////////////
260700  13  91  910700 -52-240  -90650-3580612  10  16  320602   9   4  18  180700  10  72  720700////////////
260800  52 123 1780740 -80-684 2550704-6840800   1  -2  200701  43   9  22  300740  41  99 1420740////////////
260900 106 408 5250855-185 178 178090011870837   3  12  120900  89  17  64  820855  88 336 4430855////////////
261000 196 724 7500959  42  14 1890903  141000   5  14  160956 167  29 106 1110959 166 630 6550959////////////
261100 203 700 7001100   6  15  411011   81034   6  14  221057 173  30 102 1021100 172 568 5811057////////////
261200 238 505 7851140   5  14  171148  131122   6  17  231122 203  35  72 1151140 204 418 6821140////////////
261300 195 481 6551208   5  13  141205  131300   6  16  231213 166  29  72  961208 164 399 5571208////////////
261400 172 470 5831329   5  13  141337  131313   6  13  211324 146  26  72  871329 145 390 4881329////////////
261500 153 334 5041419   5  13  131429  131446   6  15  191415 130  23  51  771419 126 272 4201419////////////
261600 104 226 3811504   5  13  131521  131531   5  10  171501  88  16  37  591504  85 182 3131504////////////
261700  69 183 2241611   5  13  131631  131620   4   9  101601  57  12  32  371611  56 148 1811611////////////
261800  52  54 2141706   5  13  131716  131739   3  10  111742  43   9  11  381706  41  41 1751706////////////
261900   6   5  511801   5  13  131807  121852   3   9  101810   4   2   5  101801   4   1  391801////////////
262000   2   5   61934   4  12  131933  121908   3  14  141952   0   2   5   61933   1   2   31933////////////
262100   2   6   62033   4  12  132027  122021   5  14  162006   0   2   6   72032   1   2   32032////////////
262200   2   5   62112   4  12  122109  112145   3   8  112110   0   2   5   62108   0   1   32108////////////
262300   2   6   62247   7  26  262258  122202   4   9  142227   0   2   6   62259   1   3   32257////////////
262400   2   7   72328  19 103 1032359  162306   3   8  102301   0   2   6   62317   1   3   32328////////////
270100   2   7   70053  29  71 1030001  640050   4  12  130026   0   2   6   60041   1   3   30022////////////
270200   2   7   70141  30  93  940144  710104   4  14  160140   0   2   6   60124   1   3   40132////////////
270300   3   8   80253  36 107 1070300  920202   5  14  140247   1   2   6   60255   1   5   50251////////////
270400   3   9   90349  46 153 1540355 1050318   5  14  150324   1   2   6   70349   2   6   60347////////////
270500   3   9   90458  49 109 1600413 1090500   4   7  150409   0   3   7   80422   2   5   60404////////////
270600   5  23  230600  15  19 1000501  190559   2   4   80520   2   3   8   80554   3  16  160600////////////
270700  16  85  850700   6  14  190601  140700   2   7   70700  12   4  16  160700  13  68  680700////////////
270800  43 139 1650756   5  12  140701  120751   4  13  130758  35   8  23  270756  35 113 1340756////////////
270900  79 274 2750854   4  13  130842  120829   5  13  140858  66  13  43  430852  64 224 2250852////////////
271000 135 473 5380956   5  13  130958  120909   5  15  150959 114  21  72  830956 111 389 4490956////////////
271100 244 902 9021100   5  13  131052  131002   6  15  201048 208  36 131 1331047 208 802 8021100////////////
271200 303 881 9251122   5  13  131101  131137   6  10  191157 259  44 129 1341149 272 799 8361122////////////
271300 317 910 9441253   5  13  141249  131207   6  16  251259 271  46 130 1361251 285 813 8411258////////////
271400 283 324 9321306   5  13  141322  131313   6  16  251312 242  41  44 1341306 249 278 8321306////////////
271500 183 670 7451433   5  13  131405  131411   5  10  181434 155  28 105 1191433 154 572 6421433////////////
271600 141 383 6701501   5  13  131514  131541   4  11  171513 120  21  63 1041501 119 321 5731501////////////
271700 103 189 4031602   5  13  131613  131627   5  10  161616  86  17  33  671602  85 153 3361602////////////
271800  37  42 1851701   5  13  131708  131757   5  12  141704  30   7   9  331701  30  31 1491701////////////
271900   5   4  401801   5  13  131815  131847   4  12  131825   3   2   5   91801   3   0  291801////////////
272000   2   5   51946   4  12  131909  121949   4   8  131906   0   2   5   52000   0   1   11954////////////
272100   2   6   62050   5  13  132059  122001   3  11  122025   0   2   6   62100   1   3   32047////////////
272200   2   7   72149   5  16  192153  132103   3   9  102150   0   2   6   62137   1   3   42149////////////
272300   2   7   72209   8  27  282254  152202   3   8  102209   0   2   6   72213   1   3   42208////////////
272400   3   7   72350   9  27  322358  202319   3  11  112359   1   2   6   72351   1   4   42351////////////
280100   2   7   70001   9  29  290059  200038   4  11  120047   0   2   6   60016   1   3   40001////////////
280200   3   7   70143  13  40  490130  290101   4  12  130107   1   2   6   60141   1   4   40200////////////
280300   3   7   70239  14  60  600300  260213   4  13  130300   1   2   6   60207   1   4   40238////////////
280400   3   7   70341  20  59  610321  520334   5  13  140330   1   2   6   60317   1   4   40337////////////
280500   3   9   90446  28  98  980500  600401   5  14  150437   1   2   7   70448   2   6   60444////////////
280600   6  42  420600  38 115 1220554  950519   4   9  140506   3   3  12  120600   4  33  330600////////////
280700  38 136 1360700  20  13 1170618  130656   3  11  110645  31   7  24  250638  30 109 1090700////////////
280800  89 347 3560759   5  13  130701  120722   5  15  160756  74  15  57  580759  74 293 3010759////////////
280900 154 497 4970900   5  13  130859  130801   6  16  170828 130  24  76  760850 132 427 4270900////////////
281000 210 685 6851000   5  13  130933  130905   6  17  170958 179  31 102 1021000 181 598 5981000////////////
281100 261 792 8161055   5  13  131030  131003   6  14  221055 222  39 117 1211055 228 698 7201055////////////
281200 292 825 8621146   5  13  141104  131137   6  16  251147 249  43 124 1291146 258 730 7661139////////////
281300 272 864 8701228   5  13  141252  131205   6  18  281253 232  40 128 1301228 238 754 7701228////////////
281400 224 752 8381301   5  13  141316  131317   6  30  301400 191  33 114 1251301 191 640 7331301////////////
281500 137 230 7491401   5  13  141406  131456   6  16  291402 117  20  36 1141401 113 191 6381401////////////
281600  88 291 3091544   5  13  131532  131546   6  17  181544  74  14  48  511544  72 236 2531544////////////
281700  71 123 2771601   5  13  131607  131654   5  16  171625  59  12  21  461601  57  98 2241601////////////
281800  27  37 1191701   5  13  131711  131748   6  16  171727  22   5   9  201701  21  27  941701////////////
281900   4   7  351801   5  13  131808  131846   6  16  171803   2   2   4   91801   3   2  251801////////////
282000   3   7   81937   5  13  131923  131911   6  16  161904   1   2   5   61934   1   3   51934////////////
282100   2   7   72001   4  12  132006  122036   6  15  162039   0   2   5   52100   1   3   32056////////////
282200   3   8   82123   4  12  122101  122128   3   7  132103   1   2   6   72123   1   4   62123////////////
282300   3   8   82244   4  12  122207  112239   5  22  262259   1   2   6   62251   1   4   42250////////////
282400   3   5  102331   4  12  132335  122312   7  12  322324   1   2   4   82332   2   1   72329////////////
290100   2   7   70100   4  13  130004  120024   6  18  250032   0   2   5   50058   0   3   30056////////////
290200   2   7   70134   4  13  130146  110136   8  30  360152   0   2   6   60134   1   3   30134////////////
290300   2   7   70221   2  -7  180215 -100241  16  20  960257   0   2   6   60239   1   3   40237////////////
290400   2   7   70357   5  24  300340  -60302  12  48  940314   0   2   6   60303   1   4   40347////////////
290500   3   7   70444  11  47  470500  200405  19  65 1610454   1   2   6   60438   1   4   40443////////////
290600   8  50  500600  21  80  880559  440504  28  46 1540516   5   3  12  120600   5  39  390600////////////
290700  39 170 1700700  35  81 1060643  810601  15   4  940605  31   8  31  310700  31 142 1420700////////////
290800  88 317 3170800   8  13  720701  130748   4   7  220733  73  15  52  520800  74 268 2680800////////////
290900 145 480 4800900   5  13  130854  130802   2   6   90829 123  22  72  720900 124 412 4120900////////////
291000 181 549 5491000   5  13  130949  130905   3   7  100930 154  27  84  841000 155 472 4721000////////////
291100 189 594 6351031   5  13  141034  131007   3   5  171009 160  29  93  971031 161 513 5491031////////////
291200 193 691 7291156   5  13  141120  131125   3  10  131146 164  29 107 1131156 163 591 6281156////////////
291300 198 468 7731213   5  13  141239  131225   3  11  161229 168  30  69 1211239 167 380 6671213////////////
291400 203 436 7641339   5  13  141339  131319   4  10  171351 173  30  63 1161339 170 355 6561339////////////
291500 111 168 5771401   5  13  141413  131450   4  11  141432  94  17  26  911401  93 138 4861401////////////
291600  32  51 1611501   5  13  131506  131549   4   9  121511  26   6  11  251501  26  40 1331501////////////
291700  22  76  761700   5  13  131617  131611   3   9   91603  17   5  15  151700  17  61  611700////////////
291800  19  48  971705   5  13  131706  131755   3   9  101723  15   4  11  191705  14  37  791705////////////
291900   5   6  451801   5  13  131801  131850   4  10  131831   3   2   4  111801   3   2  341801////////////
292000   2   7   71957   5  12  131913  122000   5  17  171947   0   2   5   51920   1   3   31957////////////
292100   3   7   82053   4  12  132002  122040   4   9  172012   1   2   5   52053   1   3   42054////////////
292200   3   9   92200   4  12  122158  112112   3   6   82125   1   2   7   72200   1   6   62200////////////
292300   3   8   92202   4  12  122256  112232   3   7   82220   1   2   6   72201   1   4   62201////////////
292400   3   7   82302   4  11  122308  110000   3   7   82317   1   2   5   62302   1   4   42302////////////
300100   3   7   90024   4  11  120020  110054   3   7   80052   1   2   5   70023   1   4   50023////////////
300200   3   9   90200   4  13  130158  110111   2   6   80106   1   2   8   80200   2   7   70200////////////
300300   3   8   90203   4  11  130204  110252   3   7   80253   1   2   5   80201   2   4   70201////////////
300400   3   7   80311   4  11  120309  110332   3   7   80315   1   2   5   50311   1   4   40311////////////
300500   3   7   80446   4  13  130500  110412   3   7   70411   1   2   5   60449   1   3   40446////////////
300600   7  48  480600   5  16  160558  130501   4  12  340549   4   3  12  120600   5  36  360600////////////
300700  39 156 1560700   5  13  160601  130655   2   6  120601  31   8  29  290645  31 128 1280700////////////
300800  76 284 2840800   5  13  130706  130755   3   8   90738  63  13  46  460759  62 234 2340759////////////
300900 109 299 3790818   5  13  130854  130816   3   9  100833  92  17  46  610818  89 244 3150818////////////
301000 119 349 4210913   5  13  130908  130904   3   8  110936 101  18  52  660913  97 284 3530913////////////
301100 194 447 6491029   5  13  141049  131003   6  17  181057 164  30  66 1001029 163 370 5531029////////////
301200 198 568 6411145   5  13  141121  131106   4   9  201120 168  30  87 1001145 165 476 5441145////////////
301300 154 453 6161203   5  13  141201  131249   3   7  131224 130  24  71  951203 127 376 5221203////////////
301400 146 222 5561318   5  13  141355  131327   3  11  121330 123  23  33  871318 121 179 4661318////////////
301500  65 165 2181401   5  13  141422  131439   4  10  131422  55  10  28  321401  52 133 1751401////////////
301600  60 156 2021537   5  13  131528  131540   4  16  161557  50  10  27  351536  49 126 1651536////////////
301700  33  62 1531601   5  13  131618  131602   6  16  171622  27   6  13  261601  26  48 1231601////////////
301800  17  24  631703   5  13  131707  131749   6  16  171757  13   4   7  131702  13  17  491703////////////
301900   4   6  231801   5  13  131808  131830   6  16  171803   2   2   4   71801   2   2  161801////////////
302000   2   7   71958   5  13  131903  131954   5   9  171954   1   1   5   51955   1   3   32000////////////
302100   3   7   82043   5  13  132056  132011   5  20  212057   1   2   5   52041   1   3   42043////////////
302200   3   8   92148   5  14  142159  132102   8  24  252156   1   2   6   62153   2   4   62148////////////
302300   3   7   92229   5  14  142257  132202   9  27  292224   1   2   5   72229   2   3   62228////////////
302400   3   8   82359   5  16  162358  142307  11  34  340000   1   2   6   62359   1   4   40000////////////
