58265 2013   011213603204    1    1    1    1    1    1   60---------------------------------------------V3.00
010100   2   5   50032  -4 -10 -100027 -130021   6  17  170100   0   2   6   60038   1   1   30038////////////
010200   2   5   60133  -4  -7  120149 -130119   6  16  170106   0   2   5   60134   1   2   30132////////////
010300   2   5   50221  -3  -8  -70258 -110228   6  15  160213   0   2   6   60300   1   2   30221////////////
010400   2   5   80323  -3  -8  -50314 -110353   4   3  160348   0   2   5   60302   1   3   50357////////////
010500   2   5   60455  -3  -7  -60442 -120403   3  12  160415   0   2   6   60454   1   2   30454////////////
010600   2   5   60532  -3  -9  -60511 -100559  -4  -7  160541   0   2   5   60534   1   2   30538////////////
010700   2   5   50636  -3  -9  -70640 -110651   3  11  190635   0   2   5   60636   1   2   30635////////////
010800   2   6   60800  -3  -6  -60755 -100702  -1 -21   70731   0   2   5   60758   1   3   30800////////////
010900   9  52  520900   0   8   80900  -80803 -11 -46   70838   6   3  15  150900   6  37  370900////////////
011000  47 208 2081000  16  75  750958   90901  -1   7   90937  38   9  33  331000  37 161 1611000////////////
011100  86 282 2821100  36 131 1311100  741002   3  10  121035  72  14  47  471100  69 229 2291100////////////
011200 120 408 4081200  58 205 2051200 1321101   4  11  131156  99  21  70  701200  98 343 3431200////////////
011300 152 463 4641253  76 232 2331253 1961203   4  12  131236 126  26  80  801300 129 397 3971253////////////
011400 164 420 4891314  82 212 2481313 2031357   5  13  151351 136  28  73  841314 141 356 4231315////////////
011500 137 354 4171402  67 168 2091401 1681500   5  15  151447 113  24  62  721401 115 295 3531401////////////
011600 108 238 3561501  49 104 1691501 1031556   5  14  151501  89  19  42  631501  90 195 2971501////////////
011700  62 114 2351601  23  33 1001601  331700   5  12  151601  51  11  21  411601  50  87 1921601////////////
011800  21  19 1111701   3 -10  291701 -101800   4  10  121701  17   4   3  211701  15  12  851701////////////
011900   2   3  181801  -6 -18 -101801 -191843   3   9  101801   1   1   3   31900   1   0  111801////////////
012000   2   5   52000  -6 -16 -141904 -181934   3   8   81901   0   2   5   51942   0   2   21933////////////
012100   2   5   52056  -5 -14 -122057 -182017   3   9   92100   0   2   5   52100   1   2   22044////////////
012200   2   5   62118  -4 -13  -92148 -152154   6  16  162101   0   2   5   62155   1   2   32118////////////
012300   2   5   52227  -4 -10 -102250 -142210   6  16  172211   0   2   5   62228   1   2   32225////////////
012400   2   6   62357  -4  -8  -72353 -122303   6  15  172329   0   2   6   62358   1   3   32356////////////
020100   2   5   60018  -3 -10  -70016 -110040   6  16  160042   0   2   5   60020   1   2   30016////////////
020200   2   6   60200  -3  -8  100116 -100111   6  15  160104   0   2   6   60126   1   3   30136////////////
020300   2   5   60251  -3  -9  -70215 -100240   6  15  160229   0   2   5   60234   1   3   30250////////////
020400   2   6   60349  -3  -7  -60336  -90306   5  15  170334   0   2   6   60349   1   3   30348////////////
020500   3   8   80456  -2  -2  -20454  -80404   6  16  210450   1   2   6   70446   1   5   50446////////////
020600   3   7   80502  -1  -7  -10518  -70600   6  15  230556   1   2   6   60543   2   5   50501////////////
020700   3   8   80658  -1   1   10659  -80607   7  22  270650   1   2   5   60608   2   4   60627////////////
020800   3   8   80800   0   1   10743   00748   4   7  130704   1   2   6   60758   2   5   50758////////////
020900   4  18  180900   1   6   60900   10805   4  13  150858   2   2   6   60859   3  13  130859////////////
021000  13  62  621000   6  28  281000   70901   3   7  130901  10   3  13  131000  10  49  491000////////////
021100  31 107 1071100  14  50  501100  291001   3   8   81052  25   6  19  191100  24  84  841100////////////
021200  45  89 1711133  21  41  801133  351158   3   9   91147  37   8  16  291133  36  72 1351133////////////
021300  45 160 1641258  21  74  761258  301205   3   8   91207  37   8  27  281258  36 129 1321258////////////
021400  50 142 1561301  23  65  721301  571347   3   8   91342  41   9  24  271301  40 115 1251301////////////
021500  42 109 1551402  19  51  711402  421434   3   8   91434  35   7  19  261402  34  87 1241402////////////
021600  28  69 1051507  13  29  491501  271553   3   8   91533  23   5  14  191507  22  53  841507////////////
021700  19  47  701601   8  20  311602  181641   3   8   81616  15   4  11  141601  15  37  541601////////////
021800  11  16  471703   4   6  201703   61800   3   8   81758   8   3   6  111703   8  11  361703////////////
021900   3   7  151801   1   2   51802   21835   3   8   81810   1   2   5   61801   2   4  101801////////////
022000   3   7   71942   1   1   31902   11955   3   8   81901   1   2   5   51944   1   4   41941////////////
022100   3   7   72032   0   1   22031   12043   3   9   92100   1   2   5   52047   1   4   42032////////////
022200   2   7   72115   0   1   22115  -12135   6  16  172135   0   2   5   52121   1   3   42115////////////
022300   2   6   72211   0  -2   22202  -22300   6  17  172259   0   2   5   52243   1   3   42203////////////
022400   2   5   62305  -2  -5  -22301  -62330   6  19  192359   0   2   5   52340   0   1   32301////////////
030100   2   6   60048  -2  -5  -50009  -70023   6  16  190001   0   2   5   50046   0   1   10036////////////
030200   2   7   70200  -1   0   00200  -50101   6  16  160151   0   2   5   50123   1   4   40200////////////
030300   3   7   70214   0   0   20213   00252   6  16  170240   1   2   5   50212   1   4   40213////////////
030400   3   7   70301   0  -1   00307  -20346   6  24  260342   1   2   5   50356   1   4   40327////////////
030500   2   7   70417   0  -2   00416  -20459   7  26  260450   0   2   5   50415   1   3   40410////////////
030600   2   7   70538  -1  -1   00536  -30512   8  26  270510   0   2   5   50537   1   4   40537////////////
030700   3   7   70607   0  -1   00604  -20657   8  25  340635   1   2   5   50605   1   4   40606////////////
030800   3   7   70750   0  -1   00746  -10702   5  12  140718   1   2   5   50716   1   4   40716////////////
030900   4  18  180900   0   4   40900  -10813   4  12  130801   2   2   6   60900   2  12  120900////////////
031000  14  54  560958   5  23  240958   50902   3   8  130910  11   3  11  120958  10  41  440958////////////
031100  29  97 1021051  12  42  451051  221002   3   8   91038  24   5  18  181051  22  76  811051////////////
031200  46 147 1471200  20  65  651200  431101   3   9   91157  38   8  25  251200  37 117 1171200////////////
031300  61 178 1821226  27  79  801226  651201   3   9   91252  51  10  29  301226  49 140 1441226////////////
031400  58 156 1801301  25  67  801301  651309   3   9  101320  48  10  26  301331  46 123 1431331////////////
031500  55 134 1631413  24  57  711413  571500   3   8   91428  46   9  23  271413  44 105 1291413////////////
031600  37  87 1321501  15  36  561501  331557   3   8   91508  30   7  16  231501  29  69 1041501////////////
031700  23  49  871601   9  17  361601  171700   3   8   81614  18   5  11  161601  18  37  691601////////////
031800  10  13  481701   3   1  171704   11759   3   7   81710   7   3   6  111701   8   9  371701////////////
031900   3   7  131801   0  -2   11801  -21831   3   8   81900   1   2   5   61801   2   4   91801////////////
032000   2   7   71901  -1  -4  -21903  -42000   3   8   81902   0   2   5   52000   1   3   41901////////////
032100   2   7   72054  -1  -4  -32013  -42036   3   9   92100   0   2   6   62059   1   4   42055////////////
032200   2   7   72155  -1  -3  -32154  -42107   6  16  162134   0   2   5   62101   1   3   42101////////////
032300   2   7   72207  -1  -3  -22216  -32202   6  16  162219   0   2   5   52207   1   3   42207////////////
032400   2   7   72333  -1  -2  -20000  -32301   6  15  162323   0   2   5   52335   1   4   40000////////////
040100   3   7   70007  -1  -1  -10006  -20052   6  15  160019   1   2   5   50001   1   4   40100////////////
040200   3   7   70157  -1  -1  -10200  -20134   6  15  160146   1   2   5   50127   1   4   40200////////////
040300   3   7   70218   0  -1   00209  -20239   6  16  160244   1   2   5   50300   1   4   40250////////////
040400   3   7   70302   0  -2   00343  -20400   6  20  220343   1   2   5   50303   1   4   40302////////////
040500   3   7   70430   0  -1   00438  -20403   7  24  290451   1   2   5   50418   1   4   40440////////////
040600   3   7   70552   0  -1   00524  -20529   7  21  310550   1   2   5   50551   1   4   40525////////////
040700   3   7   70624   0  -1   00621  -20645   8  22  340649   1   2   5   50606   1   4   40625////////////
040800   3   8   80800   0   0   00731  -10704   4   8  120718   1   2   5   50721   2   4   40731////////////
040900   4  17  170857   1   5   50855   00801   2   7  120822   2   2   6   60852   3  12  120857////////////
041000   7  23  240935   2   6   80935   40906   3   7   80912   5   2   7   70934   5  17  170934////////////
041100  13  41  441056   4  15  161056   71001   3   7   81003  10   3   9  101056  10  32  331056////////////
041200  12  34  411101   5  13  161111  101130   3   8   81141   9   3   8   91101   9  25  321111////////////
041300  14  47  481231   5  18  181231  121206   3   8   81249  11   3  10  101231  11  36  371231////////////
041400  15  44  541304   6  17  211304  131329   3   8   81318  12   3   9  111307  12  34  421304////////////
041500  14  32  451408   5  11  171408  111500   3   8   81459  11   3   8  101410  11  24  351408////////////
041600   9  17  321501   3   3  111501   31600   3   7   81501   6   3   6   81515   7  11  241501////////////
041700   8  21  251639   2   4   61639   21608   3   7   81605   6   2   7   71638   5  15  181638////////////
041800   5   9  211701   0  -1   41701  -11758   3   8   81746   3   2   5   71701   3   5  151701////////////
041900   3   7   91801  -1  -2  -11801  -31850   3   7   81813   1   2   5   51852   1   4   51801////////////
042000   3   8   81944   0   0   01941  -31904   3   7   71956   1   2   5   61934   1   4   41945////////////
042100   3   8   82058  -1  -1   02008  -22028   3   9   92100   1   2   6   62019   1   4   42059////////////
042200   3   8   82106   0  -1   02157  -12200   6  16  162131   1   2   5   62104   1   4   42105////////////
042300   3   7   82203   0  -1  -12236  -22248   6  16  162243   1   2   5   52201   1   3   42201////////////
042400   3   7   72302   0  -1  -12301  -22355   6  16  162301   1   2   5   52353   1   3   42313////////////
050100   3   7   70058   0   0   00100  -10001   6  15  160048   1   2   5   50059   1   4   40100////////////
050200   3   7   70124   0  -2   00101  -20157   6  16  160158   1   2   5   50133   1   4   40125////////////
050300   3   8   80300   0  -1   00247  -10208   6  16  160241   1   2   6   60255   1   4   40248////////////
050400   3   8   80320   0  -1   00312  -10348   4 -28  160348   1   2   5   60342   2   4   40316////////////
050500   3   8   80458   0   0   00449  -10439  -5 -57  160403   1   2   6   60431   1   4   40500////////////
050600   3   7   80508   0  -1   00517  -10528 -15 -25  160532   1   2   6   60505   1   4   40515////////////
050700   3   8   80654   0   0   00659  -20607   3  17  350659   1   2   6   60651   1   4   40655////////////
050800   3   8   80800   0  -1   00722  -10800   0   7  110703   1   2   6   60703   1   4   40701////////////
050900   4  17  170900   0   4   40858   00801 -14-141   80810   2   2   7   70900   2  12  120900////////////
051000  10  51  511000   3  20  201000   40901   0   8   80958   7   3  10  101000   7  39  391000////////////
051100  37 119 1401028  16  53  641028  211001   3   9   91049  31   6  18  211028  29  95 1071039////////////
051200  40  91 1551128  17  38  691129  331147   3   8   91117  34   6  15  231129  33  73 1271128////////////
051300  34  74 1461219  15  30  661219  291248   3   8   91233  28   6  14  231219  27  59 1211218////////////
051400  19  39  801306   7  13  331306  121341   3   8   81309  15   4  10  141306  15  31  631306////////////
051500  16  70  711459   5  26  271459  101415   3   7   91446  12   4  13  131459  13  55  561459////////////
051600  26  38  931510  10  12  371510  121600   3   8   81554  21   5   9  161510  21  30  741510////////////
051700  10  32  411654   3   9  141654   41619   3   7   81614   7   3   9  101654   8  25  321654////////////
051800   7  12  361703   1   0  121703   01757   3   8   81736   4   3   6  101703   6   9  291703////////////
051900   3   7  121806   0  -2   11806  -31842   3   8   81844   1   2   6   61806   2   4   91807////////////
052000   2   5   71901  -1  -8  -21922  -81958   3   9   91958   0   2   4   61904   1   1   41901////////////
052100   2   7   82052  -1   0   02100 -102007   6  27  542059   0   2   6   62050   1   4   52049////////////
052200   3   7   82116   0  -1   02137  -22142  10  16 1232109   1   2   5   62110   2   4   42101////////////
052300   3   7   72201  -1  -1   02201  -32257   6  16  162259   1   2   5   62217   1   3   42216////////////
052400   2   5   72302  -3  -2  -12301 -112344   6  17  182331   0   2   5   52302   1   2   32302////////////
060100   3   8   90051   0   1   10100  -30012   6  17  170007   1   2   6   60016   2   5   50040////////////
060200   2   5   50200  -3  -7  -50111 -100122   6  16  170125   0   2   5   50200   0   1   10200////////////
060300   2   5   60236  -3  -8  -60236 -100230   6  16  160252   0   2   5   60206   1   2   20229////////////
060400   2   5   50310  -3  -7  -60324 -100318   1 -17  170333   0   2   6   60308   1   2   20350////////////
060500   2   7   70453  -2  -2   00451  -90402  -5   2  160402   0   2   6   60412   1   4   40453////////////
060600   3   7   70531   0   1   20545  -20501 -19 -60  160549   1   2   5   60511   1   3   40529////////////
060700   3   7   70621   0   0   20612  -10657   3  14  260649   1   2   5   50613   1   4   40619////////////
060800   3   8   80800   1   3   30800   00701  -1  -9   80725   1   2   5   50800   2   5   50800////////////
060900   7  34  340900   3  16  160900   30801  -8  -9   70853   5   2   9   90900   5  26  260900////////////
061000  16  50  570954   7  21  250953  160901  -1   7   80949  12   4  12  130954  13  40  450954////////////
061100  30 142 1421100  14  70  701100  211001   3   8   91028  24   6  23  231100  24 113 1131100////////////
061200  83 383 3831200  39 178 1781200  671112   3  10  111157  70  13  63  631200  65 296 2961200////////////
061300 148 435 4561257  68 200 2091257 1551213   4  12  141238 123  25  73  771257 116 347 3661257////////////
061400 146 346 4791318  66 145 2261318 1301358   4  14  141359 121  25  58  821354 116 266 3861318////////////
061500 102 113 4611424  44  42 2051424  421500   4  10  141401  84  18  18  891424  81  92 3741424////////////
061600  26  73 1121501   9  23  421501  131531   3   8  101501  21   5  14  181501  21  60  911501////////////
061700  16  25 1121614   5   4  411614  -31642   3   8  111641  12   4   7  201614  13  19  881614////////////
061800  10  22  391738   2   1  101738   11800   3   8   81800   7   3   7  101738   8  17  301738////////////
061900   3   6  211801  -2  -8   01801 -111840   3   8   81827   1   2   5   71801   2   3  161801////////////
062000   2   7   71933  -1  -4  -21931  -81902   3   7   81958   0   2   5   51950   1   4   41932////////////
062100   2   7   72057  -1  -4  -32052  -52021   3   9  182018   0   2   5   52100   1   4   42057////////////
062200   2   5   72101  -3  -9  -52101 -102115   6  17  292117   0   2   5   52101   1   2   42101////////////
062300   2   6   62300  -3  -7  -72222 -102218   6  16  172201   0   2   5   52242   1   3   32238////////////
062400   2   5   62321  -2  -9   42320 -102307   6  16  172333   0   2   5   52324   1   1   32321////////////
070100   2   6   60059  -3  -6  -50037 -100024   6  15  170005   0   2   5   50039   1   3   50024////////////
070200   2   5   70139  -2  -6  -20136  -80106   5  17  170200   0   2   5   70140   1   2   40137   0////   0
070300   2   5   60234  -2  -4  -30232  -70225   5  15  170201   0   2   6   60234   1   3   30234   0////   0
070400   2   5   60304  -2  -7  -30303  -70358   2 -15  180356   0   2   4   60306   1   1   30307   0////   0
070500   2   6   60457  -3  -6  -50456 -110441  -4  -2  170407   0   2   6   60456   1   2   30456   0////   0
070600   3   7   80523   0   1   40520  -70501 -19 -87  160549   1   2   5   60516   1   4   50521   0////   0
070700   3   8   80658   1   3   40655   10603   2  13  160648   1   2   5   50650   2   5   50657   0////   0
070800   3   8   80800   1   4   40745   20729   1  -2   90710   1   2   5   50701   2   5   50800   0////   0
070900   6  27  270900   3  13  130900   30804  -8 -34   70849   4   2   8   80900   4  22  220900   0////   0
071000  14  50  510953   6  25  260959  130903  -5   8   81000  10   4  11  120953  11  41  420953  50////   0
071100  33 140 1401100  17  68  691050  241001   3   8   81100  27   6  22  231050  27 111 1131050////////   0
071200  75 232 2701151  34 102 1201148  661106   3   8  101153  63  12  37  421151  59 181 2091148////////   0
071300 113 397 4831238  51 183 2291238  921224   4  12  131252  95  18  65  821238  87 302 3781238////////   0
071400 157 442 4961343  74 208 2391343 1321302   5  14  191355 131  26  72  821320 124 356 4071343////////   0
071500 151 385 4651402  73 185 2261402 1791455   5  14  151401 126  25  64  771402 124 318 3801402   9////////
071600 116 258 3811501  54 114 1841501 1141600   5  14  151554  72  44   0  19//// 2091501150116001501////////
071700  69 126 2541601  28  44 1131601  441700   5  11  141601  46  23   0  12////  981605160517001601////   9
071800  24  22 1251701   6   0  441702   01800   4   9  111703  19   5   5  231701  18  15  961701////////   1
071900   3   4  211801  -3 -12  -11801 -141852   3   8   91801  -1   4  20  201900   11801180119001801////////
072000   2   7   81950  -3  -9  -31945 -121901   3   8   81901   0   2   6   61947   1   4   51950 200////   9
072100   2   6   72001  -4  -7  -72056 -142022   3   9   92100  -3   5 400 4002100   22001200121002001////9645
072200   2   5   62132  -3 -10  -52130 -102159   6  17  172200  -3   5   4   42200   22138213822002133////2007
072300   2   5   62238  -3  -7   22228 -112213   6  16  172201   0   2   5   52239   1   2   22241////////9651
072400   2   5   62344  -3  -6  -42328  -92354   6  16  172357   0   2   5   62318   1   2   52348////////////
080100   2   6   60053  -3  -7  -50052 -100031   6  15  170014   0   2   5   50028   1   3   30045////////////
080200   2   7   70145  -1  -5   10141  -80103   5  16  160107   0   2   6   60133   1   3   40150////////////
080300   2   6   60201  -2  -5  -30254  -90239   6  15  170224   0   2   5   60202   1   3   30255////////////
080400   2   5   60301  -2  -5  -40346  -80320   2  -4  170357   0   2   5   50301   1   2   30301////////////
080500   2   5   60421  -2  -7  -50414  -80405  -4 -37  170406   0   2   5   50420   1   2   30421   3////   3
080600   2   5   60536  -3  -9  -50535  -90547 -10 -10  160549   0   2   5   50519   1   2   30536   4////  -3
080700   2   6   60653  -2  -4  -40700  -90601   3  12  160627   0   2   5   60655   1   3   30651   5////  -5
080800   3   8   80800   0   0   00751  -40707   0   1   70708   1   2   6   60757   1   5   50800   6////  -7
080900   7  36  360900   2  13  130900   00801  -7  -8   70854   4   3  11  110900   5  28  280900   7////  26
081000  31 145 1451000  13  66  661000  130901   1   8   90950  25   6  24  241000  24 110 1101000   8////  42
081100  69 245 2491057  31 111 1141057  671001   3  10  101058  58  11  41  411057  53 187 1891057   9////  17
081200 106 356 3561159  49 168 1681200 1121101   4  11  121158  88  18  61  611159  82 277 2771159  10////  55
081300 135 394 4321253  65 191 2121253 1521207   4  12  121243 112  23  66  731253 106 310 3421253   1////  11
081400 137 377 4251308  66 181 2091308 1271346   5  13  141347 114  23  62  701308 107 294 3351308   7////  12
081500 119 252 4001401  56 113 1961413 1071435   4  13  141434  99  20  40  691413  91 184 3201421  13////  -4
081600  92 236 2921511  41 104 1341511 1041600   4  12  131555  76  16  42  501511  71 185 2241511  14////  81
081700  62 115 2341601  25  39 1031601  391700   4  11  131602  51  11  21  421601  48  88 1841601  15////  17
081800  23  22 1141701   5  -8  391701  -81800   4   9  111713  19   4   5  211701  17  14  871701  16////  17
081900   2   4  211801  -5 -13  -81801 -161838   3   8   91801   1   1   4   51801   1   1  131801  17////  50
082000   2   8   81958  -3  -4  -41956 -131901   3   6   81901   0   2   7   71954   1   6   61954  18////  -3
082100   3   8   92057  -1   0   12054  -52019   3   8   82100   1   2   6   72001   2   5   52058  19////  -9
082200   3   7   82101  -1  -3   02101  -42121   6  16  162128   1   2   5   62101   1   4   52101  20////  -1
082300   3   7   72250  -1  -3  -22247  -32218   6  16  162208   1   2   5   52231   1   4   42252  21////  -8
082400   3   7   72359  -1  -2  -22303  -42347   6  16  162316   1   2   5   52356   1   4   42357////////////
090100   3   7   70033  -1  -1  -10051  -30038   6  16  160049   1   2   5   50034   1   4   40034////////////
090200   3   7   80149  -1  -2  -10151  -30110   6  16  160105   1   2   5   60147   1   4   50134////////////
090300   2   5   70201  -1  -8  -10203  -80300   6  18  190259   0   2   4   50201   1   1   40213////////////
090400   2   5   50400  -3  -9  -60341 -110303   6  10  200334   0   2   5   50359   0   2   20400////////////
090500   2   5   60444  -3  -7   50433 -110416  -1 -24  170410   0   2   5   60447   1   2   30442////////////
090600   2   5   50501  -3  -9  -60550 -100527  -9 -67  170508   0   2   5   50522   1   2   50541////////////
090700   2   6   90627  -3  -7  -60632 -110613   3  13  170608   0   2   5   50627   1   3   30623////////////
090800   2   6   60800  -3  -4  -40800 -110738  -1   2   80721   0   2   5   60714   1   3   30800////////////
090900   8  45  450900   0  10  110859  -60811  -9   5   80838   5   3  12  120900   5  31  310900////////////
091000  33 147 1471000  12  62  621000  100901   0   8   81000  26   7  25  251000  25 112 1121000////////////
091100  75 253 2531100  34 118 1181100  631001   3  10  101100  63  12  41  411059  58 197 1971100////////////
091200 107 332 3341158  49 153 1531200 1161107   4  12  121158  89  18  56  561158  83 257 2591158////////////
091300 136 440 4431256  64 210 2161256 1511201   4  12  131258 113  23  74  751256 108 353 3571256////////////
091400 152 416 4591313  72 200 2231313 1701351   5  12  151319 127  25  69  771313 121 327 3691313////////////
091500 136 337 4181401  64 158 2021401 1511434   5  13  171411 113  23  56  691401 108 269 3291401////////////
091600  97 193 3251514  43  81 1501501  721558   5  12  151513  81  16  31  551514  76 146 2591514////////////
091700  62 120 2191609  25  43  931614  431700   4  11  131609  51  11  22  391614  48  91 1731611////////////
091800  24  24 1181701   6  -3  421701  -31800   3   9  111701  19   5   7  221701  17  16  901701////////////
091900   3   4  231801  -4 -11  -31801 -131851   3   9   91900   1   2   4   71801   2   0  151801////////////
092000   1   4   41959  -5 -10 -102000 -171917   3   8   91905   0   1   5   51959   0   1   12000////////////
092100   2   5   52100  -4 -10  -92056 -132048   3   9   92100   0   2   5   62039   1   3   32059////////////
092200   2   7   72200  -2  -3  -32159  -92105   5  15  162106   0   2   6   62135   1   4   42159////////////
092300   3   8   82219  -1  -3  -12209  -42248   5  14  152255   1   2   6   72248   2   5   52215////////////
092400   3   7   82302  -1  -1  -10000  -42312   6  16  162330   1   2   5   72303   2   4   52303////////////
100100   3   7   70031   0  -1  -10028  -20009   6  16  160003   1   2   5   50033   2   4   40032////////////
100200   3   8   80124   0  -1   00147  -20134   6  16  160150   1   2   5   60118   2   4   50117////////////
100300   3   7   80233   0  -1   00255  -20233   6  16  160255   1   2   5   60235   2   4   50233////////////
100400   3   7   70304   0  -1   00319  -10345   6  20  240354   1   2   5   50318   1   4   40303////////////
100500   3   7   70401  -1  -2  -10412  -30438   8  29  290500   1   2   5   50420   1   3   40421////////////
100600   3   8   80600   0  -2   00539  -20558   7  27  280559   1   2   6   60600   2   5   50528////////////
100700   3   8   80606   0   0   10634  -10601  10  17  370635   1   2   5   60602   2   4   50603////////////
100800   3   8   80759   0   1   10737  -10708   5  14  160731   1   2   5   50701   2   5   50800////////////
100900   4  16  160855   1   5   50900   00813   4  13  140858   2   2   6   70857   3  11  110855////////////
101000   7  24  241000   2   9   90956   50929   3   7  150901   5   2   7   71000   5  18  181000////////////
101100  10  30  311052   4   9  111031   91020   3   8   81057   7   3   8   81052   8  22  231052////////////
101200  20 102 1021200   8  47  471200   91101   3   8   81104  16   4  17  171200  15  78  781200////////////
101300  56 148 1771235  27  69  851215  501201   3   8   91242  47   9  25  291235  44 119 1391235////////////
101400  45  75 1571326  21  34  721326  341400   3   9   91310  37   8  14  271326  36  60 1231326////////////
101500  45 123 1591414  20  55  711414  341401   3   8   91402  37   8  22  281414  36  99 1261414////////////
101600  40  94 1361508  18  41  611508  391536   3   8   91506  33   7  18  241508  32  76 1091508////////////
101700  18  24  921601   8   9  401601   91700   3   8   91605  14   4   7  171601  14  17  741601////////////
101800   7  13  281706   2   2  111706   11757   3   8   81748   5   2   6   81710   5   8  211710////////////
101900   3   7  131803   0   1   21801  -11821   3   8   81801   1   2   5   61804   2   4   81804////////////
102000   3   7   71958   0   0   11954  -11935   3   8   81927   1   2   5   51959   1   4   41958////////////
102100   3   7   72001   0  -3   02001  -32100   3   9   92100   1   2   5   52033   1   3   42001////////////
102200   2   7   72200  -1  -1  -12138  -32105   6  15  172110   0   2   5   52200   1   4   42159////////////
102300   3   7   82249   0  -1   22251  -22211   5  16  162300   1   2   5   62229   2   4   52248////////////
102400   2   6   72301  -1  -3   02304  -42352   6  16  172313   0   2   5   52301   1   3   42301////////////
110100   2   6   70002  -1  -4  -20023  -50015   6  16  170021   0   2   5   50056   1   3   30038////////////
110200   2   6   60110  -2  -5  -30136  -70132   6  15  170139   0   2   5   50200   1   3   30200////////////
110300   2   6   60239  -2  -6  -30224  -70253   6  16  170213   0   2   5   50243   1   3   30238////////////
110400   2   6   60320  -2  -7  -40319  -90334   3   7  160330   0   2   5   50326   1   2   30320////////////
110500   2   8   80500  -2  -8  -40409  -80500  -4 -35  160414   0   2   5   50442   1   3   30442////////////
110600   2   6   80501  -2  -6  -30548  -80530 -15 -70  160502   0   2   5   50551   1   3   30512////////////
110700   2   6   60654  -1  -3   70628  -80606   2  13  290634   0   2   5   50631   1   3   30654////////////
110800   2   8   80800  -1   1   10759  -60716  -2 -17   60721   0   2   5   50800   1   4   40800////////////
110900   7  39  390900   2  18  180900   00801 -13 -33   70844   4   3  10  100900   5  30  300900////////////
111000  15  51  520941   7  25  260939  140918  -3   7   80953  11   4  10  110941  12  39  410941////////////
111100  26 103 1031100  12  47  471100  251005   3   8   81038  21   5  18  181100  21  81  811100////////////
111200  66 286 2861200  29 131 1311200  481101   3   9  101149  55  11  49  491200  51 217 2171200////////////
111300 110 397 3971300  51 193 1931300 1121246   4  11  121233  91  19  69  691300  84 311 3111300////////////
111400--------------------------------------------------------------------------------------------------------
111500--------------------------------------------------------------------------------------------------------
111600--------------------------------------------------------------------------------------------------------
111700--------------------------------------------------------------------------------------------------------
111800--------------------------------------------------------------------------------------------------------
111900--------------------------------------------------------------------------------------------------------
112000--------------------------------------------------------------------------------------------------------
112100--------------------------------------------------------------------------------------------------------
112200--------------------------------------------------------------------------------------------------------
112300--------------------------------------------------------------------------------------------------------
112400--------------------------------------------------------------------------------------------------------
120100--------------------------------------------------------------------------------------------------------
120200--------------------------------------------------------------------------------------------------------
120300--------------------------------------------------------------------------------------------------------
120400--------------------------------------------------------------------------------------------------------
120500--------------------------------------------------------------------------------------------------------
120600--------------------------------------------------------------------------------------------------------
120700--------------------------------------------------------------------------------------------------------
120800--------------------------------------------------------------------------------------------------------
120900--------------------------------------------------------------------------------------------------------
121000--------------------------------------------------------------------------------------------------------
121100--------------------------------------------------------------------------------------------------------
121200--------------------------------------------------------------------------------------------------------
121300--------------------------------------------------------------------------------------------------------
121400--------------------------------------------------------------------------------------------------------
121500--------------------------------------------------------------------------------------------------------
121600--------------------------------------------------------------------------------------------------------
121700--------------------------------------------------------------------------------------------------------
121800--------------------------------------------------------------------------------------------------------
121900--------------------------------------------------------------------------------------------------------
122000--------------------------------------------------------------------------------------------------------
122100--------------------------------------------------------------------------------------------------------
122200--------------------------------------------------------------------------------------------------------
122300--------------------------------------------------------------------------------------------------------
122400--------------------------------------------------------------------------------------------------------
130100--------------------------------------------------------------------------------------------------------
130200--------------------------------------------------------------------------------------------------------
130300--------------------------------------------------------------------------------------------------------
130400--------------------------------------------------------------------------------------------------------
130500--------------------------------------------------------------------------------------------------------
130600--------------------------------------------------------------------------------------------------------
130700--------------------------------------------------------------------------------------------------------
130800--------------------------------------------------------------------------------------------------------
130900--------------------------------------------------------------------------------------------------------
131000--------------------------------------------------------------------------------------------------------
131100--------------------------------------------------------------------------------------------------------
131200--------------------------------------------------------------------------------------------------------
131300--------------------------------------------------------------------------------------------------------
131400--------------------------------------------------------------------------------------------------------
131500--------------------------------------------------------------------------------------------------------
131600--------------------------------------------------------------------------------------------------------
131700--------------------------------------------------------------------------------------------------------
131800--------------------------------------------------------------------------------------------------------
131900--------------------------------------------------------------------------------------------------------
132000--------------------------------------------------------------------------------------------------------
132100--------------------------------------------------------------------------------------------------------
132200--------------------------------------------------------------------------------------------------------
132300--------------------------------------------------------------------------------------------------------
132400--------------------------------------------------------------------------------------------------------
140100--------------------------------------------------------------------------------------------------------
140200--------------------------------------------------------------------------------------------------------
140300--------------------------------------------------------------------------------------------------------
140400--------------------------------------------------------------------------------------------------------
140500--------------------------------------------------------------------------------------------------------
140600--------------------------------------------------------------------------------------------------------
140700--------------------------------------------------------------------------------------------------------
140800--------------------------------------------------------------------------------------------------------
140900--------------------------------------------------------------------------------------------------------
141000--------------------------------------------------------------------------------------------------------
141100--------------------------------------------------------------------------------------------------------
141200--------------------------------------------------------------------------------------------------------
141300--------------------------------------------------------------------------------------------------------
141400--------------------------------------------------------------------------------------------------------
141500--------------------------------------------------------------------------------------------------------
141600--------------------------------------------------------------------------------------------------------
141700--------------------------------------------------------------------------------------------------------
141800--------------------------------------------------------------------------------------------------------
141900--------------------------------------------------------------------------------------------------------
142000--------------------------------------------------------------------------------------------------------
142100--------------------------------------------------------------------------------------------------------
142200--------------------------------------------------------------------------------------------------------
142300--------------------------------------------------------------------------------------------------------
142400--------------------------------------------------------------------------------------------------------
150100--------------------------------------------------------------------------------------------------------
150200--------------------------------------------------------------------------------------------------------
150300--------------------------------------------------------------------------------------------------------
150400--------------------------------------------------------------------------------------------------------
150500--------------------------------------------------------------------------------------------------------
150600--------------------------------------------------------------------------------------------------------
150700--------------------------------------------------------------------------------------------------------
150800--------------------------------------------------------------------------------------------------------
150900--------------------------------------------------------------------------------------------------------
151000--------------------------------------------------------------------------------------------------------
151100--------------------------------------------------------------------------------------------------------
151200--------------------------------------------------------------------------------------------------------
151300--------------------------------------------------------------------------------------------------------
151400--------------------------------------------------------------------------------------------------------
151500--------------------------------------------------------------------------------------------------------
151600--------------------------------------------------------------------------------------------------------
151700--------------------------------------------------------------------------------------------------------
151800--------------------------------------------------------------------------------------------------------
151900--------------------------------------------------------------------------------------------------------
152000--------------------------------------------------------------------------------------------------------
152100--------------------------------------------------------------------------------------------------------
152200--------------------------------------------------------------------------------------------------------
152300--------------------------------------------------------------------------------------------------------
152400--------------------------------------------------------------------------------------------------------
160100--------------------------------------------------------------------------------------------------------
160200--------------------------------------------------------------------------------------------------------
160300--------------------------------------------------------------------------------------------------------
160400--------------------------------------------------------------------------------------------------------
160500--------------------------------------------------------------------------------------------------------
160600--------------------------------------------------------------------------------------------------------
160700--------------------------------------------------------------------------------------------------------
160800--------------------------------------------------------------------------------------------------------
160900--------------------------------------------------------------------------------------------------------
161000--------------------------------------------------------------------------------------------------------
161100--------------------------------------------------------------------------------------------------------
161200--------------------------------------------------------------------------------------------------------
161300--------------------------------------------------------------------------------------------------------
161400--------------------------------------------------------------------------------------------------------
161500--------------------------------------------------------------------------------------------------------
161600--------------------------------------------------------------------------------------------------------
161700--------------------------------------------------------------------------------------------------------
161800--------------------------------------------------------------------------------------------------------
161900--------------------------------------------------------------------------------------------------------
162000--------------------------------------------------------------------------------------------------------
162100--------------------------------------------------------------------------------------------------------
162200--------------------------------------------------------------------------------------------------------
162300--------------------------------------------------------------------------------------------------------
162400--------------------------------------------------------------------------------------------------------
170100--------------------------------------------------------------------------------------------------------
170200--------------------------------------------------------------------------------------------------------
170300--------------------------------------------------------------------------------------------------------
170400--------------------------------------------------------------------------------------------------------
170500--------------------------------------------------------------------------------------------------------
170600--------------------------------------------------------------------------------------------------------
170700--------------------------------------------------------------------------------------------------------
170800--------------------------------------------------------------------------------------------------------
170900--------------------------------------------------------------------------------------------------------
171000--------------------------------------------------------------------------------------------------------
171100--------------------------------------------------------------------------------------------------------
171200--------------------------------------------------------------------------------------------------------
171300--------------------------------------------------------------------------------------------------------
171400--------------------------------------------------------------------------------------------------------
171500--------------------------------------------------------------------------------------------------------
171600--------------------------------------------------------------------------------------------------------
171700--------------------------------------------------------------------------------------------------------
171800--------------------------------------------------------------------------------------------------------
171900--------------------------------------------------------------------------------------------------------
172000--------------------------------------------------------------------------------------------------------
172100--------------------------------------------------------------------------------------------------------
172200--------------------------------------------------------------------------------------------------------
172300--------------------------------------------------------------------------------------------------------
172400--------------------------------------------------------------------------------------------------------
180100--------------------------------------------------------------------------------------------------------
180200--------------------------------------------------------------------------------------------------------
180300--------------------------------------------------------------------------------------------------------
180400--------------------------------------------------------------------------------------------------------
180500--------------------------------------------------------------------------------------------------------
180600--------------------------------------------------------------------------------------------------------
180700--------------------------------------------------------------------------------------------------------
180800--------------------------------------------------------------------------------------------------------
180900--------------------------------------------------------------------------------------------------------
181000--------------------------------------------------------------------------------------------------------
181100--------------------------------------------------------------------------------------------------------
181200--------------------------------------------------------------------------------------------------------
181300--------------------------------------------------------------------------------------------------------
181400--------------------------------------------------------------------------------------------------------
181500--------------------------------------------------------------------------------------------------------
181600--------------------------------------------------------------------------------------------------------
181700--------------------------------------------------------------------------------------------------------
181800--------------------------------------------------------------------------------------------------------
181900--------------------------------------------------------------------------------------------------------
182000--------------------------------------------------------------------------------------------------------
182100--------------------------------------------------------------------------------------------------------
182200--------------------------------------------------------------------------------------------------------
182300--------------------------------------------------------------------------------------------------------
182400--------------------------------------------------------------------------------------------------------
190100--------------------------------------------------------------------------------------------------------
190200--------------------------------------------------------------------------------------------------------
190300--------------------------------------------------------------------------------------------------------
190400--------------------------------------------------------------------------------------------------------
190500--------------------------------------------------------------------------------------------------------
190600--------------------------------------------------------------------------------------------------------
190700--------------------------------------------------------------------------------------------------------
190800--------------------------------------------------------------------------------------------------------
190900--------------------------------------------------------------------------------------------------------
191000--------------------------------------------------------------------------------------------------------
191100--------------------------------------------------------------------------------------------------------
191200--------------------------------------------------------------------------------------------------------
191300--------------------------------------------------------------------------------------------------------
191400--------------------------------------------------------------------------------------------------------
191500--------------------------------------------------------------------------------------------------------
191600--------------------------------------------------------------------------------------------------------
191700--------------------------------------------------------------------------------------------------------
191800--------------------------------------------------------------------------------------------------------
191900--------------------------------------------------------------------------------------------------------
192000--------------------------------------------------------------------------------------------------------
192100--------------------------------------------------------------------------------------------------------
192200--------------------------------------------------------------------------------------------------------
192300--------------------------------------------------------------------------------------------------------
192400--------------------------------------------------------------------------------------------------------
200100--------------------------------------------------------------------------------------------------------
200200--------------------------------------------------------------------------------------------------------
200300--------------------------------------------------------------------------------------------------------
200400--------------------------------------------------------------------------------------------------------
200500--------------------------------------------------------------------------------------------------------
200600--------------------------------------------------------------------------------------------------------
200700--------------------------------------------------------------------------------------------------------
200800--------------------------------------------------------------------------------------------------------
200900--------------------------------------------------------------------------------------------------------
201000--------------------------------------------------------------------------------------------------------
201100--------------------------------------------------------------------------------------------------------
201200--------------------------------------------------------------------------------------------------------
201300--------------------------------------------------------------------------------------------------------
201400--------------------------------------------------------------------------------------------------------
201500--------------------------------------------------------------------------------------------------------
201600--------------------------------------------------------------------------------------------------------
201700--------------------------------------------------------------------------------------------------------
201800--------------------------------------------------------------------------------------------------------
201900--------------------------------------------------------------------------------------------------------
202000--------------------------------------------------------------------------------------------------------
202100--------------------------------------------------------------------------------------------------------
202200--------------------------------------------------------------------------------------------------------
202300--------------------------------------------------------------------------------------------------------
202400--------------------------------------------------------------------------------------------------------
210100--------------------------------------------------------------------------------------------------------
210200--------------------------------------------------------------------------------------------------------
210300--------------------------------------------------------------------------------------------------------
210400--------------------------------------------------------------------------------------------------------
210500--------------------------------------------------------------------------------------------------------
210600--------------------------------------------------------------------------------------------------------
210700--------------------------------------------------------------------------------------------------------
210800--------------------------------------------------------------------------------------------------------
210900--------------------------------------------------------------------------------------------------------
211000--------------------------------------------------------------------------------------------------------
211100--------------------------------------------------------------------------------------------------------
211200--------------------------------------------------------------------------------------------------------
211300--------------------------------------------------------------------------------------------------------
211400--------------------------------------------------------------------------------------------------------
211500--------------------------------------------------------------------------------------------------------
211600--------------------------------------------------------------------------------------------------------
211700--------------------------------------------------------------------------------------------------------
211800--------------------------------------------------------------------------------------------------------
211900--------------------------------------------------------------------------------------------------------
212000--------------------------------------------------------------------------------------------------------
212100--------------------------------------------------------------------------------------------------------
212200--------------------------------------------------------------------------------------------------------
212300--------------------------------------------------------------------------------------------------------
212400--------------------------------------------------------------------------------------------------------
220100--------------------------------------------------------------------------------------------------------
220200--------------------------------------------------------------------------------------------------------
220300--------------------------------------------------------------------------------------------------------
220400--------------------------------------------------------------------------------------------------------
220500--------------------------------------------------------------------------------------------------------
220600--------------------------------------------------------------------------------------------------------
220700--------------------------------------------------------------------------------------------------------
220800--------------------------------------------------------------------------------------------------------
220900--------------------------------------------------------------------------------------------------------
221000--------------------------------------------------------------------------------------------------------
221100--------------------------------------------------------------------------------------------------------
221200--------------------------------------------------------------------------------------------------------
221300--------------------------------------------------------------------------------------------------------
221400--------------------------------------------------------------------------------------------------------
221500--------------------------------------------------------------------------------------------------------
221600--------------------------------------------------------------------------------------------------------
221700--------------------------------------------------------------------------------------------------------
221800--------------------------------------------------------------------------------------------------------
221900--------------------------------------------------------------------------------------------------------
222000--------------------------------------------------------------------------------------------------------
222100--------------------------------------------------------------------------------------------------------
222200--------------------------------------------------------------------------------------------------------
222300--------------------------------------------------------------------------------------------------------
222400--------------------------------------------------------------------------------------------------------
230100--------------------------------------------------------------------------------------------------------
230200--------------------------------------------------------------------------------------------------------
230300--------------------------------------------------------------------------------------------------------
230400--------------------------------------------------------------------------------------------------------
230500--------------------------------------------------------------------------------------------------------
230600--------------------------------------------------------------------------------------------------------
230700--------------------------------------------------------------------------------------------------------
230800--------------------------------------------------------------------------------------------------------
230900--------------------------------------------------------------------------------------------------------
231000--------------------------------------------------------------------------------------------------------
231100--------------------------------------------------------------------------------------------------------
231200--------------------------------------------------------------------------------------------------------
231300--------------------------------------------------------------------------------------------------------
231400--------------------------------------------------------------------------------------------------------
231500--------------------------------------------------------------------------------------------------------
231600--------------------------------------------------------------------------------------------------------
231700--------------------------------------------------------------------------------------------------------
231800--------------------------------------------------------------------------------------------------------
231900--------------------------------------------------------------------------------------------------------
232000--------------------------------------------------------------------------------------------------------
232100--------------------------------------------------------------------------------------------------------
232200--------------------------------------------------------------------------------------------------------
232300--------------------------------------------------------------------------------------------------------
232400--------------------------------------------------------------------------------------------------------
240100--------------------------------------------------------------------------------------------------------
240200--------------------------------------------------------------------------------------------------------
240300--------------------------------------------------------------------------------------------------------
240400--------------------------------------------------------------------------------------------------------
240500--------------------------------------------------------------------------------------------------------
240600--------------------------------------------------------------------------------------------------------
240700--------------------------------------------------------------------------------------------------------
240800--------------------------------------------------------------------------------------------------------
240900--------------------------------------------------------------------------------------------------------
241000--------------------------------------------------------------------------------------------------------
241100--------------------------------------------------------------------------------------------------------
241200--------------------------------------------------------------------------------------------------------
241300--------------------------------------------------------------------------------------------------------
241400--------------------------------------------------------------------------------------------------------
241500--------------------------------------------------------------------------------------------------------
241600--------------------------------------------------------------------------------------------------------
241700--------------------------------------------------------------------------------------------------------
241800--------------------------------------------------------------------------------------------------------
241900--------------------------------------------------------------------------------------------------------
242000--------------------------------------------------------------------------------------------------------
242100--------------------------------------------------------------------------------------------------------
242200--------------------------------------------------------------------------------------------------------
242300--------------------------------------------------------------------------------------------------------
242400--------------------------------------------------------------------------------------------------------
250100--------------------------------------------------------------------------------------------------------
250200--------------------------------------------------------------------------------------------------------
250300--------------------------------------------------------------------------------------------------------
250400--------------------------------------------------------------------------------------------------------
250500--------------------------------------------------------------------------------------------------------
250600--------------------------------------------------------------------------------------------------------
250700--------------------------------------------------------------------------------------------------------
250800--------------------------------------------------------------------------------------------------------
250900--------------------------------------------------------------------------------------------------------
251000--------------------------------------------------------------------------------------------------------
251100--------------------------------------------------------------------------------------------------------
251200--------------------------------------------------------------------------------------------------------
251300--------------------------------------------------------------------------------------------------------
251400--------------------------------------------------------------------------------------------------------
251500--------------------------------------------------------------------------------------------------------
251600--------------------------------------------------------------------------------------------------------
251700--------------------------------------------------------------------------------------------------------
251800--------------------------------------------------------------------------------------------------------
251900--------------------------------------------------------------------------------------------------------
252000--------------------------------------------------------------------------------------------------------
252100--------------------------------------------------------------------------------------------------------
252200--------------------------------------------------------------------------------------------------------
252300--------------------------------------------------------------------------------------------------------
252400--------------------------------------------------------------------------------------------------------
260100--------------------------------------------------------------------------------------------------------
260200--------------------------------------------------------------------------------------------------------
260300--------------------------------------------------------------------------------------------------------
260400--------------------------------------------------------------------------------------------------------
260500--------------------------------------------------------------------------------------------------------
260600--------------------------------------------------------------------------------------------------------
260700--------------------------------------------------------------------------------------------------------
260800--------------------------------------------------------------------------------------------------------
260900--------------------------------------------------------------------------------------------------------
261000--------------------------------------------------------------------------------------------------------
261100--------------------------------------------------------------------------------------------------------
261200--------------------------------------------------------------------------------------------------------
261300--------------------------------------------------------------------------------------------------------
261400--------------------------------------------------------------------------------------------------------
261500--------------------------------------------------------------------------------------------------------
261600--------------------------------------------------------------------------------------------------------
261700--------------------------------------------------------------------------------------------------------
261800--------------------------------------------------------------------------------------------------------
261900--------------------------------------------------------------------------------------------------------
262000--------------------------------------------------------------------------------------------------------
262100--------------------------------------------------------------------------------------------------------
262200--------------------------------------------------------------------------------------------------------
262300--------------------------------------------------------------------------------------------------------
262400--------------------------------------------------------------------------------------------------------
270100--------------------------------------------------------------------------------------------------------
270200--------------------------------------------------------------------------------------------------------
270300--------------------------------------------------------------------------------------------------------
270400--------------------------------------------------------------------------------------------------------
270500--------------------------------------------------------------------------------------------------------
270600--------------------------------------------------------------------------------------------------------
270700--------------------------------------------------------------------------------------------------------
270800--------------------------------------------------------------------------------------------------------
270900--------------------------------------------------------------------------------------------------------
271000--------------------------------------------------------------------------------------------------------
271100--------------------------------------------------------------------------------------------------------
271200--------------------------------------------------------------------------------------------------------
271300--------------------------------------------------------------------------------------------------------
271400--------------------------------------------------------------------------------------------------------
271500--------------------------------------------------------------------------------------------------------
271600--------------------------------------------------------------------------------------------------------
271700--------------------------------------------------------------------------------------------------------
271800--------------------------------------------------------------------------------------------------------
271900--------------------------------------------------------------------------------------------------------
272000--------------------------------------------------------------------------------------------------------
272100--------------------------------------------------------------------------------------------------------
272200--------------------------------------------------------------------------------------------------------
272300--------------------------------------------------------------------------------------------------------
272400--------------------------------------------------------------------------------------------------------
280100--------------------------------------------------------------------------------------------------------
280200--------------------------------------------------------------------------------------------------------
280300--------------------------------------------------------------------------------------------------------
280400--------------------------------------------------------------------------------------------------------
280500--------------------------------------------------------------------------------------------------------
280600--------------------------------------------------------------------------------------------------------
280700--------------------------------------------------------------------------------------------------------
280800--------------------------------------------------------------------------------------------------------
280900--------------------------------------------------------------------------------------------------------
281000--------------------------------------------------------------------------------------------------------
281100--------------------------------------------------------------------------------------------------------
281200--------------------------------------------------------------------------------------------------------
281300--------------------------------------------------------------------------------------------------------
281400--------------------------------------------------------------------------------------------------------
281500--------------------------------------------------------------------------------------------------------
281600--------------------------------------------------------------------------------------------------------
281700--------------------------------------------------------------------------------------------------------
281800--------------------------------------------------------------------------------------------------------
281900--------------------------------------------------------------------------------------------------------
282000--------------------------------------------------------------------------------------------------------
282100--------------------------------------------------------------------------------------------------------
282200--------------------------------------------------------------------------------------------------------
282300--------------------------------------------------------------------------------------------------------
282400--------------------------------------------------------------------------------------------------------
290100--------------------------------------------------------------------------------------------------------
290200--------------------------------------------------------------------------------------------------------
290300--------------------------------------------------------------------------------------------------------
290400--------------------------------------------------------------------------------------------------------
290500--------------------------------------------------------------------------------------------------------
290600--------------------------------------------------------------------------------------------------------
290700--------------------------------------------------------------------------------------------------------
290800--------------------------------------------------------------------------------------------------------
290900--------------------------------------------------------------------------------------------------------
291000--------------------------------------------------------------------------------------------------------
291100--------------------------------------------------------------------------------------------------------
291200--------------------------------------------------------------------------------------------------------
291300--------------------------------------------------------------------------------------------------------
291400--------------------------------------------------------------------------------------------------------
291500--------------------------------------------------------------------------------------------------------
291600--------------------------------------------------------------------------------------------------------
291700--------------------------------------------------------------------------------------------------------
291800--------------------------------------------------------------------------------------------------------
291900--------------------------------------------------------------------------------------------------------
292000--------------------------------------------------------------------------------------------------------
292100--------------------------------------------------------------------------------------------------------
292200--------------------------------------------------------------------------------------------------------
292300--------------------------------------------------------------------------------------------------------
292400--------------------------------------------------------------------------------------------------------
300100--------------------------------------------------------------------------------------------------------
300200--------------------------------------------------------------------------------------------------------
300300--------------------------------------------------------------------------------------------------------
300400--------------------------------------------------------------------------------------------------------
300500--------------------------------------------------------------------------------------------------------
300600--------------------------------------------------------------------------------------------------------
300700--------------------------------------------------------------------------------------------------------
300800--------------------------------------------------------------------------------------------------------
300900--------------------------------------------------------------------------------------------------------
301000--------------------------------------------------------------------------------------------------------
301100--------------------------------------------------------------------------------------------------------
301200--------------------------------------------------------------------------------------------------------
301300--------------------------------------------------------------------------------------------------------
301400--------------------------------------------------------------------------------------------------------
301500--------------------------------------------------------------------------------------------------------
301600--------------------------------------------------------------------------------------------------------
301700--------------------------------------------------------------------------------------------------------
301800--------------------------------------------------------------------------------------------------------
301900--------------------------------------------------------------------------------------------------------
302000--------------------------------------------------------------------------------------------------------
302100--------------------------------------------------------------------------------------------------------
302200--------------------------------------------------------------------------------------------------------
302300--------------------------------------------------------------------------------------------------------
302400--------------------------------------------------------------------------------------------------------
310100--------------------------------------------------------------------------------------------------------
310200--------------------------------------------------------------------------------------------------------
310300--------------------------------------------------------------------------------------------------------
310400--------------------------------------------------------------------------------------------------------
310500--------------------------------------------------------------------------------------------------------
310600--------------------------------------------------------------------------------------------------------
310700--------------------------------------------------------------------------------------------------------
310800--------------------------------------------------------------------------------------------------------
310900--------------------------------------------------------------------------------------------------------
311000--------------------------------------------------------------------------------------------------------
311100--------------------------------------------------------------------------------------------------------
311200--------------------------------------------------------------------------------------------------------
311300--------------------------------------------------------------------------------------------------------
311400--------------------------------------------------------------------------------------------------------
311500--------------------------------------------------------------------------------------------------------
311600--------------------------------------------------------------------------------------------------------
311700--------------------------------------------------------------------------------------------------------
311800--------------------------------------------------------------------------------------------------------
311900--------------------------------------------------------------------------------------------------------
312000--------------------------------------------------------------------------------------------------------
312100--------------------------------------------------------------------------------------------------------
312200--------------------------------------------------------------------------------------------------------
312300--------------------------------------------------------------------------------------------------------
312400--------------------------------------------------------------------------------------------------------
