58265 2012   021213603204    1    1    1    1    1    1   60---------------------------------------------V3.00
010100   3   8   80007   0  -1  -10055  -20021   6  17  180056   1   2   6   60007   2   5   50007////////////
010200   3   8   80101   0  -1  -10135  -20143   7  17  410117   1   2   6   60200   2   5   50200////////////
010300   3   8   80202   0  -1   00242  -20227   7  22  310210   1   2   5   60203   2   4   50203////////////
010400   3   8   80359   0  -1   00324  -20340   8  16  490337   1   2   6   60359   2   5   50359////////////
010500   3   8   80433   0  -1   00403  -20436   7  17  510407   1   2   6   60435   2   5   50433////////////
010600   3   8   80507   0  -2   00512  -20547   7  17  330509   1   2   6   60501   2   4   50507////////////
010700   3   8   80650   0  -1  -10700  -20635   8  18  370639   1   2   6   60650   2   5   50651////////////
010800   3   8   90759   0   0   00758  -20714   3   9  120731   1   2   6   60736   2   5   50736////////////
010900   4  16  160900   1   4   50859   00804   3   8  100813   2   2   6   60859   3  12  120900////////////
011000   9  33  331000   3  15  151000   50901   3   8   90934   6   3   8   80951   7  25  250952////////////
011100  14  52  521100   7  26  261100  151001   3   8   81100  11   3  10  101100  11  41  411100////////////
011200  24  73  771149  12  38  391150  271101   3   9  211113  20   4  12  131147  19  58  611148////////////
011300  29  87  871300  15  44  441300  371205   3   9  131253  24   5  14  141300  23  70  701300////////////
011400  37  91 1111341  19  47  591340  451301   3   9  181318  31   6  14  171340  30  73  901340////////////
011500  27  61  921405  13  30  481403  301500   3   9  111429  23   4  10  141402  21  48  741405////////////
011600  21  59  621552  10  28  291501  271522   3   8   91503  17   4  11  111552  17  47  501552////////////
011700  14  29  581601   6  12  281601  121700   3   9   91646  11   3   7  111601  11  22  461601////////////
011800   9  17  291701   3   3  121701   31800   3   8  101709   6   3   6   71704   6  12  221701////////////
011900   4   7  171801   0  -2   31802  -31847   3   9   91830   2   2   5   61801   2   4  121801////////////
012000   3   7   81939  -1  -3  -21901  -31949   3   8   91903   1   2   6   62000   1   4   41936////////////
012100   3   7   82021  -1  -2  -22018  -32032   3  10  102100   1   2   5   62039   1   4   52019////////////
012200   3   8   82200  -1  -1  -12153  -32112   6  17  182109   1   2   6   62200   1   5   52200////////////
012300   3   8   82247   0  -1   02204  -22246   6  17  202224   1   2   6   62246   2   4   52213////////////
012400   3   8   82307   0   1   10000  -22303   6  17  182334   1   2   5   62304   2   4   52303////////////
020100   3   8   80015   0   0   10001  -10039   6  17  180036   1   2   6   60025   2   4   40014////////////
020200   3   8   80200   0   1   10157  -10112   6  10  180141   1   2   6   60150   2   5   50150////////////
020300   3   8   80222   0   0   10203   00233   6  10  320205   1   2   6   60237   2   4   50220////////////
020400   3   8   80355   0   1   20348   00304   5  15  270336   1   2   6   60355   2   4   50354////////////
020500   3   8   80401   0   1   20452   00412   5  17  170422   1   2   6   60402   2   4   40401////////////
020600   3   8   80506   0  -2   20505  -50547   2  16  170501   1   2   6   70548   1   4   40504////////////
020700   3   8   80620  -1  -2  -10606  -30655   6  15  210632   1   2   6   60601   1   4   40602////////////
020800   3   8   80800  -1   0   00758  -30738   3   9  180706   1   2   5   60701   1   5   50800////////////
020900   6  29  290900   1  10  100900   00801   3   8  130805   4   2   8   80900   4  22  220900////////////
021000  14  67  671000   6  29  291000  100917   3   8  110935  11   3  12  121000  11  52  521000////////////
021100  36  97 1271045  17  48  641044  301001   3   9   91100  30   6  15  191045  28  78 1011045////////////
021200  30  75 1021111  15  37  521111  331124   3   9  141116  25   5  12  151102  24  58  831111////////////
021300  15  28  681201   6   8  341201   81300   3   8  121230  12   3   7  121201  11  20  531201////////////
021400  13  39  411322   4  16  161356   51306   3   8   91307  10   3   9   91322   9  29  311322////////////
021500  13  34  401418   5  12  161403  121459   3   8   91457  10   3   8   91418  10  25  301418////////////
021600  12  30  371525   5   9  171526   91600   3   9   91600   9   3   8   81525   9  21  291525////////////
021700  11  19  391621   4   7  131621   71700   3   8   91603   8   3   6   91621   8  13  291621////////////
021800   5  12  181701   2   4   71701   41736   3   8   81705   3   2   6   61701   3   8  131701////////////
021900   3   8  121801   1   2   51805   21856   3   8   81834   1   2   5   61806   2   5   81806////////////
022000   3   8   81901   0   1   21904   01944   3   8   81927   1   2   5   51904   2   4   51904////////////
022100   3   8   82005   0   1   12051   02020   3  10  102100   1   2   5   52006   2   4   42008////////////
022200   3   7   82101   0  -1   12104  -22156   6  17  182154   1   2   5   52129   1   4   42101////////////
022300   2   6   72220  -1  -6  -12218  -62253   6  18  182249   0   2   5   52220   1   2   42220////////////
022400   2   5   62327  -3 -11  -62323 -122355   7  18  192354   0   2   5   52330   1   2   32327////////////
030100   2   8   90059  -2   0   00049 -110005   6  15  190013   0   2   6   60100   1   5   50100////////////
030200   3   8   90112   0  -2   10108  -20200   5   9  170150   1   2   6   70103   2   4   60103////////////
030300   3   8   80213   0   0   00210  -10219   5  10  170240   1   2   6   60201   2   4   50252////////////
030400   2   5   80306  -1  -8   00302  -90352   7  14  440348   0   2   5   60307   1   1   40304////////////
030500   2   7   70500  -2  -1  -10500 -100405   7  35  380451   0   2   6   60500   1   4   40500////////////
030600   3   8   90523   0   1   20526  -10506  -2  16  260501   1   2   6   60519   2   5   50526////////////
030700   3   8   80612   0  -1   10608  -20647   5  11  270639   1   2   6   60612   2   4   50610////////////
030800   3  10  100800  -1  -1  -10704  -40726   3   8  160740   1   2   7   70800   1   6   60800////////////
030900   9  41  410900   3  17  170858  -10801   3   8  130839   6   3   9   90856   6  31  310900////////////
031000  22  93  931000  10  47  471000  170901   3   8   80934  18   4  15  151000  17  74  741000////////////
031100  33  97 1061029  17  50  551029  391017   3   9   91049  28   5  15  161029  26  77  851029////////////
031200  61 237 2391158  33 129 1341158  521101   3   9  121119  52   9  32  331158  49 188 1891158////////////
031300  77 152 2571206  42  81 1411207  811300   4  11  151254  67  10  21  351206  61 121 2031206////////////
031400  53 102 1791341  28  55  971341  551400   3   9  111322  45   8  15  251341  43  80 1431341////////////
031500  39  87 1351442  20  43  701442  431500   3   9  111409  33   6  14  201443  31  70 1111443////////////
031600  31  40 1111534  15  17  561535  171600   3   9  101558  26   5   8  181534  24  30  901534////////////
031700  11  30  381601   4  12  161601  101635   3   8  101647   8   3   8   81654   8  22  291601////////////
031800   9  13  311720   3   4  131719   41800   3   8   81757   6   3   6   81719   6   9  241720////////////
031900   3   8  131801   1   1   41801   01857   3   8   81828   1   2   5   61801   2   4   91801////////////
032000   3   8   81927   0   0   21926   01905   3   8   81929   1   2   5   51913   2   4   41927////////////
032100   3   8   82014   0   2   22056   02001   3   9   92100   1   2   5   52058   2   5   52057////////////
032200   3   8   82104   0   2   22119   12133   6  17  172127   1   2   5   52103   2   5   52103////////////
032300   3   8   82256   1   2   22255   12215   6  17  172207   1   2   5   52231   2   4   52257////////////
032400   3   8   82313   1   2   32310   12353   6  17  172356   1   2   5   52310   2   4   52311////////////
040100   3   8   80002   0   1   20001   00055   6  17  170005   1   2   5   50051   2   4   40029////////////
040200   3   8   80110   0   0   10109  -10123   6  21  400141   1   2   5   50101   1   4   40110////////////
040300   3   8   80234   0  -1   00201  -10257   7  22  410242   1   2   5   60229   2   4   50232////////////
040400   3   8   80325   0   0   10323  -10307   7  20  400311   1   2   5   60323   2   4   50323////////////
040500   3   8   80411   0  -1   10421  -10500   6  17  240444   1   2   5   60402   2   4   40421////////////
040600   3   8   80533   0   0   00518  -10501   6  17  190551   1   2   5   60544   2   4   40521////////////
040700   3   8   80653   0  -1   00632  -10611   7  17  350642   1   2   6   60638   2   4   50634////////////
040800   3   9   90800   0   1   10754  -10735   3   9  180743   1   2   6   60728   2   5   50800////////////
040900   7  32  320900   2  13  130900   10805   3   8  100805   5   2   8   80900   5  24  240900////////////
041000  17  61  611000   8  30  301000  140901   3   8   90948  13   4  12  121000  13  48  481000////////////
041100  30  97 1001056  15  51  521058  301001   3   8   91035  25   5  16  161056  24  78  801056////////////
041200  45 141 1411143  24  74  761145  501101   3   9   91149  38   7  21  211117  36 114 1151143////////////
041300  66 192 2131250  35 105 1151250  751204   3   9  151254  57   9  27  301249  54 158 1751250////////////
041400  65 145 2331340  34  74 1231340  741400   4  11  111359  56   9  20  321340  53 119 1931340////////////
041500  49 113 1601430  25  57  841430  571500   3   9  111401  42   7  17  231430  39  92 1311430////////////
041600  39 105 1211547  20  52  601548  511532   3   9  101504  33   6  16  191547  32  85  981548////////////
041700  25  49 1031601  12  22  521601  221700   3   9  101605  21   4  10  161601  20  38  841601////////////
041800  11  17  481701   4   5  221701   51800   3   8   91702   8   3   6  101701   8  12  371701////////////
041900   3   8  161801   0   0   41801   01856   3   8   81814   1   2   5   61801   2   4  111801////////////
042000   3   8   81907   0   0   11906   01928   3   8   81944   1   2   5   51958   1   4   41907////////////
042100   3   8   82037   0   0   12017   02013   3  10  102100   1   2   5   62040   2   4   42018////////////
042200   3   8   82101   0  -1   02113  -12151   6  17  182143   1   2   5   52105   1   4   42200////////////
042300   3   8   82212   0   0   02211  -12246   6  17  182227   1   2   5   62213   1   4   52212////////////
042400   3   8   82359   0  -1   02301  -22338   6  17  172344   1   2   6   62357   2   5   52357////////////
050100   3   8   80031   0  -1   00032  -10014   6  17  170050   1   2   5   60001   2   4   50033////////////
050200   3   8   80145   0   0   00200  -20146   6  23  310140   1   2   6   60134   1   4   40143////////////
050300   3   8   80204   0  -1   00210  -20237   7  24  340240   1   2   5   60202   1   4   40201////////////
050400   3   8   80351   0   0   00400  -20329   7  18  250326   1   2   6   60331   2   4   40331////////////
050500   3   8   80452   0   0   00500  -20409   6  17  190423   1   2   6   60451   2   5   50451////////////
050600   3   8   80506   0  -1   00536  -10541   6  18  220551   1   2   6   60505   2   4   50505////////////
050700   3   8   80626   0  -1   00615  -10659   8  22  400642   1   2   5   60607   2   4   50609////////////
050800   3   9   90800   0   0   00757  -10701   4  11  170741   1   2   6   60718   2   5   50800////////////
050900   5  24  240900   1   9   90900   00801   3   8  130815   3   2   7   70900   4  17  170900////////////
051000  14  59  591000   7  29  291000   90901   3   8  100934  11   3  11  111000  11  46  461000////////////
051100  32 120 1201100  17  64  641059  301001   3   8   81055  27   5  18  181100  26  96  961100////////////
051200  57 187 1921151  31  98 1021156  651101   3  10  101200  49   8  26  271151  47 154 1581151////////////
051300  76 233 2361258  40 121 1231258  981201   4   9  161254  66  10  31  321258  61 192 1941258////////////
051400 100 180 3151336  53  92 1671336  921400   4  12  151353  87  13  25  421336  79 136 2501325////////////
051500 119 360 4951444  65 199 2711444  781406   5  17  201444 103  16  49  711444  82 240 2831444////////////
051600 117 241 3961508  63 125 2161508 1251600   6  17  191502 101  16  32  551508  79 175 2501509////////////
051700  55  94 2271601  27  44 1161601  411654   4   9  161601  47   8  16  301601  43  75 1681601////////////
051800  24  43  951706  11  15  441706  151800   3   9  101710  19   5  10  161706  19  33  761706////////////
051900   7   7  421801   1  -4  141801  -51857   3   9   91805   5   2   5   91801   5   3  321801////////////
052000   3   7   71958  -1  -2  -21951  -51903   3   8   91902   1   2   6   61956   1   4   41959////////////
052100   3   8   82059  -1   0   02100  -32016   3   9   92100   1   2   6   62057   1   5   52057////////////
052200   3   8   82102   0   0   02139  -12112   6  17  182137   1   2   5   62101   1   4   52101////////////
052300   3   7   72300   0  -1   02213  -22208   6  17  182209   1   2   5   62230   1   4   42300////////////
052400   3   7   82332   0  -1   02307  -22346   6  18  182342   1   2   5   62329   1   4   42332////////////
060100   2   7   70001  -2  -3  -10001 -120037   7  17  200040   0   2   5   50025   1   4   40002////////////
060200   3   8   80133  -1  -2  -10140  -30153   6  24  310140   1   2   6   60136   2   4   50136////////////
060300   3   8   80201  -1  -2  -10213  -30238   8  25  270206   1   2   6   60201   1   4   40250////////////
060400   3   7   80322  -1  -3  -10315  -30354   7  20  270324   1   2   5   60323   2   4   50315////////////
060500   3   8   80459   0   0   00459  -20401   6  16  230443   1   2   6   60500   2   5   50500////////////
060600   3   8   80502   0   0   00537  -20529   7  17  220531   1   2   5   60546   1   4   50501////////////
060700   3   8   80623   0  -1   00621  -20604   9  24  270614   1   2   6   60622   2   4   50622////////////
060800   3  11  110800   0   0   00800  -20748   4   9  140716   1   2   6   60800   1   7   70800////////////
060900  15  99  990900   4  38  380855  -20826   3   9  120802  12   3  17  170900  11  72  720900////////////
061000  61 239 2400959  28 120 1201000  380901   4  15  150957  52   9  35  350959  47 181 1820959////////////
061100 111 370 3701100  59 202 2051058 1221001   6  21  211100  95  16  51  511100  70 159 2111021////////////
061200 155 472 4951154  86 275 2801154 2051101  12  56  591157 134  21  65  681154  59 168 1701156////////////
061300 179 519 5271250 100 284 2901250 2631210  19  53  621207 154  25  73  741250  64 189 1931255////////////
061400 187 517 5541334 103 288 3041334 2761329  11  20  491301 160  27  74  791334  66 181 1941320////////////
061500 177 476 5261402  96 254 2921408 2471456   7  19  221422 152  25  68  751402  65 181 1841414////////////
061600 144 341 4761501  76 175 2551504 1631556   6  16  201527 123  21  50  681501  62 173 1861510////////////
061700  69  67 3421601  34  29 1741601  291700   4  10  171611  59  10  11  501601  44  53 1781606////////////
061800  16  27  641701   6   7  271701   71759   3   9  101701  13   3   7  111701  12  20  501701////////////
061900   5   6  261801   0  -5   71801  -51900   3   9   91850   3   2   5   71802   3   3  191801////////////
062000   3   7   71952  -1  -1  -11956  -51901   3   8   91901   1   2   5   61932   1   3   41916////////////
062100   3   7   72054  -1  -2  -12016  -32044   3  10  102100   1   2   5   62053   1   3   42053////////////
062200   2   7   72159  -1  -4  -12108  -42155   7  18  192113   0   2   5   52159   1   3   32200////////////
062300   3   7   72257  -1  -4  -32225  -42250   6  17  182226   1   2   5   62256   1   4   42253////////////
062400   3   7   72329  -1  -4  -22351  -42336   6  18  182313   1   2   5   62328   1   3   42309////////////
070100   3   8   80044  -1  -4  -20015  -50001   6  17  180002   1   2   6   60044   1   4   40041////////////
070200   3   8   80143  -1  -3  -20141  -50106   7  28  300141   1   2   6   60144   1   4   40144////////////
070300   3   7   90223  -1  -4  -20238  -40208   8  31  310240   1   2   5   70222   2   3   60221////////////
070400   3   7   70350  -1  -4  -20312  -40356   8  17  310312   1   2   6   60400   1   4   40322////////////
070500   3   8   80443  -1  -4  -30443  -40434   7  17  290453   1   2   6   60455   1   4   40444////////////
070600   3   7   80530  -1  -4  -20546  -40525   7  17  270527   1   2   6   70529   2   4   50530////////////
070700   3   8   80642  -1  -2  -10629  -40602   9  27  290635   1   2   6   60646   2   4   50642////////////
070800   3   8   80800   0  -1   00729  -20702   4   8  150713   1   2   6   70713   2   5   50712////////////
070900   5  23  230900   1   9   90900  -10804   3   8  140806   3   2   7   70900   4  17  170900////////////
071000  13  60  601000   6  30  301000  100906   3   8  110934  10   3  12  121000  10  47  471000////////////
071100  34  92 1131037  18  47  591038  311001   3   9   91047  28   6  15  181037  28  74  931037////////////
071200  34  91 1051113  18  46  541113  421158   3   9   91146  28   6  15  171113  27  73  851113////////////
071300  35  82 1121221  18  42  581221  421259   3   9  151254  29   6  14  171221  28  66  911221////////////
071400  32  89 1051343  16  44  521343  381309   3   9  101315  27   5  15  161343  26  71  861343////////////
071500  31  52 1091407  15  26  541407  261500   3   9   91449  26   5  10  171407  25  42  881407////////////
071600  17  36  591511   8  17  291511  171600   3   9   91509  13   4   8  111515  14  27  471512////////////
071700  10  17  341601   4   8  161601   81700   3   9   91603   7   3   6   81639   7  12  261616////////////
071800   8  18  261729   3   6  121729   61759   3   8   91701   6   2   6   81738   5  13  201738////////////
071900   4   8  171801   1   1   61801   11853   3   8   81826   2   2   5   61801   3   4  121801////////////
072000   3   8   81957   1   2   31950   11932   3   8   81933   1   2   5   51951   2   4   51947////////////
072100   3   8   82008   1   2   32011   22034   3  10  102100   1   2   5   52006   2   4   52010////////////
072200   3   8   82134   1   3   42133   22155   6  17  182154   1   2   5   52133   2   4   52133////////////
072300   3   7   82219   1   1   32231   12300   6  18  182259   1   2   5   52227   2   4   52241////////////
072400   3   7   72350   0   0   12350  -12318   7  17  192322   1   2   6   60000   1   4   42358////////////
080100   3   8   80056   0  -2   00001  -20057   6  17  180002   1   2   6   60050   1   4   40029////////////
080200   3   8   90130   0   0   10154  -20101   6  27  280142   1   2   6   70109   2   4   40143////////////
080300   3   7   80203   0  -1   10210  -20252   8  28  310207   1   2   5   60201   1   3   40204////////////
080400   3   8   80320   0   2   30356   00301   8  17  300327   1   2   5   50305   2   4   50331////////////
080500   3   7   80414   0   0   20408  -10450   7  17  310409   1   2   5   50435   1   4   40414////////////
080600   3   7   80509  -1  -3   10510  -30600   7  18  260519   1   2   5   50549   1   3   40510////////////
080700   2   7   80657  -1   1   10700  -40609  10  27  300658   0   2   6   60651   1   4   40657////////////
080800   3   9   90800   0   2   20759   10740   5  14  150756   1   2   5   60701   2   5   50800////////////
080900   5  19  190900   1   6   60900   20807   3   8  150801   3   2   7   70900   3  14  140900////////////
081000   9  32  330954   2   8   80954   40917   3   8  140950   6   3   8   80954   6  23  240959////////////
081100  19  63  691046   7  24  271046   71001   3   8   81006  15   4  11  121046  15  48  541046////////////
081200  26  80  901153  10  34  401153  221129   3   8   81130  22   4  13  141153  20  63  711153////////////
081300  35  95 1091238  17  47  531238  361205   3  10  151230  30   5  15  171238  28  75  871238////////////
081400  28  64  921306  13  29  451301  291400   3   9   91301  23   5  11  141306  22  51  731305////////////
081500  24  64  711451  10  28  311433  251411   3   8   91406  20   4  11  131453  18  50  561451////////////
081600  20  45  641505   9  18  281505  181600   3   8   91535  16   4   9  111505  15  34  501505////////////
081700  13  29  441601   5   9  181601   91650   3   8   91606  10   3   8   91601  10  21  341601////////////
081800   7  13  281701   2   1   91705   11759   3   8   81719   5   2   6   81701   5   9  211701////////////
081900   3   7  131801  -1  -3   21801  -31838   3   8   91827   1   2   5   61801   2   3   81801////////////
082000   3   8   81946  -1  -1  -11941  -31901   3   8   81923   1   2   6   61949   1   4   41949////////////
082100   3   8   82056   0  -1   02055  -22021   3   9   92100   1   2   6   62012   1   4   42056////////////
082200   3   8   82106   0  -1   02129  -12120   6  16  172112   1   2   6   62104   2   4   42104////////////
082300   3   8   82223   0   0   02300  -22215   6  17  172253   1   2   6   62242   2   4   42221////////////
082400   3   8   82315   0  -2   12320  -20000   6  17  172323   1   2   6   60000   2   4   42313////////////
090100   3   8   80047  -1  -3  -10042  -30057   6  17  170054   1   2   6   60041   1   4   40040////////////
090200   3   8   80125  -1  -3  -10129  -30200   6  11  170152   1   2   6   60105   1   4   40128////////////
090300   3   8   80236  -1  -1  -10249  -30212   5  10  180233   1   2   6   60232   2   4   50233////////////
090400   3   8   80349   0   1   10359  -20303   4  -8  170312   1   2   6   60308   2   5   50355////////////
090500   3   8   80412   0   1   10456   00444   4  17  170421   1   2   6   60430   2   5   50410////////////
090600   3   8   80520   0   1   10522   10503  -2  17  170556   1   2   6   60503   2   5   50520////////////
090700   3   8   80639   0   1   10639   10659   7  32  330631   1   2   6   60637   2   5   50637////////////
090800   3   8   80800   0   2   20800   10712   4  12  190748   1   2   6   60756   2   5   50757////////////
090900   4  16  180846   1   5   60846   10802   2   8  120821   2   2   7   70846   3  11  130846////////////
091000   6  19  230922   2   7   80909   30933   3   8   80933   4   2   7   70922   4  14  160922////////////
091100   9  39  421055   4  16  191055   61015   3   8   81030   6   3   9   91055   7  30  331055////////////
091200  27  45 1291140  12  18  631140  161101   3   9   91149  23   4   9  171140  22  35 1071140////////////
091300  15  26  591213   6   9  261218   81256   3   8   91234  12   3   8  101213  12  20  461213////////////
091400  27  73 1431351  12  32  691351   91301   3   8   91322  23   4  12  191351  21  57 1141351////////////
091500  29  54 2011411  12  22  991411   81445   3   8   91427  24   5  10  241411  23  42 1641411////////////
091600  37 146 2061554  17  69 1011554  161535   3   9  101527  31   6  20  261554  30 113 1671554////////////
091700  25 123 1351601  10  52  641601   91630   3   7   91621  21   4  18  191601  20  98 1031601////////////
091800  38  34 1551716  15   9  671705   91800   3   9   91726  32   6   9  241716  27  25 1121705////////////
091900   7   6  351814  -2 -11   81801 -131856   3   9   91900   4   3   6   91814   5   3  261803////////////
092000   2   6   61901  -4  -7  -61948 -131916   3   8   91915   0   2   6   61908   1   3   32000////////////
092100   3   7   72038  -2  -4  -32042  -72002   3   9   92100   1   2   6   62037   1   4   42031////////////
092200   3   7   72103  -2  -5  -22141  -72148   6  17  172132   1   2   6   62105   1   3   42103////////////
092300   2   7   72242  -2  -5  -22240  -72216   6  17  172205   0   2   6   62255   1   3   42241////////////
092400   2   6   72318  -2  -9  -32316  -92358   6  18  182351   0   2   6   62312   1   2   32310////////////
100100   2   5   60004  -3 -10  -60027 -120055   6  17  180046   0   2   6   60030   1   1   30029////////////
100200   2   6   80133  -3   5   80157 -120115   3 -22  180111   0   2   5   60137   1   2   20200////////////
100300   2   6   70241  -1  -3   40201  -70220  -3 -30  180218   0   2   6   60242   0   2   20201////////////
100400   2   6   60334  -2  -4  -20331  -80343  -1  16  180317   0   2   6   60335   1   1   40320////////////
100500   2   6   60500  -2  -5  -40410  -80446   3  16  170420   0   2   6   60415   0   2   20414////////////
100600   3   7   90524   0  -2   30525  -50501 -10   3  160551   1   2   6   70520   2   4   50525////////////
100700   3   8   80659  -1   0   00658  -40607   7  19  270630   1   2   6   60655   1   5   50700////////////
100800   3   9   90800   0   0   10720  -20754   3  10  110704   1   2   6   70750   2   7   70800////////////
100900   8  49  490900   2  20  200859  -20804   2   7  110801   5   3  10  100900   7  41  410900////////////
101000  29 124 1241000  14  54  541000  190902   3  12  130949  24   5  19  191000  23  98  981000////////////
101100  55 244 2441100  24 124 1241100  551056   3  17  181059  47   8  36  361100  41 107 1321018////////////
101200  66 165 2351109  30  73 1111109  551102   4  11  161108  57   9  23  321112  49 124 1741124////////////
101300  84 192 5801209  41  93 3161209  761201   5  10  561209  73  11  26  811209  63 160 2331209////////////
101400  69 183 2151310  33  85 1071310  811346   4   9  151343  60   9  25  291310  58 154 1821333////////////
101500  53 131 1781407  25  61  831407  611500   4  14  161409  46   7  19  241407  44 109 1491401////////////
101600  55 165 1951520  26  78  941520  611541   4   9  151503  47   8  23  271520  46 138 1651520////////////
101700  66 120 3421618  31  53 1771618  531700   4   9  141626  57   9  17  521618  49  94 1901617////////////
101800  24  34 1181701  10  10  511701  101800   3   9   91705  20   4   8  171701  19  27  931701////////////
101900   5   8  321801   0  -2   91801  -21900   3   8   91801   3   2   5   81801   4   5  251801////////////
102000   3   7   81903  -1  -3  -11908  -41950   3   8   81939   1   2   5   61956   2   4   51907////////////
102100   3   7   72033  -1  -2  -22054  -32005   3   9   92100   1   2   6   62012   2   5   52012////////////
102200   2   6   72101  -2  -6  -22101 -102123   6  17  182122   0   2   5   62136   1   3   42101////////////
102300   2   5   72206  -4 -15  -52203 -162253   7  18  252253   0   2   5   52207   1   1   42209////////////
102400   2   5   52354  -5 -14 -122356 -162322   8  18  352336   0   2   6   60000   1   2   22354////////////
110100   2   6   60100  -4  -8   40048 -150007   6  16  180022   0   2   6   60045   0   1   20015////////////
110200   2   7   80149  -2  -5  -30135  -90106   3 -17  160103   0   2   6   60138   1   3   40150////////////
110300   2   8   80259  -2  -3  -30257  -80216   1  -8  170227   0   2   6   60259   1   4   40258////////////
110400   3   8   80322  -1  -2   00315  -30302   1   5  160354   1   2   6   60321   2   5   50351////////////
110500   3   8   80443  -1  -1  -10452  -30403   3  11  160456   1   2   6   60405   2   6   60444////////////
110600   3   8   80505  -1  -2   00516  -40558  -1   5  160503   1   2   6   70537   2   4   60506////////////
110700   3   8   80659  -1  -2  -10636  -30607   3   7  120642   1   2   6   60601   1   4   40622////////////
110800   3  10  100800  -1  -1  -10736  -30703   2   7   90754   1   2   6   60756   2   6   60800////////////
110900   8  35  350900   2  13  130900  -10801   3   8   90802   5   3   9   90900   6  27  270900////////////
111000  22 105 1060959  10  52  520959  140901   3  11  110957  18   4  16  160959  17  85  860959////////////
111100  50 169 1691100  25  87  871100  531001   3   8  121002  43   7  24  241100  41 139 1391100////////////
111200  69 231 2351155  36 122 1221156  841104   3  10  101159  60   9  31  311155  56 189 1931155////////////
111300  87 264 2701254  45 135 1411254 1141228   4  11  151255  76  11  35  351254  71 217 2211254////////////
111400  95 262 2971353  48 136 1531353 1201313   4  11  131344  82  13  35  391353  78 214 2411353////////////
111500  83 205 2781407  42 101 1471408 1011500   4  10  151426  72  11  27  361407  68 169 2261407////////////
111600  77 190 2391531  39  94 1231532  921502   3   9  121536  67  10  26  321531  63 158 1911532////////////
111700  49 135 1901601  23  65  941601  411618   3   8  111613  42   7  20  261601  39 110 1571601////////////
111800  34  50 1221701  15  18  591701  171759   3  10  101709  29   5   9  201739  27  39  991701////////////
111900   8   7  561802   1  -6  211801  -71836   3   8  101801   6   2   5  101805   6   4  441802////////////
112000   3   8   81922  -1  -1   01934  -51901   3   8   81901   1   2   5   61916   2   5   51916////////////
112100   3   7   82024   0  -1   02023  -22037   3  10  102100   1   2   5   52025   2   4   52025////////////
112200   3   8   82149   0   0   12148  -12103   6  17  172158   1   2   5   52130   2   5   52148////////////
112300   3   8   82238   0  -1   02208  -22225   6  17  172225   1   2   5   62237   2   4   52237////////////
112400   3   7   82328   0   0   00000  -22331   6  17  172358   1   2   5   62329   2   5   52327////////////
120100   3   7   80035   0  -2   00001  -30039   6  17  170059   1   2   5   50036   2   4   50001////////////
120200   3   7   80156  -1  -2  -10104  -30140   7  28  290147   1   2   5   50155   1   4   40155////////////
120300   3   8   80300  -1  -2  -20201  -40249   7  25  270201   1   2   6   60300   1   5   50300////////////
120400   3   7   80308  -1  -3  -10323  -30336   7  22  270305   1   2   5   60307   2   4   50306////////////
120500   3   8   80456  -1  -1  -10459  -40431   7  22  240401   1   2   6   60443   2   4   40454////////////
120600   3   8   80522  -1  -2  -10522  -30546   5  -2  190504   1   2   6   60511   2   4   50518////////////
120700   3   7   80634  -1  -2  -10632  -30645   6  15  190646   1   2   6   60635   2   4   50634////////////
120800   3   9   90800  -1   0   00800  -40703   3   7  100704   1   2   6   60800   2   6   60800////////////
120900   6  29  290900   1  10  100900  -10803   3   8   80801   4   2   8   80900   4  22  220900////////////
121000  21  90  901000  10  46  461000  110901   3  12  120959  17   4  15  151000  17  72  721000////////////
121100  54 209 2201058  28 112 1181058  451002   3   9  121006  46   8  29  311058  43 169 1751058////////////
121200 114 323 3601147  62 174 1991131 1171101   5  12  181148  99  15  42  491131  85 248 2611137////////////
121300 110 248 3671207  60 128 2041207 1261232   5  12  191216  96  14  31  491246  83 204 2681207////////////
121400  75 169 2461320  38  83 1261320  821359   4  10  121304  65  10  24  331320  62 140 2041320////////////
121500  63 222 2221500  31 114 1141500  761404   3   8  101438  54   9  32  321500  52 185 1851500////////////
121600  79 228 2471526  39 110 1261526  951551   3  11  111600  68  11  33  341526  64 160 2031532////////////
121700  80 213 2891607  37  96 1421607  661655   4  10  131615  68  12  33  441608  51 147 1771607////////////
121800  40  45 2171702  15   6 1001702   61800   3   9  111716  34   6   9  331701  28  32 1531702////////////
121900   8   5  471809  -2 -15   71810 -151856   3   8   91803   6   2   5  101809   5   2  321809////////////
122000   2   5   51902  -5 -11 -112000 -181925   3   8   91926   0   2   5   61908   0   2   21906////////////
122100   3   9   92050  -1  -2  -12055 -112001   3   9   92100   1   2   7   72050   2   6   62048////////////
122200   3   5   92101  -1 -13  -12139 -132200   6  19  192200   1   2   5   72102   2   2   62101////////////
122300   2   5   62229  -3 -11  -62221 -122201   6  18  192202   0   2   5   62253   1   2   32228////////////
122400   2   5   52301  -5 -11 -112301 -142308   7  19  192349   0   2   5   52340   0   1   22301////////////
130100   2   6   60100  -4 -11  -90051 -130010   6  16  190001   0   2   6   60055   1   2   20100////////////
130200   2   5   70143  -3 -11  -60142 -120101   6  13  170109   0   2   6   70142   1   1   30142////////////
130300   2   7   70259  -3  -6  -30256 -110205   5  14  180203   0   2   6   70247   1   3   40257////////////
130400   3   7   70311  -1  -4  -20320  -60301   4   8  170356   1   2   6   70305   1   3   40311////////////
130500   3   8   80445  -1   0   00451  -50402   4  16  170402   1   2   6   60448   1   5   50443////////////
130600   3   8   80502   0  -2   00524  -20551   0  16  160553   1   2   6   60542   2   4   50525////////////
130700   3   8   80623   0  -1   00608  -20602   4  12  180602   1   2   6   60626   1   4   40620////////////
130800   3  10  100800   0   2   20800  -10702   2   5   90720   1   2   6   60759   2   6   60800////////////
130900   7  31  310900   2  13  130900   20805   2   8   80815   5   2   8   80900   5  24  240900////////////
131000  20  85  851000   8  36  361000  130901   3   8  100954  16   4  14  141000  16  67  671000////////////
131100  46 170 1701100  23  87  871054  361001   3   9  101006  39   7  24  241100  38 138 1381100////////////
131200  74 261 2611200  39 138 1381200  881101   3   9  111153  64  10  36  361200  60 210 2101200////////////
131300 104 301 3131242  56 158 1701236 1361204   4  11  151257  90  14  41  421237  83 242 2471249////////////
131400 139 457 5411353  75 255 3011353 1511305   5  17  201342 120  19  62  761353  93 267 2801354////////////
131500 154 303 5461421  84 159 3091424 1451449   6  13  201405 133  21  39  751425  96 220 3161423////////////
131600--------------------------------------------------------------------------------------------------------
131700  64  22 3051601  32   6 1601601   61700   4  11  141615  54  10   5  451601  45  15 1971601////////////
131800   5  14  211701   1   1   51701  -11725   3   8  111705   3   2   6   61747   4   9  141701////////////
131900   4   8  141808   0  -1   11803  -21851   3   8   91834   2   2   5   61805   2   4   91806////////////
132000   3   7   81901  -1  -3  -11929  -31959   3   8   91936   1   2   5   51914   1   4   41901////////////
132100   2   6   72006  -2  -7  -22005  -92057   3  10  102100   0   2   5   62032   1   2   42005////////////
132200   2   5   62104  -3 -11  -62131 -132141   7  19  202150   0   2   4   52103   1   1   32103////////////
132300   2   5   62238  -4 -11  -92234 -132253   6  18  192201   0   2   5   52300   1   2   22211////////////
132400   2   7   82339  -3  -6  -42346 -112311   6  17  182301   0   2   6   62344   1   4   42339////////////
140100   3   7   70013  -2  -6  -30012  -80044   6  17  170039   1   2   6   60008   1   3   40011////////////
140200   2   6   70101  -3  -9  -60144 -110156   6  13  180124   0   2   6   60102   1   2   30103////////////
140300   2   6   60300  -3  -7  -70215 -100219   6  16  180212   0   2   6   60300   1   3   30300////////////
140400   2   6   70342  -3  -7  -60329 -100310   5  17  180310   0   2   6   60346   1   2   30301////////////
140500   3   8   80447  -1  -4  -10451  -90409   3  16  170407   1   2   6   60444   1   4   50445////////////
140600   2   8   80600  -2  -2  -20600  -80524   0  13  180510   0   2   6   60551   1   4   40600////////////
140700   3   6   80603  -1  -7  -10614  -70700   4  10  170631   1   2   5   60612   1   3   50603////////////
140800   3  14  140800  -2  -5  -40722 -100736   2   7   90757   1   2   6   60756   1   8   80800////////////
140900  15  71  710900   4  29  290900  -40802   3   7   80803  11   4  13  130900  11  53  530900////////////
141000  49 177 1860956  22  82  860956  300901   4  12  150946  41   8  26  280959  35 118 1240955////////////
141100  85 326 3261059  42 167 1681055  661013   5  20  201059  73  12  46  461059  52 182 1821100////////////
141200 132 406 4071156  69 213 2181156 1661101   9  32  331156 113  19  57  581156  73 231 2311200////////////
141300 163 518 5181300  88 281 2811300 1911251   8  21  321201 140  23  71  711300  90 290 2901300////////////
141400  73  77 5331304  39  34 2971304  211348   5   9  231314  63  10  12  751304  46  62 3021306////////////
141500  85 287 4061432  44 146 2241432  361401   3  12  131456  73  12  40  611432  65 205 2381431////////////
141600  56 154 3981511  28  70 2231511  121534   4   8  161530  48   8  24  601511  40 122 2501508////////////
141700  51 116 1591603  24  56  751647  561700   3   9  101628  43   8  18  251604  40  92 1251602////////////
141800  27  34 1111701  12  10  531701   91758   3   9  101703  22   5   8  181701  21  25  881701////////////
141900   7   7  351803   1  -4  111803  -41853   3   9   91831   5   2   5   81803   4   3  261803////////////
142000   3   8   82000  -1  -2  -11959  -51904   3   7   91902   1   2   7   72000   1   5   52000////////////
142100   3   7   82005  -1  -3  -12029  -32049   3  10  102100   1   2   5   72001   1   3   52001////////////
142200   2   5   72117  -2 -14  -22109 -142200   6  20  202156   0   2   4   52120   1   1   42117////////////
142300   2   5   62247  -4 -11  -92248 -152202   7  18  202201   0   2   5   52259   0   2   22248////////////
142400   2   6   62328  -4 -12  -82345 -122338   6  17  182312   0   2   6   62359   1   2   32328////////////
150100   2   6   60030  -4 -10  -80026 -130051   6  16  180048   0   2   6   60031   1   3   30100////////////
150200   2   6   60107  -3 -11  -70156 -120129   5   5  180139   0   2   6   60103   1   2   30108////////////
150300   2   6   60244  -3  -9  -70221 -110256   5  17  180217   0   2   6   60202   1   2   30243////////////
150400   2   8   80400  -2   0   00400 -100332   4  12  180341   0   2   6   60328   1   4   40400////////////
150500   3   6   80410  -1  -6   00425  -60455   4  17  180456   1   2   6   60413   1   3   50410////////////
150600   3   7   80548  -1  -1   00545  -80504   1  18  180600   1   2   6   60547   1   4   50549////////////
150700   3   8   80659   0   1   10655  -20621   7  20  250640   1   2   6   60622   2   5   50657////////////
150800   3  11  110800   1   3   30800   00711   3   8  110751   1   2   6   60800   2   7   70800////////////
150900  10  48  490858   4  22  220858   30801   3   7   80801   7   3  10  110858   8  38  380858////////////
151000  33 133 1370955  16  65  700956  220902   3   9  160955  27   6  21  220954  26 106 1070956////////////
151100  81 235 3221038  41 120 1691039  671001   4  12  151037  69  12  33  481038  58 177 2141037////////////
151200  97 271 3571136  51 140 1941137 1021118   6  16  271155  83  14  37  531136  67 189 2111136////////////
151300  77  79 3891202  40  40 2071209  381249   5   9  261203  66  11  13  571209  52  66 2321202////////////
151400  47 225 2851356  23 113 1521356  241308   3  10  121356  40   7  33  441356  37 172 1791355////////////
151500 137 455 4751454  73 247 2581454 1151401   5  14  161448 117  20  65  681454  82 241 2711422////////////
151600 107 234 4481501  56 116 2411501  661544   5   9  161532  92  15  32  641501  68 184 2451514////////////
151700  40 139 2541605  18  65 1321605  -81626   4   7  191626  34   6  22  371611  30 115 2011605////////////
151800  22  17 1431704  10   4  681705   31750   3   8  101741  18   4   6  231705  17  11 1181704////////////
151900   5   8  221811   1  -2   71811  -31855   3   8   91845   3   2   6   71811   3   4  161811////////////
152000   2   6   81904  -1  -5  -21902  -51949   3   9   91958   0   2   4   61903   1   2   41902////////////
152100   2   7   72053  -2  -5  -32052  -72026   3  10  102100   0   2   5   62054   1   4   42053////////////
152200   3   8   82153  -1  -1   02151  -62106   6  17  182105   1   2   6   62156   1   4   52153////////////
152300   3   7   82204  -2  -3  -12201  -92230   6  17  192238   1   2   5   62206   1   4   42206////////////
152400   3   8   82330  -1  -2  -12330  -32302   6  17  172343   1   2   6   62333   2   4   52331////////////
160100   3   8   80023   0  -1   00035  -20045   6  17  180037   1   2   6   60033   2   4   50022////////////
160200   3   8   80119   0  -1   00126  -20102   7  24  250148   1   2   6   60119   2   4   50119////////////
160300   3   8   80249   0   0   10250  -20221   6  16  280255   1   2   6   70253   2   5   50251////////////
160400   3   7   80301   0  -2   00319  -20347   7  20  280301   1   2   5   60301   1   4   50301////////////
160500   3   9   90459  -1  -1   00457  -20437   7  16  410453   1   2   7   70457   2   5   60457////////////
160600   3   7   90501   0  -1   00508  -20550   8  22  270542   1   2   6   70501   1   4   50501////////////
160700   3   7   70609   0   0   00651  -20601  10  28  320626   1   2   5   60637   1   4   40644////////////
160800   3   9   90800   0   0   00758  -10727   5  11  160724   1   2   5   50706   1   5   50800////////////
160900   5  26  260900   1   6   60857   00804   3   8  130805   3   2   8   80900   3  18  180900////////////
161000  11  46  461000   2  18  181000   10942   3   7  190954   8   3  10  101000   7  35  351000////////////
161100  41 157 1651053  19  75  821054  201001   3   8  111006  35   6  23  241053  33 125 1331054////////////
161200  81 246 2921144  41 128 1521144  791101   4  10  141144  70  11  33  411144  63 196 2141144////////////
161300  82 219 2881212  44 114 1561217  991256   4  10  151257  71  11  30  401217  66 182 2241212////////////
161400  81 264 2691336  43 142 1451359  931315   4   9  111344  70  11  36  371336  66 217 2201359////////////
161500  65  99 3061407  34  48 1651407  481459   4  10  131425  56   9  15  421407  53  80 2501407////////////
161600  31  70 1081511  15  33  531511  331600   3   9  101501  26   5  12  161511  25  54  861511////////////
161700  25  45  841628  12  19  401628  191700   3   9   91601  20   5  10  151628  20  34  681628////////////
161800  10  13  431701   4   2  181701   21800   3   8   91723   7   3   6   91701   7   8  331701////////////
161900   3   7  121801   0  -2   21835  -21859   3   8   91805   1   2   5   61820   2   3   81801////////////
162000   3   8   81959   0   0   01956  -21922   3   8   91912   1   2   6   62000   1   4   41959////////////
162100   2   7   82001  -2  -5   02001  -72052   3   9   92100   0   2   6   62054   1   3   42001////////////
162200   3   8   82158  -1  -1  -12200  -52102   6  16  182106   1   2   6   62148   1   5   52155////////////
162300   3   7   82202  -1  -2   02240  -32218   6  17  182217   1   2   5   62201   1   4   52203////////////
162400   2   7   72333  -1  -3  -22301  -42349   6  17  182350   0   2   5   52338   1   3   42301////////////
170100   3   7   70046  -1  -2  -20100  -30001   6  17  170050   1   2   5   60008   1   4   40040////////////
170200   3   8   80159  -1  -2  -10121  -30144   6  20  230141   1   2   6   60147   1   4   40135////////////
170300   3   7   80202  -1  -5  -10222  -50300   6  16  280254   1   2   6   60254   1   3   40202////////////
170400   3   7   80359  -1  -4  -20334  -50355   7  22  270307   1   2   6   60400   1   4   40400////////////
170500   3   8   80416  -1   0   00500  -40401   7  16  370453   1   2   5   60402   1   4   40402////////////
170600   3   7   80519   0  -1   10511  -10557   8  24  430552   1   2   6   60600   1   4   40600////////////
170700   3   8   80619   1   2   30653  -10601  10  28  440623   1   2   5   60611   2   4   50611////////////
170800   3   9   90800   0   2   20754   00718   5  13  230722   1   2   5   50756   1   5   50800////////////
170900   5  17  190845   1   0   40842   00900   3   9  150802   3   2   6   70844   3  11  130845////////////
171000  13  49  570952   3  16  220952   10901   3  13  150956  10   3  10  110952   9  37  440952////////////
171100  15  43  481006   5  15  171006  121052   3   8  131005  12   3   9  101006  11  32  371006////////////
171200  16  46  511149   6  18  191150  131114   3   8   91112  13   3   9  101149  12  35  391149////////////
171300  31  91 1101255  14  40  511255  181201   3   9  141232  26   5  14  161223  25  73  871255////////////
171400  27  59  961323  12  26  451323  251347   3   8  131301  23   4  10  141323  21  47  771323////////////
171500  21  43  731412   9  15  321413  141450   3   8   91448  17   4   9  121420  16  33  581420////////////
171600  16  51  541529   6  20  221529  121510   3   8   91553  13   3  10  101529  12  39  421528////////////
171700--------------------------------------------------------------------------------------------------------
171800--------------------------------------------------------------------------------------------------------
171900   5   8  211821   1   0   71803   01900   3   8   81900   3   2   5   71804   3   5  151821////////////
172000   3   8   81901   0  -1   01901  -21945   3   8   81924   1   2   5   61953   1   4   51902////////////
172100   3   8   82036   0   0   12035  -12045   3  10  102100   1   2   5   62009   2   4   52029////////////
172200   3   8   82150   0   1   12146  -22118   6  17  172120   1   2   6   62147   2   4   52151////////////
172300   3   7   82201   0  -2   12202  -22259   6  17  182236   1   2   6   62259   1   4   42201////////////
172400   3   7   72303  -1  -3  -12318  -30000   6  17  182336   1   2   5   62301   1   3   42301////////////
180100   2   7   70057  -1  -2  -20056  -30044   6  17  180035   0   2   6   60056   1   3   30057////////////
180200   3   8   80158   0  -1   00157  -30105   6  -1  170102   1   2   6   60148   1   4   40200////////////
180300   3   8   80209   0  -1   00207  -10252   5  17  170237   1   2   6   60218   1   4   40207////////////
180400   3   8   80351   0  -1   00350  -10312   4  17  170314   1   2   6   60355   1   4   40347////////////
180500   3   8   80419   0   0   00422  -10408   1  17  170439   1   2   6   60413   1   4   40430////////////
180600   3   8   80501   0  -1   00502  -10528  -4  17  230556   1   2   6   60527   1   4   40501////////////
180700   3   8   80621   0  -1   00637  -10651   4  31  310700   1   2   6   60653   1   4   40620////////////
180800   3  10  100800   0   0   00759  -10731   4  10  150759   1   2   6   60800   2   6   60759////////////
180900   5  26  260900   1   9   90900   00801   2   8  120801   3   2   8   80900   3  19  190900////////////
181000  19  93  931000   8  43  431000   90901   2  -8   90934  15   4  14  141000  15  75  751000////////////
181100  32  76 1211043  15  36  601043  331052   2   9   91042  27   5  12  171043  25  60 1001043////////////
181200  41  73 1911125  21  35 1011125  351200   3   9  101146  35   6  12  251125  33  59 1581125////////////
181300  33 136 1361300  16  68  681300  321220   3  12  131235  28   5  19  191300  27 108 1081300////////////
181400  48 105 1861340  24  52  951339  431330   3   8  111301  41   7  16  251340  39  85 1521340////////////
181500  30  67 1041401  14  31  511401  301451   3   9  181437  25   5  11  151401  24  55  841401////////////
181600  30  89 1061527  14  45  531526  271534   3   8  111535  25   5  14  161527  24  71  851527////////////
181700  30  51 1161634  14  23  591634  221658   3   9  101652  25   5   9  171633  24  41  961633////////////
181800  18  32  631732   8  12  281732  121800   3   9   91704  14   4   8  111732  15  25  501733////////////
181900   6   8  311801   1  -1  121801  -11859   3   8   91802   4   2   5   81801   4   5  241801////////////
182000   3   8   81901   0   0   01952  -11906   3   8   81902   1   2   6   61957   2   5   51901////////////
182100   3   8   82037   0  -1   02013  -12020   3  10  102100   1   2   5   62020   2   5   52043////////////
182200   3   8   82111   0  -1   02108  -22136   6  17  172137   1   2   6   62129   2   5   52112////////////
182300   3   7   82211   0  -2  -12211  -22258   6  17  172225   1   2   5   62217   2   4   52214////////////
182400   3   8   80000  -1  -1  -12359  -42329   6  17  172317   1   2   6   60000   1   4   42304////////////
190100   3   8   80036   0   0   10037  -20002   6  17  170059   1   2   6   60032   2   5   50039////////////
190200   3   8   80127   0   1   20125  -10108   6  17  180143   1   2   5   60130   2   5   50126////////////
190300   3   8   80207   0  -1   10207  -10252   5   7  500246   1   2   5   50202   2   5   50201////////////
190400   3   8   80351   0   1   10400  -20318   4  -2  350349   1   2   6   60341   2   5   50350////////////
190500   3   8   80457   1   2   20500   00403   0  12  210407   1   2   5   60439   2   5   50500////////////
190600   3   8   80502   1   1   20521   10557  -2   7  160501   1   2   5   50513   2   5   50501////////////
190700   3   8   80608   0   0   10601  -10654   4  15  220638   1   2   5   60654   2   5   50601////////////
190800   3  10  100800   0   3   30800  -10721   3   6  150737   1   2   6   60800   2   7   70800////////////
190900   6  24  240900   2  10  100859   30801   2   8   80838   4   2   7   70900   4  18  180900////////////
191000  13  55  551000   6  26  261000  100901   3   8  100954  10   3  10  101000  10  44  441000////////////
191100  22  95  951100  11  49  491100  231029   3   8  101008  18   4  15  151100  18  75  751100////////////
191200  30  71 1121118  15  37  581118  321141   3   9   91110  25   5  12  171118  24  54  911118////////////
191300  35 122 1291256  19  65  691255  341215   3   8  181238  30   5  18  181256  28 102 1081256////////////
191400  37 148 1531356  19  79  791359  301334   3   7  101320  32   5  21  221356  30 122 1271356////////////
191500  48 148 1501448  25  78  801447  591425   3   8  171437  41   7  21  211447  40 121 1231448////////////
191600  50 122 1541548  26  65  791547  641537   3   8  101530  43   7  18  211547  41 101 1271548////////////
191700  25  41 1191601  12  19  641601  191700   3   9  101609  21   4   8  171601  20  32  981601////////////
191800  10  16  411701   4   4  191701   41759   3   8   91739   8   2   6   81706   7  12  321701////////////
191900   4   8  161801   0  -2   41801  -21846   3   8   91839   2   2   5   61805   2   4  121801////////////
192000   3   8   81935   0   0   11946  -31912   3   8   81958   1   2   5   61935   2   5   51933////////////
192100   3   8   82043   0   1   22035   02007   3  10  102100   1   2   5   62025   2   5   52037////////////
192200   3   8   82151   0   1   22147   02136   6  17  172139   1   2   5   62125   2   5   52146////////////
192300   3   8   82210   0   0   22201  -12249   6  17  172256   1   2   5   62213   2   5   52211////////////
192400   3   8   82317   0  -1   12311  -12303   6  17  172309   1   2   5   62348   2   4   52318////////////
200100   3   8   80014   0  -1   00010  -20043   6  17  170015   1   2   6   60042   2   5   50012////////////
200200   3   7   80108   0  -2   00110  -20200   6  17  190141   1   2   5   60111   2   4   50111////////////
200300   3   8   80225  -1  -1  -10300  -30202   6  11  490246   1   2   6   60235   2   4   50225////////////
200400   3   7   80311   0  -2   00333  -20357   4  -2  170349   1   2   5   60316   2   4   50307////////////
200500   3   8   80451   0   0   00500  -20442   1  11  170429   1   2   6   60452   1   5   50450////////////
200600   3   8   80543   0   0   00537  -10511  -1  11  170526   1   2   6   60530   2   5   50558////////////
200700   3   8   80620   0   0   10606  -10638   0   5  110656   1   2   6   60655   2   5   50618////////////
200800   3  10  100800   0   3   30800  -10720   1   1   60707   1   2   6   60707   2   6   60800////////////
200900   6  18  200844   2   8   80853   20806   2   8   80824   4   2   6   70845   4  13  140844////////////
201000   9  36  380949   4  15  160949   70908   2  -4   80941   6   3   8   80950   7  28  290949////////////
201100  11  55  551100   5  26  261100   91042   3   8   81045   8   3  10  101100   8  42  421100////////////
201200  21  31  861122  10  14  421122  141200   3   9   91144  17   4   7  141122  17  24  691122////////////
201300  33 153 1661253  17  83  921254  131202   3   9  101256  28   5  21  231254  26 125 1351254////////////
201400  42  98 1541323  23  52  841318  341342   3   9  111301  36   6  15  211319  34  79 1281323////////////
201500  52 170 1721437  28  90  921439  531401   3   8   91450  44   8  24  241436  43 139 1411439////////////
201600  63 163 2001518  33  85 1051518  821545   3   9  101542  54   9  23  271518  52 133 1631518////////////
201700  49  98 1731606  26  50  901607  501659   3   9  101623  42   7  15  241606  40  80 1411606////////////
201800  24  23  991702  12   8  511702   81800   3   9  101705  20   4   6  151711  19  17  811711////////////
201900   5   8  211801   1  -1   71801  -11900   3   8   91802   3   2   5   61801   3   5  161801////////////
202000   3   7   81901  -1  -2   01902  -21950   3   8   91948   1   2   5   51939   1   4   51901////////////
202100   3   7   82007  -1  -3  -12016  -32047   3  10  102100   1   2   5   62007   1   4   52006////////////
202200   3   8   82157  -1  -2  -22146  -32106   6  17  172110   1   2   6   62155   2   4   52158////////////
202300   3   8   82243   0   0   02258  -22210   6  17  172203   1   2   6   62242   2   5   52242////////////
202400////////////////////////////////////////////////////////////////////////////////////////////////////////
210100////////////////////////////////////////////////////////////////////////////////////////////////////////
210200////////////////////////////////////////////////////////////////////////////////////////////////////////
210300////////////////////////////////////////////////////////////////////////////////////////////////////////
210400////////////////////////////////////////////////////////////////////////////////////////////////////////
210500////////////////////////////////////////////////////////////////////////////////////////////////////////
210600////////////////////////////////////////////////////////////////////////////////////////////////////////
210700////////////////////////////////////////////////////////////////////////////////////////////////////////
210800////////////////////////////////////////////////////////////////////////////////////////////////////////
210900////////////////////////////////////////////////////////////////////////////////////////////////////////
211000////////////////////////////////////////////////////////////////////////////////////////////////////////
211100////////////////////////////////////////////////////////////////////////////////////////////////////////
211200////////////////////////////////////////////////////////////////////////////////////////////////////////
211300////////////////////////////////////////////////////////////////////////////////////////////////////////
211400////////////////////////////////////////////////////////////////////////////////////////////////////////
211500////////////////////////////////////////////////////////////////////////////////////////////////////////
211600////////////////////////////////////////////////////////////////////////////////////////////////////////
211700////////////////////////////////////////////////////////////////////////////////////////////////////////
211800////////////////////////////////////////////////////////////////////////////////////////////////////////
211900////////////////////////////////////////////////////////////////////////////////////////////////////////
212000////////////////////////////////////////////////////////////////////////////////////////////////////////
212100////////////////////////////////////////////////////////////////////////////////////////////////////////
212200////////////////////////////////////////////////////////////////////////////////////////////////////////
212300////////////////////////////////////////////////////////////////////////////////////////////////////////
212400   3   8   82358   0  -1   02305  -22325   6  17  182321   1   2   5   62358   1   4   42355////////////
220100   3   8   80057  -1  -2  -10053  -20007   6  17  180004   1   2   5   50057   1   4   40055////////////
220200   3   8   80146   0  -1   00111  -20148   6  17  250141   1   2   6   60151   1   4   40146////////////
220300   3   8   80201  -1  -2  -10201  -30253   6  19  220257   1   2   6   60225   1   4   40300////////////
220400   3   8   80312  -1   0   00400  -20312   7  19  240306   1   2   6   60307   2   4   50310////////////
220500   3   8   80432   0  -2   00401  -20500   7  17  230423   1   2   6   60433   2   4   50432////////////
220600   3   8   80518   0  -1  -10517  -20543   7  18  250518   1   2   6   60509   2   4   40551////////////
220700   3   8   80627   0   0   00608  -10649   7  20  240634   1   2   6   60628   2   4   50622////////////
220800   3  16  160800   0   4   40800  -10722   4   8  110721   1   2   7   70800   2  11  110800////////////
220900   8  28  280900   3  11  110900   40801   3   8  120844   5   3   8   80822   6  21  210900////////////
221000  14  65  660956   6  34  350957  100926   3  12  120957  11   3  12  120956  11  53  530956////////////
221100  35 186 1861100  19 105 1051100  291010   3   7   91004  29   6  27  271100  28 153 1531100////////////
221200  55 209 2091200  30 114 1141200  571113   3  10  111154  47   8  29  291200  44 170 1701200////////////
221300  62 164 2191202  33  88 1201202  691240   4  10  151257  53   9  23  301202  50 132 1791202////////////
221400--------------------------------------------------------------------------------------------------------
221500--------------------------------------------------------------------------------------------------------
221600--------------------------------------------------------------------------------------------------------
221700--------------------------------------------------------------------------------------------------------
221800--------------------------------------------------------------------------------------------------------
221900--------------------------------------------------------------------------------------------------------
222000--------------------------------------------------------------------------------------------------------
222100--------------------------------------------------------------------------------------------------------
222200--------------------------------------------------------------------------------------------------------
222300--------------------------------------------------------------------------------------------------------
222400--------------------------------------------------------------------------------------------------------
230100--------------------------------------------------------------------------------------------------------
230200--------------------------------------------------------------------------------------------------------
230300--------------------------------------------------------------------------------------------------------
230400--------------------------------------------------------------------------------------------------------
230500--------------------------------------------------------------------------------------------------------
230600--------------------------------------------------------------------------------------------------------
230700--------------------------------------------------------------------------------------------------------
230800--------------------------------------------------------------------------------------------------------
230900--------------------------------------------------------------------------------------------------------
231000--------------------------------------------------------------------------------------------------------
231100--------------------------------------------------------------------------------------------------------
231200--------------------------------------------------------------------------------------------------------
231300--------------------------------------------------------------------------------------------------------
231400--------------------------------------------------------------------------------------------------------
231500--------------------------------------------------------------------------------------------------------
231600--------------------------------------------------------------------------------------------------------
231700--------------------------------------------------------------------------------------------------------
231800--------------------------------------------------------------------------------------------------------
231900--------------------------------------------------------------------------------------------------------
232000--------------------------------------------------------------------------------------------------------
232100--------------------------------------------------------------------------------------------------------
232200--------------------------------------------------------------------------------------------------------
232300--------------------------------------------------------------------------------------------------------
232400--------------------------------------------------------------------------------------------------------
240100--------------------------------------------------------------------------------------------------------
240200--------------------------------------------------------------------------------------------------------
240300--------------------------------------------------------------------------------------------------------
240400--------------------------------------------------------------------------------------------------------
240500--------------------------------------------------------------------------------------------------------
240600--------------------------------------------------------------------------------------------------------
240700--------------------------------------------------------------------------------------------------------
240800--------------------------------------------------------------------------------------------------------
240900--------------------------------------------------------------------------------------------------------
241000   9  39  391000   4  20  201000  130913   2   8  100945   7   2   9   91000   7  30  301000////////////
241100  22  79  851057  11  43  451057  201001   3   8  121003  18   4  14  151057  17  64  681057////////////
241200  22  56  761101  12  30  411101  271157   3   8   91154  18   4  10  131101  18  44  621101////////////
241300  25  74  841248  14  40  451248  311204   3  14  151259  21   4  13  141248  20  62  691248////////////
241400  29  79 1111353  15  41  571353  351323   3   9   91301  24   5  13  171353  23  62  891353////////////
241500  20  51  771401  10  25  411401  221447   3   8   91420  16   4  10  131401  16  40  611401////////////
241600  21  71  721543  11  36  371544  251520   3   8   91553  17   4  12  121544  16  57  571543////////////
241700  22  41  761605  11  20  391605  201700   3   9   91612  18   4   9  131605  18  31  601605////////////
241800  12  22  411711   6  10  201711  101800   3   8   91704   9   3   7   91716   9  16  321711////////////
241900   5   9  211801   2   4  101801   41900   3   8   81852   3   2   5   71801   3   5  151801////////////
242000   3   8   91901   1   4   41932   31947   3   9   91945   1   2   5   51902   2   4   51901////////////
242100   3   8   82039   1   3   42004   32100   3  10  102100   1   2   5   52036   2   4   52035////////////
242200   3   8   82158   1   2   32121   12146   6  17  182111   1   2   5   52156   2   4   52155////////////
242300   3   7   82204   0   1   22202   02258   6  17  182253   1   2   5   62234   2   4   52204////////////
242400   3   8   82344   0   0   12302  -12324   6  17  172303   1   2   5   62340   2   4   42343////////////
250100   3   8   80027   0   0   10030   00046   6  17  170007   1   2   5   50034   2   4   40027////////////
250200   3   7   80147   0  -1   00140  -10159   6  17  300142   1   2   5   60151   1   4   50146////////////
250300   3   8   80238   0   0   00237  -10202   7  30  310259   1   2   6   60238   2   4   50237////////////
250400   3   8   80337   0   1   10349  -10321   8  17  390344   1   2   6   60351   2   4   50350////////////
250500   3   7   80401   0   0   10402   00440   7  17  270425   1   2   5   60402   1   4   40401////////////
250600   3   8   80559   0   0   00535  -10513   7  20  270521   1   2   5   50559   1   4   40539////////////
250700   3   7   80617   0   0   00631  -10648   9  24  280639   1   2   5   60615   1   4   40616////////////
250800   3  11  110800   0   1   10800  -10723   4   8  190713   1   2   6   60759   2   7   70800////////////
250900   8  38  380900   3  17  170900   10806   3   8  120849   5   3   9   90900   6  30  300900////////////
251000  17  62  621000   8  31  311000  170901   3  12  121000  13   4  12  121000  14  49  491000////////////
251100  28  85  901053  14  45  481053  331001   3   8  131004  23   5  14  151052  22  68  731053////////////
251200  32  89  931115  16  46  491110  421145   3   9   91118  27   5  14  151141  26  72  751141////////////
251300  39 114 1221254  20  57  621253  461201   3  16  161300  33   6  17  181253  32  93 1001253////////////
251400  44 131 1351357  22  67  681358  581301   3   9  111304  37   7  20  201357  36 106 1091357////////////
251500  42 110 1321402  21  55  671402  531426   3   9  101424  36   6  17  201402  34  88 1071402////////////
251600  35  78 1161511  18  38  601511  381600   3   9  101522  29   6  13  181511  28  63  941511////////////
251700  22  54  771601  10  25  381601  251624   3   8   91611  18   4  11  131601  17  43  621601////////////
251800  13  22  531701   6   8  251701   81800   3   8   91707  10   3   7  101701  10  16  421701////////////
251900   5   9  221801   1   1   81801   11900   3   8   81814   3   2   5   71801   3   5  161801////////////
252000   3   7   81901   0   1   11901   01939   3   8   81915   1   2   5   51905   1   4   51901////////////
252100   3   7   82050   0   1   12051   02005   3  10  102100   1   2   5   52052   1   4   42052////////////
252200   3   8   82130   0   1   22139   12115   6  17  172134   1   2   5   52141   1   4   42140////////////
252300   3   8   82248   1   2   22247   12223   6  17  172223   1   2   5   52250   2   4   42248////////////
252400   3   8   82314   0   1   22307   02347   6  16  172309   1   2   5   50000   2   4   42359////////////
260100   3   8   80007   1   2   20052   10024   6  17  170056   1   2   5   60003   1   4   40003////////////
260200   3   7   80150   1   1   20105   10159   6  17  260142   1   2   5   50148   1   4   40149////////////
260300   3   7   80202   0   0   10203  -10238   7  29  310259   1   2   5   50238   1   4   40204////////////
260400   3   8   80400   0  -1   00301  -20346   8  17  440308   1   2   6   60400   1   4   40358////////////
260500   3   8   80450   0   0   00445  -20442   7  17  410409   1   2   6   60450   2   4   50450////////////
260600   3   8   80550   0  -1   00554  -10510   8  29  310530   1   2   6   60550   2   4   50548////////////
260700   3   8   80624   0  -1   00620  -20641  11  28  460639   1   2   5   60656   1   4   40624   2////   0
260800   3  11  110800   0   0   10757  -20740   5  13  210710   1   2   6   60800   2   7   70800   2////   0
260900   8  32  320900   2  13  130859   10802   3   8  140804   3   5////   9//// 900   9  25////  25////   1
261000  17  73  731000   8  36  361000  130904   3  14  150938  13   4  13  131000  13  59  591000 111////2329
261100  35 119 1191100  18  61  611100  371001   3   8  151001  29   6  18  181100  28  97  971100////////////
261200  54 167 1671200  27  84  841200  621101   3   9  101139  46   8  24  241200  44 136 1361200////////////
261300  57 140 1741248  29  70  891214  691232   4  16  231239  49   8  20  251208  46 113 1431208////////////
261400  53 155 1621327  27  77  831327  711354   3  10  111301  45   8  22  231327  43 124 1321327////////////
261500  60 160 1781444  30  80  901450  751424   3  10  101500  51   9  23  261444  49 130 1461445////////////
261600  40  74 1701506  19  35  841506  321546   3   8  101519  34   6  13  241506  32  58 1391506////////////
261700  20  42  721601   9  18  341601  141652   3   8   91639  16   4   9  131601  16  33  571601////////////
261800  13  25  471736   5   8  201736   81800   3   8   81712  10   3   7  101736  10  19  371736////////////
261900   5   8  241801   1   1   81801   01855   3   8   91824   3   2   5   71801   4   5  181801////////////
262000   3   7   81901   0  -1   01901  -11959   3   8   81955   1   2   5   51937   1   4   51901////////////
262100   2   8   82100  -1   0   02059  -72033   3   9   92100   0   2   5   52050   1   4   42013////////////
262200   2   6   82104  -2  -8   02103 -102154   6  17  192135   0   2   6   62156   1   1   42104////////////
262300   3   8   82240  -1  -4  -22235  -82201   6  17  182205   1   2   6   62300   1   4   42240////////////
262400   3   8   82333  -1  -3  -12334  -42302   6  17  172302   1   2   6   62303   2   4   52332////////////
270100   3   8   80010  -1  -3  -10041  -40050   6  17  170022   1   2   6   70052   2   4   50009////////////
270200   3   8   80143  -1  -3  -20138  -30108   6  17  170155   1   2   6   60148   2   4   50142////////////
270300   3   8   80300  -1  -2  -20258  -40246   6  17  180204   1   2   6   60201   1   4   40300////////////
270400   3   7   80301  -1  -6  -20313  -60358   5  18  180357   1   2   6   60301   2   4   50315////////////
270500   2   7   70401  -2  -4  -40500  -70419   4  16  170401   0   2   6   60433   1   4   40500////////////
270600   3   7   70510  -2  -6  -20509  -70539   1  10  190540   1   2   6   60514   1   3   40509////////////
270700   3   7   80619   0  -4   00617  -60603   8  22  400642   1   2   6   60628   2   4   50638////////////
270800   4  23  230800  -1   6   60800  -50721   4  10  180712   2   2   8   80800   2  17  170800////////////
270900  17 109 1090900   7  49  490900   70801   3   8  120811  13   4  17  170900  13  88  880900////////////
271000  64 242 2830950  30 116 1370950  400922   4  12  170950  55   9  33  400950  45 184 1841000////////////
271100 100 252 4071023  49 123 2051024  941058   4  13  171002  87  13  34  561023  74 182 2741025////////////
271200 102 157 4481141  52  73 2421141  731200   4  13  161140  88  14  21  621141  76 127 2861120////////////
271300  82 223 2781231  39 109 1331232  671205   4   8  201241  71  11  31  381231  67 183 2251249////////////
271400  62 233 2331400  29 113 1131400  521341   3   9  121312  53   9  33  331400  51 190 1901303////////////
271500  92  80 4501410  47  37 2371410  371500   4  11  131429  79  13  11  631410  70  64 3041410////////////
271600  42 107 1821520  20  51  901520  281504   3   8  121501  36   6  17  261520  34  86 1441520////////////
271700  40 106 1221650  19  50  591651  431635   3   9  101637  34   6  17  191650  32  86 1001650////////////
271800  31  47 1121715  14  19  531715  181758   3   9  101703  26   5   9  181715  25  37  911715////////////
271900   9   9  461801   2  -1  191801  -11858   3   8   91804   6   3   5   91801   7   6  371801////////////
272000   3   8   91901   0  -1   01924  -21937   3   8   81914   1   2   5   51946   2   5   61901////////////
272100   3   8   82058  -1  -3  -12006  -32100   3   9   92100   1   2   6   62059   2   5   52011////////////
272200   3   8   82156   0  -1   02156  -32102   6  17  172124   1   2   6   62131   2   5   52159////////////
272300   3   8   82205   0  -1   02220  -22240   6  17  172240   1   2   5   62203   2   5   52220////////////
272400   3   8   82308   0  -1   02305  -22338   6  17  172336   1   2   5   52306   2   5   52307////////////
280100   3   8   80015   0   0   00058  -20032   6  17  170035   1   2   5   60005   2   5   50014////////////
280200   3   8   80105   0   1   10140   00110   6  17  230127   1   2   5   60108   2   5   50117////////////
280300   3   8   80206   0   0   20209  -10258   6  17  230248   1   2   5   50207   2   4   50214////////////
280400   3   8   80357   0   0   00400  -20342   6  16  290311   1   2   6   60351   2   5   50354////////////
280500   3   8   80457   0   0   10454  -10414   6  16  220409   1   2   6   60404   2   5   50458////////////
280600   3   8   80521   0   1   10517   00503   6  17  220530   1   2   5   60503   2   5   50525////////////
280700   3   7   80609   0  -2   10620  -20700   7   6  310639   1   2   5   50603   2   4   50610////////////
280800   3  10  100800   0   1   10800  -20707   1   2   40737   1   2   6   60800   2   6   60800////////////
280900   6  23  230900   1   7   70900   10801   2   8   80812   4   2   7   70900   4  16  160900////////////
281000  16  59  610954   7  25  260954   70901   3   6   80937  13   3  11  110949  13  46  480954////////////
281100  23  74  741100  10  31  321056  241004   3   8   91049  19   4  12  121100  18  58  581100////////////
281200  23  43  821108  10  16  361111  161200   3   8   91143  19   4   8  131108  18  33  651108////////////
281300  12  30  431201   4  10  161216   61232   3   8  121239   9   3   7   81216   9  22  321201////////////
281400  21  99  991400   9  46  461400  101301   3   8   91304  17   4  15  151400  16  78  781400////////////
281500  37 103 1161418  18  48  551418  441455   3   9  101447  31   6  15  171418  30  83  921418////////////
281600  40  76 1331532  19  36  651532  341558   3   9   91554  34   6  13  201533  33  61 1091532////////////
281700  16  30  791603   7  13  371602  131654   3   8   91620  13   3   8  131602  13  24  631603////////////
281800  11  19  351706   5   6  161706   61800   3   8   81747   8   3   6   81706   8  14  291706////////////
281900   4   7  191801   1  -3   61803  -31900   3   9   91900   2   2   5   61801   3   4  141801////////////
282000   2   7   71959  -1  -3  -31901  -51919   3   8   91907   0   2   6   61959   1   3   31901////////////
282100   3   8   92053  -1   0   02100  -42006   3   9   92100   1   2   6   62005   1   4   52043////////////
282200   3   8   92106  -1  -1   02104  -32143   6  16  172131   1   2   6   62104   2   4   52107////////////
282300   3   7   82226   0  -3   02224  -32300   6  17  172259   1   2   5   62227   2   4   52227////////////
282400   3   7   70000  -1  -2  -22352  -32309   6  16  182305   1   2   5   50000   1   4   40000////////////
290100   3   7   70011  -1  -3  -30043  -40016   6  17  170048   1   2   6   60016   1   4   40015////////////
290200   3   7   80139  -1  -2  -20121  -30101   5  17  170122   1   2   6   60141   1   4   40139////////////
290300   3   7   80201  -1  -1  -10245  -30211   6  17  240248   1   2   5   60201   1   4   40201////////////
290400   3   8   80353  -1  -2  -10312  -30322   5  16  240333   1   2   6   60400   1   4   40331////////////
290500   3   8   80423   0  -1   00420  -20451   4  17  170440   1   2   6   60401   1   4   40421////////////
290600   3   7   80514   0   0   00507  -20520   3  10  180556   1   2   5   60514   1   4   40511////////////
290700   3   8   80652   0  -1   00601  -20617   6  18  210639   1   2   6   60647   1   4   40651////////////
290800   3  18  180800   0   5   50800  -20727   4   9  110742   1   2   7   70800   2  13  130800////////////
290900  13  60  600900   5  27  270900   50801   3   7  100801  10   3  12  120900  10  47  470900////////////
291000  39 155 1551000  19  80  801000  270901   3  11  111000  33   6  22  221000  32 127 1271000////////////
291100  73 254 2611053  39 139 1431054  801001   3  10  121003  63  10  34  351053  59 203 2061054////////////
291200 108 347 3471200  58 189 1891200 1331104   4  10  131155  94  14  46  461200  85 273 2731200////////////
291300 126 377 5821231  69 203 3371232 1481245   5  14  171242 109  17  49  821231  90 298 2981300////////////
291400 181 578 6471330 102 331 3701330 1731310   5  16  201333 157  24  77  881330 106 308 3241345////////////
291500 193 565 6321402 109 322 3651402 1751423   6  16  201419 167  26  78  861409 104 310 3291453////////////
291600 102 217 5591501  54 118 3171501  761535   5   9  181507  88  14  30  781501  70 169 3071501////////////
291700  41  52 2051601  19  21 1101601  211700   4   9  131610  35   6  10  291601  33  40 1601601////////////
291800  23  54  761707  10  22  331707  221800   3   9   91701  19   4  11  141707  18  42  601707////////////
291900   8   9  521801   2  -2  211801  -21856   3   8   91833   6   2   5  111801   6   5  411801////////////
292000   3   7   91901  -1  -3  -11943  -41911   3   8   91912   1   2   5   51930   1   4   51901////////////
292100   3   8   82013   0   0   02100  -22001   3  10  102100   1   2   5   52011   1   4   42010////////////
292200   3   8   82157   0  -1   02156  -22129   6  17  182131   1   2   5   62159   1   4   42156////////////
292300   3   8   82246   0   0   12252  -12210   6  17  172202   1   2   5   52229   1   4   42235////////////
292400   2   8   80000   2   6   62305   62343   2   6   62304   0   2   7   70000   1   5   50000////////////
