58265 2010   091213603204    1    1    1    1    1    1   60---------------------------------------------V3.00
010100   3   8   80014   3   7   70008   70027   2   7   70002   1   2   6   60059   1   4   40013////////////
010200   3   8   80102   3   7   70102   70116   2   7   70144   1   2   6   60113   1   4   40102////////////
010300   3   7   80213   3   7   70210   70258   2   7   70202   1   2   6   60213   1   4   40212////////////
010400   3   7   80312   3   7   70310   70320   2   7   70333   1   2   6   60333   1   4   40314////////////
010500   3   8   80436   3   7   70500   70438   2   7   70434   1   2   6   60439   2   5   50435////////////
010600   3   8   80504   3   7   70503   70504   2   7   70510   1   2   6   60554   1   4   50501////////////
010700   4  21  210700   3   7   70610   70601   2   7   70700   2   2   8   80700   2  15  150700////////////
010800  24 111 1110800   3   7   70756   70703   3   9   90743  18   6  24  240800  19  91  910800////////////
010900  47 155 1790852   3   7   70900   70802   3   9   90856  38   9  29  340852  39 129 1500852////////////
011000  82 231 2820947   3   7   70958   70907   3   9   90943  67  15  41  500947  68 195 2380947////////////
011100  70 182 2371002   3   7   71022   71040   3   9   91039  58  12  32  421002  59 155 1991002////////////
011200  86 253 3181151   3   7   71152   71144   3   9   91135  71  15  45  571151  73 220 2671151////////////
011300  56 144 2341201   3   7   71211   71232   3   9   91203  46  10  26  411201  46 118 2021201////////////
011400  58  95 2241326   3   7   71313   71341   3   9   91301  48  10  18  391327  47  78 1861327////////////
011500  31 140 1401500   3   7   71404   71447   3   9   91403  25   6  26  261500  25 116 1161500////////////
011600  83 363 3631600   3   7   71557   71515   3   9   91555  68  15  65  651600  69 298 2981600////////////
011700 110 127 5291626   3   7   71655   71604   3   9   91651  90  20  21 1031626  92 104 4411626////////////
011800  49  90 2021712   3   7   71703   71713   3   9   91702  40   9  18  371712  41  75 1711712////////////
011900  20  28  901801   3   7   71801   71900   3   9   91808  16   4   8  181801  16  22  761801////////////
012000   5   7  271901   3   7   71925   71920   3   9   91904   3   2   6   81901   3   4  211901////////////
012100   2   7   72048   3   7   72017   72026   3   8   92003   0   2   6   62055   1   3   42001////////////
012200   3   8   82200   3   7   72126   72153   2   7   72113   1   2   6   62148   1   4   42200////////////
012300   3   8   82211   3   7   72215   72206   2   7   72202   1   2   6   62207   1   4   42211////////////
012400   3   8   82354   3   7   72305   72322   2   7   72310   1   2   6   62352   1   4   52352////////////
020100   3   8   90022   3   7   70034   70005   2   7   70015   1   2   6   70036   2   4   50034////////////
020200   3   8   80146   3   7   70131   70122   2   7   70120   1   2   6   60101   2   5   50145////////////
020300   3   8   90207   3   7   70224   70245   2   7   70219   1   2   6   60245   2   4   50205////////////
020400   3   8   80345   3   7   70348   70304   2   7   70335   1   2   6   70319   2   4   50317////////////
020500   3   8   80500   3   7   70440   70453   2   7   70404   1   2   6   60440   1   5   50500////////////
020600   3   9   90600   3   7   70502   70514   2   7   70504   1   2   6   60600   2   6   60600////////////
020700   4  14  140700   3   7   70656   70622   2   7   70700   2   2   7   70700   2  10  100700////////////
020800  13  39  500743   3   7   70748   70713   3   9   90758   9   4  11  130743  10  30  390744////////////
020900  30 158 1600859   3   7   70831   70805   3   9   90859  23   7  31  330855  24 132 1340859////////////
021000  70 325 3251000   3   7   70947   70905   3   9   90935  57  13  62  621000  59 269 2691000////////////
021100 155 649 6711058   3   7   71052   71003   3   9   91055 127  28 118 1231058 128 545 5671058////////////
021200 182 382 7321132   3   7   71125   71101   3   9   91144 151  31  60 1301133 153 312 6301132////////////
021300 242 840 8401300   3   7   71235   71208   3   9   91252 201  41 145 1451300 206 718 7181300////////////
021400 201 183 8601308   3   7   71348   71301   3   9   91344 167  34  28 1511308 172 151 7461308////////////
021500 177 545 7171426   3   7   71401   71424   3   9   91404 146  31  95 1341426 151 474 6221456////////////
021600 192 462 6611506   3   7   71505   71511   3   9   91521 158  34  85 1191507 166 407 5761506////////////
021700 134 313 4491601   3   7   71601   71626   3   9   91609 109  25  59  841624 117 272 3951601////////////
021800  65  77 3061701   3   7   71740   71710   3   9   91718  53  12  15  581701  55  62 2661701////////////
021900  16  14  861812   3   7   71806   71843   3   9   91816  12   4   6  181812  13   9  721812////////////
022000   3   7  131901   3   7   71905   71953   3   9   91906   1   2   5   61908   2   2   91901////////////
022100   3   8   82053   3   7   72011   72056   3   8   92010   1   2   7   72044   1   3   42026////////////
022200   3   9   92159   3   7   72110   72121   3   7   72104   1   2   7   72131   1   5   52158////////////
022300   3   9   92300   3   7   72206   72300   2   7   72250   0   3   7   72204   2   5   52300////////////
022400   3   8   92330   3   7   72301   72314   2   7   72331   1   2   7   72306   2   4   62323////////////
030100   3   8   80043   3   7   70006   70036   2   7   70004   1   2   6   70001   1   4   40043////////////
030200   3   8   80158   3   7   70126   70108   2   7   70114   1   2   7   70200   2   4   50152////////////
030300   3   8   80201   3   7   70212   70258   2   7   70206   1   2   7   80202   1   4   40201////////////
030400   3   8   80358   3   7   70304   70343   2   7   70305   1   2   6   70312   1   4   40359////////////
030500   3   8   80447   3   7   70401   70410   2   7   70407   1   2   6   60455   1   3   40450////////////
030600   3   8   80522   3   7   70501   70537   2   7   70505   1   2   6   60508   1   4   40557////////////
030700   4  21  210700   3   7   70608   70656   2   7   70700   2   2   9   90700   2  15  150700////////////
030800  20  94  940800   3   7   70751   70736   3   9   90755  15   5  20  200800  16  76  760800////////////
030900  44 124 1490832   3   7   70856   70802   3   9   90846  35   9  25  310832  36 103 1230833////////////
031000  68 181 2370947   3   7   70942   70904   3   9   90953  55  13  35  450946  57 155 2040949////////////
031100  56 366 3661100   3   7   71018   71100   3   9   91005  45  11  70  701100  45 287 2871100////////////
031200  99 335 4201123   3   7   71145   71102   3   9   91135  81  18  59  791123  82 285 3411123////////////
031300 164 764 7981254   3   7   71218   71205   3   9   91258 135  29 135 1431254 139 659 6941254////////////
031400 259 769 8381310   3   7   71328   71306   3   9   91315 214  45 133 1511310 222 673 7331310////////////
031500 216 362 7761417   3   7   71455   71411   3   9   91438 179  37  60 1371430 187 308 6781417////////////
031600 173 608 6921534   3   7   71515   71517   3   9   91509 142  31 112 1291535 149 534 5931535////////////
031700  96  93 6071601   3   7   71625   71638   3   9   91607  79  17  16 1121601  83  76 5351601////////////
031800  27  72 1241708   3   7   71707   71800   3   9   91714  22   5  17  231708  22  56  971708////////////
031900  23  27 1071815   3   7   71804   71807   3   9   91802  18   5   8  241815  19  21  911815////////////
032000   4   8  251901   3   7   71901   71957   3   9   91907   2   2   6   81901   3   4  191901////////////
032100   3   8   82059   3   7   72019   72048   3   8   92025   1   2   6   62058   1   5   52058////////////
032200   3   8   82159   3   7   72113   72134   3   7   72104   1   2   6   62158   2   5   52158////////////
032300   3   7   82213   3   7   72232   72248   3   7   72250   1   2   6   62212   1   4   52213////////////
032400   3   8   80000   3   7   72326   72353   3   7   72320   1   2   6   62339   1   4   42359////////////
040100   3   7   80029   3   7   70006   70003   3   7   70051   1   2   6   60002   1   4   50028////////////
040200   3   8   80149   3   7   70139   70113   3   7   70106   1   2   6   60111   1   4   40145////////////
040300   3   9   90300   3   7   70249   70213   3   7   70242   1   2   6   60258   2   5   50259////////////
040400   3   8   90347   3   7   70329   70303   3   7   70307   1   2   6   60315   2   5   50345////////////
040500   3   8   90410   3   7   70417   70407   3   7   70417   1   2   6   60407   2   4   50409////////////
040600   3   8   90546   3   7   70506   70541   3   7   70521   1   2   6   60558   2   5   50546////////////
040700   3  11  110700   3   7   70624   70606   3   7   70700   1   2   6   70652   2   7   70700////////////
040800  17  61 1020751   3   7   70702   70726   3   9   90756  12   5  15  230751  13  50  830752////////////
040900  26 146 1460900   3   7   70808   70826   3   9   90831  20   6  30  300900  21 120 1200900////////////
041000  50 168 1750956   3   7   70926   70921   3   9   90927  40  10  33  340956  41 138 1460956////////////
041100  69 279 2791100   3   7   71031   71013   3   9   91051  56  13  53  531100  57 234 2341100////////////
041200 100 188 3861144   3   7   71117   71101   3   9   91112  82  18  32  701142  84 157 3181144////////////
041300  51 173 1831203   3   7   71216   71251   3   9   91218  42   9  33  331300  42 144 1521201////////////
041400  52 103 1831314   3   7   71354   71320   3   9   91301  42  10  19  341314  43  84 1511314////////////
041500  53 142 2011450   3   7   71410   71450   3   9   91405  43  10  26  371450  44 119 1681450////////////
041600  33  63 1381501   3   7   71511   71551   3   9   91511  27   6  13  251501  28  50 1151501////////////
041700  15  17  681603   3   7   71604   71635   3   9   91609  11   4   7  141603  12  11  541603////////////
041800   8  16  291724   3   7   71709   71706   3   9   91706   5   3   8  101724   6  11  221724////////////
041900   6  12  221826   3   7   71830   71855   3   9   91801   3   3   7   91826   4   8  161826////////////
042000   3   9  121901   3   7   71901   71937   3   9   91912   1   2   7   71901   2   5   71901////////////
042100   3   9   92059   3   7   72002   72013   3   8   92015   1   2   7   72052   2   5   52100////////////
042200   3   9   92105   2   7   72102   72106   2   7   72104   1   2   7   72113   2   5   52106////////////
042300   3   9   92246   3   7   72248   72225   2   7   72214   1   2   7   72300   2   5   52247////////////
042400   3   9  102349   3   7   72304   72317   2   7   72326   1   2   7   72301   2   6   62349////////////
050100   3   9  100004   3   7   70022   70001   2   7   70018   1   2   7   70018   2   5   60005////////////
050200   3   9   90108   2   7   70153   70151   2   7   70132   1   2   6   70101   2   5   50138////////////
050300   3   9   90211   3   7   70232   70234   2   7   70203   1   2   6   60205   2   5   50211////////////
050400   3   9   90327   3   7   70323   70355   2   7   70301   1   2   6   60315   2   5   50327////////////
050500   3   9   90441   3   7   70419   70402   2   7   70412   1   2   6   60430   2   5   50440////////////
050600   3   9   90515   2   7   70545   70548   2   7   70550   1   2   6   60541   2   5   50533////////////
050700   3  10  100700   3   7   70615   70638   2   7   70700   1   2   6   60634   2   6   60700////////////
050800   5  17  200754   3   7   70712   70719   3   9   90753   3   2   7   80754   3  12  140754////////////
050900   7  22  270834   3   7   70805   70812   3   9   90823   4   3   8   80833   5  16  200834////////////
051000  16  71  780955   3   7   70903   70907   3   9   90946  12   4  14  150955  13  58  630955////////////
051100  22  59  891047   3   7   71028   71037   3   9   91008  17   5  13  171047  18  48  721047////////////
051200  30 127 1291145   3   7   71158   71129   3   9   91115  24   6  22  221159  24 103 1061145////////////
051300  44 156 1701210   3   7   71256   71209   3   9   91227  36   8  26  281210  36 127 1401210////////////
051400  49 171 2201320   3   7   71315   71306   3   9   91346  41   8  28  371319  40 144 1841319////////////
051500  48 214 2601458   3   7   71416   71413   3   9   91455  39   9  37  431458  40 178 2201458////////////
051600  63 277 2951557   3   7   71521   71513   3   9   91518  52  11  47  501557  53 235 2511557////////////
051700  53  54 2661601   3   7   71629   71610   3   9   91643  44   9  11  451601  45  45 2251601////////////
051800  12  36  511701   3   7   71703   71727   3   9   91703   9   3  10  101701  10  29  421701////////////
051900  10  12  511816   3   7   71816   71856   3   9   91831   7   3   6  121816   8   9  421816////////////
052000   3   7  121901   3   7   71903   71919   3   9   91954   1   2   6   61901   2   3   91901////////////
052100   3   9   92057   3   7   72016   72047   3   8   92003   1   2   6   62055   2   5   52057////////////
052200   3   9   92157   3   7   72103   72105   2   7   72139   1   2   6   62109   2   5   52156////////////
052300   3   9   92232   3   7   72205   72209   2   7   72230   1   2   6   62300   2   5   52300////////////
052400   3   9   92356   3   7   72336   72349   2   7   72329   1   2   6   62353   2   5   52356////////////
060100   3   9   90029   3   7   70017   70007   2   7   70044   1   2   6   60002   2   5   50032////////////
060200   3   9   90103   3   7   70148   70158   2   7   70124   1   2   6   60135   2   5   50101////////////
060300   3   9   90229   3   7   70216   70202   2   7   70251   1   2   6   60201   2   5   50230////////////
060400   3   9   90303   3   7   70346   70344   2   7   70309   1   2   6   60323   2   5   50301////////////
060500   3   9   90458   3   7   70420   70403   2   7   70459   1   2   6   60403   2   5   50500////////////
060600   3   9   90503   3   7   70536   70519   2   7   70534   1   2   6   60536   2   5   50501////////////
060700   3  13  130700   3   7   70614   70646   2   7   70700   1   2   7   70700   2   8   80700////////////
060800  15  97 1030758   3   7   70747   70714   3   9   90707  11   4  20  210758  11  78  820758////////////
060900  25 105 1050900   3   7   70847   70809   3   9   90840  20   5  21  210900  20  85  850900////////////
061000  56 171 1910941   3   7   70931   70936   3   9   90955  46  10  30  330940  46 142 1580957////////////
061100////////////////////////////////////////////////////////////////////////////////////////////////////////
061200 185 585 9271132   3   7   71154   71102   3   9   91158 155  30  92 1511132 156 495 8131132////////////
061300 228 657 8811237   3   7   71219   71203   3   9   91258 193  35 103 1391237 196 570 7811237////////////
061400 192 447 9931320   3   7   71318   71313   3   9   91322 162  30  73 1621320 164 379 8771320////////////
061500 177 483 8371434   3   7   71401   71418   3   9   91420 148  29  78 1401437 151 411 7281437////////////
061600 158 344 6131548   3   7   71510   71521   3   9   91555 132  26  56 1041548 134 285 5341548////////////
061700  66 166 3331601   3   7   71602   71656   3   9   91628  55  11  30  531601  55 141 2801601////////////
061800  69 116 3001737   3   7   71706   71736   3   9   91710  56  13  19  611737  59  96 2621737////////////
061900  30  33 1361807   3   7   71805   71857   3   9   91818  24   6   9  261815  25  26 1151807////////////
062000   4   6  331902   3   7   71913   71952   3   9   91903   2   2   5   91903   3   3  261902////////////
062100   2   7   72053   3   7   72001   72053   3   8   92004   0   2   6   62052   1   3   32052////////////
062200   3   8   82136   3   7   72106   72123   3   7   72137   1   2   6   72135   1   4   42134////////////
062300   3   8   92252   3   7   72202   72233   2   7   72217   1   2   8   82258   2   5   52251////////////
062400   3   8   92343   3   7   72336   72303   2   7   72310   1   2   7   72301   2   5   52356////////////
070100   3   8   80055   3   7   70017   70021   3   7   70048   1   2   6   70001   2   5   50001////////////
070200   3   9   90153   3   7   70116   70137   3   7   70101   1   2   6   60118   2   5   50153////////////
070300   3   8   90237   3   7   70201   70223   3   7   70208   1   2   6   60219   2   4   50201////////////
070400   3   7   80301   3   7   70302   70331   2   7   70304   1   2   6   60302   1   3   40304////////////
070500   3   8   80411   3   7   70408   70417   2   7   70416   1   2   6   60415   1   4   40413////////////
070600   3   8   80532   3   7   70535   70524   2   7   70525   1   2   6   60533   1   4   40531////////////
070700   3  19  190700   3   7   70603   70602   2   7   70700   1   2   8   80700   2  13  130700////////////
070800  23 123 1550758   3   7   70720   70705   3   9   90800  17   6  26  370758  15  79  880758////////////
070900  93 365 3650900   3   7   70853   70809   3   9   90858  75  18  62  620900  69 320 3200900////////////
071000 166 602 6021000   3   7   70929   70906   3   9   90943 139  27  98  981000 151 540 5401000////////////
071100 168 354 7651033   3   7   71010   71012   3   9   91031 142  26  55 1261033 141 277 6651032////////////
071200 236 95810971148   3   7   71200   71108   3   9   91157 198  38 150 1801148 203 89710111148////////////
071300 258 825 9511201   3   7   71225   71201   3   9   91213 218  40 143 1491201 235 800 8921201////////////
071400 290 818 9261306   3   7   71332   71307   3   9   91331 243  47 132 1501306 266 754 8491306////////////
071500 265 598 8411426   3   7   81420   71427   3   9   91422 222  43  98 1351426 241 557 7731406////////////
071600 192 520 7501503   3   7   71512   71539   3   9   91511 160  32  86 1251503 171 457 6781503////////////
071700 160 418 5901621   3   7   71603   71621   3   9   91635 133  27  75 1011621 142 371 5241621////////////
071800  63 116 4411709   3   7   71722   71746   3   9   91715  53  10  20  811709  54  97 3981709////////////
071900  24  13 1151801   3   7   71802   71854   3   9   91802  19   5   4  201801  20   8  961801////////////
072000   3   7  131906   3   7   71904   71947   3   9   91910   1   2   6   62000   2   3   81911////////////
072100   3   5   92023   3   7   72006   72011   3   8   92005   1   2   4   72022   1   1   52022////////////
072200   2   8   82153   3   7   72108   72138   3   7   72102   0   2   6   72156   1   4   42155////////////
072300   3   9  102257   3   7   72211   72225   3   7   72206   1   2   7   82256   1   6   72256////////////
072400////////////////////////////////////////////////////////////////////////////////////////////////////////
080100////////////////////////////////////////////////////////////////////////////////////////////////////////
080200////////////////////////////////////////////////////////////////////////////////////////////////////////
080300////////////////////////////////////////////////////////////////////////////////////////////////////////
080400////////////////////////////////////////////////////////////////////////////////////////////////////////
080500////////////////////////////////////////////////////////////////////////////////////////////////////////
080600////////////////////////////////////////////////////////////////////////////////////////////////////////
080700////////////////////////////////////////////////////////////////////////////////////////////////////////
080800////////////////////////////////////////////////////////////////////////////////////////////////////////
080900////////////////////////////////////////////////////////////////////////////////////////////////////////
081000////////////////////////////////////////////////////////////////////////////////////////////////////////
081100////////////////////////////////////////////////////////////////////////////////////////////////////////
081200////////////////////////////////////////////////////////////////////////////////////////////////////////
081300////////////////////////////////////////////////////////////////////////////////////////////////////////
081400////////////////////////////////////////////////////////////////////////////////////////////////////////
081500////////////////////////////////////////////////////////////////////////////////////////////////////////
081600////////////////////////////////////////////////////////////////////////////////////////////////////////
081700////////////////////////////////////////////////////////////////////////////////////////////////////////
081800////////////////////////////////////////////////////////////////////////////////////////////////////////
081900   4   9  271816   2   7   71816   71856   2   8   91819  -6  10////   5////1817   6   61900  20////   1
082000   3   8   91901   3   7   71902   71929   3   8   81904   1   2   5   51937   2   4   51901 269//// 265
082100   3   8   82036   2   7   72008   72036   3   8   82027   1   2   5   52100   1   4   42034   8////  80
082200   3   4   82136   2   7   72134   72116   2   7   72103   1   2   5   62136   1  -1   42136 933////  71
082300   2   8   82258   2   7   72209   72234   2   7   72212   0   2   6   62244   1   4   422571006////1012
082400   3   9   92359   2   7   72318   72357   2   7   72303   1   2   6   62350   2   5   50000////////////
090100   3   9   90050   2   7   70022   70047   2   7   70012   1   2   7   70100   2   5   50040////////////
090200   3   9   90112   2   7   70113   70153   2   7   70106   0   3   7   80120   2   5   50156////////////
090300   3   9   90251   2   7   70205   70232   2   7   70237   1   2   7   70244   2   5   50218////////////
090400   3   9   90310   2   7   70341   70335   2   7   70304   1   2   7   70310   2   5   50301////////////
090500   3   8   90409   2   7   70448   70422   2   7   70423   1   2   7   70458   2   5   50416////////////
090600   3  10  100544   2   7   70548   70516   2   7   70550   0   3   7   70547   2   6   60545////////////
090700   3  10  100610   2   7   70639   70658   2   7   70700   0   3   8   80700   2   5   60609////////////
090800   5  21  210800   2   7   70709   70712   3   8   80739   2   3   8   80800   3  14  140800////////////
090900--------------------------------------------------------------------------------------------------------
091000--------------------------------------------------------------------------------------------------------
091100--------------------------------------------------------------------------------------------------------
091200--------------------------------------------------------------------------------------------------------
091300--------------------------------------------------------------------------------------------------------
091400--------------------------------------------------------------------------------------------------------
091500  34  91 1051425   2   7   71413   71423   3   8   81401  28   6  17  191425  28  76  881425////////////
091600  52 283 2831600   2   7   71527   71511   3   8   81555  43   9  47  471600  44 241 2411600////////////
091700  72 142 2881601   2   7   71635   71605   3   8   81700  60  12  24  481601  61 119 2451601////////////
091800  48  78 1681715   2   7   71713   71748   3   8   81727  39   9  15  291716  40  65 1391715////////////
091900  15  21  731801   2   7   71805   71832   3   8   81812  11   4   7  141801  12  16  601801////////////
092000   4   6  201901   2   7   71919   71938   3   8   81904   2   2   6   61905   2   3  151901////////////
092100   2   7   72100   2   7   72001   72040   3   8   82015   0   2   6   62019   1   3   32100////////////
092200   3   7   82123   2   7   72126   72121   2   7   72105   1   2   6   62155   1   4   42122////////////
092300   3   7   82235   2   7   72229   72227   2   7   72243   1   2   6   62241   1   3   42240////////////
092400   3   8   82356   2   7   72307   72344   2   7   72312   1   2   6   62358   1   4   42355////////////
100100   3   8   80059   2   7   70028   70020   2   7   70017   1   2   6   60032   1   4   40100////////////
100200   3   8   80143   2   7   70104   70122   2   7   70102   1   2   6   60107   2   4   50142////////////
100300   3   8   80213   2   7   70250   70219   2   7   70208   1   2   6   60232   2   4   50243////////////
100400   3   7   80312   2   7   70312   70321   2   7   70342   1   2   6   60336   1   3   50326////////////
100500   3   8   80459   2   7   70441   70402   2   7   70417   1   2   6   60500   1   5   50451////////////
100600   3   7   80502   2   7   70504   70540   2   7   70552   1   2   6   70530   1   4   50501////////////
100700   3  13  130700   2   7   70603   70643   2   7   70700   1   2   7   70700   2   8   80700////////////
100800  10  58  580800   2   7   70702   70721   3   8   80753   7   3  14  140800   8  46  460800////////////
100900  30 150 1500900   2   7   70850   70814   3   8   80836  23   7  28  280900  24 123 1230900////////////
101000 132 358 6850946   2   7   70952   70913   3   8   80958 109  23  54 1200946 107 300 5730946////////////
101100 106 289 3461006   2   7   71010   71003   3   8   91033  90  16  45  521006  87 245 2871001////////////
101200  89 303 3031200   3   7   71105   71139   3   8   91105  75  14  51  511200  74 246 2461200////////////
101300 143 501 5011300   3   7   71239   71203   3   9   91258 120  23  81  811300 117 415 4151300////////////
101400 164 362 6931314   3   7   71327   71303   3   9   91335 138  26  56 1121314 136 298 5891314////////////
101500 139 426 4741428   2   7   71416   71404   3   9   91445 117  22  69  761428 115 347 4011428////////////
101600 136 294 5331511   3   7   71537   71506   3   9   91514 114  22  46  871511 112 246 4441511////////////
101700  83 179 2941606   3   7   71625   71647   3   9   91611  70  13  30  471606  69 149 2461606////////////
101800  56  86 2171713   3   7   71755   71725   3   8   91732  46  10  15  371713  46  70 1801713////////////
101900  18  11  841801   2   7   71809   71852   3   8   91846  14   4   3  161808  14   6  691801////////////
102000   3   7  111901   2   7   71901   71943   3   8   81902   1   2   5   52000   1   3   61901////////////
102100   2   7   72044   2   7   72010   72034   3   8   82019   0   2   6   62035   1   3   32024////////////
102200   2   6   72102   2   7   72137   72159   2   7   72104   0   2   6   62104   1   3   32101////////////
102300   3   8   82300   2   7   72202   72255   2   7   72204   1   2   7   72259   1   4   42300////////////
102400   3   8   82301   2   7   72355   72326   2   7   72350   1   2   6   72303   1   4   42301////////////
110100   3   8   80028   2   7   70017   70044   2   7   70007   1   2   6   70012   2   4   40047////////////
110200   3   8   80101   2   7   70125   70105   2   7   70108   1   2   6   60115   1   4   40144////////////
110300   3   8   80253   2   7   70222   70238   2   7   70223   1   2   6   60203   1   4   40251////////////
110400   3   8   80334   2   7   70304   70320   2   7   70318   1   2   6   60336   1   4   40335////////////
110500   3   7   80418   2   7   70424   70428   2   7   70444   1   2   6   60430   1   3   50418////////////
110600   3   8   80542   2   7   70541   70513   2   7   70559   1   2   6   60538   2   4   50539////////////
110700   3   9   90659   2   7   70609   70622   2   7   70700   1   2   6   60700   2   6   60700////////////
110800   8  49  490800   2   7   70728   70721   3   8   80723   5   3  12  120800   6  38  380800////////////
110900  37 160 1600900   2   7   70825   70808   3   8   80858  29   8  31  310900  30 127 1270900////////////
111000  79 283 3170958   2   7   70943   70903   3   8   80957  64  15  52  580958  63 226 2540958////////////
111100 157 458 5791048   3   7   71100   71012   3   8   91052 129  28  77 1031030 127 371 4781030////////////
111200 235 759 9151139   3   7   71158   71126   3   9   91154 196  39 121 1561139 199 669 7951139////////////
111300 283 563 8661225   3   7   71219   71201   3   9   91205 238  45  88 1391225 248 473 7581219////////////
111400 296 854 9341304   3   7   71352   71347   3   9   91311 248  48 138 1531304 264 779 8391355////////////
111500 283 718 8521401   3   7   71437   71422   3   9   91424 237  46 117 1381401 258 653 7781401////////////
111600 232 541 7461501   3   7   71501   71530   3   9   91509 194  38  91 1221501 211 484 6791501////////////
111700 165 353 5451601   3   7   71609   71636   3   9   91611 137  28  61  911601 147 314 4871601////////////
111800  89 111 3521701   3   7   71707   71740   3   9   91729  73  16  16  611701  77  90 3131701////////////
111900  25  20 1101801   3   7   71803   71848   3   9   91812  20   5   5  221813  20  14  911812////////////
112000   3   5  191901   3   7   71901   71959   3   8   91905   1   2   5   51945   1   0  121901////////////
112100   2   6   62049   2   7   72003   72045   3   8   82030   0   2   6   62042   1   2   32048////////////
112200   2   7   72158   2   7   72103   72142   2   7   72101   0   2   6   62154   1   3   32155////////////
112300   2   7   72257   2   7   72254   72222   2   7   72205   0   2   6   72240   1   3   32244////////////
112400   3   7   82355   2   7   72323   72336   2   7   72320   1   2   7   72343   1   4   42356////////////
120100   3   7   80023   2   7   70003   70051   2   7   70011   1   2   6   70022   1   3   40022////////////
120200   3   7   70131   2   7   70120   70157   2   7   70139   1   2   6   60101   1   3   30132////////////
120300   3   7   80233   2   7   70206   70229   2   7   70201   1   2   6   60231   1   4   40232////////////
120400   3   7   80305   2   7   70342   70315   2   7   70330   1   2   6   60307   1   4   40316////////////
120500   3   9   90453   2   7   70438   70436   2   7   70405   1   2   7   70454   2   5   50453////////////
120600   3   7   90501   2   7   70506   70522   2   7   70510   1   2   6   70501   2   4   50501////////////
120700   3  16  160700   2   7   70648   70634   2   7   70700   1   2   7   70700   2  10  100700////////////
120800  14 120 1200800   2   7   70752   70718   3   8   80725  10   4  27  270800  10  79  790800////////////
120900  73 196 3280842   2   7   70900   70807   3   8   80859  58  15  33  660842  50 153 2180842////////////
121000 101 283 4400942   3   7   70922   70921   3   9   90941  84  17  45  810942  81 232 3530942////////////
121100 155 557 5841054   3   7   71036   71005   3   9   91047 128  27  95 1041054 129 464 4971054////////////
121200 221 652 7891152   3   7   71153   71101   3   9   91159 185  36 100 1281152 193 571 7071152////////////
121300 261 531 8751245   3   7   71227   71211   3   9   91217 219  42  81 1431245 228 447 7621245////////////
121400 199 652 8581342   3   7   71354   71312   3   9   91312 168  31 111 1461342 167 554 7481342////////////
121500 226 214 8561409   3   7   71453   71408   3   9   91450 189  37  27 1471409 197 181 7491409////////////
121600 116 516 5521543   3   7   71501   71538   3   9   91503  96  20  94 1031543  97 447 4841543////////////
121700  89  84 5151601   2   7   71631   71601   3   9   91638  74  15  15  941601  74  59 4461601////////////
121800  13   9  801701   3   7   71702   71720   3   8   91711  10   3   5  141701   9   5  571701////////////
121900   3   9   91900   3   7   71801   71857   3   8   91805   1   2   6   71851   1   5   51857////////////
122000   3   9   91920   2   7   71905   71950   3   8   81910   0   3   7   71920   2   5   51919////////////
122100   3   9   92048   2   7   72004   72047   3   8   82031   0   3   7   82029   2   5   62049////////////
122200   3  10  102156   2   7   72128   72101   2   7   72120   0   3   8   82148   1   5   52200////////////
122300   3   9  102211   2   7   72211   72208   2   7   72252   1   2   7   82201   2   5   62211////////////
122400   3   9  102328   2   7   72324   72332   2   7   72329   1   2   6   82314   2   5   62310////////////
130100   3   8   90032   2   7   70003   70022   2   7   70025   1   2   6   70035   2   4   50028////////////
130200   3   9   90122   2   7   70154   70108   2   7   70112   1   2   6   70123   2   5   50122////////////
130300   3   8   90201   2   7   70209   70235   2   7   70204   1   2   6   60201   2   4   50201////////////
130400   3   8   80329   2   7   70306   70303   2   7   70328   1   2   6   60328   2   5   50328////////////
130500   3   8   80428   2   7   70403   70427   2   7   70405   1   2   6   60449   2   5   50448////////////
130600   3   8   80502   2   7   70541   70536   2   7   70501   1   2   6   60523   2   4   50502////////////
130700   3  12  120700   2   7   70629   70628   2   7   70700   1   2   6   70645   2   7   70700////////////
130800  10  68  680800   2   7   70727   70722   3   8   80713   7   3  15  150800   7  53  530800////////////
130900  36 110 1160850   2   7   70854   70801   3   8   80856  29   7  21  230850  30  93  980850////////////
131000  63 296 2970956   3   7   70947   70905   3   8   80954  52  11  53  540956  53 249 2510956////////////
131100  91 184 3911009   3   7   71032   71008   3   8   91032  75  16  31  721009  75 154 3211009////////////
131200  57 223 2231200   3   7   71115   71152   3   8   91114  47  10  40  401200  48 187 1871200////////////
131300  96 269 3341242   3   7   71214   71222   3   8   91251  80  16  46  571241  79 217 2731243////////////
131400 114 309 5521351   3   7   71321   71322   3   9   91355  94  20  55 1021351  96 265 4631351////////////
131500  47  35 2701401   3   7   71445   71402   3   8   91428  39   8   7  471401  39  26 2281401////////////
131600   5  11  331501   3   7   71508   71536   3   8   91517   3   2   6   71501   3   5  241501////////////
131700   5  18  181700   2   7   71603   71655   3   8   81605   2   3   8   81655   3  12  121700////////////
131800   7  19  211721   2   7   71703   71712   3   8   81704   4   3   8   91722   5  13  151720////////////
131900   6  12  191801   2   7   71813   71833   3   8   81803   3   3   7   81812   4   8  131830////////////
132000   4  10  121901   2   7   71904   71929   3   8   81902   2   2   7   71959   2   5   71901////////////
132100   3   8  102002   2   7   72053   72004   3   8   82006   1   2   6   72003   2   5   62002////////////
132200   3   8   82101   2   7   72108   72105   2   7   72114   1   2   6   62144   1   4   52113////////////
132300   3   8   82226   2   7   72204   72216   2   7   72206   1   2   6   62225   2   5   52300////////////
132400   3   8   82303   2   7   72319   72301   2   7   72315   1   2   6   62309   2   5   52304////////////
140100   3   9   90058   2   7   70042   70019   2   7   70059   1   2   7   70057   2   5   50057////////////
140200   3   8   90101   2   7   70118   70157   2   7   70125   1   2   6   70101   1   4   50101////////////
140300   3   8   80225   2   7   70204   70224   2   7   70250   1   2   6   70248   2   4   50227////////////
140400   3   8   80400   2   7   70320   70331   2   7   70341   1   2   6   70323   1   4   40400////////////
140500   3   8   80407   2   7   70425   70409   2   7   70426   1   2   6   60407   1   4   50406////////////
140600   3   7   80522   2   7   70536   70503   2   7   70543   1   2   5   70525   1   3   50522////////////
140700   3  12  120700   2   7   70620   70639   2   7   70700   1   2   7   70651   2   8   80700////////////
140800  14  68  680800   2   7   70743   70710   3   8   80713  10   4  15  160754  11  54  540800////////////
140900  60 252 2520900   2   7   70841   70806   3   8   80849  49  11  45  450900  43 168 1680900////////////
141000  92 361 4870954   3   7   70924   70901   3   8   80930  77  15  63  880954  70 293 3820954////////////
141100 150 518 5541052   3   7   71053   71001   3   8   91049 126  24  84  911052 122 419 4531052////////////
141200 218 655 6851157   3   7   71143   71121   3   9   91135 183  35 105 1131157 180 545 5741157////////////
141300 216 680 8071254   3   7   71214   71231   3   9   91245 182  34 106 1291254 177 568 6771254////////////
141400 262 714 7791304   3   7   71340   71307   3   9   91339 221  41 113 1251304 224 607 6641304////////////
141500 147 319 6991401   3   7   71407   71440   3   9   91401 125  22  48 1101401 121 269 5941401////////////
141600 183 518 6221515   3   7   71541   71503   3   9   91503 154  29  84 1041515 156 442 5311517////////////
141700 105 215 5201601   3   7   71608   71637   3   9   91608  89  16  34  841601  87 173 4441601////////////
141800  63  80 2961712   3   7   71701   71715   3   9   91733  52  11  13  551706  52  62 2491712////////////
141900  17  19  791801   2   7   71801   71850   3   9   91802  14   3   6  131801  13  13  621801////////////
142000   3   6  181901   3   7   71901   71949   3   8   81902   1   2   5   61949   2   2  121901////////////
142100   2   6   62011   2   7   72012   72058   3   8   82018   0   2   5   52003   1   2   32003////////////
142200   2   7   72152   2   7   72111   72112   2   7   72115   0   2   6   62151   1   3   32159////////////
142300   3   7   82244   2   7   72300   72248   2   7   72218   1   2   6   62214   1   4   42245////////////
142400   3   7   82338   2   7   72322   72337   2   7   72303   1   2   6   62339   1   3   42337////////////
150100   3   9   90056   2   7   70010   70053   2   7   70054   1   2   7   70055   1   5   50056////////////
150200   3   7   80101   2   7   70118   70119   2   7   70108   1   2   6   70116   1   4   50103////////////
150300   3   8   90217   2   7   70204   70227   2   7   70226   1   2   6   70219   1   4   50216////////////
150400   3   8   80352   2   7   70311   70317   2   7   70332   1   2   7   70400   1   5   50400////////////
150500   3   8   80455   2   7   70416   70453   2   7   70409   1   2   6   70406   1   4   50401////////////
150600   3   7   80505   2   7   70550   70504   2   7   70555   1   2   6   60501   1   3   40501////////////
150700   3  12  120700   2   7   70602   70611   2   7   70700   1   2   6   60700   2   8   80700////////////
150800  14  63  690755   2   7   70722   70705   3   8   80754  10   4  14  150755  11  50  560756////////////
150900  28 110 1210844   2   7   70810   70808   3   8   80855  22   6  20  240844  22  88  890856////////////
151000  62 289 2910959   2   7   70933   70906   3   8   80956  51  11  51  520959  51 235 2350959////////////
151100  94 197 4251015   3   7   71059   71008   3   9   91035  78  16  34  761015  76 155 3501015////////////
151200  75  76 3961117   3   7   71144   71105   3   9   91139  62  13  12  721117  60  62 3311117////////////
151300  64 103 4971235   3   7   71253   71236   3   9   91255  53  11  15  921235  53  83 4291235////////////
151400 154 657 6631359   3   7   71355   71317   3   9   91355 128  26 108 1101359 128 551 5561359////////////
151500 204 342 6531401   3   7   71449   71403   3   9   91444 172  32  44 1071401 171 287 5491401////////////
151600 146 415 4741532   3   7   71509   71532   3   9   91517 123  23  68  811532 122 347 3991532////////////
151700 131 163 4611621   3   7   71621   71614   3   9   91630 109  22  24  761621 111 136 3851621////////////
151800  50 136 1911709   3   7   71705   71753   3   9   91701  41   9  26  351709  41 112 1621709////////////
151900  27  15 1361802   3   7   71807   71900   3   8   91802  21   6   6  261802  22   9 1111802////////////
152000   3   6  141901   3   7   71905   71949   3   8   91912   1   2   5   61902   1   3   81901////////////
152100   2   7   72059   2   7   72002   72010   3   8   82016   0   2   6   62056   1   4   42058////////////
152200   3   8   82132   2   7   72118   72115   2   7   72120   1   2   6   62200   1   4   42200////////////
152300   3   7   82218   2   7   72209   72208   2   7   72214   1   2   6   62219   1   4   42217////////////
152400   3   8   82335   2   7   72321   72317   2   7   72301   1   2   6   62335   1   4   40000////////////
160100   3   7   80013   2   7   70045   70047   2   7   70005   1   2   6   60014   1   4   40013////////////
160200   3   8   80109   2   7   70126   70143   2   7   70134   1   2   6   60110   1   3   50108////////////
160300   3   7   80229   2   7   70248   70235   2   7   70227   1   2   6   60234   1   3   50229////////////
160400   3   8   80355   2   7   70302   70309   2   7   70311   1   2   6   60335   1   4   40355////////////
160500   3   8   80428   2   7   70430   70414   2   7   70439   1   2   6   60443   2   4   50438////////////
160600   3   8   80543   2   7   70523   70528   2   7   70555   1   2   6   60501   1   4   40551////////////
160700   3  13  130700   2   7   70650   70638   2   7   70700   1   2   7   70700   2   8   80700////////////
160800  19 110 1100800   2   7   70755   70738   3   8   80753  14   5  22  220800  13  76  760800////////////
160900  63 228 2350855   2   7   70849   70803   3   8   90855  51  12  42  440848  42 148 1520852////////////
161000 116 397 3971000   3   7   70950   70905   3   9   90959  96  20  67  670959  73 280 2801000////////////
161100 131 328 4861023   3   7   71032   71004   3   9   91006 109  22  57  841023 103 265 3941023////////////
161200 143 564 5641200   3   7   71112   71134   3   9   91155 119  24  95  961149 117 465 4651200////////////
161300 162 347 6201207   3   7   71256   71237   3   9   91215 136  26  51 1041207 133 296 5091207////////////
161400 110 522 5361341   3   7   71321   71357   3   9   91310  93  17  88  921341  92 421 4511341////////////
161500 208 632 7301405   3   7   71432   71404   3   9   91425 174  34 108 1261405 175 538 6161405////////////
161600 159 332 6211501   3   7   71510   71555   3   9   91547 133  26  52 1061501 133 266 5281501////////////
161700 125 279 4601602   3   7   71609   71606   3   9   91641 104  21  47  821603 105 235 3871603////////////
161800  58  31 2751701   3   7   71754   71718   3   9   91704  48  10   4  461701  48  23 2311701////////////
161900   5   9  291801   3   7   71806   71848   3   9   91802   4   1   5   51859   3   6  211801////////////
162000   3   7  101902   3   7   71902   71952   3   8   91902   1   2   5   51947   1   3   61901////////////
162100   3   8   82023   2   7   72005   72008   3   8   82019   1   2   5   62022   2   4   52025////////////
162200   3   8   82155   3   7   72128   72119   2   7   72121   1   2   6   62153   1   4   42154////////////
162300   3   8   82212   3   7   72241   72239   2   7   72207   1   2   6   62210   1   4   42210////////////
162400   3   8   82359   2   7   72331   72347   2   7   72318   1   2   6   62313   2   5   50000////////////
170100   3   8   80013   2   7   70008   70010   2   7   70001   1   2   6   60100   1   4   50007////////////
170200   3  10  100152   2   7   70123   70116   2   7   70128   1   2   7   70149   2   6   60150////////////
170300   3   9  100213   2   7   70235   70219   2   7   70203   1   2   6   70213   2   5   60212////////////
170400   3   8   90320   2   7   70305   70302   2   7   70302   1   2   6   60359   2   5   50303////////////
170500   3   9  100439   2   7   70436   70440   2   7   70408   1   2   6   70445   2   6   60444////////////
170600   3   9   90506   2   7   70502   70513   2   7   70509   1   2   6   70508   2   5   60505////////////
170700   3  11  110700   2   7   70611   70626   2   7   70700   1   2   6   60700   2   7   70700////////////
170800  18 121 1210800   2   7   70709   70706   3   8   80722  13   5  25  250800  14  84  840800////////////
170900  69 270 2740859   2   7   70846   70801   3   8   80852  56  13  49  500859  42 157 1570900////////////
171000 114 304 3970941   2   7   70952   70902   3   9   90946  95  19  45  680942  71 226 2400949////////////
171100 145 520 5641057   3   7   71029   71032   3   9   91006 122  23  83  931057 114 426 4621057////////////
171200 217 629 7421151   3   7   71136   71106   3   9   91159 183  34  96 1161151 183 540 6481151////////////
171300 247 664 8151251   3   7   71203   71235   3   9   91259 209  38 106 1271251 215 583 7191251////////////
171400 169 311 7551330   3   7   71355   71314   3   9   91301 143  26  41 1221330 144 266 6581330////////////
171500 215 638 7081418   3   7   71454   71427   3   9   91447 182  33 100 1161418 186 560 6151418////////////
171600 156 271 6411501   3   7   71523   71512   3   9   91529 132  24  39 1021513 132 224 5611501////////////
171700  88 202 3111630   3   7   71603   71630   3   9   91605  73  15  34  591631  75 170 2671631////////////
171800  49 100 1971701   3   7   71716   71703   3   9   91707  41   8  17  331701  41  84 1651701////////////
171900  14  10 1021801   3   7   71820   71858   3   9   91808  12   2   3  181801  11   6  851801////////////
172000   2   7   91901   3   7   71901   71952   3   8   91901   1   1   5   52000   1   4   61901////////////
172100   3   7   82008   3   7   72033   72017   3   8   82010   1   2   6   62032   1   3   52006////////////
172200   3   9   92155   3   7   72105   72131   2   7   72102   1   2   6   62200   1   5   52154////////////
172300   3   9  102232   3   7   72234   72240   2   7   72247   1   2   6   82230   2   5   72230////////////
172400   3   8   92301   3   7   72329   72307   2   7   72334   1   2   5   62320   2   4   52320////////////
180100   3   6   80027   3   7   70001   70003   2   7   70039   1   2   5   60023   1   1   50022////////////
180200   3   9   90138   3   7   70106   70117   2   7   70108   1   2   6   60135   1   4   50143////////////
180300   3   8   90209   3   7   70219   70228   2   7   70217   1   2   6   60208   2   5   50258////////////
180400   3   7   90310   3   7   70306   70319   2   7   70304   1   2   6   60311   1   3   50312////////////
180500   3   8   90427   3   7   70425   70402   2   7   70404   1   2   5   60419   2   4   50426////////////
180600   3   8   80520   3   7   70515   70526   2   7   70510   1   2   5   60537   2   4   50537////////////
180700   3  10  120651   3   7   70628   70653   2   7   70700   1   2   6   70651   2   5   70651////////////
180800  10  45  470747   2   7   70701   70747   3   8   80702   7   3  12  140740   7  36  370758////////////
180900  13  28  440801   2   7   70816   70812   3   8   80858   9   4  10  120801  10  21  350801////////////
181000  30 166 1661000   2   7   70933   70912   3   8   80934  24   6  30  301000  24 133 1331000////////////
181100 199 798 8661045   2   7   71054   71009   3   9   91059 167  32 123 1371045 162 699 7431058////////////
181200 297 799 8871114   3   7   71154   71104   3   9   91158 253  44 116 1341114 271 738 8031114////////////
181300 273 766 8211248   3   7   71212   71234   3   9   91211 232  41 118 1241248 247 691 7491248////////////
181400 277 763 7931316   3   7   71335   71307   3   9   91342 235  42 115 1251318 251 701 7251329////////////
181500 244 644 7531401   3   7   71448   71436   3   9   91425 207  37 100 1141401 219 575 6901401////////////
181600 199 458 6331501   3   7   71537   71552   3   9   91502 168  31  72  981501 176 400 5651501////////////
181700 133 276 4561601   3   7   71613   71620   3   9   91618 112  21  45  731602 116 240 3991601////////////
181800  69 108 2731701   3   7   71725   71724   3   9   91723  58  11  16  441701  60  92 2371701////////////
181900  19  14 1061801   3   7   71806   71850   3   9   91804  16   3   3  161802  16  10  901801////////////
182000   2   6  131901   3   7   71903   71944   3   8   91907   1   1   5   52000   1   3   91901////////////
182100   2   6   72025   3   7   72008   72056   3   8   92002   0   2   6   62054   1   3   42026////////////
182200   2   7   72200   3   7   72104   72156   2   7   72151   0   2   7   72200   1   5   52200////////////
182300   3   7   82204   2   7   72211   72247   2   7   72214   1   2   6   72204   1   3   52202////////////
182400   3   8   82344   2   7   72318   72333   2   7   72313   1   2   7   70000   1   5   50000////////////
190100   3   7   80003   2   7   70050   70032   2   7   70037   1   2   6   70003   1   3   50002////////////
190200   3   8   90146   2   7   70110   70116   2   7   70115   1   2   8   80200   1   5   50200////////////
190300   3   8   80208   2   7   70224   70205   2   7   70221   1   2   6   80202   2   4   60207////////////
190400   3   8   80358   2   7   70318   70339   2   7   70338   1   2   6   60301   1   4   50357////////////
190500   3   8   90452   2   7   70403   70416   2   7   70500   1   2   6   70446   2   5   60450////////////
190600   3   7   80501   2   7   70501   70537   2   7   70525   1   2   5   60501   1   3   50501////////////
190700   3  11  110700   2   7   70609   70642   2   7   70700   1   2   6   70643   2   6   60700////////////
190800  14  85  850800   2   7   70708   70707   3   8   80749  10   4  19  190800  11  66  660800////////////
190900  56 238 2380900   3   7   70833   70812   3   8   90841  45  11  43  440850  41 167 1690851////////////
191000 104 350 3501000   3   7   70958   70905   3   9   90946  86  18  58  581000  68 224 2241000////////////
191100 149 441 4531050   3   7   71041   71008   3   9   91034 125  24  70  741043 108 357 3621057   0////   0
191200 184 549 5661154   3   7   71149   71107   3   9   91148 154  30  86  921139 153 458 4751139   0////   0
191300 226 659 6761250   3   7   71201   71212   3   9   91257 190  36 107 1081250 191 561 5741250   0////   0
191400 218 669 6691400   3   7   71325   71341   3   9   91314 109 109////  35//// 5721358135814001400////   0
191500 224 607 6761406   3   7   71416   71404   3   9   91423 125  99   0  36//// 5231406140615001406////   0
191600 181 460 6031501   3   7   71547   71517   3   9   91505 151  30  75  991501 155 395 5191501 601////   0
191700 126 285 4591601   3   7   71636   71656   3   9   91611 106  20  49  751601 107 242 3951601 601////   0
191800  70  94 2801701   3   7   71736   71723   3   9   91701  58  12  16  481704  58  76 2371701   7////   0
191900  17  12  911801   3   7   71806   71824   3   9   91805  14   3   3  161801  13   7  731801   0////   0
192000   2   7  111901   3   7   71904   71927   3   8   91902-286 28819011944////  80////  731901////////9473
192100   3   8   82100   3   7   72014   72055   3   8   92007   1   2   6   62059   1   5   52100   0//// 901
192200   3   8   92129   3   7   72105   72106   2   7   72143   1   2   5   72129   2   4   62128   0//// 901
192300   3   7   82245   3   7   72226   72247   2   7   72213   1   2   5   62245   1   3   42244   0////  10
192400   3   7   82330   3   7   72302   72343   2   7   72310   1   2   6   72331   1   3   52330////////////
200100   3   7   80049   3   7   70006   70034   2   7   70009   1   2   6   60032   1   3   40048////////////
200200   3   8   80130   3   7   70106   70126   2   7   70116   1   2   6   70131   1   4   50129////////////
200300   3   8   90233   3   7   70203   70212   2   7   70201   1   2   6   70208   2   4   50233////////////
200400   3   8   80328   3   7   70302   70327   2   7   70309   1   2   6   60336   1   4   50326////////////
200500   3   8   80409   3   7   70411   70457   2   7   70418   1   2   6   60416   2   5   50410////////////
200600   3   8   90510   3   7   70501   70535   2   7   70542   1   2   6   60535   2   5   50536////////////
200700   3  10  100700   3   7   70606   70610   2   7   70700   1   2   6   60700   2   7   70700////////////
200800  11  35  570747   3   7   70755   70701   3   8   80741   8   3   9  140747   9  27  470747////////////
200900  16 113 1130900   3   7   70839   70806   3   8   90811  12   4  21  210900  12  88  880900////////////
201000  58 187 2140931   3   7   70951   70909   3   8   90940  48  10  30  370921  48 153 1810931////////////
201100 112 408 4391058   3   7   71027   71013   3   9   91058  93  19  68  781052  89 325 3471059////////////
201200 185 553 5581154   3   7   71153   71102   3   9   91153 154  31  89  921154 152 458 4641154////////////
201300 211 569 6011251   3   7   71243   71203   3   9   91244 177  34  90  961241 175 470 5011251////////////
201400 217 597 6341345   3   7   71345   71303   3   9   91400 182  35  93 1021345 182 501 5361345////////////
201500 194 468 6171414   3   7   71404   71434   3   9   91402 163  31  75 1001412 163 392 5221412////////////
201600 142 296 4701507   3   7   71518   71551   3   9   91503 119  23  48  761508 119 246 3961507////////////
201700  72 205 2851601   3   7   71605   71653   3   9   91612  60  12  37  451601  60 171 2361601////////////
201800  49  80 2051701   3   7   71718   71710   3   9   91711  40   9  14  371705  41  65 1711701////////////
201900  17  15  771801   3   7   71806   71858   3   9   91801  14   3   5  141828  13   8  621801////////////
202000   3   9  131901   3   7   71902   72000   3   9   91903   1   2   6   61954   2   5   71901////////////
202100   4  11  112039   3   7   72016   72043   3   8   92018   2   2   6   72033   2   5   72030////////////
202200   3   8  112101   3   7   72111   72152   2   7   72140   1   2   5   62101   2   5   52153////////////
202300   3   8   92205   3   7   72247   72230   2   7   72204   1   2   6   62220   2   5   62205////////////
202400   3   8   92311   3   7   72353   72343   2   7   72315   1   2   6   62307   2   4   52310////////////
210100   3   8   80100   2   7   70024   70026   2   7   70028   1   2   6   60036   2   5   50100////////////
210200   3   8   80110   3   7   70106   70200   2   7   70103   1   2   6   60106   2   5   50108////////////
210300   3   8   90238   3   7   70205   70216   2   7   70252   1   2   6   70224   2   5   60237////////////
210400   3   8   90355   3   7   70324   70304   2   7   70331   1   2   6   60301   2   5   50356////////////
210500   3   8   80401   2   7   70404   70423   2   7   70425   1   2   5   60401   1   4   50401////////////
210600   3   7   80512   3   7   70503   70533   2   7   70531   1   2   5   60511   1   4   40511////////////
210700   3  20  210659   3   7   70627   70617   2   7   70700   1   2   9   90658   2  15  150659////////////
210800  13  54  610750   3   7   70757   70727   3   8   80757   9   4  13  140749  10  44  500750////////////
210900  30  47 1310849   3   7   70826   70808   3   9   90855  23   7   9  280849  23  37  950843////////////
211000  15  31  520923   2   7   70909   70947   3   8   90934  12   3   9  110923  11  24  400924////////////
211100  16  38  601029   3   7   71006   71008   3   8   81010  12   4  11  131029  12  28  471029////////////
211200  19 110 1101200   2   7   71101   71151   3   8   81110  14   5  20  201200  15  88  881200////////////
211300  26  16 1231204   2   7   71204   71226   3   8   81206  20   6   9  221220  21  13 1001204////////////
211400   6  18  251327   2   7   71303   71343   3   8   81307   3   3   8  101329   5  12  181327////////////
211500   7  32  321500   2   7   71404   71403   3   8   81401   4   3   9   91440   5  23  231500////////////
211600  12  37  371600   2   7   71528   71533   3   8   81511   9   3  10  101600   9  28  281600////////////
211700  18  70  701700   2   7   71604   71659   3   8   81651  14   4  16  161700  14  54  541700////////////
211800  40 103 1361738   2   7   71758   71705   3   8   81753  32   8  21  271738  32  83 1121738////////////
211900  20  17 1011801   2   7   71805   71833   3   8   81807  15   5   8  211801  16  14  821801////////////
212000   3   9  161901   2   7   71908   71959   3   8   81916   1   2   8   81901   2   5  131901////////////
212100   3   9  102056   2   7   72009   72045   3   8   82005   0   3   7   82037   2   6   62048////////////
212200   4   9  152120   2   7   72117   72108   2   7   72140   1   3   6  112119   3   5  112118////////////
212300   3   8   92201   2   7   72217   72227   2   7   72206   1   2   7   72259   2   4   52203////////////
212400   3   8   82350   2   7   72316   72334   2   7   72305   1   2   7   72357   2   5   52359////////////
220100   3   8   90009   2   7   70036   70021   2   7   70021   1   2   7   70100   2   4   50011////////////
220200   3   8   80142   2   7   70104   70143   2   7   70102   0   3   7   80144   2   5   50139////////////
220300   3   8   90210   2   7   70257   70243   2   7   70218   0   3   7   70201   2   5   50229////////////
220400   3  10  100337   2   7   70340   70303   2   7   70312   0   3   7   70351   2   6   60337////////////
220500   3   9  100401   2   7   70411   70407   2   7   70415   1   2   7   70401   2   6   60402////////////
220600   3  10  100552   2   7   70530   70543   2   7   70547   1   2   7   70552   2   6   60550////////////
220700   3  10  100700   2   7   70621   70613   2   7   70700   1   2   7   70606   2   6   60700////////////
220800   6  22  230755   2   7   70712   70721   3   8   80708   3   3   8   80755   4  16  170754////////////
220900  14  58  580858   2   7   70813   70820   3   8   80855  10   4  13  130858  11  45  450900////////////
221000  22  66  661000   2   7   70932   70922   3   8   80929  17   5  13  130916  17  53  531000////////////
221100  28  73  941035   2   7   71003   71010   3   8   81100  23   5  13  161035  23  62  771034////////////
221200  27  76  811124   2   7   71133   71140   3   8   81154  22   5  13  141124  23  63  681124////////////
221300  36 140 1411256   2   7   71208   71248   3   8   81221  30   6  23  231255  30 117 1181256////////////
221400  49 157 1611355   2   7   71320   71301   3   8   81314  41   8  25  261355  41 132 1361356////////////
221500  52 163 1731445   2   7   71436   71401   3   8   81404  44   8  25  271445  44 134 1451445////////////
221600  50 174 1771558   2   7   71507   71510   3   8   81510  42   8  29  291558  41 146 1491558////////////
221700  46  95 1701601   2   7   71631   71604   3   8   81617  38   8  16  281601  38  77 1431601////////////
221800  25  40  941701   2   7   71707   71732   3   8   81702  20   5   8  161721  21  32  761701////////////
221900   8  10  391801   2   7   71802   71841   3   8   81801   6   2   5   81801   6   6  301801////////////
222000   3   7   91901   2   7   71902   71929   3   8   81904   1   2   5   61954   1   3   51901////////////
222100   3   8   82037   2   7   72008   72032   3   8   82005   1   2   6   62035   2   4   52036////////////
222200   3   8   82147   2   7   72125   72152   2   7   72110   1   2   6   62154   1   4   42150////////////
222300   3   8   82243   2   7   72229   72221   2   7   72240   1   2   6   62243   1   5   52300////////////
222400   3   8   82307   2   7   72309   72350   2   7   72353   1   2   6   72308   2   5   52306////////////
230100   3   8   80022   2   7   70038   70023   2   7   70039   1   2   6   70022   2   5   50022////////////
230200   3   8   80101   2   7   70147   70105   2   7   70150   1   2   6   60101   2   4   50101////////////
230300   3   8   80221   2   7   70259   70249   2   7   70220   1   2   6   60220   2   4   50220////////////
230400   3   8   80341   2   7   70307   70353   2   7   70301   1   2   6   60301   1   4   40345////////////
230500   3   8   80421   2   7   70430   70442   2   7   70426   1   2   6   60413   2   4   40439////////////
230600   3   8   80527   2   7   70547   70549   2   7   70502   1   2   6   60523   1   4   40523////////////
230700   3  10  100700   2   7   70609   70647   2   7   70700   1   2   6   60657   1   6   60700////////////
230800   8  40  400800   2   7   70710   70705   3   8   80705   5   3  10  100800   6  32  320800////////////
230900  33 152 1520900   2   7   70852   70802   3   8   80846  27   6  26  260900  26 116 1160900////////////
231000 102 294 5550955   2   7   70959   70904   3   8   80959  85  17  44  970955  65 222 2580955////////////
231100  76 124 3801032   3   7   71017   71047   3   8   81049  64  12  21  661032  58  96 2101001////////////
231200  69 468 4681200   2   7   71101   71155   3   8   81108  57  12  78  781200  55 379 3791200////////////
231300 184 304 8311240   3   7   71259   71204   3   8   91253 155  29  45 1381240 149 260 7101240////////////
231400 160 208 7671310   3   7   71301   71317   3   8   81332 134  26  33 1331310 130 177 6521310////////////
231500  80 118 2851438   3   7   71401   71427   3   8   81402  67  13  19  481438  65  92 2271438////////////
231600  25  42 1171506   2   7   71528   71600   3   8   81507  20   5   9  201506  20  33  931505////////////
231700  21  80  811659   2   7   71610   71655   3   8   81620  17   4  16  161658  16  63  641659////////////
231800  11  16  781701   2   7   71702   71734   3   8   81704   8   3   6  161701   9  12  621701////////////
231900   4   8  161801   2   7   71807   71829   3   8   81807   2   2   5   61801   2   5  111801////////////
232000   2   5   81902   2   7   71918   71911   3   8   81901   0   2   5   61949   1   0   51902////////////
232100   2   8   82055   2   7   72046   72025   3   8   82003   0   2   6   72042   1   4   42055////////////
232200   3   9   92149   2   7   72156   72105   2   7   72102   1   2   7   72137   2   5   62150////////////
232300   3   9  102220   2   7   72217   72251   2   7   72212   1   2   7   72219   2   5   52201////////////
232400   3   9   92304   2   7   72323   72347   2   7   72312   1   2   6   72306   2   5   52351////////////
240100   3   8   90010   2   7   70031   70042   2   7   70004   1   2   6   60005   2   4   50011////////////
240200   3   8   80200   2   7   70115   70112   2   7   70141   1   2   6   60138   2   5   50200////////////
240300   3   8   80254   2   7   70204   70234   2   7   70201   1   2   6   60205   2   5   50259////////////
240400   3   8   80312   2   7   70303   70346   2   7   70319   1   2   6   60400   2   4   50311////////////
240500   3   8   80446   2   7   70459   70410   2   7   70403   1   2   6   60426   2   4   40449////////////
240600   3   8   80543   2   7   70521   70501   2   7   70506   1   2   6   60553   2   4   50537////////////
240700   3   8   80621   2   7   70700   70638   2   7   70700   1   2   6   60654   2   4   40610////////////
240800   4  14  150755   2   7   70742   70704   3   8   80711   2   2   7   70754   2   9  100754////////////
240900   6  26  260900   2   7   70826   70808   3   8   80812   3   3   8   80900   4  19  190900   0////   1
241000  14  66  661000   2   7   70930   70927   3   8   80954  10   4  14  141000  11  53  531000   0////2301
241100  30  99 1131052   2   7   71049   71013   3   8   81042  24   6  17  191052  25  80  941052////////////
241200  39 130 1381122   2   7   71150   71128   3   8   81139  32   7  22  231122  32 111 1151122////////////
241300  36  49 1521217   2   7   71242   71204   3   8   81255  30   6  10  251218  31  41 1291217////////////
241400  22  68  891350   2   7   71301   71345   3   8   81313  18   4  13  171350  18  57  751350////////////
241500  20  61  821422   2   7   71404   71441   3   8   81429  16   4  12  151404  16  50  701422////////////
241600  16  31  811520   2   7   71512   71527   3   8   81550  12   4   8  151521  13  25  691520////////////
241700  11  23  391612   2   7   71611   71657   3   8   81606   8   3   7   91612   8  17  311617////////////
241800   7  20  231733   2   7   71712   71727   3   8   81747   4   3   7   81738   5  15  171733////////////
241900   4   9  201801   2   7   71850   71813   3   8   81801   2   2   6   71801   3   5  141801////////////
242000   3   8   91901   2   7   71919   71929   3   8   81902   1   2   6   61951   2   4   51901////////////
242100   3   8   82040   2   7   72035   72008   3   8   82001   1   2   6   62002   2   5   52041////////////
242200   3   8   82158   2   7   72124   72110   2   7   72152   1   2   6   62124   2   5   52152////////////
242300   3   8   82202   2   7   72206   72208   2   7   72253   1   2   6   62237   2   4   52201////////////
242400   3   8   82314   2   7   72301   72343   2   7   72347   1   2   6   62332   2   4   42343////////////
250100   3   8   80007   2   7   70026   70010   2   7   70057   1   2   6   60047   2   4   40005////////////
250200   3   8   80108   2   7   70152   70114   2   7   70146   1   2   6   60159   1   4   40200////////////
250300   3   8   80258   2   7   70221   70207   2   7   70251   1   2   6   70224   2   5   50256////////////
250400   3   8   90327   2   7   70316   70305   2   7   70305   1   2   6   70326   2   5   50326////////////
250500   3   8   80451   2   7   70423   70426   2   7   70412   1   2   6   60443   2   5   50451////////////
250600   3   8   80544   2   7   70600   70547   2   7   70540   1   2   6   60536   2   5   50515////////////
250700   3   9   90700   2   7   70652   70604   2   7   70700   1   2   7   70654   2   5   50658////////////
250800   5  23  230800   2   7   70754   70709   3   8   80752   2   3   8   80800   3  17  170800////////////
250900  13  54  540900   2   7   70814   70817   3   8   80846   9   4  12  120900  10  43  430900////////////
251000  28 107 1090952   2   7   70954   70914   3   8   80902  22   6  20  200952  23  88  910952////////////
251100  53 116 2061044   2   7   71025   71001   3   8   81041  44   9  20  351043  45  96 1751043////////////
251200  32 190 2131148   1   7   71159   71135   1   8   81137  27   5  30  351148  27 159 1761148////////////
251300  62 156 2001208   2   7   71300   71206   3   8   81257  52  10  24  321207  51 130 1671208////////////
251400  69 253 2531400   2   7   71307   71339   3   8   81350  58  11  41  411400  59 218 2181400////////////
251500  79 130 2891412   2   7   71442   71500   3   8   81427  66  13  22  461412  67 104 2471412////////////
251600  56 149 1891534   2   7   71506   71515   3   8   81523  46  10  26  321534  48 123 1621535////////////
251700  43  88 1481601   2   7   71621   71613   3   8   81621  36   7  16  261601  35  71 1231601////////////
251800  21  30  901703   2   7   71701   71730   3   8   81722  17   4   8  171704  17  23  731703////////////
251900   6   8  281801   2   7   71822   71854   3   8   81805   4   2   5   81801   4   4  211801////////////
252000   3   8   81901   2   7   71911   71938   3   8   81922   1   2   6   61933   1   4   51932////////////
252100   3   7   82007   2   7   72022   72031   3   8   82009   1   2   5   62006   1   3   52007////////////
252200   3   8   82142   2   7   72152   72111   2   7   72129   1   2   6   72137   1   4   52140////////////
252300   3   7   82214   2   7   72235   72241   2   7   72232   1   2   5   62214   1   3   52214////////////
252400   3   8   80000   2   7   72310   72347   2   7   72319   1   2   6   62359   1   4   42359////////////
260100   3   7   80055   2   7   70059   70016   2   7   70014   1   2   7   70100   1   5   50100////////////
260200   3   7   80114   2   7   70131   70106   2   7   70122   1   2   6   70105   2   4   50105////////////
260300   3   7   80231   2   7   70203   70226   2   7   70216   1   2   6   60231   1   3   40231////////////
260400   3   7   80316   2   7   70349   70309   2   7   70304   1   2   6   60315   1   4   40315////////////
260500   3   7   80419   2   7   70412   70450   2   7   70447   1   2   6   70428   1   3   40420////////////
260600   3   8   80546   2   7   70521   70524   2   7   70514   1   2   7   70556   1   4   40546////////////
260700   3   9   90700   2   7   70602   70611   2   7   70700   1   2   6   70602   2   5   50700////////////
260800  12  83  830800   2   7   70750   70702   3   8   80704   8   4  17  170800   9  68  680800////////////
260900  33  69 1220819   2   7   70828   70836   3   8   80855  26   7  15  240819  27  54 1010819////////////
261000  55 210 2101000   2   7   71000   70907   3   8   80947  45  10  35  351000  45 171 1711000////////////
261100 110 568 5681100   2   7   71042   71002   3   8   81058  92  18  91  911100  84 277 2851026////////////
261200 249 796 8821155   3   7   71149   71104   3   9   91141 210  39 125 1451109 153 615 6561155////////////
261300 277 770 8441230   3   7   71201   71245   3   9   91206 235  42 121 1321204 242 709 7571239////////////
261400 276 761 7931307   3   7   71346   71306   3   9   91313 233  43 120 1231305 254 698 7311305////////////
261500 258 667 7571401   3   7   71448   71405   3   9   91433 217  41 108 1201405 237 608 6971401////////////
261600 207 505 6641501   3   7   71520   71556   3   9   91532 174  33  82 1071501 186 439 6061501////////////
261700 151 328 5071601   3   7   71603   71659   3   9   91609 126  25  57  821601 133 284 4431601////////////
261800  33  17 3121701   3   7   71714   71748   3   8   91712  27   6   7  541701  26  11 2681701////////////
261900   4   4  221817   2   7   71803   71849   3   8   81803   2   2   5   91815   3  -1  161817////////////
262000   2   8   81930   2   7   71905   71910   3   8   81940   0   2   6   61926   1   4   41930////////////
262100   3   6   82006   2   7   72007   72024   3   8   82022   1   2   5   62005   1   3   52037////////////
262200   3   8   82115   2   7   72106   72127   2   7   72101   1   2   6   62136   1   4   42111////////////
262300   3   8   82239   2   7   72233   72225   2   7   72229   1   2   5   62239   1   4   52239////////////
262400   3   8   82315   2   7   72311   72323   2   7   72351   1   2   6   62355   1   4   42315////////////
270100   3   8   80040   2   7   70010   70018   2   7   70009   1   2   6   60039   1   4   40022////////////
270200   3   7   80119   2   7   70103   70108   2   7   70103   1   2   6   60121   1   4   40109////////////
270300   3   8   80300   2   7   70218   70209   2   7   70208   1   2   6   60228   1   5   50224////////////
270400   3   8   80355   2   7   70324   70310   2   7   70323   1   2   6   60304   2   5   50353////////////
270500   3   7   80406   2   7   70420   70453   2   7   70439   1   2   6   60406   2   4   50407////////////
270600   3   8   80506   2   7   70513   70526   2   7   70529   1   2   6   60549   1   4   40516////////////
270700   3  14  140700   2   7   70625   70639   2   7   70700   1   2   8   80700   2   9   90700////////////
270800   8  50  500800   2   7   70716   70752   3   8   80701   5   3  13  130800   6  39  390800////////////
270900  30  97 1060853   2   7   70857   70806   3   8   80836  24   6  19  200853  24  78  840854////////////
271000  39 174 1930957   2   7   70926   70907   3   8   80937  32   7  32  350956  32 145 1590957////////////
271100  70 134 3041031   2   7   71036   71002   3   8   81039  58  12  24  531031  57 105 2521031////////////
271200  43  71 1661120   3   7   71110   71119   3   8   81131  35   8  14  311120  33  53 1281124////////////
271300  14  20  761203   2   7   71201   71258   3   8   81227  11   3   7  151203  10  14  571203////////////
271400  11  26  361332   2   7   71313   71333   3   8   81304   8   3   9  101332   8  19  291333////////////
271500  11  37  371500   2   7   71417   71425   3   8   81415   8   3  10  101500   8  28  281500////////////
271600  15  49  491558   2   7   71531   71514   3   8   81502  11   4  11  111559  11  38  381559////////////
271700  15  35  501605   2   7   71637   71607   3   8   81655  11   4  10  121605  12  27  401606////////////
271800   9  17  361704   2   7   71721   71714   3   8   81750   6   3   7  101702   7  11  281704////////////
271900   4   8  171801   2   7   71824   71806   3   8   81823   2   2   6   71802   2   4  111801////////////
272000   3   8   81903   2   7   71909   71902   3   8   81931   1   2   6   61954   2   4   51933////////////
272100   3   9   92100   2   7   72004   72012   3   8   82008   1   2   6   62048   2   5   52045////////////
272200   3   8   92101   2   7   72122   72102   2   7   72101   1   2   6   62103   2   5   52102////////////
272300   3   8   82238   2   7   72241   72206   2   7   72220   1   2   6   62205   2   5   52240////////////
272400   3   8   82301   2   7   72307   72304   2   7   72341   1   2   6   62358   1   4   52306////////////
280100   3   8   80100   2   7   70011   70041   2   7   70022   1   2   6   60100   1   4   40041////////////
280200   3   8   90137   2   7   70111   70144   2   7   70104   1   2   7   70147   2   4   50136////////////
280300   3   8   80242   2   7   70223   70204   2   7   70240   1   2   7   70210   2   4   50242////////////
280400   3   8   80311   2   7   70353   70312   2   7   70343   1   2   6   70305   2   4   50327////////////
280500   3   8   80403   2   7   70436   70403   2   7   70455   1   2   6   70409   2   4   40455////////////
280600   3   8   80556   2   7   70551   70501   2   7   70555   1   2   6   70528   2   4   50556////////////
280700////////////////////////////////////////////////////////////////////////////////////////////////////////
280800--------------------------------------------------------------------------------------------------------
280900--------------------------------------------------------------------------------------------------------
281000--------------------------------------------------------------------------------------------------------
281100--------------------------------------------------------------------------------------------------------
281200--------------------------------------------------------------------------------------------------------
281300  57 271 2841257   2   7   71255   71229   2   8   81226  48   9  43  451257  48 225 2371257////////////
281400 109 354 3591349   2   7   71330   71302   3   8   81354  92  17  55  551358  92 300 3091349////////////
281500 112 272 3811405   2   7   71428   71406   3   8   81426  95  17  42  591405  95 227 3251405////////////
281600 121 231 5661536   2   7   71550   71533   3   8   81548 101  20  34  991536 100 188 4711536////////////
281700  75 138 3341615   2   7   71606   71624   3   8   81603  63  12  22  591615  61 116 2751615////////////
281800  24  30 1371701   2   7   71707   71759   3   8   81705  19   5   8  231701  20  25 1161701////////////
281900   7   8  331808   2   7   71810   71848   3   8   81802   5   2   5   81809   5   6  281808////////////
282000   3   7   81901   2   7   71909   71918   3   8   81923   1   2   5   51938   2   5   61901////////////
282100   3   8   82059   2   7   72007   72056   3   8   82007   1   2   5   52059   2   5   52057////////////
282200   3   7   82125   2   7   72102   72123   2   7   72112   1   2   5   62148   2   5   52125////////////
282300   3   8   82240   2   7   72241   72229   2   7   72207   1   2   6   62241   2   5   52241////////////
282400   3   8   82302   2   7   72353   72341   2   7   72328   1   2   6   62302   2   5   52301////////////
290100   3   7   80002   2   7   70031   70019   2   7   70025   1   2   5   60025   2   4   50003////////////
290200   2   7   70101   2   7   70111   70113   2   7   70110   0   2   5   60134   1   3   40101////////////
290300   2   7   70300   2   7   70209   70235   2   7   70207   0   2   6   60300   1   4   40300////////////
290400   2   7   70306   2   7   70325   70307   2   7   70313   0   2   6   60306   1   3   40306////////////
290500   2   7   70447   2   7   70406   70442   2   7   70407   0   2   6   60436   1   3   40433////////////
290600   3   7   70528   2   7   70543   70510   2   6   70546   1   2   6   60546   1   3   40529////////////
290700   3   9   90700   2   7   70604   70621   2   7   70700   1   2   6   60700   1   5   50700////////////
290800  16  63  910743   2   7   70756   70715   3   8   80755  12   4  14  210743  11  47  480759////////////
290900  38 162 1620900   2   7   70852   70802   3   8   80855  31   7  28  280900  29 129 1290900////////////
291000  87 268 3250936   2   7   70956   70901   3   8   80953  73  14  43  540936  68 219 2300939////////////
291100 234 581 8331056   3   7   71053   71002   3   9   91059 197  37  86 1381013  86 286 3281017////////////
291200 230 779 8671115   3   7   71109   71129   3   9   91107 195  35 124 1381115 115 358 3721156////////////
291300 273 774 7831217   3   7   71235   71229   3   9   91259 231  42 120 1221204 195 686 6871259////////////
291400 242 770 7821303   3   7   71325   71303   3   9   91320 205  37 122 1261344 213 698 7021359////////////
291500 231 599 8031408   3   7   71428   71405   3   9   91414 195  36  99 1281448 205 525 7291408////////////
291600 107 527 5741549   3   7   71503   71539   3   9   91507  91  16  98 1041549  88 457 5031549////////////
291700  56  92 5191601   3   7   71601   71655   3   8   91601  47   9  17  971601  44  73 4511601////////////
291800  22  43  931704   2   7   71708   71736   3   8   81713  17   5  10  181706  17  34  741704////////////
291900   8   7  441809   2   7   71803   71822   3   8   81827   6   2   5  111809   6   3  341808////////////
292000   3   7   81931   2   7   71913   71901   3   8   81914   1   2   5   61931   1   4   41931////////////
292100   3   8   82027   2   7   72038   72015   3   8   82009   1   2   5   52001   1   4   42029////////////
292200   3   8   82200   2   7   72110   72154   2   7   72106   1   2   6   62151   1   4   42159////////////
292300   3   8   82204   2   7   72223   72233   2   7   72205   1   2   6   62300   1   4   42211////////////
292400   3   8   80000   2   7   72303   72340   2   7   72330   1   2   6   62349   1   5   52359////////////
300100   3   7   80047   2   7   70006   70054   2   7   70011   1   2   6   60046   2   4   50045////////////
300200   3   8   80141   2   7   70123   70133   2   7   70104   1   2   6   60144   2   4   50148////////////
300300   3   8   80258   2   7   70223   70243   2   7   70208   1   2   6   60259   2   5   50300////////////
300400   3   6   80330   2   7   70356   70337   2   7   70357   1   2   6   60301   2   2   50331////////////
300500   2   7   70458   2   7   70407   70428   2   7   70403   0   2   6   60426   1   3   30459////////////
300600   3   8   80537   2   7   70543   70508   2   7   70517   1   2   6   60508   1   4   40600////////////
300700   3   8   80601   2   7   70612   70640   2   7   70700   1   2   6   60659   1   4   40601////////////
300800   3  10  100759   2   7   70720   70733   3   8   80709   1   2   6   60759   2   6   60759////////////
300900  16 112 1160857   2   7   70832   70843   3   8   80810  12   4  20  210857  12  92  950858////////////
301000  30  29 2130916   2   7   70950   70903   3   8   80950  24   6   9  350916  24  22 1770916////////////
301100  12  51  511100   2   7   71053   71003   3   8   81028   9   3  12  121100   9  39  391100////////////
301200  28  96  981154   2   7   71141   71108   3   8   81150  23   5  17  171154  23  79  801158////////////
301300  40 189 1961258   2   7   71300   71230   3   8   81206  33   7  31  321258  33 160 1661258////////////
301400  73 109 3061316   2   7   71344   71318   3   8   81317  61  12  17  501316  61  92 2541316////////////
301500  36 170 1701500   2   7   71417   71452   3   8   81403  30   6  29  291500  30 142 1421500////////////
301600  71  91 2761517   2   7   71547   71503   3   8   81529  59  12  15  461517  59  76 2261517////////////
301700  22  56  851601   2   7   71606   71640   3   8   81606  18   4  12  141601  18  46  701601////////////
301800  10  23  561703   2   7   71710   71715   3   8   81705   7   3   7  121703   8  17  461703////////////
301900   5   8  261807   2   7   71808   71835   3   8   81846   3   2   5   81807   3   5  211807////////////
302000   2   7   81902   2   7   71904   71942   3   8   81917   0   2   6   62000   1   4   51907////////////
302100   3   8   82049   2   7   72014   72039   3   8   82006   1   2   6   62002   2   5   52048////////////
302200   3   8   82200   2   7   72148   72103   2   7   72141   1   2   6   62144   2   5   52138////////////
302300   3   8   82231   2   7   72209   72219   2   7   72244   1   2   5   62203   2   5   52204////////////
302400   3   8   82325   2   7   72302   72303   2   7   72309   1   2   5   62333   2   5   52334////////////
