58265 2012   061213603204    1    1    1    1    1    1   60---------------------------------------------V3.00
010100   3   9   90058   0   1   20002   10100   6  18  180100   1   2   7   70051   2   5   50056////////////
010200   3   9   90101   0   0   10110  -10151   7  18  190104   1   2   7   70143   2   5   50109////////////
010300   3   9  100256   0   1   10225  -10206   8  22 1840256   1   2   7   70257   2   6   60254////////////
010400   3   9   90303   0  -1   10302  -10355  14  81 1020310   1   2   7   70314   2   5   60301////////////
010500   3   9   90450  -1  -2  -10447  -50424  13  47 1190403   1   2   7   70451   2   6   60449////////////
010600   3   9   90559  -1   2   20600  -40529  21  29 1390554   1   2   7   70519   2   6   60600////////////
010700  11  96  960700   3  38  380700   10618  53 159 2570629   8   3  20  200700   7  68  680700////////////
010800  43 215 2150800  17  97  970800  290719  11  30  940706  35   8  37  370800  31 159 1590800////////////
010900 117 346 5520854  52 153 2520857  720818   9  16  780835  98  19  54  910857  68 192 2550854////////////
011000 209 310 7960935 101 142 3980935 1421000   6  20  200959 177  32  43 1250935  97 215 3670952////////////
011100 247100710071100 119 489 4891100 1551001   6  17  211003 210  37 150 1501100 113 429 4291100////////////
011200 228110411041200 109 507 5071200 1601141   6  15  211109 194  34 166 1661200 149 864 8641200////////////
011300 284 49412391225 138 248 5881225 2191255   6  15  231215 241  43  73 1871225 220 381 9791225////////////
011400 239 940 9771305 115 466 4711358 2091352   5  11  231323 203  36 145 1491358 189 799 8091358////////////
011500 300 630 9851448 154 323 5411447 2661452   5  10  261450 254  46  96 1541448 258 494 8371447////////////
011600 233 835 9981507 121 445 5271507 1891538   6  12  301521 197  36 136 1571507 188 695 8201507////////////
011700 144 305 6241601  71 141 3331601 1221656   6  14  251618 121  23  50 1031620 112 223 5151601////////////
011800  92 283 3871707  42 119 1801707  651749   4  11  161735  76  16  54  651707  71 220 3011707////////////
011900  47  63 3071801  20  22 1311801  221858   4  10  111810  38   9  13  591801  35  46 2431801////////////
012000  14  10  641910   4  -5  231909  -52000   3  10  121930  10   4   5  141911  10   5  481910////////////
012100   3   7  102001  -2  -6  -42042  -72059   4  11  232017   1   2   5   62039   1   3   52001////////////
012200   2   7   72154  -3  -8  -62101 -122128   7  19  492120   0   2   6   62200   1   3   32153////////////
012300   3   8   82239  -2  -5  -22254  -82210   6  18  282219   1   2   7   82238   2   4   62237////////////
012400   2   6   82301  -2  -7  -22333  -72353   8  28  332346   0   2   5   72301   1   3   42301////////////
020100   2   8   80100  -3  -4  -40100  -90052   6  19  290011   0   2   7   70100   1   5   50100////////////
020200   3   6   90111  -2  -9  -20117  -90200   7  19  400131   1   2   6   80111   1   3   60111////////////
020300   3   6   80227  -2  -7  -40229  -90202   6 -23  250253   1   2   6   70227   1   3   40227////////////
020400   2   8   80400  -2  -3  -30400  -80303  -4  10  180321   0   2   6   60350   1   4   40400////////////
020500   3   8   80446  -1  -4  -20413  -50452  -6  -6  180411   1   2   7   70453   2   4   50449////////////
020600   3   9   90600  -1  -4  -20558  -40504  -6 -29  180506   1   2   7   70544   2   5   50600////////////
020700   8  46  460700   1  12  120700  -30601  -7 -22  120635   5   3  13  130700   5  32  320700////////////
020800  30 119 1190800  11  47  470758  130701  -1   8   80800  24   6  22  220800  22  88  880800////////////
020900  85 340 5800858  39 170 2730858  480801   4  12  130852  71  14  57  990858  57 236 2690858////////////
021000 128 383 4550945  63 193 2280946 1380910   4  11  150903 107  21  60  730945  90 277 3190944////////////
021100 173 374 7351028  86 189 3681028 1781054   5  10  181045 146  27  58 1161028 119 281 4421029////////////
021200 204 581 9401134 100 286 4571134 1861118   5  18  181148 172  32  90 1451134 146 419 6431136////////////
021300 159 392 6101205  79 197 2981206 1711230   5  15  181204 134  25  62  941205 118 289 4401205////////////
021400 106 240 4411304  53 122 2281305 1111338   5   9  181353  90  16  38  701304  78 178 3221304////////////
021500 103 390 3901500  51 202 2021500 1081406   4  13  171452  86  17  63  631500  76 285 2851500////////////
021600 107 147 4151505  54  77 2151504  771600   5  11  181548  90  17  23  671504  80 111 3061505////////////
021700  21  29 1421601  10  12  741601  121700   4   9  171608  17   4   7  231601  15  20 1071601////////////
021800  15  49  641750   7  21  291750   91719   3   9  171703  11   4  12  141750  11  35  461750////////////
021900  16  24  661815   7   9  301815   81853   3   9  141832  12   4   8  151814  11  17  471824////////////
022000   5   9  241901   1   1   91901   01958   3   9   91927   3   2   6   81901   3   5  171901////////////
022100   3   5   82001  -1 -11   22024 -112059   3  14  142100   1   2   5   62028   1  -1   52024////////////
022200   2   8   82143  -2  -5  -32135 -122102   5  18  242101   0   2   6   62159   1   3   32200////////////
022300   3   9  102234  -1  -3   02228  -52252   6  18  202240   1   2   6   72235   2   4   52220////////////
022400   3   8   92307  -2  -6  -22306  -82338   7  18  232314   1   2   6   60000   1   4   42306////////////
030100   3   9   90055  -1   0   00059  -50001   6  18  180025   1   2   7   70012   2   5   50057////////////
030200   3   9   90104   0   0   00122  -10139   6  18  180141   1   2   7   70110   2   5   50110////////////
030300   3   9   90209   0  -1   10208  -10228   6   1  190256   1   2   7   70259   2   5   50255////////////
030400   3   9   90310   0  -1   00342  -20355   5  18  870343   1   2   7   70313   2   5   50310////////////
030500   3   9   90437   0  -2   00437  -20457  10  39  990405   1   2   7   70401   2   5   50436////////////
030600   3   9   90539  -1  -1  -10534  -30548  16  18  990555   1   2   7   70554   2   5   50539////////////
030700   5  22  220700   1   6   60700  -10602  21  34 1070629   2   3   8   80700   3  15  150700////////////
030800   8  22  330750   2   7  110750   40739   5   7  470706   5   3   8   90750   5  15  230750////////////
030900  18  86  870858   7  35  360858   70801  11   8  790854  14   4  17  170858  13  62  630858////////////
031000  33 129 1291000  13  52  521000  200912   6   9  790910  27   6  23  231000  24  93  931000////////////
031100  45 116 1521039  18  47  611033  311051   9   9 1171053  37   8  20  261039  33  84 1121039////////////
031200  31  52 1431139  12  20  601139   81122   3  10  101157  25   6  11  231139  22  37 1041139////////////
031300  24  86  921250  10  35  391250  161223   6  52 2211255  19   5  16  161250  17  63  671250////////////
031400  41 136 1651348  17  55  701348  221310  24  10 2461305  34   7  22  261348  30  98 1201348////////////
031500  68 208 3091419  28  85 1311419  341446   3   9  111429  57  11  33  471419  50 156 2271419////////////
031600  79 210 2651517  32  84 1101517  711538   4   9  111524  66  13  35  421517  58 154 1971517////////////
031700  61 120 2381611  24  49  971611  421642   3   9  111606  50  11  23  391611  45  89 1741611////////////
031800  28  60 1251703  10  22  501703  211740   6   2 1031735  22   6  14  241703  20  44  921703////////////
031900  16  24  581801   4   3  211801   21857   2   9  121815  12   4   9  141801  11  17  431801////////////
032000   6   9  231901   1  -2   51917  -22000   3   9   91919   3   3   7   91901   4   5  161901////////////
032100   3   8   92001   0   0   02007  -22001   3  10  102100   1   2   7   72002   2   5   52001////////////
032200   3   8   92102  -1  -1  -12101  -32106   7  18  182102   1   2   7   72124   2   5   52138////////////
032300   3   9   92249   0   0   12250  -22201   6  18  182256   1   2   7   72202   2   5   52213////////////
032400   3   9   92302   0   1   12302  -22319   6  18  182312   1   2   6   72301   2   5   50000////////////
040100   3   9   90038   0   1   10026  -10053   6  18  180041   1   2   6   60010   2   5   50036////////////
040200   3   9   90105   0   1   10142  -10149   7  24  290141   1   2   6   60109   2   5   50134////////////
040300   3   8   90215   0   1   10215   00253   8  21  500221   1   2   6   60212   2   5   50215////////////
040400   3   8   90341   0   1   10348  -10345  12  28  680310   1   2   6   60346   2   5   50351////////////
040500   3   8   90408   0   0   20403  -10452  12  37  740406   1   2   6   60409   2   5   50404////////////
040600   3   9   90600   0   2   20504  -10540  12  42  570555   1   2   6   60512   2   5   50600////////////
040700  11  41  440653   4  13  160629   20601  15  27  950628   8   3  10  120628   8  28  310652////////////
040800  41 146 1650724  17  65  660724  140701   5  14  180706  33   8  26  310724  30 109 1140724////////////
040900  82 294 4350855  38 140 2070855  650801   5  11  250849  68  14  50  770855  58 209 2550855////////////
041000  76 291 2911000  35 135 1351000  610944   4   9  130903  63  13  49  491000  57 221 2211000////////////
041100--------------------------------------------------------------------------------------------------------
041200--------------------------------------------------------------------------------------------------------
041300 150 349 5551221  75 168 2791221 1071251   5  20  201300 126  24  54  871221 111 262 4061221////////////
041400 129 137 5511330  63  66 2651330  661400   6  14  201327 109  20  21  881330  98 103 4121330////////////
041500  29  82 1351402  13  21  651403  121451   6  14  291454  24   5  15  201401  22  60 1021401////////////
041600  52  98 1951533  22  44  901533  221501   6  22  301501  43   9  18  331533  40  79 1521533////////////
041700  24  64  921601   7  18  411601   91620  -5   9  381622  19   5  14  171601  18  46  741601////////////
041800  22  55  711718   8  19  261718  171702  -2  15  181756  17   5  12  151718  16  40  501718////////////
041900  14  20  621804   4   5  231804   41857   4  10  241852  10   4   7  141804  10  15  461804////////////
042000   8   9  311913   2  -1   91910  -11957   3   9  161951   5   3   5   91913   6   6  231913////////////
042100   3   9   92001   0   0   12054  -22016   3  10  112025   1   2   6   62100   2   6   62001////////////
042200   3   9   92134   0   0   22132  -12108   6  18  182200   1   2   6   62109   2   6   62134////////////
042300   3   8   92257   0   0   12249  -12208   6 -28  242237   1   2   6   62242   2   5   62239////////////
042400   3   8   82301   0   1   12305  -12355  -8 -14  182341   1   2   6   62359   2   5   52301////////////
050100   3   8   90015   0   1   20024   00057 -19 -93  180043   1   2   6   60014   2   5   60015////////////
050200   3   8   80107   0   0   10118  -10157  -8  18  250143   1   2   6   60144   2   5   50113////////////
050300   3   8   80254   0  -1   10250  -10229   5  -8  330251   1   2   6   60259   2   5   50217////////////
050400   3   8   80357   0  -1   10310  -20327  -3  -1  480340   1   2   6   60400   2   5   50313////////////
050500   3   9   90454   0   0   20444  -10401  -2 -29  180425   1   2   6   60407   2   5   50432////////////
050600   3   9   90600   0   1   10557  -10534  -6 -26  180513   1   2   6   60502   2   5   50528////////////
050700   6  31  310700   1  10  100700   00605  -5 -13  120639   3   3   9   90700   4  22  220700////////////
050800  13  37  430719   5  15  180719  100701  -2  -4  -40759   9   4  10  110719   9  27  310719////////////
050900  18  70  700900   8  32  320900  150801  -1   9   90856  14   4  14  140900  13  51  510900////////////
051000  45 195 1951000  22  97  971000  330901   3   8  100936  37   8  33  331000  34 146 1461000////////////
051100  79 260 2601059  40 134 1341100  941040   4   8  221008  66  13  42  421059  60 198 1981100////////////
051200 129 484 4941156  66 255 2551200 1301111   4  10  201151 108  21  77  781156  96 360 3661156////////////
051300  99  51 4981202  52  28 2611203  281300   5  21  211252  84  15   9  781202  72  38 3641202////////////
051400  10  54  541400   2  17  251301  -71317   3   8  451327   7   3  12  121400   7  38  381400////////////
051500  27  90  921448  11  38  391443  161401   3   9  111456  21   6  18  181448  20  65  661444////////////
051600  41 122 1221600  18  54  541600  381501   4  11  271550  33   8  23  231531  30  87  871600////////////
051700  37  66 1331608  16  28  601610  281700   3   9  151644  30   7  14  241609  27  48  951609////////////
051800  31 143 1431800  14  66  661800  261704   4  15  251757  25   6  26  261800  23 108 1081800////////////
051900  33  33 1551818  15  13  721818  131900   5   9  251842  27   6   8  281817  25  25 1181808////////////
052000   9  10  401920   3   0  161920   02000   4   9  201948   6   3   5  101920   7   7  291920////////////
052100   3   9  102001   0   1   12044  -12005   4  13  172046   1   2   6   62054   2   5   62001////////////
052200   3   8   92102   0   1   22132   02152   8  31  382151   1   2   5   62101   2   5   52101////////////
052300   3   8   92240   0   1   12257  -12237   8  27  412233   1   2   6   62242   2   5   52234////////////
052400   3   8   92317   0   1   12309  -12352   8  19  332346   1   2   6   62320   2   4   52318////////////
060100   3   8   90031   0   1   10057  -10007   6  18  240003   1   2   6   60037   2   5   50034////////////
060200   3   8   90109   0   1   20106   00146   7  18  380117   1   2   6   60119   2   5   50109////////////
060300   3   9   90253   0   1   20247   00252   4 -28  350238   1   2   6   60254   2   5   50252////////////
060400   3   9   90343   0   2   20335   10350  -3-107  490312   1   2   6   60350   2   5   50337////////////
060500   3   9   90434   1   1   40431   10403   7  54  710448   1   2   6   60438   2   5   50433////////////
060600   3   9   90535   1   2   40534   10519  17  76  960555   1   2   6   60540   2   5   50537////////////
060700   5  17  170700   2   7   70651   20606  18  24  860619   3   2   7   70700   3  11  110700////////////
060800  10  39  390800   4  15  150800   70701   5  13  150706   7   3  10  100800   7  27  270800////////////
060900  21  76  860857   9  34  380857  160801   6   9  310848  16   5  16  170857  15  55  620857////////////
061000  16  60  710901   7  25  320901  110949   5   9  320952  12   4  14  150901  11  46  520901////////////
061100  54 152 2371043  23  69  991043  261001   5  10  401015  44  10  27  391043  40 116 1721043////////////
061200  48  64 2271119  21  27 1021120  271200   2   9  131140  39   9  14  381119  35  47 1681119////////////
061300  28 124 1241300  12  56  561300  161216   2   9  131259  22   6  23  231300  21  93  931300////////////
061400  70 178 2901339  33  84 1391339  491309   4  12  191358  58  12  30  481339  53 139 2181339////////////
061500  72 126 2561446  34  59 1211446  591500   5  19  211451  60  12  22  421446  55  97 1991446////////////
061600  61 226 2321557  29 109 1111557  501509   6  15  231521  50  11  38  391557  47 174 1791557////////////
061700  62 183 2291610  30  85 1101611  631645   4   9  211643  51  11  31  391611  47 140 1721611////////////
061800  41  54 2111706  19  23 1001706  231800   4   9  191754  34   7  12  371706  31  41 1611706////////////
061900  12  26  521801   5   9  221801   91900   4   9  271816   9   3   8  111801   9  19  401801////////////
062000   6   9  261901   2   1   91901   11958   3   9   91912   4   2   6   81901   4   6  191901////////////
062100   3   8   92001   0   1   22005   02017   3  10  102100   1   2   6   62049   2   5   62003////////////
062200   3   8   92150   0   1   22137  -12127   6  12  192138   1   2   6   62150   2   5   62149////////////
062300   3   8   92256   1   2   22253   12204   7  18  192202   1   2   6   62234   2   5   62234////////////
062400   3   7   92314   0  -4   22334  -62353   7  21  222355   1   2   6   62314   2   3   62315////////////
070100   3   9   90041   0   0   10039  -40012   7  18  210001   1   2   7   70058   2   5   50022////////////
070200   3   9   90137   1   1   30128  -10102   6  19  190200   1   2   6   70103   2   5   50134////////////
070300   3   9   90252   0   2   30250   00207   6 -18  190249   1   2   6   60204   2   5   50259////////////
070400   3   9   90355   1   3   30356   10317   7  29  490352   1   2   6   60315   2   5   50322////////////
070500   3   9   90443   1   1   30402   10459  10  39  680405   1   2   7   70447   2   5   50446////////////
070600   3   9   90559   0   0   10549  -10543  14  57  590541   1   2   7   70513   2   5   50559////////////
070700   7  19  260635   2   4   80629   00603  16  24  980627   4   3   8   90632   5  13  190635////////////
070800  16  89  890800   5  33  330800   40701   4  11  150706  12   4  18  180800  11  66  660800////////////
070900  73 311 3110900  31 141 1410900  350801   5  10  310852  61  12  51  510900  54 215 2150900////////////
071000 133 403 5620939  61 186 2660939 1120917   5  14  390903 112  21  62  890939  83 236 2920939////////////
071100 257 803 9641055 123 383 4611055 1941004   6  16  181027 218  39 119 1461055 103 452 4731055////////////
071200 315119811981200 152 580 5801200 2181124   6  12  211151 268  47 179 1791200 237104110451157////////////
071300 290 72211251201 140 355 5571201 2681231   6  15  261258 247  43 108 1681201 234 587 9731201////////////
071400 312 99712431354 156 498 6291354 2021344   6  16  291357 265  47 151 1871354 262 83910651354////////////
071500 277 55711321414 143 290 5741416 2231423   6  20  291411 235  42  84 1741414 230 422 9591414////////////
071600 177 634 8261527  92 340 4311527 1981545   6   6  261559 150  27 103 1331527 141 528 6961527////////////
071700 167 529 8531607  90 277 4721607  931630   6   9  291617 141  26  92 1421607 139 454 7451607////////////
071800 151 328 5291701  73 144 2731701 1441800   5  11  191704 126  25  55  911701 131 281 4541701////////////
071900  69  75 3251801  26  27 1431801  271900   5  12  151820  58  11  10  541801  58  59 2781801////////////
072000  15  12  821907   3  -1  261901  -11958   4  10  121901  12   3   5  161908  12   7  651907////////////
072100   3   8  112001  -1  -2  -12059  -62009   3  10  102100   1   2   6   62059   1   4   72001////////////
072200   3   6   82102  -1  -5  -12111  -72154   7  20  202159   1   2   5   62105   1   3   42104////////////
072300   2   8   82256  -2  -4  -42256  -82209   7  17  202231   0   2   6   62255   1   4   52255////////////
072400   3   8   82358  -1  -2  -12354  -62312   7  17  202316   1   2   6   72330   1   5   52359////////////
080100   3   7   80001   0  -1   00028  -30003   7  19  200055   1   2   5   60001   1   4   50001////////////
080200   3   8   80155   0   2   20155  -50113   6  19  200145   1   2   6   70128   2   4   50128////////////
080300   3   8   80257   0   1   20203   00238   7  17  210221   1   2   6   60255   2   4   40255////////////
080400   3   8   80330   0   1   10331  -20347   6  18  200340   1   2   6   60339   2   5   50339////////////
080500   3   7   80407   0  -4   20413  -40500   5  -1  200407   1   2   6   60402   1   3   50402////////////
080600   3   9   90600  -1   0   00600  -50513  -2  -2  200504   1   2   6   60559   1   5   50600////////////
080700   6  24  240700   1   6   60654  -10609   3  10  160639   3   3   9   90700   4  17  170700////////////
080800  15  60  600800   5  25  250800   60701   0  -9   60704  11   4  14  140800  11  42  420800////////////
080900  28 117 1170900  12  53  530900  240806  -2   8   90834  22   6  21  210900  20  84  840900////////////
081000  65 195 2430924  32  99 1200924  550905   3   9  130948  54  11  32  410924  49 148 1830924////////////
081100  78 288 2881100  39 139 1391100  881040   4  10  171054  66  12  47  471100  58 216 2161100////////////
081200  67 211 2951105  33 105 1431106  551119   5  10  271137  56  11  35  481105  50 161 2211105////////////
081300 111 322 4151241  55 159 2141240 1011206   5  13  281217  93  18  51  681241  83 239 3101241////////////
081400 101 287 3211301  51 143 1581301 1321328   5  11  191326  85  16  45  501301  76 216 2381301////////////
081500 164 539 6121441  83 268 3171441 1431401   4  17  181450 138  26  84  971439 125 423 4771441////////////
081600 159 391 5951502  81 198 3011502 1661548   5  10  171546 134  25  63  941502 121 295 4621502////////////
081700 165 268 6781641  85 132 3601641 1311659   5  15  171657 138  27  40 1181641 127 203 5541641////////////
081800  64 103 3811705  31  50 1901705  501758   4   9  151703  54  10  18  631705  49  77 3001705////////////
081900  25  44 1031801  12  18  501803  181900   3   9  121802  20   5  10  181803  18  32  761801////////////
082000   9   9  431901   3   2  181901   11958   3   9   91946   6   3   5  101901   6   5  311901////////////
082100   3   8   92001   1   2   32052   02012   3  10  102100   1   2   6   62058   2   5   52014////////////
082200   3   7   92131   0   1   42125  -52139   7  19  202139   1   2   5   62131   2   4   52130////////////
082300   3   8   82228   0  -2   22218  -32248   7  18  192257   1   2   5   62229   1   4   52228////////////
082400   3   8   92331   0   2   32343  -22301   6  18  192315   1   2   6   72331   2   5   62328////////////
090100   3   6   80001   0  -7   20005  -70056   7  22  220100   1   2   5   60001   1   1   50016////////////
090200   3   8   80157  -1  -1   10156  -80105   7  21  210101   1   2   6   60135   1   3   40141////////////
090300   3   9   90259   0  -1   00253  -30207   3 -37  220203   1   2   7   70300   1   4   50258////////////
090400   3   9   90356   0  -1   10352  -20303   3  47  610356   1   2   7   70303   2   5   50355////////////
090500   3   9   90452   0   0   10448  -20402  22  56 1160418   1   2   6   70420   2   5   50451////////////
090600   3   9   90557   0  -1   00501  -20508  24  99 1080537   1   2   7   70556   2   5   50556////////////
090700   4  19  190700   0   3   30700  -30632  22  26 1110621   1   3   9   90659   3  12  120700////////////
090800  12  47  470800   4  15  160748   20704   4  13  170706   8   4  12  120800   8  33  330800////////////
090900  31 139 1400858  12  56  590855  150801   5   9  340836  24   7  27  270857  23 102 1020900////////////
091000  73 293 2950958  32 133 1330959  550912   4  12  230924  60  13  50  510958  55 221 2210959////////////
091100 160 585 9451056  75 295 4491058 1251009   4  14  171056 134  26  90 1491056 108 365 5091058////////////
091200 289 58710391114 136 275 4831119 2201146   6  16  221131 244  45  91 1621114 209 420 7901138////////////
091300 329 82010741245 155 387 5071245 3101207   5  21  251233 279  50 120 1641211 286 732 9741245////////////
091400 343 89310061302 166 438 4821309 4181301   5  15  261328 292  51 136 1491302 314 806 9151303////////////
091500 313 819 9281404 163 446 4691437 4301456   5  14  211448 265  48 127 1401404 284 742 8421404////////////
091600 267 717 8211503 146 385 4501502 3451530   5  16  331513 224  43 118 1271503 240 639 7431503////////////
091700 146 288 7151611  77 136 3961611 1091656   5  12  181638 123  23  48 1211611 119 223 6361601////////////
091800 128 297 4401733  60 120 2171734 1201800   5  15  151759 106  22  53  811731 105 255 3691733////////////
091900  72  52 2961801  25  18 1191801  181900   5  12  151803  59  13   5  531801  62  41 2551801////////////
092000  10  11  471901   2   1  161901   11959   4   9  121903   8   2   5   71929   7   6  361901////////////
092100   3   8  102001   0   1   12001  -12016   3  10  102100   1   2   6   62044   2   4   62001////////////
092200   3   8   82128   0   0   12131   02125   7  19  192139   1   2   5   62127   1   4   42126////////////
092300   3   8   82207   0   1   22243   02202   7  19  192250   1   2   5   62206   2   4   52205////////////
092400   3   8   82345   0   0   12304  -12313   7  18  192304   1   2   6   60000   2   4   40000////////////
100100   3   7   80034   0  -6   30036  -60100   7  20  200100   1   2   5   60032   2   3   50032////////////
100200   2   6   70126  -2  -7   00122 -110103   7  21  230150   0   2   6   60110   1   1   40125////////////
100300   3   8   90224  -1  -2  -10227  -90208   5  -6  210201   1   2   6   60223   1   4   40233////////////
100400   3   9   90400   0  -1   00321  -30325   3   8  190321   1   2   6   70345   2   5   50359////////////
100500   3   9   90440  -1  -2   10438  -40451   4  18  190420   1   2   6   70452   2   5   50453////////////
100600   3   9   90600   0   0   10531  -30546   3   2  190532   1   2   6   60549   2   5   50546////////////
100700   6  25  250700   1   5   60650   00601   4   8  190650   3   3   9   90700   4  17  170700////////////
100800  21  93 1090754   7  37  470754   10706   3   8  130747  16   5  19  210754  15  67  780754////////////
100900  39 153 1530900  17  68  680900  340831   4  12  140838  32   7  27  270900  29 115 1150900////////////
101000  65 179 2180943  31  84 1040942  710901   4  12  130951  54  11  31  380941  48 134 1590943////////////
101100  82 333 3331100  39 160 1601100  811027   4  10  151030  68  14  56  561100  62 251 2511100////////////
101200 158 545 5451143  77 267 2701143 1601102   5  13  221138 132  26  88  891143 117 397 3971200////////////
101300 249 853 8691223 123 420 4201300 2241205   5  17  181241 210  39 133 1371223 184 657 6571300////////////
101400 287 855 9081356 144 448 4721356 3451346   5  13  181326 242  45 132 1421356 225 710 7411356////////////
101500 326 84010111407 172 459 5211407 3931410   5  15  181445 276  50 130 1541407 297 775 9161407////////////
101600 272 693 8391501 151 385 4631503 3851600   5  13  161518 228  44 115 1301501 251 637 7741501////////////
101700 189 256 6881601 102 121 3801601 1201659   5  15  161652 158  31  39 1141601 167 196 6331601////////////
101800 109 204 5061709  51  96 2461709  631731   5  11  171732  90  19  35  911709  90 157 4351712////////////
101900  33  65 1981801  15  29  941801  271859   4   9  151817  27   6  14  341801  25  48 1541801////////////
102000  14   9  651905   5   0  301906   01955   3   9  101913  11   3   4  141901  10   5  481905////////////
102100   3   8   92001   0   2   22048  -12003   3  11  112100   1   2   5   62015   2   4   62007////////////
102200   3   7   82140   0   0   22141  -12129   7  19  192123   1   2   5   62139   1   4   42139////////////
102300   3   8   82250   1   2   22234   02202   7  18  202208   1   2   5   62249   1   4   42249////////////
102400   3   8   82348   0   1   22304   12354   7  19  202315   1   2   5   62342   1   4   52342////////////
110100   2   7   80016  -1  -4   20013  -90035   7  19  220029   0   2   6   60057   1   4   40015////////////
110200   3   8   80136  -1  -3   00125  -50154   7  20  230150   1   2   6   60200   1   4   50119////////////
110300   3  10  100251  -1  -2   10227  -60237   1 -47  200201   1   2   7   80251   2   6   60246////////////
110400   3   9  100301  -1  -1  -10306  -60318   2  51  510400   0   3   7   80319   2   5   60301////////////
110500   3   9   90401   0   0   10449  -30416  10  18  520409   1   2   7   70401   2   5   50454////////////
110600   4  11  130552  -2  -5   10504 -150536  11  20  590517   1   3  10  100553   2   6   70552////////////
110700   5  24  240700  -1   3   50658  -50602   8  28  320655   2   3  10  100605   3  18  180700////////////
110800  15  81  810800   5  32  320800   40701   5  12  150701  11   4  18  180800  11  60  600800////////////
110900  26 139 1390900  10  60  600900  150812   4   7  160826  20   6  28  280900  19 102 1020900////////////
111000  38 109 1400901  16  45  590901  310918   4  16  160959  30   8  21  280901  29  84 1040901////////////
111100  84 240 3371040  39 117 1611040  461001   4  10  171012  69  15  42  591039  64 187 2511039////////////
111200 112 392 3921200  55 189 1891200 1181101   4  11  191150  93  19  65  651200  87 304 3041200////////////
111300 150 609 6091300  72 293 2931300 1671219   4  16  171258 125  25 100 1001300 114 456 4561300////////////
111400 230 68210591341 116 365 5381355 2391347   5  15  231313 193  37 108 1711341 177 537 8651355////////////
111500 172 59810161413  88 306 5231413 1651446   5  11  181407 145  27  98 1621413 133 462 8271413////////////
111600 238 658 8581507 128 376 4561507 2271524   5  14  181521 198  40 113 1441537 198 584 7191537////////////
111700 143 271 5701633  75 138 3071633 1301650   5  12  181646 120  23  45 1001633 112 209 4651604////////////
111800  88 175 4021711  41  78 1991711  751725   4  12  131730  72  16  32  731711  69 139 3191711////////////
111900  37  62 2021806  16  27  861806  241848   4  10  181843  30   7  12  391806  28  45 1641806////////////
112000  12  14  611901   4   2  261901   22000   3   9  101911   9   3   6  121901   8   9  441901////////////
112100   3   8  142001   0   1   22026   02010   3  10  102100   1   2   5   62001   2   4   92001////////////
112200   3   8   82105   0   1   12103  -22139   7  18  192138   1   2   6   62153   1   4   42104////////////
112300   3   8   92225   1   1   22222   12211   6  18  192230   1   2   6   62222   2   4   52222////////////
112400   3   8   82301   0   1   22310   02337   7  18  192343   1   2   6   62301   1   4   42301////////////
120100   3   8   80004   0   1   20002   00032   7  19  190044   1   2   5   60054   1   4   40002////////////
120200   3   7   80117   0  -1   20119  -10159   7  20  200159   1   2   5   50102   1   3   40102////////////
120300   3   7   70208  -1  -2   00203  -30227   8  34  360234   1   2   5   60243   1   3   40207////////////
120400   2   7   70400  -1  -1  -10400  -50317  10  30  350301   0   2   5   60307   1   4   40400////////////
120500   3   7   80416   0  -2   10415  -20500   9  29  340435   1   2   5   60428   1   3   40415////////////
120600   3   8   80600  -1  -6  -20504  -60546  11  30  330506   1   2   6   60600   1   4   40600////////////
120700  10  58  580700   0  15  150700  -80613  11  28  330639   7   3  15  150700   7  42  420700////////////
120800  48 280 2800800  19 113 1130800  160701   6  12  170749  38  10  56  560800  31 133 1330800////////////
120900 127 391 5870853  58 192 2880854  970828   5  16  170812 104  23  67 1070853  64 227 2670852////////////
121000 165 624 6600955  83 322 3360943 1170921   5  18  190956 138  27 101 1100955  83 302 3021000////////////
121100 172 601 6701009  87 295 3341009 2051021   5  15  201006 145  27  96 1091009 120 416 4161100////////////
121200 283 948 9481200 138 449 4541127 2671106   6  16  221152 238  45 150 1531115 215 784 7841200////////////
121300 273 85910271227 132 408 4921205 3041247   6  15  191240 229  44 139 1681227 208 673 8341205////////////
121400 313 96310021339 150 465 4791339 3291317   6  15  201315 262  51 158 1631339 252 809 8351339////////////
121500 288 573 9741432 141 284 4851432 2541450   5  14  181445 241  47  95 1631432 237 437 8391407////////////
121600 257 677 8731519 131 346 4541539 2761501   5  17  191558 213  44 117 1531539 205 546 7171539////////////
121700 158 408 7191603  77 194 3701603 1221645   5  13  161618 131  27  73 1261603 123 320 5861603////////////
121800 127 170 5121704  59  75 2471704  751800   5  10  161733 104  23  29  971704 103 128 4301715////////////
121900  33  45 1631801  13  16  721801  121853   4   9  111808  27   6  11  281801  25  33 1241801////////////
122000  12  14  541919   4   3  211918   21956   3   9  101949   9   3   6  131919   9   9  391919////////////
122100   3   6  132001  -1  -4   22001  -52058   3  11  112100   1   2   5   62001   1   3   82001////////////
122200   2   7   72152  -1  -4  -22149  -52117   7  19  192124   0   2   5   62116   1   3   32150////////////
122300   3   8   82245   0   1   22255  -42203   7  19  202252   1   2   5   62213   1   4   42243////////////
122400   3   8   82317   1   2   22316   12339   7  19  192359   1   2   5   62335   2   4   42316////////////
130100   3   8   80046   1   2   20046   10054   7  18  190002   1   2   6   60047   2   4   50046////////////
130200   3   8   80102   0   2   20101  -10152   7  18  190120   1   2   6   60200   1   5   50200////////////
130300   3   8   80203   0   1   20212   00223   8  28  330221   1   2   6   60203   2   4   50201////////////
130400   3   8   80334   0   1   10331   00355   9  29  330319   1   2   6   60400   2   4   40400////////////
130500   3   8   80407   1   1   20419   00439   9  27  420440   1   2   5   60404   2   4   50406////////////
130600   3   9   90600   0   2   20539   00508  10  26  300509   1   2   6   60538   2   5   50600////////////
130700   9  34  480655   3  16  210656   20603  10  29  320655   6   3  10  130655   6  25  350655////////////
130800  11  33  390720   5  14  180720  100743   6  16  170732   8   3   9  110720   8  23  270720////////////
130900  20  78  780900   9  36  360900  150801   4   9  160803  15   5  17  170850  14  56  560900////////////
131000  48 234 2341000  23 116 1161000  300912   4  16  180958  38  10  44  441000  36 173 1731000////////////
131100 118 456 5301049  59 224 2621049 1101030   4  14  171022  97  21  78  951049  87 336 3581049////////////
131200 167 498 7121115  84 242 3521115 1851132   5  13  191151 139  28  84 1251115 123 368 5191115////////////
131300 243 808 8151227 120 399 3991300 2311211   5  12  181254 202  41 135 1411227 188 658 6581300////////////
131400 280 761 8151312 142 373 4171324 3671356   5  19  191400 233  47 127 1351312 227 617 6661312////////////
131500 226 672 7781401 115 350 4001404 1971441   5  14  211442 188  38 118 1311403 182 544 6331401////////////
131600 161 193 6721501  84  96 3491501  961600   5  11  191524 133  28  32 1181501 129 144 5471501////////////
131700  50 132 2091607  24  63 1031608  491655   4  10  131603  41   9  25  351607  36  97 1531607////////////
131800  35  85 1271701  17  40  601701  361749   3   9  101717  28   7  18  241701  25  62  931701////////////
131900  31  27 1411817  14   9  671817   91900   3  10  101836  25   6   7  281817  23  19 1061817////////////
132000   8   9  361912   3   2  141911   22000   3   9  101901   5   3   5   91912   5   5  251912////////////
132100   3   8   92001   1   3   32047   22031   3  11  112100   1   2   5   52059   1   4   52001////////////
132200   3   8   82101   1   2   32112   12128   7  19  202136   1   2   5   52114   1   4   42113////////////
132300   3   8   82246   1   2   32206  -12213   7  18  202212   1   2   6   62300   2   5   52300////////////
132400   3   9   90000   1   3   32355   12317   7  18  192322   1   2   6   62346   2   5   52335////////////
140100   3   8   90003   0   2   30035  -60020   7  19  200019   1   2   5   60006   1   4   50007////////////
140200   3   8   90116   1   2   30114   10126   7  19  190159   1   2   5   60115   2   4   50115////////////
140300   3   8   80247   1   1   20245   00220   8  31  340255   1   2   5   60248   2   4   50245////////////
140400   3   7   80331   0  -6   20306  -60400  10  32  350351   1   2   5   60332   1   3   50332////////////
140500   3   8   80459  -1  -2  -20427  -60411  10  31  320407   1   2   6   60438   1   5   50430////////////
140600   3   9   90559   0  -1   00553  -30505  10  24  310504   1   2   6   60548   2   5   50558////////////
140700   8  37  370700   2  13  140659  -10601   9  25  300645   5   3  11  110700   5  26  260700////////////
140800  44 245 2460759  19 107 1070759  140701   5  11  160754  35   9  50  510758  30 142 1420800////////////
140900  89 371 3720859  41 176 1760900  570839   5  12  160807  72  17  70  700858  53 183 1830900////////////
141000 156 591 6000959  77 305 3090959  950914   5  17  180959 129  27 101 1040959  77 263 2630959////////////
141100 237 573 7871035 119 284 3941035 2781058   6  18  191047 197  40  95 1331035 131 403 4721050////////////
141200 251 971 9711200 124 478 4781200 2651115   6  15  241148 209  42 166 1661200 184 764 7641200////////////
141300 261 406 9971242 128 206 4861202 2061300   6  16  231214 217  44  65 1731242 204 305 8031242////////////
141400 239 684 9761327 118 345 4791340 1911315   5  14  201356 198  41 115 1701327 188 550 7781327////////////
141500 231 678 8491421 117 356 4341422 1611449   5  10  201407 191  40 120 1481421 184 541 6991421////////////
141600 190 370 7041528  97 190 3611529 1511510   5  17  171511 156  34  62 1281528 151 286 5771528////////////
141700 125 175 6011620  63  84 3091620  841700   5  13  171602 103  22  31 1131620  98 132 4941623////////////
141800  84 282 3691724  38 121 1711724  671751   4  10  131753  68  16  58  751724  66 229 2971724////////////
141900  54  48 2871801  22  17 1231801  171900   4  10  131825  43  11  10  591801  43  34 2331801////////////
142000  10  12  471901   3  -1  171908  -12000   3  10  101929   7   3   5  101907   7   7  331901////////////
142100   3   6  112001  -1  -7  -12025  -72100   3  11  112100   1   2   5   52054   1   3   62001////////////
142200   2   7   72159  -3  -6  -62200 -102132   7  18  202105   0   2   6   62158   1   3   32159////////////
142300   3   9   92259  -1  -1  -12258  -62201   7  18  192202   1   2   6   62300   2   5   52239////////////
142400   3   8   92305  -1  -3   02309  -42354   7  20  202359   1   2   6   72328   2   3   52328////////////
150100   3   8   90049  -1  -4   00024  -50006   7  19  200002   1   2   6   60049   2   4   50049////////////
150200   3   9   90200  -2  -3  -20142  -60127   7  18  200130   1   2   7   70200   1   5   50200////////////
150300   3   8  100229   0  -2   20229  -40206   7  25  290220   1   2   6   80230   2   4   60228////////////
150400   3   7   80301  -1  -4  -10306  -50350   9  27  290313   1   2   5   60315   1   3   40314////////////
150500   3   8   80458  -1  -3  -20453  -40443   7  19  280401   1   2   6   60459   1   4   40455////////////
150600   3   9   90600  -1  -3  -20550  -40520   5   9  200502   1   2   6   60600   2   5   50600////////////
150700   8  47  470700   1  16  160700  -30601   4  14  180646   5   3  13  130700   5  33  330700////////////
150800  31 145 1450759  13  68  680759  150701   4  10  150752  24   7  30  300759  23 107 1070759////////////
150900  71 243 3240843  34 118 1560843  640809   4  12  160822  58  13  43  630843  50 171 1940843////////////
151000 133 440 5460945  67 229 2740945 1190905   5  14  180955 109  24  75 1000945  84 267 2850938////////////
151100 209 539 7501043 104 264 3631043 2041035   6  14  201025 173  36  91 1311043 127 379 4631043////////////
151200 192 225 7051134  93 109 3381134 1091200   5  15  181131 159  33  38 1241134 141 170 5361134////////////
151300 112 629 6641208  54 301 3171208  641227   5  11  171232  92  20 112 1221208  84 479 4981208////////////
151400  87 252 6831303  42 118 3251303  521338   4  10  151313  71  16  47 1231303  66 183 5371303////////////
151500 224 889 9151459 110 454 4641459 1441401   5   9  171449 184  40 161 1661459 175 721 7431459////////////
151600 159 297 8491501  77 140 4301501 1401600   5  12  171511 131  28  53 1541502 121 224 6871501////////////
151700  96  92 5121613  45  40 2541614  401700   4  10  141621  78  18  19 1001613  73  69 4151613////////////
151800  33  73 1061719  14  31  471720  311800   3   9  111705  26   7  16  221739  24  53  771722////////////
151900  10  13  711801   4   2  301801  -11855   3   9  101809   7   3   6  151801   7   8  521801////////////
152000   5  10  181924   1   2   61924  -31910   3   9   91911   3   2   6   81924   3   5  121924////////////
152100   2   8   92001  -2   2   22006 -172034   3   9  112031   0   2   6   62059   1   5   52001////////////
152200   3   8   82112   1   2   32130   22104   6  19  192200   1   2   5   62102   2   4   52125////////////
152300   3   7   82225   0  -1   32223  -42251   7  19  212250   1   2   5   52232   1   4   42232////////////
152400   3   8   82331   0   0   22336  -52315   7  19  202316   1   2   5   62335   1   4   52336////////////
160100   3   7   80016  -1  -6   10012  -80051   7  18  220046   1   2   6   60100   1   2   40014////////////
160200   3   8   80115  -2  -3  -30200  -60143   6  18  190127   1   2   6   60157   1   4   40158////////////
160300   3   8   80221  -2  -3  -20216  -80232   6  13  210231   1   2   6   70255   1   4   50219////////////
160400   3   8   80400  -1  -3  -20316  -60319   5  19  200346   1   2   6   70323   1   4   40357////////////
160500   3   8   90405  -1   0   00500  -30405   7  20  230406   1   2   5   60422   2   4   50422////////////
160600   3   7   80547   0  -3   10515  -30600   7  19  240531   1   2   6   60554   2   3   50543////////////
160700   4  17  180651   0   1   10629  -40603   5   4  220601   2   2   7   70700   3  11  110652////////////
160800   8  27  280754   2   6   80742   10705   2   5   70748   5   3   8   90731   6  18  190752////////////
160900  14  67  670900   5  30  300900   60801   3   9  110852  10   4  15  150900  10  49  490900////////////
161000  23  53  760942  10  24  350943  170920   3  10  120953  18   5  12  160942  17  38  550942////////////
161100  31  95 1181050  14  38  531051  241001   4  10  141031  25   6  18  221050  22  68  871049////////////
161200  37  79 1171120  16  29  521120  291200   3  10  211140  30   7  14  211120  27  58  841120////////////
161300  30  62 1111245  11  20  411245  191258   4   9  181206  25   5  12  191244  21  43  791245////////////
161400  29 145 1451400  10  57  571400  171337   2   9  131346  24   5  25  251400  21 106 1061400////////////
161500  53  47 2031429  21  13  841411  131500   3   9  101450  44   9  12  341429  39  33 1471429////////////
161600  23  61  971531   7  19  361531  111555   3   9  101543  18   5  14  191531  16  43  701531////////////
161700  34  41 1511623  14  14  651623  141700   3   9  101639  27   7  11  271623  25  29 1111623////////////
161800  10  35  371701   3   7  111701   51745   3   8   91707   7   3  11  111800   7  23  261701////////////
161900   9  14  391803   2   1   91804   11859   3   9   91814   6   3   8  111803   6   9  261803////////////
162000   4   7  161909  -1  -8   21907  -91957   3  10  111958   1   3   7   81908   3   2  111909////////////
162100   3   8   82051  -2  -3  -12055  -82001   3  10  102100   1   2   6   72035   1   4   42052////////////
162200   3   8   82148  -1  -2  -12142  -52104   6  18  182113   1   2   7   72115   2   4   42159////////////
162300   3   9   92227  -1  -2  -12219  -22246   6  18  182232   1   2   7   72300   2   5   52224////////////
162400   3   9   92314   0   0   02350  -22320   6  18  192321   1   2   7   72319   2   5   52312////////////
170100   3   9   90011   0   0   10012  -10045   6  18  190025   1   2   6   70009   2   5   50055////////////
170200   3   9   90143   0   1   10200  -10133   6  18  180149   1   2   6   70136   2   5   50142////////////
170300   3   9   90257   0   0   10201  -10229   7  18  270256   1   2   6   70236   2   5   50256////////////
170400   3   9   90303   0   0   00336  -10314   8  24  460334   1   2   7   70317   2   5   50301////////////
170500   3   9   90500   0   0   10413  -10439  12  34  800408   1   2   7   70448   2   5   50458////////////
170600   3   9   90501   0  -1   10549  -10523  14  65  930550   1   2   7   70526   2   5   50501////////////
170700   4  14  150656   0   2   20656  -10601  17  25  810625   2   2   7   70655   2   9   90656////////////
170800   6  18  180800   1   5   50800   20701   4  10  140702   3   3   8   80800   4  12  120800////////////
170900  10  39  390900   3  14  140900   50803   4   9  140842   7   3  11  110900   7  28  280900////////////
171000  11  24  410904   4   6  150904   60959   3   9  170953   8   3   9  110903   8  16  290904////////////
171100  26 126 1441056  11  53  621056   61001   8  10  741045  21   5  21  231049  19  92 1061049////////////
171200  33  85 1231102  13  38  511102  171142   3   9  101104  27   6  16  211101  24  62  911101////////////
171300  28 137 1401252  11  55  561252  201218   3  18  181300  23   5  23  231252  21 101 1021252////////////
171400  37  47 1361301  14  15  551301  151359   5   9  351309  30   7  12  231301  27  34  991301////////////
171500  46 148 1771430  18  65  751456  161401   1  11  181457  38   8  25  291456  34 109 1291430////////////
171600  29 104 1391501  12  37  621501  151546   5  17  301549  23   6  19  231501  21  77 1011501////////////
171700  27  63 1031601   9  21  391601  141650   3  10  211623  22   5  13  191601  19  45  761601////////////
171800  22  62  881706   8  25  331707  171724   3   8  101707  17   5  14  171706  16  46  631706////////////
171900  26  50 1031826  11  19  441826  191900   3   9  151810  21   5  12  191826  20  37  771826////////////
172000   7  10  451901   2   0  171901   02000   3   9   91910   4   3   6  111901   5   6  331901////////////
172100   3   9   92001   0   0   12037   02100   3  10  102100   1   2   6   62100   2   6   62001////////////
172200   3   8   92101   0   0   02152  -12136   6  18  182119   1   2   6   62113   2   5   52101////////////
172300   3   8   92249   0  -1   12219  -12256   6  18  182237   1   2   6   62257   2   5   52250////////////
172400   3   8   92306   0  -1   12329  -32307   6  18  192320   1   2   6   72309   2   5   52307////////////
180100   3   8   90029   0   1   20011  -10025   6  18  180043   1   2   6   70032   2   5   60027////////////
180200   3   9   90128   0   0   20121  -10138   6  18  180122   1   2   6   60109   2   5   60127////////////
180300   3   9   90209   0   1   10256  -10226   6  18  180214   1   2   6   70233   2   5   60219////////////
180400   3   8   90316   0   1   10400  -10343   4  18  180324   1   2   6   60319   2   5   60317////////////
180500   3   9   90440   0   1   20403  -10414   5   4  180420   1   2   6   60444   2   6   60449////////////
180600   3   9   90600   0   1   20517   00541   3   3  180519   1   2   6   60532   2   6   60600////////////
180700   4  16  160657   1   5   50659   10601   3  12  130647   2   2   7   70657   3  11  110657////////////
180800   9  39  390800   3  16  160800   50702   2   5   80753   6   3  10  100800   7  28  280800////////////
180900  10  32  390801   4  12  160801   70829   3   9  100840   7   3   9  100801   7  23  280801////////////
181000  18  81  811000   7  36  361000  120902   3   1   90955  14   4  16  161000  14  60  601000////////////
181100  40 151 1511100  18  69  691100  361001   3   9  161037  33   7  26  261100  30 115 1151100////////////
181200  64 112 2251131  30  49 1071131  461158   4  10  251149  53  11  19  371131  49  86 1691132////////////
181300  56 176 1971257  25  81  911257  511201   4  11  151205  47   9  29  321257  43 134 1501257////////////
181400  64 183 2311348  29  84 1061348  641308   4  10  251326  53  11  30  381348  49 139 1741348////////////
181500  56 184 1841500  25  83  831500  541437   4  10  261421  47   9  31  311500  42 139 1391401////////////
181600  72 305 3051600  33 146 1461600  661521   3  10  111517  60  12  52  521600  54 225 2251600////////////
181700  78 135 3451613  37  60 1671614  601659   4  10  141642  65  13  23  581614  59 100 2611614////////////
181800  46 180 1801800  17  68  681800  321727   4   8  121727  38   8  32  321800  35 137 1371800////////////
181900  46  62 1831802  19  25  681802  251900   3  10  181810  37   9  13  331802  36  47 1411802////////////
182000  13  16  591901   5   2  241901   22000   3   9  101903  10   3   7  121901  10  12  461901////////////
182100--------------------------------------------------------------------------------------------------------
182200--------------------------------------------------------------------------------------------------------
182300--------------------------------------------------------------------------------------------------------
182400--------------------------------------------------------------------------------------------------------
190100--------------------------------------------------------------------------------------------------------
190200--------------------------------------------------------------------------------------------------------
190300--------------------------------------------------------------------------------------------------------
190400--------------------------------------------------------------------------------------------------------
190500--------------------------------------------------------------------------------------------------------
190600--------------------------------------------------------------------------------------------------------
190700--------------------------------------------------------------------------------------------------------
190800--------------------------------------------------------------------------------------------------------
190900--------------------------------------------------------------------------------------------------------
191000--------------------------------------------------------------------------------------------------------
191100 144 816 8161100  70 379 3791100 1421027   4  19  191100 121  23 129 1291100 104 562 5621100////////////
191200 261 673 9731155 127 320 4581155 2171111   6  15  201148 221  40 100 1481155 198 509 7721155////////////
191300 260 646 9501208 127 320 4601226 1931233   6  16  201259 220  40 100 1451226 204 499 7701208////////////
191400 268 879 9561329 134 439 4701320 1871344   5  14  211321 227  41 135 1481329 215 736 7931329////////////
191500 229 652 9021404 117 322 4461407 1831436   5  18  191415 194  35 103 1381404 182 520 7531404////////////
191600 226 652 7841503 117 342 4101507 1991551   5  14  181501 190  36 107 1281507 185 550 6441503////////////
191700 151 217 6571601  78 102 3531602  791646   5  11  181609 127  24  33 1081602 125 166 5551601////////////
191800  82 177 4341736  39  86 2011736  821714   4  11  121732  68  14  30  831736  63 134 3491736////////////
191900  35  60 1781801  15  23  871801  231857   4   9  121806  29   6  13  301801  26  45 1351801////////////
192000  13  14  601901   4   1  231913   12000   3   9  101935  10   3   6  131901   9   9  441901////////////
192100   3   7  142001   0  -2   22004  -32048   3  11  112100   1   2   5   62001   2   4   92001////////////
192200   2   7   72101  -2  -5  -22104  -92136   7  18  202115   0   2   6   62159   1   4   42158////////////
192300   2   7   72201  -2  -8  -52202  -82259   7  19  192227   0   2   6   62255   1   3   42201////////////
192400   3   8   82348  -2  -6  -22349  -72301   7  18  192302   1   2   6   62353   1   4   42348////////////
200100   3   8   80005  -1  -2  -20100  -60023   7  19  190037   1   2   6   60004   1   4   40012////////////
200200   3   8   80130  -2  -4  -20101  -70136   6  19  190155   1   2   6   70126   1   4   40130////////////
200300   3   8   80253  -1  -2  -10244  -50202   6   0  230237   1   2   6   60259   1   4   50251////////////
200400   3   8   80357  -1   0   00400  -30326   3   3  180304   1   2   6   60326   2   4   50356////////////
200500   3   8   90447   0  -1   00445  -20419   5  10  250418   1   2   6   60419   2   4   50444////////////
200600   3   9   90600   0   0   10530  -10506   6  17  220540   1   2   7   70600   2   5   50600////////////
200700   6  44  440700   1  14  140700  -20612   7  23  260650   3   3  12  120700   4  31  310700////////////
200800  22 110 1100800   8  43  430800  100719   5  15  150759  17   5  22  220800  16  80  800800////////////
200900  75 237 3260856  35 118 1590856  440801   4  13  160837  61  14  41  570856  53 165 2140856////////////
201000 120 321 4680917  58 153 2260918  940904   5  14  160952 100  20  53  810918  81 232 2890917////////////
201100 138 524 6221053  67 256 3071054 1411017   5  13  181029 115  23  86 1031053  99 374 4291054////////////
201200 105 222 5271101  51 107 2581101 1061159   5  12  201150  88  17  35  861101  77 165 3751101////////////
201300  76 144 2501219  38  71 1221220  711300   4  12  151244  64  12  22  411219  56 106 1851219////////////
201400  59 239 2421358  28 117 1171400  541323   4  16  231323  49  10  41  411359  43 178 1801359////////////
201500  55 153 2321401  27  72 1141401  501452   4  10  171411  46   9  26  401401  40 113 1731401////////////
201600  74 245 2451600  34 113 1131600  741501   4  10  111557  61  13  42  421600  55 183 1831600////////////
201700  74 220 2651607  35 107 1261607  741632   4  10  111619  62  12  38  451607  55 163 1981607////////////
201800  55  86 2041701  26  40 1001701  401800   4  10  111712  45  10  16  351701  41  63 1511701////////////
201900  19  24  781801   8   8  361801   81900   4   9  151815  15   4   8  151801  13  17  571801////////////
202000   8  11  321913   2   2  121914   21958   3   9   91901   5   3   6   91921   6   7  221921////////////
202100   3   8  112001   0   0   22001  -22051   3  11  112100   1   2   5   62001   2   4   72001////////////
202200   3   8   82115  -1  -3  -12113  -42150   7  18  192146   1   2   6   62126   1   4   52113////////////
202300   3   8   82242  -1  -2  -12217  -42242   7  19  192254   1   2   6   62244   2   4   52242////////////
202400   3   8   82324  -1  -1  -10000  -32321   7  19  192348   1   2   6   72324   2   4   52324////////////
210100   3   8   80027   0  -1   00053  -30036   7  18  190001   1   2   6   60037   1   4   40026////////////
210200   3   8   80133   0   0   10129  -20110   6  19  190102   1   2   6   60111   2   4   50134////////////
210300   3   8   80258   0   1   10300  -10216   6  -5  190241   1   2   6   60258   2   5   50258////////////
210400   3   8   90319   0   1   10301  -10338   4   5  180308   1   2   6   60330   2   5   50320////////////
210500   3   8   90431   0   1   10437  -10427   4   7  190413   1   2   6   70428   2   5   50428////////////
210600   3   9   90600   0   1   10509   10517   4   7  250513   1   2   6   60553   2   5   50600////////////
210700   6  29  290700   2  10  100700   10601   6  21  300612   3   3   9   90700   4  20  200700////////////
210800  15  76  780758   5  31  320759   70714   4  11  180710  11   4  17  170758  11  56  570758////////////
210900  39 110 1460828  16  44  600828  250806   4  11  200809  31   8  21  270828  28  80 1050828////////////
211000  35 101 1260908  16  48  540909  370926   4  10  120916  29   6  18  230908  26  74  920908////////////
211100  56 159 2041053  24  73  921053  471009   3  10  121046  46  10  27  341053  41 119 1511053////////////
211200  66 198 2121134  29  82  941148  681107   4  11  111131  55  11  33  351134  49 146 1561134////////////
211300 100 313 3531236  40 133 1461235  831201   4  15  221206  84  16  51  571236  75 236 2631235////////////
211400 103 271 3201304  46 114 1441305 1031345   4  10  161311  86  17  45  521304  76 198 2431304////////////
211500 103 328 3381438  45 130 1491437 1021414   4  11  131448  86  17  51  551437  76 240 2531438////////////
211600 117 342 3851552  52 160 1791552 1171506   4  11  121551  98  19  56  641552  86 259 2931552////////////
211700  93 135 3941619  43  58 1871619  581700   4  10  131608  78  15  24  671619  70 103 2971619////////////
211800  44  92 2011720  19  40  911720  351751   3   9  101736  36   8  18  351720  34  68 1541720////////////
211900  17  31  931801   7  11  411801  101850   3   9  101816  13   4   9  181801  12  22  681807////////////
212000   9  13  311901   3   3  111902   32000   3   9   91950   6   3   6   91909   6   8  221901////////////
212100   3   8  132001   0   0   22001  -32050   3  10  102100   1   2   6   62001   2   4   82001////////////
212200   3   8   82127   0   0   12126  -12110   6  18  182200   1   2   6   62127   2   4   52126////////////
212300   3   8   82223   0   0   02208  -22249   7  18  192244   1   2   6   62222   2   4   52223////////////
212400   3   8   82316   0   0   12324  -22348   6  18  192350   1   2   6   62315   2   4   52316////////////
220100   3   7   80001   0  -2   00009  -30039   7  18  190050   1   2   6   60042   1   4   40010////////////
220200   3   8   80159   0   0   10157  -30103   6  18  190106   1   2   6   60119   2   5   50200////////////
220300   3   8   80206   0  -1   10230  -10246   5  18  190216   1   2   6   60243   2   4   50206////////////
220400   3   8   80349   0   0   10336  -10315   1   0  190324   1   2   6   60354   2   5   50354////////////
220500   3   8   80411   0   0   10411   00446   2   2  210459   1   2   6   60401   2   4   50403////////////
220600   3   9   90600   0   1   20555   00501  -1  -3  190502   1   2   6   60600   2   6   60600////////////
220700   6  28  280700   1   9   90700   00608   0   4  160638   3   3   9   90700   4  20  200700////////////
220800  13  64  640800   5  27  270800  100701   0   2   90709   9   4  14  140800  10  46  460800////////////
220900  38 186 1860900  17  88  880900  280801   2   8  100807  31   7  33  330900  28 138 1380900////////////
221000 139 451 5890929  68 217 2930929  890901   5  17  200937 115  24  74 1030929  96 293 3650928////////////
221100 175 664 9261041  84 324 4421041 1301015   5  15  201002 147  28 106 1531041 118 452 5521051////////////
221200 149 421 5651101  73 204 2831101 1731149   5  13  181122 125  24  67  901101 110 315 3891101////////////
221300 212 62910461252 103 306 4971252 1861212   5  16  171242 178  34 100 1721252 160 476 8431252////////////
221400 235 823 9701312 114 395 4651312 1671330   5  16  201305 197  38 132 1591312 186 674 7891312////////////
221500 291 539 9231445 144 269 4621445 2161418   5  16  181415 244  47  86 1491445 244 422 7921445////////////
221600 220 629 7961534 110 323 4141534 1821523   5  14  181504 183  37 106 1371534 178 515 6641534////////////
221700 140 209 7051601  69  94 3621601  891656   5  11  181611 117  23  36 1211601 109 159 5831601////////////
221800 100 185 4001753  46  88 1761753  881800   4  12  121740  82  18  32  811753  76 143 3221753////////////
221900  37  77 1711801  17  34  781801  341900   4  10  131808  30   7  16  291801  28  57 1331801////////////
222000  15  12  771901   6  -1  341901  -12000   3   9  101946  11   4   5  161907  11   7  581906////////////
222100   3   7  112001   0  -3   12018  -32100   3  11  112100   1   2   5   62017   2   3   72001////////////
222200   3   6   72124  -1  -6  -12120  -62159   7  20  202200   1   2   5   62141   1   2   42141////////////
222300   3   7   72232  -2  -4  -32251  -62210   7  19  202201   1   2   6   62230   1   3   42230////////////
222400   3   8   80000  -2  -3  -30000  -62337   7  16  202338   1   2   7   70000   1   5   50000////////////
230100   3   6   80001  -1  -6  -10014  -60100   7  20  200058   1   2   5   70001   1   3   40001////////////
230200   2   6   70138  -2  -6  -40137  -70111   7  20  210113   0   2   5   60137   1   3   40137////////////
230300   2   7   70249  -2  -3  -30251  -60203   5 -23  200205   0   2   5   60225   1   3   30300////////////
230400   3   7   70351  -1  -3  -10351  -40305  -2  14  190328   1   2   6   60324   1   4   40334////////////
230500   3   8   80458  -1  -1   00456  -30442  -2 -13  180424   1   2   6   60459   1   4   40457////////////
230600   3   9   90600  -1   0   00548  -30542  -1  -2  190526   1   2   6   70519   2   5   50600////////////
230700  13  78  780700   4  25  250700   00601   2   7  250632   9   4  17  170700   9  50  500700////////////
230800  59 251 2510800  21  94  940800  260701   3  13  170731  47  12  46  460800  36 141 1450751////////////
230900 119 458 4580900  52 222 2220900  940801   5  15  180827  98  21  79  790900  59 216 2160900////////////
231000 190 594 6290950  94 296 3140950 1740908   6  18  270927 158  32  98 1040950  77 253 2531000////////////
231100 236 718 8321044 117 341 4191044 1311050   6  16  211052 198  38 115 1361044 122 476 4761100////////////
231200 215 715 8301142 102 348 3901142 1561108   5  12  181149 180  35 117 1351142 161 559 6461142////////////
231300 260 374 9581230 124 181 4491230 1811300   6  17  201229 218  42  60 1551230 205 278 7781230////////////
231400 195 595 8361352  93 286 4021352 1671334   5  16  221312 162  33  98 1411352 148 452 6561352////////////
231500 232 843 9151404 115 421 4591407 2021418   5  19  201417 194  38 141 1521407 181 686 7321451////////////
231600 153 468 8351501  76 224 4241501 1341520   5  13  171523 127  26  81 1421501 118 364 6921501////////////
231700 152 370 6141628  75 179 3131630 1271615   5  13  181653 125  27  66 1121630 121 297 4931631////////////
231800  90 266 4571704  40 111 2171704  661729   4  11  141711  74  16  53  851704  73 222 3801704////////////
231900  65 110 2651802  25  39 1121802  391900   4  11  141810  53  12  22  521802  53  88 2211802////////////
232000  19  15 1081901   6   0  381901   01958   4  10  111902  15   4   6  211901  14  10  861901////////////
232100   3   6  142001  -2  -8  -12001  -92057   3  11  112100   1   2   5   52001   1   2   92001////////////
232200   2   6   72153  -3  -9  -82109 -102126   7  19  202103   0   2   6   62200   1   3   32152////////////
232300   3   7   82250  -3  -7  -62249  -92202   7  18  192212   1   2   6   62250   1   4   52250////////////
232400   3   7   82319  -3  -8  -62317  -92330   7  19  202348   1   2   6   62320   1   3   42318////////////
240100   3   7   70058  -2  -7  -60046  -80008   7  18  190002   1   2   6   60056   1   4   40057////////////
240200   3   7   80152  -2  -6  -50147  -70114   6  19  190137   1   2   6   70118   1   3   40114////////////
240300   3   7   80244  -2  -4  -40241  -70202   6  -5  190219   1   2   6   60235   1   4   40233////////////
240400   3   7   80318  -1  -4  -30356  -50351   0   0  190337   1   2   6   70330   1   4   40317////////////
240500   3   8   80459  -1  -2  -20458  -50417  -1  -9  170424   1   2   6   60403   1   4   40500////////////
240600   3  11  110600  -1   0   00546  -30516  -3  -8  180526   1   2   7   70600   2   6   60600////////////
240700  10  27  320646   2   5   90621   00604   0  10  180637   7   3   9  110623   6  18  220645////////////
240800  45 227 2650757  16  86  980757   50703   2  10  180749  36   9  43  520757  30 159 1640756////////////
240900  77 250 2500900  35 123 1230900  770814   4  10  160822  63  14  45  450900  55 163 1630810////////////
241000 122 367 4520936  62 185 2340935 1270901   5  18  250947 101  21  64  790936  77 244 2680935////////////
241100 115 252 3831009  58 125 1931009 1241057   5  13  181012  95  20  43  661009  81 185 2591009////////////
241200  65  79 2521101  33  41 1271101  411200   4  11  131136  54  11  15  441119  48  58 1861101////////////
241300  40 162 1621300  20  77  771300  401201   4  12  121252  33   7  30  301300  29 116 1161300////////////
241400  92 145 3481338  46  78 1781338  781400   4  14  181306  75  17  23  611338  69 108 2631338////////////
241500  31  95 1381401  16  44  731401  361447   4  10  161418  25   6  18  221401  22  67 1031401////////////
241600  47 186 1861600  21  86  861600  401506   3  10  111528  38   9  33  331600  33 134 1341600////////////
241700  51 102 1941605  22  32  921605  321659   4  11  121657  42   9  19  351604  38  72 1431605////////////
241800  37  76 1191731  11  18  371712  181800   4   9  111701  30   7  16  221730  26  54  841730////////////
241900  17  31  751801   3   3  171801   31836   3   9  101824  13   4   9  161801  12  20  531801////////////
242000   8  12  311901   1  -2   51933  -22000   3   9   91901   5   3   7   91901   5   6  201901////////////
242100   3   8  122001  -2  -3  -22001  -62024   3  10  102100   1   2   6   72001   1   4   62001////////////
242200   3   8   92141  -1  -3  -22147  -62153   7  18  192136   1   2   7   72155   2   4   52142////////////
242300   3   8   92242  -1  -4  -12230  -52256   7  19  202257   0   3   7   72222   2   4   42238////////////
242400   3  10  102357   0   0   02355  -42301   6  18  192301   0   3   7   72301   2   6   62355////////////
250100   3   9  100001   0   0   10011  -10049   7  18  190017   1   2   7   70001   2   5   60009////////////
250200   3   9   90111   0  -4   10115  -40159   7  19  190151   1   2   7   70200   2   5   50111////////////
250300   3   9   90208  -1  -1  -10247  -30220   7  31  460221   0   3   7   70201   2   5   50207////////////
250400   3   9   90306   0   0   10343  -10319  14 139 1510354   1   2   6   70312   2   5   50355////////////
250500   3   9   90446   0   2   20417   00405  54 167 2000422   1   2   6   70405   2   5   50416////////////
250600   3   9   90600   0   1   20502   10530  57 177 2420518   1   2   6   60517   2   5   50600////////////
250700   5  15  160656   1   3   40658   10612  28  29 1830601   2   3   7   80655   3  10  110656////////////
250800   7  18  250738   2   7   90738   30702   4   5  200704   4   3   7   80738   4  12  170738////////////
250900   8  30  320856   3  14  140856   60821   6   9  440839   5   3   8   80856   6  21  220856////////////
251000  14  43  520948   6  20  240948  100906  17 138 1460947  11   3  10  110948  10  31  370948////////////
251100  16  78  841058   7  34  371059   91029  23   9 1931033  12   4  15  161058  12  57  621058////////////
251200  53 102 2161129  22  40  931130  341101   3   9  171134  44   9  19  341130  39  74 1611130////////////
251300  46  60 2761232  20  26 1291235  261300   5  39  861244  38   8  13  451235  34  45 2051232////////////
251400  41 133 2281348  17  58 1021348  141306   7  10  871304  33   8  23  371348  30  98 1691348////////////
251500  38 120 1491456  17  53  661456  241424   4   9  151424  31   7  23  271456  28  89 1111456////////////
251600  36 159 1781541  15  70  751541  261521   0 -12  361514  29   7  28  301541  27 120 1321541////////////
251700  32  72 1551601  13  31  701601  141640   2   9  101613  26   6  15  271601  23  52 1141601////////////
251800  21  57  701729   8  22  281729  151720   3   8  121707  16   5  14  151736  15  42  511729////////////
251900  14  23  641806   5   8  241806   81900   3   9   91819  10   4   9  151806  11  17  471806////////////
252000   6  10  221902   2   1   81901   12000   3   9   91928   3   3   7   81903   4   7  161902////////////
252100   3   9  102001   1   1   22037   12005   3  10  102100   1   2   6   72006   2   6   72001////////////
252200   3   9   92122   1   3   32152   12131   7  18  202156   1   2   6   72133   2   7   72134////////////
252300   3   9   92256   1   2   32236   22259   7  18  182201   1   2   6   62232   2   7   72300////////////
252400   3   9   92302   1   3   30000   22336   7  18  192322   1   2   6   72302   2   7   72305////////////
260100   3   9   90011   1   2   30001   20036   7  18  190042   1   2   6   60007   2   6   70008////////////
260200   3   9   90115   1   1   20117   10156   7  18  180134   1   2   6   60105   2   6   70122////////////
260300   3   7   90202   0  -1   20202  -10300   6  20  200300   1   2   5   60224   2   4   60224////////////
260400   3   8   80359   0   0   10355  -20331   4  18  200301   1   2   6   60333   2   5   50400////////////
260500   3   9   90441   0   1   10458   00406  -7 -28  180401   1   2   6   60443   2   6   60456////////////
260600   3   8   90518   0  -1   20532  -20557 -10 -35  100506   1   2   6   60525   2   4   60525////////////
260700   5  25  260655   1   9   90656  -10603  -8 -18  180637   3   2   8   80654   4  18  190655////////////
260800  14  51  540745   6  23  230745   90701  -2  -4   40748  10   4  12  120745  11  38  400745////////////
260900  22  87  870859  10  40  400900  220807   0   8   90847  17   5  17  170859  16  65  650859////////////
261000  39  91 1480937  18  43  690936  370902   2   1  150945  32   7  16  260937  30  69 1120937////////////
261100  32 110 1101100  15  52  521100  271026   3  22  311017  26   6  19  191100  24  82  821007////////////
261200  33  83 1291115  16  40  611115  281129   5  10  331158  27   6  15  221115  25  63  971115////////////
261300  36  86 1721222  17  42  811223  271206   4  10  391239  30   6  16  291223  27  64 1261223////////////
261400  64 189 2401322  31  91 1141323  431301   6  26  371310  53  11  30  401322  48 136 1821322////////////
261500  82 241 3121442  40 116 1531442  811424   6  11  361410  68  14  40  511442  62 182 2351442////////////
261600  60  80 2821519  29  37 1361519  261550   4  10  161515  50  10  14  461519  45  59 2091519////////////
261700  35  62 1561647  15  22  621647  221700   4  11  111700  29   6  12  271647  25  43 1131647////////////
261800  29  76 1171747  10  27  461747  111709   3   9  111702  24   5  15  211747  21  54  841747////////////
261900  18  32  831805   6  11  321805   71839   3   9  101802  14   4  10  171819  13  22  601805////////////
262000   6  10  291901   1  -1  101901  -12000   3   9   91936   3   3   7   91901   4   6  201901////////////
262100   3   9  102001  -1  -1  -12001  -32012   3  10  102100   1   2   7   72012   2   4   52001////////////
262200   3   9   92107   0   2   22200  -12101   3  18  192117   1   2   6   72107   2   5   52159////////////
262300   3   9   92204   1   2   22230   22220   7  18  182223   1   2   6   62226   2   5   52204////////////
262400   3   9   92333   1   2   32325   12348   7  18  192312   1   2   6   60000   2   5   52333////////////
270100   3   9   90019   1   3   30100   20003   6  18  180037   1   2   6   60006   2   5   50100////////////
270200   3   9   90124   1   3   30108   20143   6  18  180140   1   2   6   60142   2   5   50124////////////
270300   3   9   90216   1   3   30259   30202   6  18  230222   1   2   6   60203   2   5   50234////////////
270400   3   9   90313   1   3   30322   30359   6  18  600352   1   2   6   60306   2   5   50320////////////
270500   3   9   90413   1   3   30457   30421  24  65 1180408   1   2   6   60424   2   5   50408////////////
270600   3  10  100600   1   4   40600   30512  26  60 1620550   1   2   6   60559   2   6   60600////////////
270700   6  25  250700   2  10  100659   40602  21  34 1130631   3   3   8   80700   4  18  180700////////////
270800  14  43  520737   6  17  220737  110702   4   7  170720  10   4  11  120737  10  31  370737////////////
270900  21 104 1080859   9  43  450859  150811   7   9  520858  16   5  19  200859  15  76  790859////////////
271000  44 102 1700936  18  40  710937  310955  12  27  970909  36   8  19  290936  32  75 1270936////////////
271100  45 151 1671018  19  64  741018  331038  11  20 1171014  37   8  27  291018  33 112 1261018////////////
271200  60 171 1861154  26  72  801154  641112   5  10  371149  49  11  30  321154  46 127 1391153////////////
271300  75 161 3821254  33  72 1711254  431222   4  11  411213  62  13  30  631254  56 124 2861253////////////
271400  64 130 2861322  28  58 1291323  431304   5  36  361400  53  11  24  481323  49 102 2201322////////////
271500  57  81 2481434  26  36 1141435  341456   8  10  421411  47  10  15  421434  44  63 1851432////////////
271600  24  35 1151521  11  13  511522  131558   6  10  381509  19   5   9  211521  19  27  861521////////////
271700  25  40  991635  11  17  441635  131601   4   9  321606  20   5  10  201635  19  31  751635////////////
271800  12  31  391713   5  12  171713  111733   3   9  101703   9   3   9  101712   9  24  301701////////////
271900  13  40  471828   6  18  211827  111847   3   9   91840  10   3  10  121828  10  30  351828////////////
272000   7  10  391901   3   4  171901   42000   3   9   91914   4   3   6  101901   5   7  291901////////////
272100   3   9  102001   1   3   42001   32057   3  10  102100   1   2   6   62001   2   6   72001////////////
272200   3   9   92159   1   4   42134   32106   7  18  192137   1   2   6   62112   2   6   62117////////////
272300   3   9   92203   0   0   42201   02232   7  17  202210   1   2   6   62300   2   5   62203////////////
272400   3   9   92317   1   3   42333   12301   7  18  192329   1   2   6   62302   2   6   62318////////////
280100   3   9   90056   1   3   40051   30020   7  18  190021   1   2   6   60058   2   6   60056////////////
280200   3   9   90111   1   4   40156   20106   7  18  190133   1   2   5   60112   2   5   60112////////////
280300   3   9   90238   1   3   40235   30224   6  18  180223   1   2   6   60233   2   5   60238////////////
280400   3   8   90314   1   2   40311   00356   5  20  200400   1   2   6   60319   2   4   60310////////////
280500   3   9   90455   1   2   30441   10406  -9 -27  200401   1   2   6   60457   2   5   50452////////////
280600   3   9   90600   1   2   30530   20546 -10 -26  -20548   1   2   6   60600   2   5   50600////////////
280700   6  42  420700   2  16  160700   20601  -5  -8  180637   3   3  11  110700   4  30  300700////////////
280800  27  91  920746  11  39  390800  180701  -2   2   80746  21   6  19  190725  20  69  690800////////////
280900  35 121 1210900  17  58  580900  340813   2   9  180843  28   7  22  230839  26  90  900840////////////
281000  68 299 2991000  33 147 1490959  560913   3  11  160941  56  12  50  501000  51 227 2271000////////////
281100  88 263 3001002  44 131 1461002  971049   4  11  161013  73  15  43  501001  67 197 2271001////////////
281200 101 297 3461138  50 146 1701138 1171147   4  13  141145  84  17  49  571138  76 212 2521138////////////
281300 137 269 5221217  68 132 2601218 1321300   5  14  311236 115  22  41  861218 101 200 3871218////////////
281400  78 221 2811353  38 106 1371354  731330   5  11  231357  66  12  35  461353  58 170 2101354////////////
281500  62 119 2111401  24  51 1031401  461449   6   9  751421  52  10  21  341401  45  83 1621401////////////
281600  52 220 2201600  23 102 1021600  401522   3   9  111509  43   9  37  371600  38 162 1621600////////////
281700  57 141 2291603  28  68 1071602  471646   4   9  111635  47  10  25  391603  43 104 1701603////////////
281800  46  65 1591721  23  33  781721  331800   3  11  141708  38   8  12  281721  35  49 1191721////////////
281900  17  32  611810   8  15  311802  141856   3   9  111802  13   4   8  121811  13  23  471802////////////
282000   7  10  331905   3   4  151905   42000   3   9   91921   5   2   5   91905   5   7  241905////////////
282100   3   9  102001   1   4   42006   32028   3  10  102100   1   2   6   62100   2   5   72001////////////
282200   3   9   92158   1   3   42108   22138   7  19  562120   1   2   6   62121   2   5   62118////////////
282300   3   9   92226   1   3   52225   32252   7  18  242256   1   2   6   62217   2   5   62227////////////
282400   3   9   92347   1   3   42345   32332   8  19  532309   1   2   6   62347   2   5   62347////////////
290100   3   8   90017   1   0   40033   00100   7  21  210100   1   2   6   60013   2   4   60013////////////
290200   3   9   90154   1   2   30157   00101   7  18  210101   1   2   6   60146   2   5   50158////////////
290300   3   9   90246   1   3   40246   20201   6  18  190233   1   2   6   60224   2   5   50243////////////
290400   3   9   90344   1   3   30335   20319   6  18  340352   1   2   6   60321   2   5   50349////////////
290500   3   9   90444   1   3   30432   20418  17  53  900411   1   2   6   60422   2   5   50459////////////
290600   3   9   90559   1   3   40555   30505  17  51  940512   1   2   6   60534   2   5   50559////////////
290700   5  22  220700   2   9   90659   30611  16  36  760628   3   2   8   80700   3  15  150700////////////
290800  14  62  620800   5  27  270800   90701   5  11  240704  10   4  14  140800  10  46  460800////////////
290900  36 167 1670900  16  74  740900  290801   7   9  610839  29   7  31  310900  27 123 1230900////////////
291000  86 297 3290944  38 130 1440944  680908   2   3  610905  70  16  52  580944  65 221 2430944////////////
291100 133 488 4881100  60 226 2261100 1341016   4   9  201035 110  23  83  831100 101 370 3701100////////////
291200 155 347 5591138  71 157 2611138 1571156   5  11  151149 129  26  59  931138 118 272 4141139////////////
291300  78  55 3751226  35  23 1741226  181256   4   8  131255  65  13  11  641226  60  41 2851226////////////
291400  27 155 1551400  10  70  701400  151344   3   7  161347  21   6  28  281400  20 113 1131400////////////
291500  57 187 2161411  25  84  981411  521445   3   9  111420  47  10  33  381411  43 142 1661411////////////
291600  86 159 3291524  40  75 1551526  751600   4  10  121510  71  15  27  561524  65 124 2521524////////////
291700  41 118 1521601  19  54  721601  461646   3   9  111604  34   7  22  261601  32  94 1181601////////////
291800  43  93 1331720  20  44  631719  441800   3  10  101759  35   8  18  251719  33  72 1031720////////////
291900  25  60  911801  12  28  431801  251841   3   9  101805  20   5  13  181801  19  46  711801////////////
292000  10  11  601901   5   4  281901   42000   3   9   91934   7   3   5  131902   8   8  461901////////////
292100   3   8  112001   1   4   52057   32039   3  11  112100   1   2   5   62049   2   6   82001////////////
292200   3   8   92143   1   4   42149   42104   7  19  242119   1   2   5   62141   2   5   62119////////////
292300   3   8   82254   1   3   42205   32242   7  19  192206   1   2   5   52254   2   5   62232////////////
292400   3   9   92352   1   4   42325   32316   7  18  192326   1   2   6   62352   2   6   62352////////////
300100   3   9   90038   1   5   50059   30011   6  18  180100   1   2   6   60037   2   6   60037////////////
300200   3   8   90142   2   4   50101   40125   7  19  190116   1   2   5   60141   2   5   60142////////////
300300   3   9   90211   2   5   50218   40206   7  18  200214   1   2   6   60216   2   6   60216////////////
300400   3   7   90302   0  -2   50304  -50335   7  17  240334   1   2   5   60301   1   3   60301////////////
300500   3   9   90446   0   3   30456  -20402   4  10  190409   1   2   5   60411   2   5   50428////////////
300600   3   9   90520   1   3   50514   20539   3   3  170526   1   2   5   60536   2   5   60520////////////
300700   5  18  180700   2   8   80656   30613   4  17  200654   3   2   7   70700   3  12  120700////////////
300800  15  66  670759   7  31  310758   80701   3   9  140705  11   4  14  140759  11  49  500759////////////
300900  36 118 1230831  17  55  570831  300804   4  10  150802  29   7  22  240831  27  88  940831////////////
301000  40 141 1411000  18  65  651000  420932   4  18  181000  33   7  25  250959  29 104 1040959////////////
301100  75 307 4031056  34 144 1831056  561023   4  11  131011  62  13  52  691056  54 226 2681056////////////
301200  65 162 2971101  30  75 1421101  671149   4  10  251157  54  11  28  511101  49 120 2211101////////////
301300  76 287 3071247  33 127 1281259  591212   4   3  171235  63  13  48  501247  56 211 2201247////////////
301400 115 284 6171338  51 129 2821338 1161351   4  10  141330  95  20  49 1031338  85 209 5081338////////////
301500 144 817 9851454  71 420 5111454 1071416   4  12  181441 119  25 143 1701454 111 667 8101454////////////
301600 138 298 8721502  68 140 4361502 1241528   5  12  181511 115  23  51 1521502 106 224 7001502////////////
301700  66 134 3681604  32  63 1761604  521637   4   9  121631  55  11  25  631604  50 101 2821604////////////
301800  48 143 1521749  22  66  701748  541715   4   9  111713  39   9  27  291749  36 107 1141749////////////
301900  34  30 1421801  16  14  651801  141900   3  10  111854  27   7   7  271801  25  21 1061801////////////
302000   5   9  271901   2   4  141901   31937   3   9  101914   3   2   5   71901   3   5  191901////////////
302100   3   8  102005   1   3   42018   22054   3  11  112100   1   2   5   52052   2   5   62004////////////
302200   3   9   92128   1   3   32149   22143   7  18  192134   1   2   6   62128   2   5   52129////////////
302300   3   9   92248   1   4   42257   22220   7  19  192300   1   2   5   62238   2   5   52244////////////
302400   3   8   92301   1   1   42302  -32331   7  19  202330   1   2   5   62327   2   4   52313////////////
