58265 2011   101213603204    1    1    1    1    1    1   60---------------------------------------------V3.00
010100--------------------------------------------------------------------------------------------------------
010200--------------------------------------------------------------------------------------------------------
010300--------------------------------------------------------------------------------------------------------
010400--------------------------------------------------------------------------------------------------------
010500--------------------------------------------------------------------------------------------------------
010600--------------------------------------------------------------------------------------------------------
010700--------------------------------------------------------------------------------------------------------
010800--------------------------------------------------------------------------------------------------------
010900--------------------------------------------------------------------------------------------------------
011000--------------------------------------------------------------------------------------------------------
011100--------------------------------------------------------------------------------------------------------
011200--------------------------------------------------------------------------------------------------------
011300--------------------------------------------------------------------------------------------------------
011400--------------------------------------------------------------------------------------------------------
011500--------------------------------------------------------------------------------------------------------
011600--------------------------------------------------------------------------------------------------------
011700--------------------------------------------------------------------------------------------------------
011800--------------------------------------------------------------------------------------------------------
011900--------------------------------------------------------------------------------------------------------
012000--------------------------------------------------------------------------------------------------------
012100--------------------------------------------------------------------------------------------------------
012200--------------------------------------------------------------------------------------------------------
012300--------------------------------------------------------------------------------------------------------
012400--------------------------------------------------------------------------------------------------------
020100--------------------------------------------------------------------------------------------------------
020200--------------------------------------------------------------------------------------------------------
020300--------------------------------------------------------------------------------------------------------
020400--------------------------------------------------------------------------------------------------------
020500--------------------------------------------------------------------------------------------------------
020600--------------------------------------------------------------------------------------------------------
020700--------------------------------------------------------------------------------------------------------
020800--------------------------------------------------------------------------------------------------------
020900--------------------------------------------------------------------------------------------------------
021000--------------------------------------------------------------------------------------------------------
021100--------------------------------------------------------------------------------------------------------
021200--------------------------------------------------------------------------------------------------------
021300--------------------------------------------------------------------------------------------------------
021400--------------------------------------------------------------------------------------------------------
021500--------------------------------------------------------------------------------------------------------
021600--------------------------------------------------------------------------------------------------------
021700--------------------------------------------------------------------------------------------------------
021800--------------------------------------------------------------------------------------------------------
021900--------------------------------------------------------------------------------------------------------
022000--------------------------------------------------------------------------------------------------------
022100--------------------------------------------------------------------------------------------------------
022200--------------------------------------------------------------------------------------------------------
022300--------------------------------------------------------------------------------------------------------
022400--------------------------------------------------------------------------------------------------------
030100--------------------------------------------------------------------------------------------------------
030200--------------------------------------------------------------------------------------------------------
030300--------------------------------------------------------------------------------------------------------
030400--------------------------------------------------------------------------------------------------------
030500--------------------------------------------------------------------------------------------------------
030600--------------------------------------------------------------------------------------------------------
030700--------------------------------------------------------------------------------------------------------
030800--------------------------------------------------------------------------------------------------------
030900--------------------------------------------------------------------------------------------------------
031000--------------------------------------------------------------------------------------------------------
031100--------------------------------------------------------------------------------------------------------
031200--------------------------------------------------------------------------------------------------------
031300--------------------------------------------------------------------------------------------------------
031400--------------------------------------------------------------------------------------------------------
031500--------------------------------------------------------------------------------------------------------
031600--------------------------------------------------------------------------------------------------------
031700--------------------------------------------------------------------------------------------------------
031800--------------------------------------------------------------------------------------------------------
031900--------------------------------------------------------------------------------------------------------
032000--------------------------------------------------------------------------------------------------------
032100--------------------------------------------------------------------------------------------------------
032200--------------------------------------------------------------------------------------------------------
032300--------------------------------------------------------------------------------------------------------
032400--------------------------------------------------------------------------------------------------------
040100--------------------------------------------------------------------------------------------------------
040200--------------------------------------------------------------------------------------------------------
040300--------------------------------------------------------------------------------------------------------
040400--------------------------------------------------------------------------------------------------------
040500--------------------------------------------------------------------------------------------------------
040600--------------------------------------------------------------------------------------------------------
040700--------------------------------------------------------------------------------------------------------
040800--------------------------------------------------------------------------------------------------------
040900--------------------------------------------------------------------------------------------------------
041000--------------------------------------------------------------------------------------------------------
041100--------------------------------------------------------------------------------------------------------
041200--------------------------------------------------------------------------------------------------------
041300--------------------------------------------------------------------------------------------------------
041400--------------------------------------------------------------------------------------------------------
041500--------------------------------------------------------------------------------------------------------
041600--------------------------------------------------------------------------------------------------------
041700--------------------------------------------------------------------------------------------------------
041800--------------------------------------------------------------------------------------------------------
041900--------------------------------------------------------------------------------------------------------
042000--------------------------------------------------------------------------------------------------------
042100--------------------------------------------------------------------------------------------------------
042200--------------------------------------------------------------------------------------------------------
042300--------------------------------------------------------------------------------------------------------
042400--------------------------------------------------------------------------------------------------------
050100--------------------------------------------------------------------------------------------------------
050200--------------------------------------------------------------------------------------------------------
050300--------------------------------------------------------------------------------------------------------
050400--------------------------------------------------------------------------------------------------------
050500--------------------------------------------------------------------------------------------------------
050600--------------------------------------------------------------------------------------------------------
050700--------------------------------------------------------------------------------------------------------
050800--------------------------------------------------------------------------------------------------------
050900--------------------------------------------------------------------------------------------------------
051000--------------------------------------------------------------------------------------------------------
051100--------------------------------------------------------------------------------------------------------
051200--------------------------------------------------------------------------------------------------------
051300--------------------------------------------------------------------------------------------------------
051400--------------------------------------------------------------------------------------------------------
051500--------------------------------------------------------------------------------------------------------
051600--------------------------------------------------------------------------------------------------------
051700--------------------------------------------------------------------------------------------------------
051800--------------------------------------------------------------------------------------------------------
051900--------------------------------------------------------------------------------------------------------
052000--------------------------------------------------------------------------------------------------------
052100--------------------------------------------------------------------------------------------------------
052200--------------------------------------------------------------------------------------------------------
052300--------------------------------------------------------------------------------------------------------
052400--------------------------------------------------------------------------------------------------------
060100--------------------------------------------------------------------------------------------------------
060200--------------------------------------------------------------------------------------------------------
060300--------------------------------------------------------------------------------------------------------
060400--------------------------------------------------------------------------------------------------------
060500--------------------------------------------------------------------------------------------------------
060600--------------------------------------------------------------------------------------------------------
060700--------------------------------------------------------------------------------------------------------
060800--------------------------------------------------------------------------------------------------------
060900--------------------------------------------------------------------------------------------------------
061000--------------------------------------------------------------------------------------------------------
061100--------------------------------------------------------------------------------------------------------
061200--------------------------------------------------------------------------------------------------------
061300--------------------------------------------------------------------------------------------------------
061400--------------------------------------------------------------------------------------------------------
061500--------------------------------------------------------------------------------------------------------
061600--------------------------------------------------------------------------------------------------------
061700--------------------------------------------------------------------------------------------------------
061800--------------------------------------------------------------------------------------------------------
061900--------------------------------------------------------------------------------------------------------
062000--------------------------------------------------------------------------------------------------------
062100--------------------------------------------------------------------------------------------------------
062200--------------------------------------------------------------------------------------------------------
062300--------------------------------------------------------------------------------------------------------
062400--------------------------------------------------------------------------------------------------------
070100--------------------------------------------------------------------------------------------------------
070200--------------------------------------------------------------------------------------------------------
070300--------------------------------------------------------------------------------------------------------
070400--------------------------------------------------------------------------------------------------------
070500--------------------------------------------------------------------------------------------------------
070600--------------------------------------------------------------------------------------------------------
070700--------------------------------------------------------------------------------------------------------
070800--------------------------------------------------------------------------------------------------------
070900--------------------------------------------------------------------------------------------------------
071000--------------------------------------------------------------------------------------------------------
071100--------------------------------------------------------------------------------------------------------
071200--------------------------------------------------------------------------------------------------------
071300--------------------------------------------------------------------------------------------------------
071400  78 243 2611352  41 128 1371352  781307   4  12  131352  64  14  41  441352  59 186 2001352////////////
071500  65 146 2411401  34  76 1271401  761500   4  10  121403  54  11  26  401401  50 112 1841401////////////
071600  49 111 1811513  25  58  931513  551546   4   9  181528  40   9  21  311513  37  83 1371513////////////
071700  29  63 1191605  15  31  621606  311700   3   9  121659  23   6  14  221605  22  47  881606////////////
071800  18  26  691715   9  12  361715  121800   4   9  201753  14   4   7  151715  13  18  511715////////////
071900   5   8  261801   2   1  121805   11853   3   9  181825   3   2   5   71801   3   4  181801////////////
072000   3   8   81947   0   1   21908   11936   3   9   91902   1   2   6   61954   2   5   51952////////////
072100   3   9   92038   1   1   22055   12002   3  10  102100   1   2   6   62030   2   5   52100////////////
072200   3   9   92124   1   2   22200   12138   6  18  192121   1   2   6   62108   2   5   52122////////////
072300   3   9   92300   1   2   32255   12208   6  18  182256   1   2   6   62300   2   5   52300////////////
072400   3   9   92307   1   2   32314   22343   6  18  182317   1   2   6   62307   2   5   62307////////////
080100   3   9   90008   1   3   30054   20003   6  18  190045   1   2   6   70005   2   5   60007////////////
080200   3   9   90129   1   3   40129   20149   7  18  180150   1   2   6   60129   2   5   50129////////////
080300   3   8   90249   1  -1   40206  -10300   7  21  310211   1   2   6   60249   2   4   50248////////////
080400   3   8   80358  -1  -1  -10344  -30312   7  18  230309   1   2   6   60354   1   4   40400////////////
080500   3   8   80448   0   0   10442  -20404   7  18  220434   1   2   6   60405   2   5   50444////////////
080600   3   8   80506   0   0   10540  -10535   7  18  230543   1   2   6   60515   2   5   50510////////////
080700   3   9   90700   0   1   10643  -10604   7  17  250604   1   2   6   60621   2   5   50620////////////
080800   5  21  210800   1   8   80800   00708   4  13  130800   2   3   8   80753   4  15  150800////////////
080900  12  45  450900   5  21  210900   80803   4   8  130831   9   3  11  110900   9  33  330900////////////
081000  20  64  670955  10  33  340956  210904   3   9  130909  15   5  14  140955  15  48  500955////////////
081100  29  73  961053  15  39  521053  331001   4   9  251041  23   6  15  191043  22  56  731053////////////
081200  38 167 1671200  20  87  871200  391105   3   9  151107  31   7  30  301200  29 127 1271200////////////
081300  73 177 2391242  39  95 1271244  901201   4  11  111300  60  13  31  421242  55 135 1821242////////////
081400  77 199 2681320  42 107 1421320  951303   4  10  151334  63  14  35  481320  59 154 2051320////////////
081500  82 282 2871453  44 156 1571453 1001423   4  10  121458  68  14  48  491454  63 216 2211457////////////
081600 101 227 3251526  56 123 1801526 1201556   5  12  171555  84  17  39  571503  78 173 2511526////////////
081700  43  29 2211601  23  16 1221601  161659   4  12  151658  35   8   7  381601  33  21 1691601////////////
081800   6  12  281701   3   6  151701   51756   4   9  191727   4   2   6   71701   4   8  201701////////////
081900   4   9  131812   2   4   61807   41900   3   9  201808   2   2   5   61810   2   5   81811////////////
082000   3   8   91916   1   2   51914   21949   3   9   91947   1   2   5   61911   2   4   51911////////////
082100   3   8   82054   1   3   32048  -22021   3  10  102100   1   2   5   62044   1   4   52043////////////
082200   3   8   92145   1   0   42145   02158   7  19  192200   1   2   5   62145   2   3   52146////////////
082300   3   8   82235   1   2   32249  -12205   7  19  192201   1   2   5   52235   1   4   52234////////////
082400   3   8   92322   1   2   32319   12359   7  18  192346   1   2   5   62320   2   4   52319////////////
090100   3   8   90009   0   0   30008  -10044   7  18  190038   1   2   6   60050   2   4   50011////////////
090200   3   8   90119   1   3   30131   10101   7  18  190132   1   2   5   60112   2   5   50111////////////
090300   3   8   90245   1   1   30206   10259   7  21  330204   1   2   6   60255   2   4   50249////////////
090400   3   8   80301   0  -1   10301  -10359   7  17  250351   1   2   6   60400   1   4   40301////////////
090500   3   9   90449   0   1   20449  -10428   7  18  250419   1   2   6   60401   2   5   50458////////////
090600   3   9   90557   0   2   20517  -10522   6  18  180520   1   2   6   60541   2   5   50559////////////
090700   3   9   90700   1   2   20647   10629   6  16  180625   1   2   6   60626   2   5   50700////////////
090800   6  17  270746   2   5  110747   20701   3  12  120800   3   3   7   90746   4  11  190746////////////
090900   6  22  220859   2   9   90856   30811   3   9  120813   3   3   8   80855   4  15  150858////////////
091000  12  72  721000   5  33  331000   70908   3   9   90907   9   3  14  141000   8  53  531000////////////
091100  32  79 1131047  15  38  571047  331005   3  10  261053  26   6  15  201047  24  59  851047////////////
091200  32  99 1121153  16  48  551153  381125   4   8  291107  26   6  18  201153  24  74  841153////////////
091300  32 109 1091300  16  53  531300  331232   3   9  191242  26   6  20  201300  24  82  821300////////////
091400  84 340 3601355  43 176 1881355  561301   4  11  131352  70  14  56  601355  64 260 2771355////////////
091500  93 211 3751407  48 110 1951407 1031441   4  11  131427  78  15  34  621407  71 161 2861407////////////
091600  84 274 2741600  45 148 1481600 1001511   4  14  181516  70  14  46  461600  64 213 2131600////////////
091700  63  96 3001603  33  51 1591603  511700   4  18  191659  53  10  17  531603  48  72 2391603////////////
091800  18  31  921701   9  15  491701  151800   5  11  231727  14   4   8  161701  13  22  691701////////////
091900   6   8  311801   3   3  151801   31900   4   9  211806   4   2   5   81801   4   5  221801////////////
092000   3   8   91935   1   3   41953   31901   3   9   91923   1   2   5   51934   2   5   51938////////////
092100   3   9   92059   1   3   42028   32043   3  10  102100   1   2   6   62059   2   5   52100////////////
092200   3   9   92140   1   5   52159   32111   6  18  182117   1   2   6   72147   2   6   62148////////////
092300   3   9   92201   2   5   52254   42231   7  18  192230   1   2   6   62201   2   5   62202////////////
092400   3   9   92357   2   5   52357   42315   7  18  192324   1   2   6   62355   2   5   52355////////////
100100   3   8   90001   1   3   50004   30055   7  18  190041   1   2   5   60001   2   5   50001////////////
100200   3   8   90142   1   3   40148   20126   7  19  250105   1   2   5   60141   2   4   50141////////////
100300   3   9   90250   1   3   30201   20212   7  18  230206   1   2   6   60258   2   5   50252////////////
100400   3   8   90303   1   1   30303   10359   7  18  380314   1   2   6   60311   2   4   50303////////////
100500   3   9   90457   1   2   20500   10405   7  18  370444   1   2   6   60456   2   5   50459////////////
100600   3   9   90502   1   2   30523   20544   7  18  210547   1   2   6   60511   2   5   50510////////////
100700   3   9   90700   1   2   20630   10645   7  17  360618   1   2   6   60647   2   5   50700////////////
100800   6  23  230757   2  10  110755   20703   4   8  260706   4   2   8   80757   4  16  160758////////////
100900  13  65  650900   7  34  340900  100801   3   9  120847   9   4  14  140900  10  48  480900////////////
101000  44 173 1800953  24  94  970950  350901   3   9  180927  36   8  31  320951  33 131 1360953////////////
101100  71 267 2891051  39 144 1571051  841024   4  11  191002  59  12  44  491051  54 202 2191051////////////
101200 127 425 4641150  70 231 2601150 1431102   4  17  171159 106  21  68  811134  98 328 3751150////////////
101300 175 383 5971209  97 207 3301209 2031259   5  13  171250 146  29  62 1031209 140 295 4941209////////////
101400 148 398 5531337  80 216 2981337 1591311   5  15  151349 124  24  65  951337 114 306 4321337////////////
101500 118 323 3971401  63 173 2131401 1361424   5  14  151402  98  20  54  661452  90 248 3041401////////////
101600  66 113 3291501  35  58 1761501  581600   4  10  181516  55  11  20  551501  50  86 2521501////////////
101700  44  69 1571637  23  35  801636  351700   4  13  131700  36   8  13  281637  33  52 1171637////////////
101800  13  17  681701   7   7  341701   71800   4   9  221727  10   3   6  131706  10  11  511701////////////
101900   4   9  171801   2   3   71801   31900   4   9  201806   2   2   5   61801   2   5  111801////////////
102000   3   8   91902   1   3   41905   31931   3   9   91948   1   2   5   61918   2   5   51902////////////
102100   3   9   92018   1   3   42016   22042   3  10  102100   1   2   6   62100   2   5   52017////////////
102200   3   9   92159   1   4   42158   22139   6  18  182109   1   2   6   62151   2   5   52200////////////
102300   3   9   92216   1   4   42251   32222   6  18  182221   1   2   6   62238   2   5   52216////////////
102400   3   9   92306   1   4   42305   42339   7  18  182348   1   2   6   62309   2   5   52306////////////
110100   3   9   90051   1   4   40001   10022   7  18  190026   1   2   6   60052   2   5   50050////////////
110200   3   9   90155   1   4   40151   10132   7  18  550103   1   2   6   60110   2   5   50153////////////
110300   3   9   90205   1   3   50211   30249   7  18  460206   1   2   6   60206   2   5   50210////////////
110400   3   9   90307   1   3   40303   00341   7  18  350314   1   2   6   60306   2   5   50304////////////
110500   3   8   90408   1   1   30405   10454   7  19  240419   1   2   6   60418   2   4   50407////////////
110600   3   8   80528   0   0   10502  -10554   7  18  200543   1   2   6   60600   2   5   50530////////////
110700   3   9   90700   1   3   30623  -10603   6  16  210605   1   2   6   60633   2   6   60633////////////
110800   8  31  350751   3  14  160751   20714   4  11  230706   5   3   9  100749   5  23  260751////////////
110900  26  80 1090855  13  44  570855  150801   4  10  140847  20   6  16  210855  19  61  820855////////////
111000  40 208 2081000  21 113 1131000  330919   3   7  120929  33   7  38  381000  30 160 1601000////////////
111100  72 272 2781056  39 147 1501056  781045   4  14  181008  60  12  45  471056  55 209 2131057////////////
111200  66 185 2681101  35  99 1451101  721136   4  10  191113  55  11  31  451101  51 142 2051101////////////
111300  35  61 1821201  19  33  971201  281242   4   9  131244  29   6  12  301201  26  45 1401201////////////
111400  25 161 1611400  13  85  851400  271331   3   8  151352  20   5  30  301400  19 119 1191400////////////
111500  98 195 3691446  53 105 2101447  921401   4  11  171433  82  16  22  631446  75 151 2861446////////////
111600  70 131 2231545  38  73 1191545  731600   4  11  171509  58  12  22  391545  53 101 1651545////////////
111700  29  70 1221601  16  37  681601  291643   4  19  191700  24   5  14  211601  22  52  941601////////////
111800  13  28  681701   7  14  371701  131748   4   9  201728  10   3   8  141701   9  20  511701////////////
111900   5   8  281805   2   3  141805   31854   3   9  201806   3   2   5   81806   4   5  201805////////////
112000   3   8   91911   1   2   41903   22000   3   9  141925   1   2   5   61909   2   4   51905////////////
112100   3   9   92046   1   4   52042   22009   3  10  102100   1   2   6   72043   2   5   62042////////////
112200   3   8   92111   1   3   42111   12125   6  18  192125   1   2   6   62110   2   5   52110////////////
112300   3   8   82201   1   0   32204   02259   7  19  192231   1   2   5   62201   1   4   52202////////////
112400   3   9   92351   1   3   42355   02313   6  18  192301   1   2   6   72346   2   5   52348////////////
120100   3   8   90001   1   0   30041   00100   7  24  240100   1   2   5   60001   2   4   50001////////////
120200   3   8   90129   0   1   20127  -10104   7  19  500105   1   2   5   60128   2   4   50126////////////
120300   3   6   80208   0  -3   20208  -40247   7  19  210241   1   2   5   60234   1   3   50228////////////
120400   3   7   80347  -1  -4  -10346  -40400   7  19  240316   1   2   5   60351   1   3   40346////////////
120500   2   7   70438  -1  -3   00443  -50401   7  18  200420   0   2   6   60456   1   3   40437////////////
120600   3   7   80550  -1  -1   10525  -50515   6  18  190529   1   2   6   60552   1   4   40548////////////
120700   3   8   80700  -1  -4   00602  -40629   6  17  190603   1   2   6   60638   1   4   40653////////////
120800  11  68  680800   4  28  280800  -40702   2   9   90755   8   3  14  140800   8  51  510800////////////
120900  54 254 2540900  23 105 1050900  290801   4  10  160850  44  10  44  440900  45 216 2160900////////////
121000 125 500 5001000  62 272 2721000 1050901   4  12  140926 103  22  85  851000 109 446 4461000////////////
121100 174 552 5881044  95 303 3241044 2001018   5  15  171053 145  29  92  991033 150 496 5211057////////////
121200 203 686 7081156 114 390 4021156 1621145   5  12  191128 170  33 115 1191156 181 601 6421120////////////
121300 155 400 7491202  86 219 4331202 1811209   5  13  201209 130  25  64 1271202 123 308 6611202////////////
121400 164 325 6521338  91 177 3631338 1771400   5  14  171348 137  27  50 1101338 129 254 5411338////////////
121500 119 275 3971430  65 152 2201431 1521500   5  13  161427 100  19  44  651430  90 201 3001430////////////
121600  70  70 2731501  38  37 1511501  371600   4  12  181512  59  11  12  441501  53  52 2081511////////////
121700  13  23  691601   6  11  361602  111700   4  17  171700  10   3   7  121602   9  16  511601////////////
121800   6  15  241702   2   6  111701   11743   4   9  191757   4   2   6   71701   4  10  161701////////////
121900   4   9  141801   2   4   61801   41854   3   9  111812   2   2   5   61801   2   5   91801////////////
122000   3   7   91903   1  -1   41903  -61939   3   9  111939   1   2   5   61950   1   3   51903////////////
122100   2   7   72100  -2  -3  -12002 -102007   3  10  132008   0   2   6   62031   1   4   42100////////////
122200   3   9   92146   0   3   42159  -72121   6  18  192112   1   2   6   62128   2   5   52143////////////
122300   3   8   92205   1   3   42209   22247   6  18  192256   1   2   6   62210   2   5   52206////////////
122400   3   8   92303   1   3   42328   22349   7  18  192329   1   2   5   62312   2   5   52303////////////
130100   3   7   90031   0  -4   30048  -50055   7  22  240056   1   2   5   60037   2   2   50029////////////
130200   3   9   90158  -1  -1   00128  -50101   7  18  210101   1   2   7   70156   2   5   50149////////////
130300   3   9   90217   0   0   00213  -10243   6  18  180249   1   2   6   70201   2   5   50201////////////
130400   3   9  100351   0   0   10316  -10348   6  18  190356   1   2   6   70347   2   5   50314////////////
130500   3   9  100404   0   3   30500   00411   7  17  300440   1   2   6   60404   2   5   60408////////////
130600   3   8   90511   2   5   50600   30505   7  18  330544   1   2   6   60502   2   5   50501////////////
130700   3   9   90658   2   5   50700   40632   7  16  330605   1   2   6   60657   2   5   50700////////////
130800   4  14  140800   2   6   70750   50712   5  16  170753   2   2   6   60732   2   9   90800////////////
130900   7  25  250900   4  13  130843   70801   6  11  170828   5   2   7   70827   5  17  170900////////////
131000  16  50  680954   8  27  360954  130901   3   9  110903  12   4  11  140954  12  37  490954////////////
131100  16  63  751053   7  19  251001   61046   3   8  141047  13   3  13  141054  11  45  501053////////////
131200  26  70  951106  11  37  401157  211101   3   9  171113  21   5  13  171116  19  53  701116////////////
131300  25 103 1031300   9  38  381300  131232   4  10  131243  21   4  17  171300  18  74  741300////////////
131400  29  67 1471347  10  20  631347   61316   3   9  161319  23   6  14  241347  21  50 1101347////////////
131500  28  59 1331434  10  17  561434   61450   3   9  111450  22   6  13  231435  21  43  971438////////////
131600  56  82 3101545  24  30 1491545  161505   3  10  121507  47   9  15  481545  42  60 2291546////////////
131700  16  19  741601   4   1  251601   11700   3  24  241700  12   4   8  141601  11  13  541601////////////
131800   9  11  401732   2  -1  131732  -11800   5   9  261720   6   3   7  111732   6   7  291732////////////
131900   3   6  141825  -1  -7   11824  -71847   4   9  291808   1   2   6   71826   2   3   91825////////////
132000   3   8   81954  -1  -1  -11953  -61901   3   9  251959   1   2   6   61926   2   5   51929////////////
132100   3   8   82024   0  -1   02020  -32045   3  10  102100   1   2   6   62058   2   5   52023////////////
132200   3   8   82116  -1  -1  -12158  -32133   6  17  202157   1   2   6   62116   2   5   52125////////////
132300   3   8   82241   0  -1  -12249  -22216   8  19  402224   1   2   6   62233   2   5   52242////////////
132400   3   8   82329   0  -1   02351  -22307   7  18  342307   1   2   6   62328   2   5   52334////////////
140100   3   8   80037   0   0   00100  -10013   6  18  190045   1   2   6   60011   2   5   50024////////////
140200   3   8   80106   0   0   10103  -10135   7  18  460102   1   2   6   60112   2   5   50111////////////
140300   3   8   80251   0  -1   00246  -20221   6  18  180211   1   2   6   60258   2   5   50256////////////
140400   3   8   80337   0  -1   00336  -20348   6  18  190350   1   2   6   60358   2   5   50338////////////
140500   3   8   80401  -1  -4  -10434  -40500   6  18  320456   1   2   6   60442   2   4   50435////////////
140600   3   8   80539  -1  -3  -20536  -40501   6  18  180515   1   2   6   60539   2   5   50539////////////
140700   3   7   80610  -2  -5  -20607  -70632   7  17  190649   1   2   6   60612   1   4   50615////////////
140800   9  46  460800   0   9   90745  -60702   1   6   90702   6   3  11  110800   6  35  350800////////////
140900  41 141 1440825  19  72  720900  100801   4  12  140830  34   7  24  260824  31 107 1130826////////////
141000  71 230 2590951  36 118 1350951  740901   4  12  190941  59  12  38  430951  54 173 1990951////////////
141100 112 432 4661059  58 226 2451059 1161001   4  12  181003  94  18  69  751059  86 336 3731059////////////
141200 141 251 5001130  74 128 2651109 1281200   5  14  181113 119  22  37  801109 109 195 3971130////////////
141300 115 359 3891252  60 191 2041252 1111207   4  12  131201  97  18  56  621252  88 268 2981255////////////
141400 111 295 3461301  58 157 1811301 1521318   4  11  151319  94  17  46  541301  85 225 2581301////////////
141500  87 195 2911401  46 104 1541401 1041500   4  10  151432  74  13  30  461401  67 149 2221401////////////
141600  48  76 1961506  25  37 1021501  371559   4  10  191544  40   8  14  301506  36  57 1491506////////////
141700  23  51  821612  11  23  401612  221649   4  18  191659  18   5  11  161612  17  38  621612////////////
141800  12  16  501701   5   5  231701   41759   5   9  191720   9   3   7  111701   8  11  371701////////////
141900   4   8  161801   1   2   51801   11848   3   9  121817   2   2   6   61801   2   5  101801////////////
142000   3   7   81902   0  -1   21902  -11947   3   9  101924   1   2   5   61902   1   3   51902////////////
142100   3   8   82100   0  -2   02007  -22023   3  10  102100   1   2   6   62100   1   5   52050////////////
142200   3   8   82118   0  -1   02117  -22140   6  18  182147   1   2   6   62112   2   4   52117////////////
142300   3   7   82209  -1  -2   02208  -42243   7  18  222228   1   2   6   62209   1   4   52208////////////
142400   3   8   82320   0  -1   12325  -32302   6  18  182349   1   2   6   62318   2   4   52320////////////
150100   3   8   80024   0   0   10049  -30009   7  18  390055   1   2   6   60022   2   4   50023////////////
150200   3   8   80127   0   0   10137  -10155   8  18  430125   1   2   5   60153   1   4   40127////////////
150300   3   7   80209   0  -1   00227  -20259   7  19  220205   1   2   5   60210   1   4   40211////////////
150400   3   7   80314   0  -2   00313  -20334   7  19  290325   1   2   5   60322   1   4   40316////////////
150500   3   7   80408  -1  -2  -10418  -40448   7  18  310433   1   2   5   60409   1   4   40418////////////
150600   3   7   80518  -1  -3  -10517  -40553   7  19  280543   1   2   6   60517   2   3   50517////////////
150700   3   8   80632  -1  -3  -20602  -40609   7  16  240608   1   2   6   60631   1   4   40630////////////
150800   6  43  430800   1  16  160800  -30706   4  11  120710   3   3  11  110800   4  30  300800////////////
150900  24 108 1080900  10  50  500900  170801   4  11  140848  19   5  21  210900  18  82  820900////////////
151000  52 170 1970922  26  85  990922  510901   4  10  170941  43   9  30  360922  40 130 1580922////////////
151100  74 142 2611025  38  70 1341025  701100   3  11  131003  61  13  23  451025  57 108 2041025////////////
151200  58 169 1881149  29  87  961149  651103   3   9  171111  48  10  28  321149  44 128 1451150////////////
151300  54 170 1721259  27  87  871201  621238   4   9  101211  45   9  28  291259  41 132 1341259////////////
151400  57 145 1771353  29  73  911353  711310   4  10  131319  48   9  24  291354  43 109 1351353////////////
151500  40 101 1431401  20  47  731401  471500   4   9  151444  33   7  18  241401  30  76 1081401////////////
151600  35  84 1101515  17  38  551514  371549   4   9  171547  29   6  16  191526  26  63  821515////////////
151700  28  65  881638  13  28  401631  281700   3  17  171700  23   5  13  171633  21  48  661633////////////
151800  15  17  641701   6   3  281701   31800   5   9  181752  11   4   6  131701  11  11  471701////////////
151900   4   7  171801   0  -4   31801  -41900   3   9  161807   2   2   5   71813   2   3  111801////////////
152000   3   8   82000  -1  -3  -32000  -51928   3   8  131925   1   2   6   62000   1   4   42000////////////
152100   3   7   82008  -1  -5  -22006  -62046   3  11  112100   1   2   6   72005   1   3   52007////////////
152200   3   7   82153  -2  -4  -32156  -62104   7  18  552124   1   2   6   62151   1   4   42149////////////
152300   3   8   82232  -2  -8  -32203  -82300   6  16  182206   1   2   7   72300   2   5   52300////////////
152400   3   8   82305  -2  -4  -22358  -82303   7  18  342301   1   2   6   72305   1   4   52304////////////
160100   3   8   80035  -1   0   00036  -50018   6  18  410053   1   2   6   70034   2   4   60034////////////
160200   3   7   80142   0   0   10141   00101   9  19  430134   1   2   5   60143   1   4   50138////////////
160300   3   7   70201  -1  -3   00201  -60251   7  19  310211   1   2   6   60300   1   4   40300////////////
160400   2   6   70304  -2  -5  -20301  -80358   7  20  290324   0   2   5   60304   1   2   40303////////////
160500   2   8   80459  -2  -2  -10458 -100410   7  17  260426   0   2   6   60459   1   4   40459////////////
160600   3   7   80502  -1  -7  -20501  -70600   6  18  190547   1   2   6   60505   1   3   40501////////////
160700   2   7   70631  -2  -3  -30611  -70640   6  17  190601   0   2   6   80635   1   3   40629////////////
160800  11  94  940800   3  39  390800  -40713   2   8   90712   8   3  19  190800   8  72  720800////////////
160900  54 196 2750857  24  92 1250857  420801   3   8  130857  44  10  34  490857  42 156 2310857////////////
161000 145 566 5950956  73 302 3160956  900901  11 426 4261000 120  25  90 1000956 127 458 5230956////////////
161100 208 619 6431041 112 336 3461041 2341009 176 496 6271030 174  34 101 1071015  71 166 4621001////////////
161200 211 502 7771130 114 261 4251123 2031142  90  38 5371105 177  34  80 1291123  93 374 3941156////////////
161300 205 526 9451234 111 289 5321234 2061216  21  36 1461234 172  33  85 1591234 109 317 3801204////////////
161400 243 372 8991354 137 193 5181354 1931400  10  18  451306 203  40  58 1541354 117 301 5891354////////////
161500 170 443 7491423  93 240 4181424 1611405   7  18  261437 142  28  73 1301423 140 370 6211423////////////
161600 123 221 5581522  64 107 3081523 1021529   6  12  211518 103  20  36  991522 105 191 5041522////////////
161700  69 115 3491624  34  54 1711624  541700   5  13  171657  57  12  21  661624  60 100 3151624////////////
161800  26  36 1271705  11  12  601705  121757   4   9  171732  21   5   9  231705  22  29 1121705////////////
161900   5   5  341801   0 -10  111801 -101900   3  10  121830   3   2   4   91801   3   1  281801////////////
162000   2   6   61932  -4 -12  -91915 -131945   3   9  101903   0   2   5   52000   1   2   21953////////////
162100   2   7   72036  -4 -10  -92033 -132001   3  10  102100   0   2   6   62100   1   4   42036////////////
162200   2   7   72142  -3 -10  -82137 -122104   6  18  192110   0   2   7   72156   1   3   42155////////////
162300   2   7   72213  -3  -8  -82224 -122204   7  18  262210   0   2   6   62201   1   4   42300////////////
162400   3   7   92337  -2  -7  -32348 -102313   6  17  182318   0   3   7   82340   2   4   62333////////////
170100   2   6   70001  -3  -7  -70029 -100056   7  18  250016   0   2   6   70001   1   3   30001////////////
170200   2   7   70200  -3  -6  -60158  -90139   7  18  370109   0   2   6   60157   1   3   30140////////////
170300   3   8   80258  -2  -6  -40248  -80223   7  17  290230   1   2   7   70259   1   4   40257////////////
170400   3   7   80327  -2  -5  -30336  -60301   7  18  260325   1   2   6   70302   1   4   40352////////////
170500   3   7   80418  -2  -5  -30410  -60405   7  18  220449   1   2   6   60421   1   4   40418////////////
170600   3   7   80535  -1  -3  -20524  -60539   6  18  190507   1   2   6   70538   1   4   50540////////////
170700   3   8   80616  -1  -2  -20614  -60633   7  19  220616   1   2   6   60611   1   4   40613////////////
170800   6  38  380800   1  12  120800  -30707   3   9  110745   3   3  10  100800   5  31  310800////////////
170900  37 158 1650858  15  65  690858  130801   5  16  850844  30   7  28  310844  31 127 1300858////////////
171000  96 347 4040919  48 188 2150958  640905  31  54 3670919  80  16  56  720919  63 256 2561000////////////
171100 125 288 5921001  68 156 3171001 1191022  20  13 3921001 105  20  45 1021001  93 244 3281042////////////
171200 105 251 3291114  56 134 1741114 1341200   5  11  401114  88  17  39  531114  91 224 2661138////////////
171300 130 469 5921245  70 263 3261245 1181213   6  29  381245 109  21  77  971245 106 324 4061245////////////
171400 187 370 8241316 102 193 4681316 1931400   8  13  351307 157  30  58 1401316 139 327 4631325////////////
171500 197 615 8621435 112 357 5091435 1861405   6   8  271432 164  33 104 1501435 163 541 6941435////////////
171600 171 403 6771507  94 209 3921507 1631542   7  15  261505 143  28  67 1161507 150 343 6141507////////////
171700 106 307 4241604  51 139 2221604 1021637   5  20  211652  87  19  55  851650  93 282 3861650////////////
171800  41  31 3641701  15   0 1541701  -11757   5  11  221705  34   7   6  701701  36  24 3361701////////////
171900   5   5  301801  -2  -8   11814 -101850   4   9  111830   3   2   4   61801   3   2  231801////////////
172000   2   7   72000  -2  -5  -51957  -91907   3   9   91905   0   2   6   61954   1   3   41927////////////
172100   3   7   82049  -2  -7  -52046  -82058   3  11  112100   1   2   6   62049   1   3   42048////////////
172200   3   7   92141  -2  -5   02137  -82106   6  19  192149   1   2   6   82139   1   3   72139////////////
172300   2   6   72201   2   7   72219   72208   2   7   72221   0   2   5   62201   1   2   42205////////////
172400   3   8   82358  -2  -3  -32357  -62335   6  17  182333   1   2   6   62359   1   5   52359////////////
180100   3   7   80001  -2  -5  -30003  -80041   7  18  310050   1   2   6   60002   1   4   50001////////////
180200   3   9   90200  -1  -3  -20158  -50115   6  17  300110   1   2   7   70200   2   5   50200////////////
180300   3   8   90202  -1  -2  -20257  -40249   7  18  310229   1   2   6   70202   2   5   50201////////////
180400   3   8   80304  -1  -3  -20323  -40338   7  18  310325   1   2   6   60309   1   4   50302////////////
180500   3   8   80435  -1  -4  -20408  -40500   7  18  290451   1   2   6   60424   2   4   50422////////////
180600   3   7   80501  -2  -6  -40502  -60545   7  18  220510   1   2   6   60501   1   3   40501////////////
180700   2   6   70603  -2  -5  -50700  -80655   7  16  230618   0   2   6   60602   1   2   30601////////////
180800  11  60  600800   2  18  210751  -60715   3  10  120745   8   3  14  150751   8  47  470752////////////
180900  45 233 2330900  18  95  950900  190801  24 185 1850900  36   9  43  430900  27 108 1080900////////////
181000  85 337 3371000  42 179 1791000  830922  27  85 2200916  70  15  58  581000  56 225 2251000////////////
181100 143 377 5931046  78 208 3241046 1491005  49  87 3941046 119  24  61 1041046  84 232 2601042////////////
181200 213 650 7221118 120 372 4081150 1871110 108 270 4591125 177  36 109 1241118  78 206 2611116////////////
181300 231 659 6891248 132 375 4021249 3441208  54  67 2701201 192  39 111 1161248  69 198 2101201////////////
181400 230 587 6841322 131 335 3931322 3351400  11  22  641301 191  39 102 1161322  83 276 2781359////////////
181500 196 504 5831402 111 281 3351408 2781436   7   9  301445 162  34  87 1011407 132 419 4371452////////////
181600 165 391 4991501  88 199 2801505 1991600   6  18  261501 136  29  70  871504 146 357 4281515////////////
181700  87 120 3871601  40  54 1961601  521643   6  11  221624  72  15  20  691601  77 100 3521601////////////
181800  28  37 1171701  13  15  531702  151800   4   9  171720  22   6  10  201704  24  30  981704////////////
181900   5   7  361801   1   0  141801  -11849   3   9  101814   3   2   5  101801   3   4  301801////////////
182000   2   7   71957  -1  -3  -11901  -41934   3   9  101913   0   2   6   62000   1   4   41956////////////
182100   3   8   82059  -1  -2  -12058  -32043   3  10  102100   1   2   6   62054   1   4   42021////////////
182200   3   8   82156  -1  -2  -12137  -32144   6  18  182148   1   2   6   62156   2   4   52156////////////
182300   3   8   82214  -1  -1  -12221  -32215   7  18  192204   1   2   6   62217   2   4   42300////////////
182400   3   8   92340   0  -2   02333  -22358   6  18  192322   1   2   6   62340   2   4   52333////////////
190100   3   7   80010  -1  -4  -10006  -60041   7  18  190052   1   2   6   60001   1   3   40010////////////
190200   3   8   80159  -1  -1  -10200  -50102   7  17  210147   1   2   6   60137   1   5   50200////////////
190300   3   8   90224   0   2   30245  -10207   7  24  320230   1   2   6   70226   2   4   60223////////////
190400   3   8   80305   0   0   20337   00400   8  18  330339   1   2   5   60304   1   4   40304////////////
190500   3   8   80416   0   2   20439   00401   7  18  330449   1   2   5   60415   2   4   40415////////////
190600   3   8   80542   0   1   20511   00520   7  18  250513   1   2   5   60511   1   4   40539////////////
190700   3   8   80656   0   1   20655   00645   9  30  340632   1   2   6   60700   2   5   50657////////////
190800   4  18  180800   1   6   60757   10703   5   9  170729   2   2   7   70800   3  14  140800////////////
190900   7  25  250900   3  10  100900   60804   3   9  140806   4   3   8   80900   6  20  200900////////////
191000  13  35  410930   6  16  190930  110901   3   9   90958  10   3   9  100930  11  29  340929////////////
191100  13  40  401100   6  18  181100  151031   3   9  101017  10   3  10  101100  11  33  331100////////////
191200  18  73  731200   9  36  361200  191101   3   9  151121  14   4  15  151200  16  63  631200////////////
191300  21  61  801206  10  30  401206  241237   3  11  151241  17   4  13  161206  18  54  691206////////////
191400   8  11  621301   3  -4  311301  -41359   4  10  191339   5   3   6  131301   6   5  551301////////////
191500  11  43  471456   3  16  191457  -41404   3   8  231422   8   3  11  111457   8  36  401456////////////
191600  18  52  561547   7  19  221546  141505   3  11  161503  14   4  12  121547  15  44  481547////////////
191700  15  35  521601   5  11  201601   91642   4   8  251607  11   4   9  121601  12  29  441601////////////
191800   6   9  351701   1   0  111702   01751   4   9  231713   4   2   5   91702   5   6  291702////////////
191900   3   8   91808   0   0   11830   01859   3   9   91801   1   2   6   61823   2   4   61801////////////
192000   3   8   81902   0   0   01926  -11946   3   9   91912   1   2   6   61950   2   4   51926////////////
192100   3   8   82100   0   2   22100  -12004   3  10  102042   1   2   6   62035   2   5   52100////////////
192200   3   8   92107   0   2   32105   02137   6  18  182138   1   2   6   62109   2   5   52105////////////
192300   3   8   82210   0  -1   22212  -32227   7  18  232211   1   2   6   62300   1   4   52208////////////
192400   3   8   92322   0  -1   02323  -22317   6  18  192344   1   2   6   72321   2   5   52311////////////
200100   3   8   80011   0  -2   00007  -20044   6  17  180008   1   2   7   70100   2   5   50017////////////
200200   3   8   90137   0  -1   00138  -20104   6  17  180127   1   2   6   70101   2   4   50137////////////
200300   3   9   90300   0   0   10253  -20214   6  17  220256   1   2   6   70207   2   5   50300////////////
200400   3   8   90306   0  -2   10302  -20352   7  17  300327   1   2   6   70353   2   4   50303////////////
200500   3   8   80412   0  -1   10411  -20424   6  17  250449   1   2   6   60401   2   5   50413////////////
200600   3   8   90530   0   0   10534  -10523   6  18  180536   1   2   6   60525   2   5   50530////////////
200700   3   9   90655   0  -2   00622  -20606   7  15  230644   1   2   7   70652   2   5   50658////////////
200800   6  43  430800   1  15  150800  -20701   3   8  110710   3   3  11  110800   5  35  350800////////////
200900  24 114 1140900  10  54  540900  160801   4  20  200855  19   5  21  210900  20  97  970900////////////
201000  44 216 2590958  21 109 1300958  250939   5   8  240919  36   8  36  430958  39 192 2180958////////////
201100  93 358 3591037  46 183 1831100  691006   5  15  421039  78  15  57  601037  78 290 2901100////////////
201200 188 622 7241157  98 338 3891157 1831112  45 140 3021144 157  31 103 1231157 119 373 3911158////////////
201300 198 416 6841222 104 213 3671224 1961256  30  21 2201210 166  32  65 1161229 124 335 3951250////////////
201400  60  35 4591302  30  13 2411302  131400   6  11  321302  50  10   8  751302  47  31 3341309////////////
201500  12  45  451500   4  19  191500  101433   4  11  211417   9   3  11  111500  10  39  391500////////////
201600  32  91 1241543  15  44  621544  191501   5   9  241521  26   6  18  241543  27  80 1081543////////////
201700  28  44 1001618  13  20  491617  191658   5  10  201610  22   6  10  191618  25  39  871618////////////
201800  10  17  441701   4   5  201701   51800   4   9  211713   7   3   7  101701   9  14  391701////////////
201900   4   8  171801   0   0   41801  -11838   3   9   91802   2   2   6   71801   3   6  141801////////////
202000   3   8   81959  -1  -2   01903  -51930   3   8   91935   1   2   6   62000   2   5   61901////////////
202100   3   8   82056   0   0   02100  -22021   5  32  322100   1   2   6   62030   2   5   62006////////////
202200   3   9   92144   0   2   22158  -12122   8  17  532101   1   2   6   72142   2   6   62142////////////
202300   3   8   92201   1   2   22228   12240   7  18  422210   1   2   6   62201   2   5   62201////////////
202400   3   8   82304   0   1   22301   02312   6  18  182311   1   2   6   62307   2   5   62304////////////
210100   3   8   80004   0   1   10057   00017   8  23  500031   1   2   6   60052   2   5   60050////////////
210200   3   8   90121   0   1   30124   00155   8  21  430109   1   2   6   60112   2   5   60125////////////
210300   3   8   80213   0   0   10208  -10250   8  25  410232   1   2   6   60203   2   5   50213////////////
210400   3   8   80330   0   1   10359  -10318   8  46  460400   1   2   6   60326   2   5   50331////////////
210500   3   8   80402   0   0   10401  -10448   6  17  390402   1   2   6   60450   2   5   50401////////////
210600   3   8   80556   0  -1   00511  -10503   6  18  180524   1   2   6   60600   2   5   50513////////////
210700   3   8   80633   0  -1   00632  -20644   5  10  290659   1   2   6   60631   2   5   50637////////////
210800   5  28  280800   1  10  100800  -10714   2   6  110738   3   2   9   90800   4  22  220800////////////
210900  12  37  400839   5  16  170839   90806   3   8  110815   9   3  10  100838  10  31  340839////////////
211000  21  87  871000  10  43  431000  170901   3   8  240909  16   5  17  171000  18  75  751000////////////
211100  44 157 1571100  22  83  831100  441001   3   8  241016  36   8  27  271100  38 139 1391100////////////
211200  54 157 1691120  28  82  891120  681128   4  19  191200  45   9  26  281120  48 140 1501120////////////
211300  59 167 1841234  31  87  961235  761204   4  10  191220  49  10  28  311234  52 148 1631234////////////
211400  51 100 1771306  26  50  911306  501400   4  10  191320  43   8  17  301306  45  88 1571306////////////
211500  34  86 1111404  17  41  551404  391451   4  18  211458  28   6  16  191404  30  75  981404////////////
211600  24  63  831501  11  30  401501  221548   4   8  211504  19   5  13  161501  21  54  731501////////////
211700  17  39  611601   8  17  291601  161658   5  15  211608  13   4  10  131601  15  33  531601////////////
211800   8  14  401701   3   4  171702   41800   4   9  241714   5   3   6  101701   7  11  331701////////////
211900   3   8  141801   1   1   41801   01858   3   9   91836   1   2   5   61801   2   5  101801////////////
212000   3   8   81956   0   2   22000  -11921   4   9  351950   1   2   6   61959   2   5   52000////////////
212100   3   8   92009   1   1   22009   12022   8  23  412044   1   2   5   62001   2   5   52001////////////
212200   3   8   92148   1   0   32129   02200   8  19  662109   1   2   6   62148   2   4   52144////////////
212300   3   8   82259   0   1   12255   02219   8  18  732204   1   2   6   62300   2   5   52259////////////
212400   3   9   92359   0   0   12313   02344   6  18  182344   1   2   6   60000   2   5   52328////////////
220100   3   9   90020   0   0   10033  -10029   6  17  180038   1   2   6   60058   2   5   50100////////////
220200   3   8   90110   0   0   10142  -20126   2  18  190126   1   2   6   60131   2   5   50108////////////
220300   3   9   90252   0  -1   00208  -10259   5  15  370242   1   2   7   70256   2   5   50252////////////
220400   3   9   90343   0  -1   00334  -10305   6  14  180357   1   2   7   70346   2   5   50343////////////
220500   3   9   90412   0  -1   00421  -10430   6  18  180435   1   2   7   70434   2   5   50414////////////
220600   3   8   90511   0   0   10557  -10518   6  18  180501   1   2   6   70502   2   5   50556////////////
220700   3   9   90659   0  -1   00603  -10642   5   7  180621   1   2   7   70643   2   5   50700////////////
220800   4  18  180800   0   4   40800  -10706   2   5   90709   2   2   7   70800   3  13  130800////////////
220900  10  31  480841   4  12  210846   40801   3   9  120835   7   3   9  110846   8  25  390846////////////
221000  15  55  551000   6  24  240926   80910   4   9  200908  11   4  12  120926  12  46  461000////////////
221100  26  74  941052  12  35  451052  221003   5   8  301028  21   5  15  171052  22  63  821052////////////
221200  41 164 1721158  20  83  871150  261106   5   9  281116  34   7  27  281150  36 146 1521150////////////
221300  53 144 1651237  26  71  821238  621248   4   9  251236  44   9  24  271257  47 129 1461257////////////
221400  42 122 1371323  21  59  671323  501338   4  10  221324  35   7  21  231323  37 109 1211323////////////
221500  36  97 1251404  17  47  611405  341433   4  17  251407  29   7  18  221405  32  86 1111404////////////
221600  31  62 1231541  15  28  591541  261558   4   9  201501  25   6  13  221541  27  54 1091541////////////
221700  19  35  781628   8  13  361628  111655   5  14  271628  15   4   9  161628  17  29  681628////////////
221800   9  18  341701   3   5  131701   51800   4   9  281714   6   3   7   91701   8  14  291701////////////
221900   4   8  171801   0  -1   51801  -11900   3   9   91853   2   2   5   71814   3   5  131801////////////
222000   3   8   81925   0  -1   11922  -11903   3   9   91951   1   2   6   61923   2   5   51923////////////
222100   3   8   82038   0   0   12052  -12026   4  10  382052   1   2   6   62050   2   5   52039////////////
222200   3   8   92131   0   1   12121  -12102   7  18  392104   1   2   6   62136   2   5   52132////////////
222300   3   8   82205   0   1   12201   02213   8  18  662210   1   2   6   62210   2   5   52234////////////
222400   3   8   92313   0   0   12323   02330   6  18  182357   1   2   6   62314   2   5   52313////////////
230100   3   8   80059   0   0   00057  -10022   7  18  470047   1   2   6   60059   2   5   50059////////////
230200   3   9   90148   0   2   20147   00103   7  17  440146   1   2   6   60157   2   5   60158////////////
230300   3   8   90201   0   1   20237   00213   6  16  250208   1   2   6   60240   2   5   60239////////////
230400   3   8   80316   1   1   20313   00357   6  18  190305   1   2   6   60303   2   5   60314////////////
230500   3   8   80431   0   1   20428   00449   6  18  180405   1   2   6   60431   2   5   50431////////////
230600   3   8   80509   0   0   20514   00558   6  18  180544   1   2   6   60600   2   5   50513////////////
230700   3   8   80625   0   0   10636  -10611   4   4  260623   1   2   6   60626   2   5   50637////////////
230800   5  29  290800   1  11  110759   00704   1   3  110753   3   2   9   90800   4  24  240800////////////
230900  21  83  830900   9  40  400900  110801   3   8   90853  17   4  15  150900  18  71  710900////////////
231000  44 184 1841000  21  93  931000  330921   3   9  100949  36   8  30  300937  38 164 1641000////////////
231100  57  95 2721018  29  47 1401018  471059   4   9  231025  48   9  16  431018  50  81 2381017////////////
231200  50 133 1791119  26  69  931119  481101   3  11  161111  42   8  21  291119  43 118 1531120////////////
231300  52 157 1811250  27  83  951254  581208   4   9  211225  44   8  25  291250  46 136 1581254////////////
231400  57 152 2301355  30  79 1191355  631333   3   9  111306  48   9  24  361355  50 135 2091355////////////
231500  62 193 2061429  32  99 1071429  671415   4  10  271415  52  10  31  331445  54 170 1851430////////////
231600  68  82 2711538  35  42 1441510  421600   4  11  131538  57  11  13  451538  59  71 2321510////////////
231700  31  38 1111630  15  17  551630  171700   4  10  211625  26   5   8  191630  27  32  971630////////////
231800   8  13  371701   3   2  171701   21800   4   9  331712   6   2   6   81701   6   9  311701////////////
231900   3   7  131801   0  -2   21805  -21856   3   9   91825   1   2   5   61801   2   4   91801////////////
232000   3   8   81951  -1  -1   01951  -31921   3   9   91909   1   2   6   61946   1   4   41946////////////
232100   3   8   82035   0   0   02050  -22023   3  10  102100   1   2   6   62035   2   4   52032////////////
232200   3   8   92139   0   2   22200  -12139   6  18  192120   1   2   6   62140   2   5   52137////////////
232300   3   8   82256   0   1   22201   02207   7  18  412210   1   2   6   62216   2   4   52246////////////
232400   3   8   92324   0   2   22316   02330   6  18  182307   1   2   6   62331   2   5   52321////////////
240100   3   8   90035   1   1   20056   00005   6  18  180028   1   2   6   60006   2   5   50034////////////
240200   3   9   90154   1   1   20144   10135   6  18  180123   1   2   6   60158   2   5   50151////////////
240300   3   8   90201   0   0   20202   00239   6  18  200221   1   2   6   60201   2   4   50201////////////
240400   3   8   80304   0  -1   10350  -10339   7  18  240349   1   2   6   60325   1   4   40301////////////
240500   3   9   90454   1   2   30450  -10422   6  17  200451   1   2   6   60422   2   5   50450////////////
240600   3   9   90525   1   4   50521   20505   6  18  180541   1   2   6   60504   2   5   50524////////////
240700   3   9   90649   1   2   40602   20700   8  20  420633   1   2   6   60651   2   5   50648////////////
240800   6  41  410800   2  16  160800   10716   4  12  210731   3   3  10  100800   4  33  330800////////////
240900  34 135 1350900  15  61  610900  160801   3  10  160802  28   6  23  230900  27 110 1100900////////////
241000  79 348 3630955  38 171 1790955  600901   8  63  700959  66  13  59  620955  60 235 2470955////////////
241100 142 483 4891059  70 244 2471059 1091052  49 233 2381059 118  24  82  831059  80 237 2551004////////////
241200 180 513 6231150  93 276 3351150 1421156  69 183 2751150 151  29  83 1021150  99 281 3381132////////////
241300 219 292 7211221 122 150 4061221 1501300  61  18 2751221 183  36  41 1201221 118 251 3601231////////////
241400 160 633 6731312  87 358 3721312 1321345  14  24 1111311 134  26 109 1151312 109 356 3781312////////////
241500 171 153 6281416  96  80 3611404  801500   7  14  281440 143  28  21 1071402 100 131 3491401////////////
241600  63  59 3251529  32  28 1721529  281600   4  10  181503  52  11  11  631529  50  49 2101531////////////
241700  11  18  561601   4   5  261601   51656   4   9  201626   8   3   7  101601   9  14  461601////////////
241800   5  12  191713   1   4   61717   21754   3   9  121713   3   2   6   71711   4   9  141713////////////
241900   3   8  121801   0   1   31801  -11851   3   9  151850   1   2   6   61803   2   5   91801////////////
242000   3   8   81904   0   1   11924   01957   3   9   92000   1   2   5   61909   2   5   51905////////////
242100   3   8   82038   1   3   32056   12003   3  10  102100   1   2   5   62026   2   5   62044////////////
242200   3   8   82110   1   2   32152   22200   6  18  182158   1   2   5   62109   2   4   52108////////////
242300   3   8   82237   1   3   32238   12225   6  18  192202   1   2   6   62239   2   4   52239////////////
242400   3   8   82308   1   1   32338  -12317   7  18  192354   1   2   5   62308   1   4   52308////////////
250100   3   8   80028   0   2   20100  -20012   7  18  190011   1   2   6   60050   2   5   50028////////////
250200   3   8   90112   1   2   30107   10136   6  18  210146   1   2   6   60112   2   5   50108////////////
250300   3   8   90229   1   2   30230   10241   7  19  280230   1   2   6   60205   2   5   50232////////////
250400   3   9   90335   1   3   40357   20301   7  18  280328   1   2   6   60332   2   5   50335////////////
250500   3   8   90452   1   2   40452   10419   7  18  250435   1   2   5   50452   2   5   50453////////////
250600   3   9   90558   1   3   40519   20501   7  18  410509   1   2   6   60600   2   5   50553////////////
250700   3   8   90604   1   1   40615   10654   6  13  330639   1   2   6   60601   2   5   50601////////////
250800   4  15  150800   1   6   60759   10711   2   7  150738   2   2   7   70800   3  11  110800////////////
250900   7  23  230900   3  11  110900   60801   3   8   90814   4   3   7   80852   6  17  170900////////////
251000  10  40  410954   5  20  210955  100929   3   8   90951   7   3  10  100954   8  33  340954////////////
251100  13  39  481051   7  20  241051  141008   3   9  251026  10   3  10  111051  11  32  401051////////////
251200  25  84  991148  13  43  511148  201101   3   8  201123  20   5  16  181148  22  73  871148////////////
251300  28  76  891220  14  38  451220  341227   4   9  261222  23   5  14  161220  24  66  761220////////////
251400  26  66  831336  13  33  411336  331358   3   9  251319  21   5  13  161336  23  57  721336////////////
251500  25  55  831443  13  27  411441  271500   3   9  111415  20   5  11  161443  22  46  721443////////////
251600  17  50  571508   8  24  281508  191539   3   9   91504  13   4  11  121508  15  42  481508////////////
251700  16  33  551607   7  15  261607  151700   3   9  111625  12   4   9  121607  13  26  461607////////////
251800   6  11  311701   2   4  141701   31748   3   9   91715   4   2   6   81701   5   7  251701////////////
251900   3   7  111801   0   0   41801  -31844   3   9  111845   1   2   5   61801   2   3   71801////////////
252000   3   9   91958   0   2   21928   01901   3   8   91901   1   2   6   61949   2   5   51948////////////
252100   3   9   92044   1   3   32045   22018   3  10  102100   1   2   6   62014   2   5   52044////////////
252200   3   9   92124   1   3   32157   22127   6  18  182126   1   2   6   62135   2   5   52157////////////
252300   3   9   92201   1   2   32205   12248   6  18  182220   1   2   6   62250   2   5   52202////////////
252400   3   9   92307   1   2   32334   22302   6  18  182338   1   2   6   62302   2   5   52329////////////
260100   3   9   90001   1   2   30049   20031   6  18  180019   1   2   6   60047   2   5   50048////////////
260200   3   9   90124   1   3   30138   20148   6  19  200159   1   2   6   60112   2   5   50159////////////
260300   3   9   90210   1   3   30300   20217   7  17  310258   1   2   6   60219   2   5   50209////////////
260400   3   9   90334   1   3   30336   30321   6  18  320346   1   2   6   60333   2   5   50334////////////
260500   3   9   90423   1   2   30421   20456   6  18  320448   1   2   6   60500   2   5   50420////////////
260600   3   9   90514   1   2   20518   10541   6  17  180503   1   2   6   60545   2   5   50519////////////
260700   3   9   90610   1   2   20659   10616   8  20  410622   1   2   6   60619   2   5   50603////////////
260800   3  10  100736   1   3   30750   20725   5  18  190751   1   2   6   60733   2   6   60735////////////
260900   6  19  230842   2   6  100841   30801   3   9  250805   3   3   7   80838   4  14  180842////////////
261000   9  30  330946   3  11  120946   50901   3   8   90927   6   3   9   90946   7  25  270946////////////
261100  12  41  421055   4  17  181055  101011   3   8  131017   9   3  10  101056   9  33  341058////////////
261200  11  30  411102   4  12  171102   91139   3   9  191123   8   3   8  101103   8  24  341102////////////
261300  18  61  651234   8  26  301212  131224   3   9  261237  14   4  12  121234  15  51  571234////////////
261400  15  26  661307   6   8  301308   81400   3   9  101324  11   4   8  131308  13  20  561307////////////
261500  14  58  951456   5  25  431456   51413   3   8   91440  10   4  12  161456  12  47  831456////////////
261600  19  40  961521   8  16  441521  101536   3   8   91508  15   4  10  171521  16  33  841521////////////
261700  15  25  541632   6   8  231632   81700   3   9  191611  11   4   9  121632  12  19  451632////////////
261800   9  16  351705   3   3  121716   31800   3   8   91730   6   3   8  101716   7  12  281705////////////
261900   4   9  161801   0   1   31801   01843   3   8   91845   1   3   7   81801   2   6  121801////////////
262000   3   9   91913   0   0   11902   02000   3   8  211948   1   2   7   71916   2   6   61928////////////
262100   3   9   92058   0  -1   12009  -22029   2   8  132047   1   2   7   82056   2   5   62009////////////
262200   3   6   92124   0  -2   12143  -22159   7  21  392146   0   3   6   72137   2   4   62136////////////
262300   3   8   82250   0   0   12245  -32213   7  18  362219   1   2   6   72214   2   5   52258////////////
262400   3   9   92316   0   1   12353   02329   6  17  192320   1   2   6   72317   2   5   52310////////////
270100   3   8   90001   0  -1   10001  -20050   6  17  180016   1   2   7   70028   2   5   50001////////////
270200   3   8   90119  -1  -3  -10118  -30158   6  17  200156   1   2   7   70125   2   4   50136////////////
270300   3   9   90300  -1  -3  -30202  -40246   7  18  300253   0   3   7   70252   2   5   50259////////////
270400   3   9   90303  -1  -4  -30323  -50347   7  19  290332   0   3   7   70350   2   4   50301////////////
270500   3   8   90425  -1  -3  -20450  -50434   6  18  180401   0   3   7   70404   2   5   50403////////////
270600   3   8   80539  -1  -1  -10559  -40516   5  17  200548   1   2   7   70501   2   5   50542////////////
270700   3   8   80610   0  -2  -10619  -20653   9  26  410618   1   2   6   70650   2   4   50607////////////
270800   4  18  180800   0   4   40800  -20713   5  13  190748   2   2   8   80800   3  13  130800////////////
270900  11  54  540900   3  20  200900   40801   4   8  220819   8   3  12  120900   9  45  450900////////////
271000  27  87  870959  11  37  370931  210901   3   8   90937  22   5  16  160933  23  74  740959////////////
271100  20  67  851001   8  26  371001   91046   3   8  141031  16   4  14  161001  17  57  721001////////////
271200  41 135 1351200  19  64  641200  271105   3   9  171123  34   7  22  231122  36 118 1191121////////////
271300  75 182 2931239  37  89 1491239  671201   4  12  191237  63  12  28  441239  66 159 2611239////////////
271400  46 135 1861302  21  64  901302  481345   5   9  251336  38   8  22  291302  40 120 1631302////////////
271500  63 152 2111437  30  71 1021437  641401   5  19  251413  53  10  25  331439  56 136 1871437////////////
271600  61 115 1991514  29  52  971515  521600   6  13  271543  51  10  20  321514  54 104 1721514////////////
271700  25  58 1141601  10  22  511601  221700   5   9  211608  20   5  11  201601  22  52 1021601////////////
271800  15  17  601717   5   3  261717   31800   3   9  111731  11   4   7  131716  13  14  531717////////////
271900   3   7  161801  -1  -3   21801  -51850   3   9  121850   1   2   6   71801   2   5  131801////////////
272000   3   8   81940  -1  -2  -11937  -51922   3   9  141951   1   2   6   61940   2   5   61950////////////
272100   3   8   82027   0  -1  -12023  -22002   3  10  102100   1   2   6   62008   2   5   62012////////////
272200   3   7   82101  -1  -3  -12105  -42153   7  40  402200   1   2   6   62156   2   4   52110////////////
272300   3   7   82215  -1  -4  -22228  -52257  11  18  752213   1   2   6   62214   2   4   52214////////////
272400   3   8   82331  -1  -2  -22328  -52303   7  17  372335   1   2   6   62323   2   5   52330////////////
280100   3   7   80001  -1  -4  -20031  -40053  11  18  690007   1   2   6   60021   2   4   50002////////////
280200   2   6   70105  -2  -6  -30116 -100141   6  15  190147   0   2   6   60138   1   3   40117////////////
280300   2   5   60220  -3  -8  -50213 -110243   5  19  200245   0   2   5   60219   1   2   30219////////////
280400   2   6   60400  -3  -5  -40359 -110342   5  -1  270349   0   2   6   60359   1   3   30400////////////
280500   2   6   70409  -2 -10  -30432 -100500   6  18  240450   0   2   6   70409   1   2   40408////////////
280600   2   6   60553  -3  -8  -40523 -110533   4  18  180559   0   2   6   60546   1   2   30553////////////
280700   2   6   60641  -3  -9  -60641 -120611   1   1  170602   0   2   6   60700   1   3   30641////////////
280800   7  46  460800   0   9   90759 -100702   1   3   50753   4   3  11  110800   5  34  340800////////////
280900  50 249 2490900  18  94  940900  100801  12  68  770855  42   8  43  430900  20  70  700900////////////
281000 126 436 4361000  57 220 2201000  960901  33 127 1460959 106  20  69  691000  30  97  970959////////////
281100 184 584 5841100  97 322 3221100 2241002  90 389 3891100 155  29  91  911100  37 107 1071100////////////
281200 226 671 6711200 125 385 3851200 3161102 174 543 5671153 191  35 106 1061200  41 114 1191133////////////
281300 246 688 6951225 139 396 3991259 3731209 177 246 6181225 207  39 110 1111255  39  99 1141211////////////
281400 239 637 6931301 138 371 4031303 3591332  62 151 4771302 200  39 104 1111303  36  99 1081334////////////
281500 208 542 6401402 120 311 3741402 3111500  14  21 1461401 174  34  88 1041402  35  94 1021419////////////
281600 164 376 5331501  88 177 3061501 1771600   8  20  271510 137  27  64  871501  33  85  941507////////////
281700 104 198 3731601  41  59 1751601  591700   7  17  231633  86  18  34  641601  26  60  841601////////////
281800  39  27 1951701   8  -5  561701  -51800   5  11  201709  33   6   1  331701  15  21  591701////////////
281900   3   3  261801  -6 -20  -61801 -241830   4  10  151850   2   1   5   51900   2   0  201801////////////
282000   1   5   52000  -7 -19 -191920 -221911   4  12  151959  -1   2   6   61959   0   1   11929////////////
282100   2   6   62058  -6 -14 -122047 -192005   4  10  392050   0   2   7   72100   1   3   32050////////////
282200   2   6   62145  -5 -12 -102145 -162109   7  48  482200   0   2   7   72151   1   2   32146////////////
282300   2   6   62233  -4  -9  -82258 -132213  11  36  632225   0   2   7   72233   1   3   32233////////////
282400   2   6   72328  -3 -11  -72339 -122359   7  19  562302   0   2   7   72344   1   2   42342////////////
290100   2   7   70057  -4 -10  -80056 -120008   7  17  450018   0   2   7   70100   1   3   30057////////////
290200   2   6   70134  -3  -9  -60130 -110101   6  16  380108   0   2   6   70101   1   3   30135////////////
290300   2   6   70218  -3  -6  -50246 -100228   5  18  180232   0   2   6   70250   1   3   30223////////////
290400   2   6   70349  -3  -7  -50346 -100341   5  16  180304   0   2   6   70350   1   3   30348////////////
290500   2   7   70414  -3  -8  -60414 -110447   6  17  180424   0   2   6   60416   1   3   30455////////////
290600   2   7   70514  -3  -7  -60514 -100502   5  14  180503   0   2   6   60510   1   3   30515////////////
290700   2   7   70628  -3  -6  -50625 -100638   3  10  170601   0   2   6   60628   1   3   30646////////////
290800   8  52  520800   0  17  170800  -70708   1   6   70758   5   3  12  120800   5  40  400800////////////
290900  44 203 2030900  17  77  770900  170801   7  39  390900  36   8  36  360900  27  99  990900////////////
291000 106 378 3781000  47 181 1811000  800902  18  79  791000  88  18  63  631000  44 145 1451000////////////
291100 153 299 5181048  78 151 2711048 1511100  36  48 1671057 128  25  45  861048  71 182 2371045////////////
291200 182 580 7361156  96 313 4001156 1551101  54 137 2941156 153  29  94 1221156  89 337 3571152////////////
291300 158 274 7051221  85 144 3871221 1341246  24  13 2231209 133  25  41 1191221 108 239 3631208////////////
291400  96 261 2811306  49 133 1501305 1251339   5  10  181347  81  15  42  431323  84 228 2451305////////////
291500  86 219 2611402  43 115 1331401 1151457   4  10  171448  72  14  36  421401  75 192 2291402////////////
291600  65 129 2171501  33  64 1121501  641600   4   9  181517  54  11  22  351501  57 112 1901501////////////
291700  29  40 1311608  14  17  641608  171700   3   9  111608  24   5   9  221608  24  32 1131608////////////
291800   9  14  391701   3   3  171702   31759   4   9  161711   6   3   6   91704   7  10  321701////////////
291900   3   8  141801   0  -1   41802  -21844   3   9  111846   1   2   5   61801   2   4  101801////////////
292000   3   8   81904  -1  -3  -11902  -31949   3   9   91956   1   2   5   61915   1   4   41904////////////
292100   3   8   92047   0   0   12041  -32002   3  10  122044   1   2   6   62047   2   5   52042////////////
292200   3   9   92148   0   2   32146  -12121   7  18  372153   1   2   6   62147   2   5   62146////////////
292300   3   8   92204   1   0   32215   02259   8  19  572209   1   2   5   62216   2   4   52216////////////
292400   3   8   82324   1   1   22320   02312   6  18  192301   1   2   5   62319   2   4   52324////////////
300100   3   8   80013   0  -1   10012  -10100   6  18  180001   1   2   6   60059   2   4   50014////////////
300200   3   8   80159  -1  -1   00103  -40113   7  19  190200   1   2   6   60150   1   4   40158////////////
300300   3   8   80225   0  -1   00222  -20206   7  18  310227   1   2   6   60223   2   4   50223////////////
300400   3   8   90317   0  -1   10315  -10400   7  18  220346   1   2   6   60315   2   4   50309////////////
300500   3   8   80446   0   0   10444  -20416   6  18  190443   1   2   6   60427   2   5   50445////////////
300600   3   9   90537   0   0   10538  -10509   6  17  200534   1   2   6   60532   2   5   50548////////////
300700   3   8   90601   0   0   10607  -10633   6  15  200643   1   2   6   60602   2   5   50602////////////
300800   4  18  180800   0   4   40800  -10717   3   9  100742   2   2   7   70800   3  13  130800////////////
300900  13  52  520900   5  24  240859   50801   3   8   90817   9   4  12  120859  11  44  440900////////////
301000  23  76  760959  11  38  380959  220904   3   9   90957  18   5  15  150958  19  65  650959////////////
301100  34 112 1121100  17  57  571100  371004   4  10  201041  28   6  20  201100  30  97  971100////////////
301200  50 154 1541200  25  79  791200  571101   4   9  181121  41   9  27  271200  43 134 1341200////////////
301300  85 336 3361300  45 175 1751300  791201   4  14  181226  71  14  55  551300  74 282 2821300////////////
301400 129 206 5191319  69 105 2841315 1051400   9   9  691319 108  21  33  891315 102 179 3721315////////////
301500  60 167 2011401  31  83 1071401  771412   4  14  171453  50  10  29  331401  52 146 1751401////////////
301600  44  78 1681505  22  38  861504  381600   4   9  191521  36   8  15  291505  38  66 1491505////////////
301700  13  15  771601   6   4  371601   41656   3   9  111609  10   3   6  151601  10  10  651601////////////
301800   3   6  141701   0  -6   51702  -61755   3  10  171714   1   2   5   61701   2   1  101701////////////
301900   2   7   81858  -2  -5  -31855  -71802   3   8  151850   0   2   6   61857   1   3   31856////////////
302000   2   6   71906  -2  -7  -41907  -81939   3   9   91932   0   2   6   61901   1   2   31901////////////
302100   3   8   82047  -1   0   02058  -72008   3  10  102100   1   2   5   62001   1   4   42047////////////
302200   3   8   82152   0   0   02151  -32127   6  17  412153   1   2   6   62200   2   5   52152////////////
302300   3   8   82224   0   0   02203  -22236   8  17  802211   1   2   6   62224   2   5   52300////////////
302400   3   8   82302   0  -1   02341  -12353   6  18  182344   1   2   6   62305   2   4   52306////////////
310100   3   8   80056   0  -1   00004  -20031   6  18  180007   1   2   6   60031   2   4   50056////////////
310200   3   8   80153   0  -1   00137  -20103   6  18  180200   1   2   6   60158   2   5   50118////////////
310300   3   8   80256   0   0   00259  -20223   6  18  190222   1   2   6   60224   2   5   50224////////////
310400   3   9   90356   0   1   10350  -10305   6  17  180309   1   2   6   60359   2   5   50400////////////
310500   3   8   90410   0   0   20432   00459   6  18  200451   1   2   6   60409   2   5   60410////////////
310600   3   8   80511   0   0   00554  -10538   6  18  200548   1   2   6   60510   2   4   50512////////////
310700   3   8   80632   0  -1   00632  -20658   6  14  190625   1   2   6   60649   2   5   50631////////////
310800   4  14  140800   0   2   20800  -20703   3   7   80713   2   2   7   70800   2  10  100800////////////
310900   8  34  350858   2  13  130900   20801   3   9   90857   5   3   9  100858   6  27  280858////////////
311000  11  25  430911   3   8  160909   50948   3   8   90930   8   3   8  110910   8  19  340911////////////
311100   6  14  241001   1   2   81001   01058   4   9  331033   3   3   7   81001   4   9  191001////////////
311200  16  53  781150   5  21  321151   11105   4   8  321123  12   4  12  151150  13  44  661151////////////
311300  30 118 1181300  13  56  561300  191204   4  10  291214  25   5  20  201300  25 102 1021300////////////
311400  12  19 1191301   4   3  561301   11337   5   8  341349   9   3   7  201301   9  13 1021301////////////
311500  13  63  651459   5  29  291459   41401   4   8  301413  10   3  13  141459  10  55  561459////////////
311600  18  45  611501   8  19  281501  171536   4   8  261504  14   4  10  131501  15  38  531501////////////
311700  13  19  471621   6   7  201621   61658   3   9  141623  10   3   7  111621  11  15  391621////////////
311800   7  12  231717   2   3   81709   31759   3   8  231710   5   2   6   71717   5   8  191717////////////
311900   3   8  121801   1   1   31801   11835   3   8   91819   1   2   6   61801   2   5   81801////////////
312000   3   9   92000   0   1   21901   01933   3   8   91917   1   2   6   62000   2   5   51959////////////
312100   3   8   92039   1   2   32038   12058   3  10  102100   1   2   6   62004   2   5   52004////////////
312200   3   8   82105   0   1   22104  -12150   8  18  672157   1   2   5   62127   2   4   52103////////////
312300   3   8   82300   0   0   12202  -22226   8  17  752214   1   2   6   62300   2   5   52300////////////
312400   3   9   92351   0   2   22359  -12310   6  17  182317   1   2   6   62352   2   5   62350////////////
